/*--------------------------------*- C++ -*----------------------------------*\
  =========                 |
  \\      /  F ield         | OpenFOAM: The Open Source CFD Toolbox
   \\    /   O peration     | Website:  https://openfoam.org
    \\  /    A nd           | Version:  6.0
     \\/     M anipulation  |
\*---------------------------------------------------------------------------*/
FoamFile
{
    version     2.0;
    format      ascii;
    class       volVectorField;
    location    "19";
    object      U;
}
// * * * * * * * * * * * * * * * * * * * * * * * * * * * * * * * * * * * * * //

dimensions      [0 1 -1 0 0 0 0];

internalField   nonuniform List<vector> 
2400
(
(1.33784 -8.35784 -8.84201e-19)
(0.370806 -7.64717 3.46594e-19)
(0.558055 -7.31505 -2.94854e-19)
(0.788181 -7.03572 -1.70102e-19)
(0.91169 -6.75149 -2.40031e-19)
(0.994917 -6.44937 3.3152e-19)
(1.05809 -6.14005 1.12749e-19)
(1.10472 -5.83911 8.31701e-20)
(1.14309 -5.55737 -1.87169e-19)
(1.17468 -5.29968 -1.23241e-20)
(2.00889 -8.30224 1.03399e-18)
(0.996956 -7.75632 -4.54468e-20)
(1.15603 -7.4413 2.12605e-19)
(1.35604 -7.14451 1.62669e-18)
(1.44716 -6.83837 -1.11552e-18)
(1.49702 -6.51464 -5.1799e-20)
(1.5277 -6.18725 -1.46568e-20)
(1.5445 -5.87321 -1.22719e-19)
(1.55705 -5.58287 -1.6247e-19)
(1.56499 -5.32133 -1.81207e-20)
(2.68037 -8.19535 1.88358e-18)
(1.63983 -7.8129 1.48768e-18)
(1.77201 -7.5131 -3.77356e-18)
(1.93863 -7.19905 1.09853e-18)
(1.99349 -6.87306 1.49564e-18)
(2.00659 -6.53107 -8.40917e-19)
(2.00227 -6.18956 -6.32691e-19)
(1.98772 -5.86633 4.72693e-19)
(1.9736 -5.57084 -9.8141e-19)
(1.95641 -5.30914 9.23553e-19)
(3.34678 -8.03529 -6.49389e-18)
(2.29424 -7.81333 2.43306e-18)
(2.40025 -7.52709 -2.31131e-18)
(2.53008 -7.19673 9.88618e-19)
(2.54507 -6.8537 -9.89211e-19)
(2.51843 -6.49738 1.36364e-18)
(2.47702 -6.14609 4.98392e-19)
(2.43009 -5.81774 -1.93084e-18)
(2.38878 -5.52079 -1.56043e-18)
(2.34528 -5.26331 1.60514e-18)
(4.00409 -7.82115 3.53253e-19)
(2.95498 -7.75504 -9.6597e-19)
(3.035 -7.48099 -4.13581e-19)
(3.12467 -7.13602 -4.79242e-19)
(3.09654 -6.77948 -2.49302e-18)
(3.02763 -6.41319 3.55235e-19)
(2.94742 -6.05657 -2.20634e-19)
(2.86714 -5.72708 1.99785e-18)
(2.79794 -5.43225 -1.36505e-18)
(2.72688 -5.18351 -7.51252e-19)
(4.64713 -7.55218 5.87676e-18)
(3.61591 -7.63575 -4.73341e-19)
(3.66978 -7.37295 6.42689e-18)
(3.71622 -7.01593 -8.5699e-19)
(3.64243 -6.65018 3.04901e-18)
(3.5296 -6.27897 -3.69574e-19)
(3.40963 -5.92188 1.89488e-20)
(3.29536 -5.59525 1.70033e-18)
(3.19727 -5.30574 -9.19036e-19)
(3.09736 -5.06914 1.23309e-18)
(5.27106 -7.22851 -2.32076e-18)
(4.27094 -7.45423 4.94632e-19)
(4.29799 -7.20189 -1.73986e-18)
(4.29816 -6.83587 -1.56327e-18)
(4.17659 -6.46582 2.46669e-20)
(4.01904 -6.09539 4.67849e-18)
(3.85972 -5.74349 -1.63798e-18)
(3.71246 -5.42431 5.57821e-19)
(3.58598 -5.14327 -2.28272e-18)
(3.45743 -4.92131 -1.00798e-18)
(5.87128 -6.85112 9.7492e-18)
(4.91426 -7.21001 -1.25689e-18)
(4.91326 -6.96729 -8.85946e-18)
(4.86389 -6.59545 4.65149e-19)
(4.69204 -6.22592 1.59571e-18)
(4.48846 -5.86187 -2.21302e-18)
(4.29021 -5.52081 -2.60951e-18)
(4.11255 -5.21409 3.82299e-18)
(3.96162 -4.94639 -3.49459e-19)
(3.80823 -4.74732 -2.7752e-18)
(6.44372 -6.42159 -8.0199e-18)
(5.54084 -6.90345 4.09596e-18)
(5.51039 -6.66964 5.58454e-18)
(5.40848 -6.29514 1.33056e-18)
(5.18363 -5.93028 -4.58451e-18)
(4.93102 -5.57655 2.76989e-18)
(4.69053 -5.24954 1.49015e-18)
(4.47993 -4.95874 2.95721e-18)
(4.30395 -4.71332 -1.86111e-18)
(4.12768 -4.55941 -2.36285e-18)
(6.98364 -5.94114 2.60261e-18)
(6.14551 -6.53558 -1.03662e-18)
(6.08493 -6.31076 -2.84193e-19)
(5.929 -5.93691 1.27528e-18)
(5.65068 -5.58004 9.50187e-19)
(5.34788 -5.23845 -7.19891e-19)
(5.06019 -4.92541 -1.22869e-18)
(4.8033 -4.65156 1.87195e-18)
(4.57773 -4.43783 -1.52501e-18)
(4.35485 -4.34161 1.32817e-18)
(9.76749 0.827098 1.48528e-19)
(9.74308 0.0560879 4.66213e-19)
(9.65253 -0.707956 -1.47075e-18)
(9.50215 -1.45979 1.34792e-18)
(9.29545 -2.1914 5.31925e-19)
(9.03334 -2.89881 6.90632e-18)
(8.71789 -3.57838 -2.72528e-18)
(8.35268 -4.22602 -3.91637e-18)
(7.93969 -4.83835 4.45911e-18)
(7.48442 -5.4109 -7.73312e-18)
(9.85058 -0.319169 4.2501e-19)
(9.73629 -1.07346 -2.0336e-19)
(9.55362 -1.81581 -1.26484e-18)
(9.30723 -2.53959 3.3745e-18)
(9.00165 -3.23339 -1.18264e-18)
(8.64032 -3.89311 9.19866e-18)
(8.22693 -4.51468 -6.03891e-18)
(7.76642 -5.09386 8.80735e-18)
(7.26278 -5.62653 -6.37881e-18)
(6.72185 -6.10888 -3.33219e-18)
(9.47694 -0.307349 -7.97993e-19)
(9.39348 -1.02172 5.48342e-20)
(9.24517 -1.73012 -3.48226e-18)
(9.03326 -2.42424 2.64446e-18)
(8.76078 -3.09286 -2.9396e-18)
(8.43161 -3.73181 -5.78944e-18)
(8.04924 -4.33623 -2.03973e-18)
(7.61878 -4.9018 -1.47303e-18)
(7.1446 -5.42275 5.89774e-18)
(6.63175 -5.89376 3.46136e-18)
(8.86475 -0.223139 3.25694e-19)
(8.81355 -0.884925 -5.66658e-19)
(8.70287 -1.54469 -7.89632e-19)
(8.53216 -2.19424 -3.24941e-18)
(8.3039 -2.82458 2.14494e-18)
(8.02088 -3.43164 5.97495e-18)
(7.68734 -4.01063 2.41908e-18)
(7.30656 -4.55627 5.20703e-19)
(6.88291 -5.06233 1.42444e-18)
(6.42235 -5.52441 1.50535e-19)
(8.24486 -0.211099 -3.44936e-19)
(8.20803 -0.820898 -1.35927e-18)
(8.11709 -1.42967 1.2048e-19)
(7.97107 -2.03098 2.56353e-18)
(7.77257 -2.61757 2.79795e-18)
(7.52309 -3.18635 -1.9234e-18)
(7.22696 -3.73153 -3.44015e-18)
(6.88634 -4.24906 -1.83615e-18)
(6.50716 -4.73309 1.99868e-18)
(6.0935 -5.1789 3.20993e-18)
(7.69771 -0.205641 8.32802e-20)
(7.6651 -0.769162 1.11141e-18)
(7.58338 -1.33145 -2.61583e-18)
(7.45117 -1.88826 3.20876e-18)
(7.27171 -2.43286 1.95711e-18)
(7.0448 -2.96386 3.76619e-18)
(6.77602 -3.47418 -8.02849e-19)
(6.46482 -3.96325 -2.34608e-18)
(6.1214 -4.42284 5.51159e-18)
(5.74597 -4.85078 -4.84304e-18)
(7.23566 -0.195812 1.63805e-19)
(7.20248 -0.719529 -1.20663e-18)
(7.12477 -1.24138 -7.81855e-19)
(6.99986 -1.7592 -1.71284e-18)
(6.83291 -2.2655 -2.45306e-19)
(6.61995 -2.76211 -2.48529e-18)
(6.37106 -3.23914 -1.64307e-18)
(6.0794 -3.70288 -2.71548e-19)
(5.76447 -4.13837 -3.28209e-18)
(5.41725 -4.55078 4.5935e-18)
(6.84718 -0.183919 -1.34842e-19)
(6.81156 -0.674171 9.9326e-19)
(6.73573 -1.16159 -4.43517e-19)
(6.61439 -1.64601 9.65416e-19)
(6.45645 -2.11795 2.34057e-18)
(6.25137 -2.58411 3.963e-18)
(6.01803 -3.02934 -1.05456e-18)
(5.73587 -3.47281 -3.88564e-18)
(5.44555 -3.88625 1.17799e-18)
(5.11359 -4.29194 -7.04978e-18)
(6.51489 -0.166422 1.90462e-19)
(6.47653 -0.629729 -2.2673e-19)
(6.40228 -1.08942 -2.19246e-18)
(6.28243 -1.54708 6.63694e-19)
(6.13223 -1.99043 -1.60118e-18)
(5.93016 -2.43178 -7.03987e-19)
(5.70996 -2.84792 -4.5122e-19)
(5.42569 -3.27763 1.77938e-18)
(5.15785 -3.67241 1.72039e-18)
(4.81536 -4.10154 1.40942e-18)
(6.22229 -0.15327 -4.2979e-19)
(6.18011 -0.592789 7.46923e-19)
(6.10717 -1.02957 3.68764e-19)
(5.98661 -1.4672 1.02326e-18)
(5.8434 -1.89008 -1.06065e-19)
(5.63874 -2.31622 -8.25294e-20)
(5.42871 -2.71157 -2.5045e-18)
(5.1268 -3.13695 3.38952e-18)
(4.87615 -3.51003 -2.18482e-18)
(4.48624 -4.00879 6.55402e-19)
(6.49834 7.70307 -4.49996e-18)
(7.08575 7.17523 4.67583e-18)
(7.6232 6.59673 -2.58436e-19)
(8.10771 5.97337 -7.82161e-18)
(8.53509 5.31051 5.64839e-18)
(8.90189 4.6137 -3.9021e-18)
(9.20555 3.88828 -8.73562e-19)
(9.44466 3.14114 -8.20077e-19)
(9.61744 2.37904 1.30706e-18)
(9.725 1.6055 9.31218e-20)
(7.25849 6.60142 5.42392e-18)
(7.79264 6.06535 1.02911e-18)
(8.2756 5.47902 -5.34007e-18)
(8.70284 4.8476 -5.49612e-18)
(9.06957 4.17641 4.52892e-18)
(9.37231 3.472 -3.57772e-18)
(9.608 2.74008 3.95854e-18)
(9.77445 1.98815 -1.11769e-18)
(9.87061 1.22606 -3.2928e-18)
(9.89614 0.452643 -2.26727e-19)
(6.82595 6.0051 -9.36001e-19)
(7.33704 5.53757 -7.32429e-19)
(7.80454 5.02065 2.99872e-18)
(8.22316 4.45791 2.7568e-18)
(8.58799 3.85364 5.9334e-18)
(8.89552 3.21392 1.86526e-18)
(9.14221 2.54366 -1.33512e-18)
(9.32508 1.85031 -2.79573e-18)
(9.44313 1.14197 2.22717e-18)
(9.49429 0.417907 1.5935e-19)
(6.26473 5.4362 1.36547e-18)
(6.73942 5.03078 -3.10207e-18)
(7.17675 4.57901 -1.20122e-18)
(7.57181 4.08303 -5.16032e-18)
(7.92037 3.54662 -2.6888e-18)
(8.21906 2.97515 5.01491e-18)
(8.46439 2.37312 3.17333e-18)
(8.65343 1.74695 -2.67154e-18)
(8.78501 1.10256 1.14335e-19)
(8.85605 0.441787 -1.12511e-19)
(5.8361 4.92109 -4.8326e-18)
(6.26852 4.55851 5.37848e-18)
(6.66679 4.15326 -1.35718e-18)
(7.02722 3.70623 2.7231e-18)
(7.34667 3.22143 -1.80723e-18)
(7.622 2.70389 -2.95325e-18)
(7.85009 2.1578 1.39082e-18)
(8.02827 1.58834 -1.49011e-18)
(8.15518 1.00047 -1.41593e-18)
(8.2277 0.397639 5.96122e-19)
(5.50822 4.51124 -6.54006e-19)
(5.90348 4.18045 1.0188e-18)
(6.26484 3.80927 -1.1901e-18)
(6.59103 3.39826 -5.33564e-18)
(6.8804 2.95251 2.85378e-18)
(7.13005 2.47679 4.49314e-19)
(7.33707 1.97476 -2.49832e-18)
(7.49896 1.45081 -8.47114e-19)
(7.61444 0.909648 7.61831e-19)
(7.68079 0.35522 -2.18941e-19)
(5.24849 4.18896 -2.60993e-18)
(5.614 3.88395 -9.03343e-21)
(5.94451 3.538 1.19044e-18)
(6.24074 3.15408 3.02588e-18)
(6.50316 2.73909 6.10964e-19)
(6.72924 2.2966 1.4656e-18)
(6.91619 1.82959 2.8225e-18)
(7.06161 1.34224 -1.19221e-18)
(7.16459 0.839383 9.98845e-19)
(7.22254 0.324816 -3.73478e-19)
(5.03185 3.93101 -8.97989e-19)
(5.36953 3.65155 1.02762e-18)
(5.67653 3.32329 9.9027e-19)
(5.94942 2.95995 -1.42351e-18)
(6.18976 2.57024 -7.67531e-19)
(6.39584 2.15445 -1.66495e-18)
(6.56567 1.71509 1.49853e-19)
(6.69682 1.25698 -3.67052e-19)
(6.78881 0.785233 -2.12156e-18)
(6.83859 0.303253 2.83142e-19)
(4.86481 3.71364 -3.29073e-19)
(5.15591 3.46997 -1.75386e-18)
(5.43926 3.15353 -6.72856e-19)
(5.69599 2.80713 2.99737e-19)
(5.9191 2.44001 -1.78693e-19)
(6.10812 2.0468 1.47245e-18)
(6.26372 1.62996 5.76759e-19)
(6.38347 1.1955 8.46312e-19)
(6.46699 0.749052 9.92313e-19)
(6.51003 0.293514 -4.03683e-19)
(4.81416 3.48196 -1.22014e-18)
(5.02687 3.27769 2.07516e-18)
(5.25882 2.97165 -3.27234e-18)
(5.49631 2.64272 -7.24716e-20)
(5.70119 2.29938 2.5961e-18)
(5.86875 1.93113 1.22857e-19)
(6.00612 1.53957 1.10193e-18)
(6.11221 1.13067 -2.26634e-18)
(6.18622 0.710348 -1.84785e-20)
(6.22168 0.280893 1.9783e-19)
(1.07833 4.54903 6.9212e-20)
(1.03732 4.75467 -2.48685e-20)
(1.00071 4.98703 -1.66561e-20)
(0.950317 5.26183 1.87032e-19)
(0.886814 5.60719 -8.36028e-20)
(0.809146 6.06985 -3.04579e-19)
(0.724369 6.71677 3.52794e-19)
(0.695696 7.60691 1.21428e-19)
(0.556113 8.66866 1.86203e-19)
(-0.787632 9.60534 7.88866e-19)
(1.43315 4.57704 1.7986e-19)
(1.41144 4.79326 -5.13116e-19)
(1.39359 5.03589 5.15172e-19)
(1.36619 5.32209 1.08429e-19)
(1.33182 5.67976 -2.21457e-19)
(1.29243 6.1549 2.44157e-19)
(1.25991 6.81133 8.7912e-19)
(1.30095 7.69618 -1.11983e-18)
(1.24145 8.73594 3.92408e-20)
(-0.0341341 9.69986 -9.42341e-19)
(1.79661 4.57833 7.76373e-19)
(1.79477 4.80297 -9.74674e-19)
(1.79686 5.05349 -3.86003e-19)
(1.79415 5.34835 -3.39621e-20)
(1.79075 5.71532 -3.89488e-19)
(1.79138 6.1994 -1.70354e-19)
(1.8123 6.86065 2.90426e-19)
(1.92207 7.734 8.09255e-19)
(1.93865 8.74489 6.1318e-19)
(0.728734 9.73186 -1.72667e-18)
(2.16975 4.54104 7.62673e-19)
(2.18733 4.77432 -8.23214e-19)
(2.2097 5.03295 -8.15237e-19)
(2.23263 5.33575 4.72245e-19)
(2.26123 5.71028 2.47833e-18)
(2.30287 6.20031 -9.72472e-19)
(2.37768 6.86192 7.66798e-19)
(2.55458 7.71789 -2.56557e-18)
(2.64267 8.69389 -2.8749e-18)
(1.49577 9.70079 3.29098e-18)
(2.54458 4.48078 5.78851e-19)
(2.58175 4.71896 -3.71048e-19)
(2.62558 4.98135 1.07947e-18)
(2.67585 5.28765 -9.46679e-19)
(2.73806 5.66544 7.13358e-19)
(2.82202 6.15694 6.15449e-19)
(2.95119 6.81359 5.98134e-19)
(3.19336 7.64595 4.62156e-19)
(3.3481 8.58128 1.81733e-18)
(2.2615 9.60561 1.55405e-18)
(2.92955 4.36914 -1.80545e-18)
(2.98369 4.61705 -4.62909e-19)
(3.04747 4.88644 1.96285e-18)
(3.12419 5.19698 -2.15273e-18)
(3.21946 5.57677 -9.94882e-19)
(3.34539 6.06674 -2.43109e-18)
(3.52822 6.7138 1.26516e-19)
(3.8329 7.51676 -2.5455e-18)
(4.04894 8.40628 -3.02951e-19)
(3.02011 9.44609 -4.75323e-18)
(3.30537 4.24795 2.67046e-18)
(3.37754 4.49736 -4.21683e-18)
(3.46299 4.76515 2.31841e-18)
(3.56822 5.07223 1.17544e-18)
(3.69824 5.44777 -2.6748e-19)
(3.86704 5.93062 3.33425e-18)
(4.10305 6.56219 -2.13374e-18)
(4.46735 7.32966 -5.28161e-18)
(4.73892 8.16834 -7.28546e-19)
(3.76576 9.22193 4.37467e-18)
(3.70237 4.05373 -1.77191e-20)
(3.78262 4.32039 2.01747e-18)
(3.88173 4.59602 -9.49313e-19)
(4.01068 4.9031 9.69443e-19)
(4.17295 5.27397 9.79444e-19)
(4.38306 5.7467 -1.60811e-18)
(4.67036 6.35793 1.15011e-18)
(5.09045 7.08436 -2.55641e-18)
(5.41156 7.86804 6.90051e-18)
(4.49225 8.93464 -2.2689e-18)
(4.07115 3.88722 -1.2787e-18)
(4.16454 4.14774 -6.21014e-19)
(4.28117 4.41075 2.75799e-18)
(4.43841 4.70364 -3.92687e-18)
(4.63544 5.06101 3.84968e-18)
(4.88692 5.51706 -1.95676e-18)
(5.224 6.10194 -3.2923e-18)
(5.69562 6.7814 7.14513e-19)
(6.06007 7.50619 -1.1907e-17)
(5.19384 8.58441 8.3282e-18)
(4.48296 3.63186 3.33886e-18)
(4.54964 3.90778 -2.797e-18)
(4.6699 4.17743 2.85943e-18)
(4.85307 4.46234 -2.27113e-19)
(5.08274 4.80562 -2.94361e-18)
(5.37348 5.24131 -1.52105e-18)
(5.75762 5.79412 1.72276e-18)
(6.2766 6.421 4.55665e-18)
(6.67854 7.08361 5.67402e-18)
(5.8643 8.17485 2.57539e-20)
(-1.55674 3.05175 -5.77739e-19)
(-1.70105 3.07105 4.11348e-19)
(-1.85565 3.14227 -2.08371e-19)
(-2.04181 3.25013 4.90545e-19)
(-2.28336 3.4029 4.44377e-19)
(-2.61631 3.63333 7.96706e-19)
(-3.08984 4.005 1.26998e-18)
(-3.73084 4.64247 7.69053e-19)
(-4.69801 5.49092 1.25727e-18)
(-6.74624 5.77034 -8.94785e-19)
(-1.41736 3.26147 3.74828e-19)
(-1.55362 3.30886 4.25846e-19)
(-1.69055 3.40525 -6.44625e-19)
(-1.86297 3.53196 -3.75385e-19)
(-2.09135 3.70418 -7.34143e-19)
(-2.40719 3.96022 1.46359e-18)
(-2.85422 4.36755 -6.92331e-19)
(-3.4472 5.05009 -1.78863e-18)
(-4.3408 5.95443 -1.53889e-18)
(-6.33008 6.33702 2.27701e-18)
(-1.21952 3.45407 -1.0894e-19)
(-1.35458 3.53283 1.12411e-19)
(-1.48597 3.6508 -1.03365e-18)
(-1.65165 3.79698 6.83708e-19)
(-1.8697 3.99137 6.80795e-19)
(-2.16835 4.27515 -4.65536e-19)
(-2.58658 4.71844 -1.27102e-20)
(-3.1277 5.44305 3.21487e-18)
(-3.94345 6.3961 6.01978e-19)
(-5.86754 6.87297 -1.78584e-18)
(-0.994727 3.64895 -1.0853e-18)
(-1.12662 3.74927 6.76755e-19)
(-1.2525 3.8841 -1.73803e-19)
(-1.41084 4.04858 5.5628e-19)
(-1.61767 4.26515 -1.50916e-18)
(-1.89791 4.57659 -8.71235e-21)
(-2.28482 5.05471 2.78854e-19)
(-2.77095 5.8178 2.68648e-21)
(-3.5058 6.81227 -1.58178e-19)
(-5.3605 7.37476 2.39446e-18)
(-0.7518 3.83652 9.76504e-19)
(-0.877489 3.95418 3.40238e-20)
(-0.995589 4.1046 -5.91206e-19)
(-1.14419 4.28674 1.38336e-20)
(-1.33734 4.52465 1.06839e-19)
(-1.59648 4.86261 -1.13604e-18)
(-1.94893 5.37357 3.38537e-19)
(-2.3767 6.17073 -3.66836e-19)
(-3.02812 7.19891 -5.43367e-20)
(-4.81065 7.83822 -3.03157e-18)
(-0.489924 4.00789 -2.61984e-20)
(-0.606759 4.14263 7.96821e-19)
(-0.71532 4.30873 -7.74101e-19)
(-0.852331 4.50834 7.51094e-20)
(-1.02951 4.76695 -1.9033e-19)
(-1.26479 5.13018 1.04328e-18)
(-1.57961 5.67167 2.21224e-19)
(-1.94579 6.49801 1.30817e-19)
(-2.512 7.55187 9.07487e-19)
(-4.22054 8.25927 6.21266e-19)
(-0.20866 4.16043 -6.26683e-19)
(-0.314332 4.31204 6.73927e-19)
(-0.411868 4.49345 3.19827e-20)
(-0.535574 4.71013 1.09704e-18)
(-0.694631 4.98873 -6.44353e-19)
(-0.903468 5.37589 4.8736e-19)
(-1.17752 5.94518 -4.7601e-19)
(-1.47962 6.79568 1.16668e-18)
(-1.95938 7.86694 1.19442e-18)
(-3.59314 8.63404 1.36543e-18)
(0.0907223 4.2928 -4.28985e-19)
(-0.00162011 4.46008 4.94438e-19)
(-0.0865409 4.65594 -2.42125e-19)
(-0.195032 4.88896 -1.91306e-19)
(-0.333688 5.1866 4.62294e-19)
(-0.513474 5.59603 -8.06545e-19)
(-0.743933 6.19016 -6.06248e-19)
(-0.979735 7.05934 2.16786e-18)
(-1.3729 8.14003 -4.35104e-19)
(-2.93232 8.95923 -1.57387e-18)
(0.406036 4.40376 -4.64586e-19)
(0.329118 4.58517 9.70241e-20)
(0.258626 4.7943 6.1244e-20)
(0.167463 5.04252 3.88114e-22)
(0.0515877 5.35775 -3.0888e-19)
(-0.0965567 5.78738 1.03256e-18)
(-0.280731 6.40295 -1.02694e-18)
(-0.448531 7.28513 -1.43346e-19)
(-0.755642 8.36722 1.95126e-20)
(-2.24145 9.23148 -1.26852e-18)
(0.735891 4.48938 1.52638e-19)
(0.676201 4.68357 2.29516e-20)
(0.621853 4.90502 -5.13771e-20)
(0.550078 5.16739 -7.75773e-20)
(0.459296 5.49873 -2.13631e-19)
(0.34526 5.94624 1.64901e-19)
(0.209746 6.57949 1.04411e-19)
(0.111139 7.46872 2.02753e-19)
(-0.111373 8.54475 -2.8136e-19)
(-1.526 9.44825 2.57891e-19)
(-1.6067 2.75646 -4.72594e-19)
(-1.83735 2.42244 1.96629e-19)
(-1.9741 2.12763 -1.11219e-19)
(-2.12996 1.83856 -1.20844e-19)
(-2.25687 1.55048 -5.82495e-20)
(-2.37419 1.26156 3.68399e-21)
(-2.47635 0.969509 -3.3283e-20)
(-2.56683 0.673419 -3.03932e-20)
(-2.64507 0.372256 -1.91101e-20)
(-2.71122 0.0654608 1.11013e-20)
(-1.80323 2.80022 -3.85175e-19)
(-1.992 2.48695 -1.94395e-19)
(-2.12741 2.18931 -3.28925e-19)
(-2.27224 1.89406 2.32299e-20)
(-2.39427 1.60053 1.06568e-19)
(-2.50745 1.30756 1.4033e-19)
(-2.60697 1.01235 -4.44008e-20)
(-2.6958 0.713983 1.45232e-19)
(-2.77322 0.410961 2.11496e-20)
(-2.8392 0.102383 -1.54791e-20)
(-1.99634 2.85597 1.08147e-18)
(-2.16282 2.55055 -1.05353e-19)
(-2.2986 2.25258 4.77799e-19)
(-2.43367 1.95299 9.30962e-20)
(-2.55108 1.65502 -4.38202e-19)
(-2.65908 1.35784 -2.19697e-19)
(-2.75475 1.05919 -9.45102e-20)
(-2.8402 0.75807 4.95972e-20)
(-2.91486 0.452764 -1.05914e-19)
(-2.97864 0.142112 1.35717e-20)
(-2.20139 2.95018 2.73213e-19)
(-2.36085 2.64057 5.90942e-19)
(-2.498 2.33543 2.59605e-20)
(-2.6272 2.02837 2.36706e-19)
(-2.74095 1.72316 3.08379e-19)
(-2.8439 1.41883 3.12066e-20)
(-2.93496 1.11394 2.18968e-19)
(-3.01566 0.807394 9.66625e-20)
(-3.08582 0.497484 1.33501e-19)
(-3.1454 0.182852 -2.22111e-20)
(-2.45527 3.08866 9.99465e-19)
(-2.61486 2.76807 -1.10144e-18)
(-2.75405 2.44919 -9.31832e-20)
(-2.88027 2.12956 1.22288e-19)
(-2.99089 1.81214 -1.59593e-19)
(-3.0889 1.49605 -2.69902e-19)
(-3.17447 1.18046 -4.23239e-19)
(-3.24888 0.864255 3.64796e-19)
(-3.3124 0.545863 -3.80765e-20)
(-3.36514 0.223841 -1.67471e-20)
(-2.80181 3.29704 -1.81405e-18)
(-2.96745 2.9561 1.00605e-18)
(-3.11126 2.61506 3.60848e-19)
(-3.23765 2.27431 5.42217e-20)
(-3.34644 1.936 3.35225e-19)
(-3.43999 1.59974 -4.63688e-19)
(-3.51925 1.26516 -4.05915e-19)
(-3.58551 0.931292 -9.05593e-21)
(-3.63941 0.596849 7.64763e-20)
(-3.68136 0.260472 5.31734e-20)
(-3.29697 3.63409 -5.0671e-19)
(-3.47809 3.25888 -2.83367e-19)
(-3.63343 2.88242 -1.00356e-19)
(-3.76623 2.5066 3.56524e-19)
(-3.87746 2.13316 -1.10193e-18)
(-3.96935 1.76247 -4.06364e-19)
(-4.04326 1.39456 5.4933e-19)
(-4.10064 1.02894 1.27233e-19)
(-4.14244 0.664743 9.39369e-20)
(-4.16941 0.300918 -5.59045e-20)
(-3.98031 4.22391 -1.57502e-18)
(-4.19727 3.79907 -1.4259e-18)
(-4.38234 3.37055 2.28484e-18)
(-4.53829 2.94127 4.55874e-19)
(-4.6666 2.51301 1.68353e-18)
(-4.76927 2.08697 4.25137e-20)
(-4.84784 1.66385 -4.6478e-19)
(-4.90379 1.24387 6.17371e-19)
(-4.93834 0.82685 1.00074e-20)
(-4.95243 0.412315 1.51463e-19)
(-5.0141 5.0095 9.11752e-20)
(-5.28959 4.51602 2.30025e-18)
(-5.52568 4.01367 -2.22411e-18)
(-5.7242 3.50604 1.51613e-18)
(-5.88663 2.99544 -2.07325e-18)
(-6.01425 2.48407 2.45494e-19)
(-6.10841 1.97361 -7.18775e-19)
(-6.17039 1.46542 2.525e-19)
(-6.20141 0.96039 4.77683e-20)
(-6.20226 0.459164 -8.40265e-20)
(-7.11242 5.17576 6.85001e-19)
(-7.4257 4.56245 -1.99803e-18)
(-7.69094 3.93231 8.83609e-19)
(-7.90645 3.29049 -7.01557e-19)
(-8.0732 2.64004 3.47646e-19)
(-8.19111 1.98467 1.51939e-18)
(-8.26085 1.3276 1.84619e-19)
(-8.28311 0.672019 4.06196e-19)
(-8.25888 0.0207916 -2.09628e-19)
(-8.18847 -0.623378 -4.70557e-20)
(-2.7642 -0.247231 2.73128e-21)
(-2.80254 -0.565787 -2.95302e-20)
(-2.82442 -0.889681 2.16221e-19)
(-2.82768 -1.21762 -1.47198e-19)
(-2.8098 -1.54742 1.28511e-20)
(-2.76765 -1.8761 -1.94721e-19)
(-2.69598 -2.20121 8.73362e-19)
(-2.58679 -2.52199 1.1926e-19)
(-2.43624 -2.83075 -3.47896e-19)
(-2.25345 -3.10815 7.1387e-19)
(-2.89254 -0.212473 3.69151e-20)
(-2.93155 -0.533899 -1.0772e-19)
(-2.95413 -0.861659 -8.7096e-20)
(-2.95771 -1.19478 -8.11684e-20)
(-2.93939 -1.53153 -2.59483e-19)
(-2.89607 -1.86949 -3.58571e-20)
(-2.82405 -2.20619 -2.54954e-20)
(-2.71722 -2.53929 3.7902e-19)
(-2.56805 -2.86483 7.415e-19)
(-2.37931 -3.18646 -1.49993e-20)
(-3.03039 -0.174965 -3.2053e-20)
(-3.06845 -0.499076 2.78882e-19)
(-3.09072 -0.830352 5.69639e-20)
(-3.09465 -1.16828 -1.05063e-20)
(-3.07727 -1.51171 2.93073e-19)
(-3.03553 -1.85903 1.41369e-19)
(-2.96599 -2.20814 3.24067e-19)
(-2.86416 -2.55622 -1.98561e-19)
(-2.72504 -2.90154 -6.84636e-19)
(-2.54807 -3.25116 -1.77174e-18)
(-3.19349 -0.137851 5.22978e-20)
(-3.22862 -0.465573 -1.34082e-19)
(-3.24883 -0.800865 2.00573e-19)
(-3.25171 -1.14375 -5.04686e-19)
(-3.23439 -1.49374 -2.8787e-19)
(-3.19375 -1.84989 -1.09726e-19)
(-3.12622 -2.21058 -7.5063e-19)
(-3.02789 -2.57352 -3.25241e-19)
(-2.89547 -2.9379 8.84996e-21)
(-2.72832 -3.30712 6.05273e-19)
(-3.40655 -0.103315 3.82088e-20)
(-3.43543 -0.436822 1.04073e-20)
(-3.45006 -0.777595 1.50055e-19)
(-3.44828 -1.12614 5.00919e-19)
(-3.42746 -1.48256 -9.2371e-20)
(-3.38451 -1.84647 -8.47052e-19)
(-3.316 -2.21684 1.41175e-18)
(-3.21825 -2.59218 -4.43002e-19)
(-3.0885 -2.972 -4.63653e-19)
(-2.92581 -3.35666 -2.27269e-19)
(-3.71118 -0.0793209 -9.83207e-20)
(-3.72813 -0.423855 1.11687e-19)
(-3.73077 -0.77424 2.96738e-19)
(-3.71749 -1.13136 -2.69681e-19)
(-3.6859 -1.4957 6.87114e-19)
(-3.63342 -1.86742 -7.19231e-20)
(-3.55694 -2.24613 6.91343e-20)
(-3.45313 -2.63106 4.59522e-19)
(-3.31943 -3.02179 3.48684e-19)
(-3.15426 -3.41739 1.89135e-19)
(-4.18181 -0.0637346 1.98153e-20)
(-4.17954 -0.430313 -2.07021e-20)
(-4.16155 -0.79987 5.60087e-19)
(-4.12695 -1.1734 -6.63938e-19)
(-4.07401 -1.5516 -1.17938e-18)
(-4.00077 -1.935 6.45865e-19)
(-3.90479 -2.32371 -3.15319e-19)
(-3.78348 -2.71759 4.01142e-19)
(-3.63442 -3.11635 1.14358e-18)
(-3.45572 -3.51894 -1.16153e-18)
(-4.94661 -0.000186195 -3.34532e-20)
(-4.92161 -0.410805 -4.65891e-19)
(-4.87676 -0.820192 6.13616e-19)
(-4.81216 -1.22899 3.31321e-19)
(-4.72702 -1.63785 -1.08575e-18)
(-4.62016 -2.04706 -8.86065e-19)
(-4.49037 -2.45716 -1.02102e-19)
(-4.33592 -2.86823 3.76381e-20)
(-4.15506 -3.28024 3.97058e-19)
(-3.94599 -3.69262 -3.8615e-19)
(-6.17308 -0.0370788 4.30586e-20)
(-6.1154 -0.526678 7.44913e-19)
(-6.02949 -1.00953 3.04761e-19)
(-5.91629 -1.48515 -9.70862e-19)
(-5.77605 -1.95348 9.677e-19)
(-5.60891 -2.41407 -1.35665e-18)
(-5.41468 -2.86663 1.58146e-18)
(-5.19352 -3.31147 -1.90586e-18)
(-4.94491 -3.7486 -1.0374e-18)
(-4.66769 -4.1773 -3.1386e-18)
(-8.07116 -1.25736 -2.07314e-20)
(-7.90907 -1.87529 -2.98881e-19)
(-7.70442 -2.47781 2.42456e-19)
(-7.45841 -3.06127 2.52189e-19)
(-7.17251 -3.62394 -5.48715e-19)
(-6.84825 -4.16344 5.55711e-19)
(-6.48736 -4.67788 -7.42987e-19)
(-6.0919 -5.16591 6.25679e-19)
(-5.66398 -5.6266 -1.54583e-18)
(-5.20461 -6.05809 1.64694e-18)
(-4.71391 -6.45665 2.56432e-18)
(-4.36094 -4.59531 -1.49582e-18)
(-3.7069 -4.10348 -1.2229e-18)
(-3.24557 -3.92269 1.54901e-18)
(-2.95657 -3.81417 -6.67753e-20)
(-2.73057 -3.7421 1.27223e-18)
(-2.52934 -3.67883 3.83477e-20)
(-2.34093 -3.61072 -8.50126e-19)
(-2.16496 -3.53452 1.26127e-18)
(-2.03736 -3.43883 -2.47576e-19)
(-4.19865 -6.8182 -2.87689e-18)
(-4.02576 -5.00038 5.85679e-18)
(-3.43671 -4.50983 -4.1021e-19)
(-3.00212 -4.32359 -1.36517e-18)
(-2.7248 -4.20663 9.20837e-19)
(-2.5025 -4.11996 -1.86638e-18)
(-2.30199 -4.03764 1.90258e-18)
(-2.11627 -3.94816 -1.26132e-18)
(-1.95015 -3.84942 3.48468e-19)
(-1.83586 -3.7294 7.18686e-19)
(-3.65797 -7.14677 1.78965e-18)
(-3.66063 -5.39141 -3.60262e-18)
(-3.13312 -4.90872 1.2839e-18)
(-2.72326 -4.71787 -5.51284e-19)
(-2.45704 -4.59079 8.72639e-19)
(-2.23918 -4.48699 -6.07664e-19)
(-2.04089 -4.38312 -4.69855e-19)
(-1.85823 -4.27004 5.13459e-19)
(-1.69525 -4.14749 -1.02758e-18)
(-1.57649 -4.00817 1.18017e-18)
(-3.09474 -7.43934 -3.967e-18)
(-3.26519 -5.76621 4.80341e-19)
(-2.795 -5.29673 1.21037e-18)
(-2.40794 -5.10094 1.40152e-18)
(-2.15288 -4.96129 -2.17174e-18)
(-1.94128 -4.83738 1.32329e-19)
(-1.74816 -4.70917 -7.54516e-19)
(-1.57153 -4.57065 -1.30302e-18)
(-1.41403 -4.42387 2.45094e-18)
(-1.294 -4.26612 5.63778e-19)
(-2.51001 -7.69517 2.93101e-18)
(-2.83835 -6.12232 5.78794e-19)
(-2.42096 -5.66985 1.73107e-18)
(-2.05522 -5.46796 -6.35798e-20)
(-1.81189 -5.3132 1.73469e-18)
(-1.60856 -5.16663 7.73674e-19)
(-1.42322 -5.01219 1.46599e-18)
(-1.25531 -4.84723 -1.34489e-18)
(-1.10627 -4.67616 -6.34436e-20)
(-0.989031 -4.49981 -8.65245e-19)
(-1.90571 -7.91235 2.13005e-18)
(-2.37976 -6.45617 -1.89261e-18)
(-2.01048 -6.02339 -2.54177e-19)
(-1.66517 -5.81365 -4.86187e-19)
(-1.43487 -5.64121 -4.70293e-19)
(-1.24253 -5.46983 -5.06992e-19)
(-1.0683 -5.28792 7.8276e-19)
(-0.912411 -5.09642 -8.39417e-19)
(-0.774929 -4.90184 7.38528e-19)
(-0.663926 -4.70744 4.33545e-20)
(-1.28364 -8.08939 -3.80861e-18)
(-1.88933 -6.76405 -1.38548e-18)
(-1.56361 -6.35231 2.33554e-18)
(-1.23852 -6.13263 -7.12442e-19)
(-1.02323 -5.94019 8.66632e-19)
(-0.845048 -5.7425 -2.25267e-18)
(-0.685522 -5.53267 1.61584e-18)
(-0.545132 -5.3152 -4.96223e-19)
(-0.42244 -5.09832 7.08289e-19)
(-0.321344 -4.88652 -7.70588e-19)
(-0.645877 -8.22464 1.76472e-18)
(-1.3676 -7.04176 -5.97157e-19)
(-1.08122 -6.65128 -7.58613e-19)
(-0.776942 -6.41941 -2.97017e-19)
(-0.579318 -6.20511 1.93572e-19)
(-0.418929 -5.98035 3.78638e-19)
(-0.277886 -5.74304 -6.80152e-19)
(-0.156333 -5.50101 4.13029e-19)
(-0.051134 -5.26381 9.74396e-19)
(0.0369991 -5.03652 -8.06289e-19)
(0.00541439 -8.31643 1.42117e-18)
(-0.815539 -7.28491 -3.19104e-20)
(-0.564912 -6.91493 1.23586e-18)
(-0.282915 -6.66874 -9.7607e-19)
(-0.106219 -6.43132 2.7494e-19)
(0.0324529 -6.17957 -2.86901e-19)
(0.151171 -5.916 -1.15628e-19)
(0.250627 -5.65152 -5.92626e-19)
(0.335742 -5.39653 6.01012e-19)
(0.407827 -5.15609 4.46154e-19)
(0.667804 -8.36215 -2.77515e-19)
(-0.23494 -7.48851 -2.03796e-19)
(-0.0172524 -7.13792 -1.35927e-19)
(0.240179 -6.87569 -4.35817e-19)
(0.392238 -6.61468 3.96544e-19)
(0.505159 -6.33685 1.00359e-19)
(0.597831 -6.04905 -2.45816e-19)
(0.672203 -5.76478 1.87824e-20)
(0.734954 -5.49489 -1.00281e-19)
(0.788143 -5.24432 4.16207e-21)
(1.10599 -4.56373 -1.18769e-20)
(0.953719 -3.58245 -3.52136e-21)
(0.939917 -2.91611 8.51578e-21)
(0.929222 -2.3546 -3.49726e-21)
(0.887465 -1.84889 -3.91083e-23)
(0.844239 -1.42488 -4.4502e-22)
(0.800001 -1.07616 4.67361e-23)
(0.761025 -0.797168 -3.60626e-23)
(0.728422 -0.579363 5.23402e-23)
(0.704473 -0.413494 7.84112e-23)
(0.686393 -0.290256 -1.67288e-22)
(0.677956 -0.199795 1.12696e-22)
(0.671422 -0.136616 -8.75928e-23)
(0.674282 -0.0867892 -2.94105e-22)
(0.677229 -0.0540368 4.73966e-23)
(0.676825 -0.0121088 -1.44212e-22)
(0.678793 0.0199888 5.43065e-23)
(0.662263 0.0575319 4.91824e-23)
(0.643015 0.0985675 -6.47156e-23)
(0.666982 0.0782169 -4.1676e-23)
(1.41264 -4.59709 8.23087e-20)
(1.14887 -3.61251 2.13155e-20)
(1.04704 -2.92666 -1.62765e-20)
(0.993055 -2.35932 3.65222e-21)
(0.92333 -1.84872 -4.9024e-21)
(0.858916 -1.42082 -6.20889e-22)
(0.800693 -1.0714 -1.95142e-22)
(0.752343 -0.792868 -1.75712e-22)
(0.713589 -0.576026 2.12528e-23)
(0.685547 -0.411154 -8.17655e-24)
(0.664828 -0.288876 -1.09335e-23)
(0.654593 -0.199153 6.82137e-22)
(0.646819 -0.136536 -9.895e-22)
(0.648877 -0.0872181 -3.03804e-22)
(0.650763 -0.0542401 2.26854e-22)
(0.649343 -0.0122085 2.1164e-22)
(0.650587 0.0205071 -4.53855e-22)
(0.63262 0.058884 7.02005e-22)
(0.616812 0.098317 1.51229e-22)
(0.644089 0.0772843 1.00456e-22)
(1.72139 -4.60949 -1.69602e-19)
(1.35123 -3.63803 6.81109e-20)
(1.15989 -2.93996 7.93966e-20)
(1.05932 -2.36653 -2.38104e-20)
(0.961325 -1.85146 1.13478e-21)
(0.875512 -1.41942 -4.14399e-21)
(0.802919 -1.06871 -2.90595e-22)
(0.745042 -0.790152 -4.54174e-22)
(0.700067 -0.573839 -1.21468e-22)
(0.667869 -0.409604 -2.13155e-22)
(0.644449 -0.288008 -1.46618e-22)
(0.632339 -0.198814 2.37795e-23)
(0.62328 -0.136635 1.08222e-21)
(0.624484 -0.0877224 -5.33882e-22)
(0.625227 -0.0544631 -5.93253e-22)
(0.622872 -0.0123249 6.39099e-22)
(0.623272 0.0210508 -1.80533e-22)
(0.6042 0.0601068 -4.0352e-22)
(0.592034 0.0978219 -5.62043e-22)
(0.622193 0.0762654 1.7005e-22)
(2.03065 -4.6033 -5.08586e-20)
(1.56098 -3.65629 1.38083e-19)
(1.27973 -2.95166 -5.72123e-20)
(1.12907 -2.37352 -1.27627e-20)
(1.00199 -1.85576 8.05201e-21)
(0.894474 -1.42028 -3.8164e-22)
(0.807006 -1.06801 1.29244e-21)
(0.739343 -0.78901 -3.10603e-22)
(0.688011 -0.5728 6.5285e-22)
(0.651558 -0.408836 7.00396e-22)
(0.625347 -0.287642 -1.56877e-21)
(0.611266 -0.198769 2.21379e-22)
(0.600859 -0.136905 -1.63066e-22)
(0.601134 -0.0882944 8.72616e-22)
(0.600653 -0.054709 2.71377e-22)
(0.597434 -0.0124608 -4.75463e-22)
(0.596897 0.0216042 -4.29064e-22)
(0.577077 0.0611781 -9.48858e-22)
(0.568668 0.0970936 8.77707e-22)
(0.601268 0.0751741 -3.55386e-22)
(2.33883 -4.57488 1.39377e-20)
(1.77876 -3.65605 1.19435e-20)
(1.40733 -2.95162 2.88594e-21)
(1.20256 -2.37477 2.75057e-20)
(1.0453 -1.8591 1.14065e-20)
(0.915951 -1.42247 7.56288e-21)
(0.813173 -1.06898 -2.75061e-21)
(0.735418 -0.789329 6.77202e-22)
(0.677551 -0.572868 4.62141e-22)
(0.636708 -0.408828 8.97604e-22)
(0.607593 -0.287761 -1.41018e-22)
(0.591432 -0.199004 -1.78007e-21)
(0.5796 -0.137336 -3.76997e-22)
(0.578854 -0.0889264 1.44959e-21)
(0.577074 -0.0549812 1.22732e-21)
(0.57305 -0.0126209 -6.32758e-22)
(0.571509 0.0221491 1.68672e-21)
(0.551309 0.0620767 2.91033e-22)
(0.546691 0.0961456 2.85584e-22)
(0.581288 0.0740245 -2.25077e-23)
(2.64578 -4.5123 -4.25065e-19)
(2.00449 -3.62633 -5.68709e-20)
(1.54166 -2.93617 4.80865e-20)
(1.27877 -2.37059 -7.46955e-20)
(1.09053 -1.86204 -3.03414e-20)
(0.939761 -1.42605 -2.36396e-20)
(0.821503 -1.0715 3.66579e-21)
(0.733376 -0.790992 8.62279e-22)
(0.668775 -0.573969 -1.52544e-21)
(0.62339 -0.409538 -8.06612e-22)
(0.591239 -0.288337 -6.416e-22)
(0.572878 -0.199502 1.61306e-21)
(0.559534 -0.137913 -8.07797e-22)
(0.557665 -0.0896089 -9.98979e-22)
(0.554517 -0.0552808 -8.11867e-22)
(0.549738 -0.0128075 1.1775e-21)
(0.547153 0.0226687 1.36327e-22)
(0.52694 0.062789 5.65871e-22)
(0.526064 0.0949968 -5.36192e-22)
(0.562226 0.0728299 1.26393e-22)
(2.95181 -4.41764 4.31346e-19)
(2.23514 -3.59234 1.38973e-19)
(1.68084 -2.93263 -1.0606e-20)
(1.35729 -2.37981 9.71654e-20)
(1.1377 -1.87421 -2.98361e-20)
(0.966059 -1.43488 3.18381e-21)
(0.832159 -1.07689 1.06757e-20)
(0.733318 -0.794421 -1.46494e-21)
(0.661749 -0.576235 -4.39256e-21)
(0.611648 -0.411005 1.45108e-22)
(0.576317 -0.289377 -1.24391e-21)
(0.55563 -0.200259 2.06836e-21)
(0.540682 -0.13863 -1.39711e-21)
(0.537581 -0.0903378 4.43438e-21)
(0.533006 -0.055613 1.19296e-21)
(0.527514 -0.0130273 -2.02551e-21)
(0.523868 0.0231438 -6.69741e-22)
(0.503997 0.063304 -1.7881e-21)
(0.506741 0.0936678 3.21254e-22)
(0.54406 0.0716027 -1.15047e-22)
(3.25245 -4.35586 5.54458e-19)
(2.4696 -3.63065 7.00667e-20)
(1.82956 -2.9913 -1.15958e-19)
(1.44296 -2.4298 -1.10938e-20)
(1.18994 -1.90914 -4.05721e-20)
(0.996455 -1.4554 1.17077e-20)
(0.845853 -1.0882 -1.16717e-20)
(0.735521 -0.801021 1.93872e-21)
(0.656579 -0.580321 3.87885e-22)
(0.601531 -0.413542 2.69318e-21)
(0.562849 -0.291041 -4.69449e-22)
(0.539705 -0.201357 8.72563e-24)
(0.523054 -0.139529 -1.20855e-21)
(0.518612 -0.0911402 -7.6673e-24)
(0.512563 -0.0560073 -2.93381e-21)
(0.50639 -0.0133132 -3.62642e-22)
(0.501687 0.0235325 8.54419e-22)
(0.482495 0.0635964 1.79179e-21)
(0.48867 0.0921708 -3.97278e-22)
(0.526768 0.0703517 1.48294e-22)
(3.53415 -4.38914 -7.19883e-20)
(2.71829 -3.74082 4.65744e-19)
(2.00112 -3.09115 -1.79438e-19)
(1.545 -2.50105 -9.59798e-20)
(1.25242 -1.95634 7.95477e-21)
(1.03351 -1.4845 7.18813e-21)
(0.863812 -1.10519 -6.73688e-21)
(0.740523 -0.81114 1.88426e-21)
(0.653483 -0.586581 1.08722e-21)
(0.593129 -0.417409 -6.31037e-22)
(0.550871 -0.293495 -3.83505e-21)
(0.525119 -0.202895 1.88876e-21)
(0.506655 -0.140668 -1.27976e-21)
(0.500764 -0.0920592 -7.09795e-22)
(0.4932 -0.0565059 3.54173e-21)
(0.486372 -0.0137148 -4.75002e-23)
(0.480637 0.0237753 -2.26995e-21)
(0.462431 0.0636279 1.99999e-22)
(0.471793 0.0905055 -2.1096e-22)
(0.510333 0.0690799 8.61732e-23)
(3.78266 -4.25228 3.0665e-20)
(2.97833 -3.65225 5.66293e-19)
(2.19096 -3.04903 -1.07481e-19)
(1.66153 -2.48424 -1.08178e-19)
(1.32379 -1.95839 3.93296e-20)
(1.07669 -1.49496 4.28408e-20)
(0.886173 -1.11518 -1.72954e-20)
(0.748551 -0.818692 1.55645e-20)
(0.652594 -0.592018 -8.01471e-21)
(0.586503 -0.421068 6.58737e-21)
(0.54041 -0.295897 -1.09917e-21)
(0.511882 -0.204414 -2.19827e-21)
(0.491486 -0.141773 -3.36248e-21)
(0.484038 -0.0929187 2.08228e-21)
(0.474929 -0.0569606 4.38434e-22)
(0.467465 -0.0140727 -1.34802e-21)
(0.460739 0.0239998 1.59668e-21)
(0.443791 0.063517 -2.52831e-22)
(0.456053 0.0887515 5.02013e-23)
(0.494743 0.067802 -3.9217e-23)
(4.12107 -3.49081 0)
(3.27796 -3.10767 0)
(2.42629 -2.71256 0)
(1.81456 -2.29572 0)
(1.41953 -1.87029 0)
(1.13736 -1.46105 0)
(0.920006 -1.10279 0)
(0.762448 -0.814454 0)
(0.653723 -0.591083 0)
(0.579428 -0.421081 0)
(0.527793 -0.29604 0)
(0.495201 -0.204548 0)
(0.471884 -0.142011 0)
(0.462011 -0.0931905 0)
(0.450569 -0.0568205 0)
(0.44212 -0.013735 0)
(0.433998 0.0250029 0)
(0.419194 0.0637836 0)
(0.435227 0.0865009 0)
(0.473986 0.0660651 0)
(3.97798 -2.90832 0)
(3.13331 -2.80428 0)
(2.31504 -2.46419 0)
(1.7442 -2.04818 0)
(1.38556 -1.66543 0)
(1.12392 -1.31957 0)
(0.912262 -1.01066 0)
(0.752829 -0.755147 0)
(0.640838 -0.554254 0)
(0.562972 -0.398747 0)
(0.507768 -0.282483 0)
(0.471638 -0.196554 0)
(0.445355 -0.137372 0)
(0.432586 -0.0905323 0)
(0.418279 -0.0545659 0)
(0.408879 -0.0118857 0)
(0.399328 0.0267966 0)
(0.388527 0.063786 0)
(0.408852 0.0827769 0)
(0.4475 0.0633784 0)
(3.86222 -2.28776 0)
(3.21411 -2.28822 0)
(2.4681 -2.09868 0)
(1.85222 -1.81439 0)
(1.43397 -1.51453 0)
(1.14161 -1.21985 0)
(0.91444 -0.942792 0)
(0.743843 -0.706762 0)
(0.624921 -0.520319 0)
(0.542835 -0.376013 0)
(0.484425 -0.267514 0)
(0.445175 -0.187113 0)
(0.416264 -0.131466 0)
(0.400635 -0.0868972 0)
(0.383564 -0.0515569 0)
(0.373563 -0.00958058 0)
(0.363032 0.0284596 0)
(0.357692 0.0629592 0)
(0.381437 0.0779863 0)
(0.419853 0.0601825 0)
(3.56597 -1.80966 0)
(2.97937 -1.9346 0)
(2.27881 -1.83527 0)
(1.72435 -1.58509 0)
(1.36194 -1.31609 0)
(1.10617 -1.07097 0)
(0.896405 -0.84442 0)
(0.728533 -0.643646 0)
(0.606493 -0.479184 0)
(0.520755 -0.349386 0)
(0.459119 -0.250212 0)
(0.416643 -0.176112 0)
(0.38511 -0.124332 0)
(0.366539 -0.0823083 0)
(0.346948 -0.0478536 0)
(0.336871 -0.00695382 0)
(0.326111 0.0297246 0)
(0.327642 0.061061 0)
(0.353404 0.0721409 0)
(0.391818 0.0564784 0)
(3.197 -1.36862 0)
(2.76075 -1.4976 0)
(2.23967 -1.4587 0)
(1.76287 -1.31128 0)
(1.3842 -1.1222 0)
(1.09986 -0.928227 0)
(0.881023 -0.742326 0)
(0.711719 -0.573353 0)
(0.586935 -0.430833 0)
(0.497709 -0.316725 0)
(0.432831 -0.228564 0)
(0.386969 -0.162151 0)
(0.352671 -0.115051 0)
(0.331022 -0.0761893 0)
(0.309322 -0.0431484 0)
(0.299838 -0.00400082 0)
(0.289878 0.030297 0)
(0.299355 0.0578334 0)
(0.325374 0.0651699 0)
(0.364503 0.0521359 0)
(2.76896 -0.988565 0)
(2.44315 -1.12511 0)
(2.01467 -1.15425 0)
(1.58907 -1.06832 0)
(1.25224 -0.916149 0)
(1.01372 -0.760114 0)
(0.833978 -0.619523 0)
(0.685334 -0.48967 0)
(0.565165 -0.373436 0)
(0.474018 -0.277054 0)
(0.406251 -0.201611 0)
(0.357119 -0.144359 0)
(0.320003 -0.102955 0)
(0.29523 -0.0681036 0)
(0.272015 -0.0373021 0)
(0.263851 -0.00097345 0)
(0.255848 0.0297041 0)
(0.273728 0.0529512 0)
(0.298267 0.0569582 0)
(0.339329 0.0469235 0)
(2.33233 -0.687689 0)
(2.10107 -0.802302 0)
(1.79885 -0.840797 0)
(1.49147 -0.795731 0)
(1.22297 -0.703655 0)
(1.00334 -0.600982 0)
(0.822175 -0.499617 0)
(0.669539 -0.40007 0)
(0.5454 -0.307694 0)
(0.450592 -0.229852 0)
(0.380104 -0.168685 0)
(0.328195 -0.122047 0)
(0.288489 -0.0875003 0)
(0.260795 -0.0577198 0)
(0.236808 -0.0303614 0)
(0.230601 0.00163619 0)
(0.225591 0.0273859 0)
(0.251539 0.046059 0)
(0.273377 0.0473567 0)
(0.317842 0.0404778 0)
(1.95256 -0.445208 0)
(1.79216 -0.525186 0)
(1.58227 -0.563822 0)
(1.35007 -0.553098 0)
(1.12412 -0.503602 0)
(0.925997 -0.43463 0)
(0.761862 -0.362381 0)
(0.62627 -0.293226 0)
(0.514324 -0.229345 0)
(0.424728 -0.173977 0)
(0.355097 -0.129282 0)
(0.301779 -0.0946088 0)
(0.260021 -0.0681567 0)
(0.229893 -0.0447488 0)
(0.205886 -0.0224999 0)
(0.20199 0.00323033 0)
(0.200581 0.0228135 0)
(0.233488 0.0367611 0)
(0.252285 0.0361585 0)
(0.301339 0.0322561 0)
(1.66896 -0.250083 0)
(1.55272 -0.297328 0)
(1.40391 -0.324987 0)
(1.23224 -0.325788 0)
(1.05328 -0.302227 0)
(0.88361 -0.264612 0)
(0.733929 -0.223645 0)
(0.606053 -0.183875 0)
(0.497807 -0.145997 0)
(0.408319 -0.111797 0)
(0.336887 -0.0835301 0)
(0.281217 -0.06148 0)
(0.237357 -0.0443784 0)
(0.205315 -0.0289472 0)
(0.181795 -0.0139386 0)
(0.180087 0.00326521 0)
(0.18216 0.0155957 0)
(0.220281 0.0245598 0)
(0.236592 0.0231253 0)
(0.290448 0.0215641 0)
(1.51009 -0.0820824 0)
(1.41533 -0.0976114 0)
(1.29787 -0.107252 0)
(1.15848 -0.108495 0)
(1.00491 -0.101742 0)
(0.850778 -0.0898747 0)
(0.709418 -0.0763461 0)
(0.587149 -0.0630097 0)
(0.483273 -0.0502787 0)
(0.396029 -0.0387083 0)
(0.324815 -0.0290818 0)
(0.268301 -0.0215411 0)
(0.223426 -0.0156017 0)
(0.190438 -0.0101325 0)
(0.167545 -0.0047341 0)
(0.167308 0.00144454 0)
(0.17177 0.00565642 0)
(0.212839 0.00885637 0)
(0.227767 0.00805814 0)
(0.285035 0.00777211 0)
(5.78652 -0.1881 4.75221e-20)
(5.73428 -0.569928 -5.26452e-20)
(5.66497 -0.949054 -4.65591e-19)
(5.54637 -1.33684 -8.36617e-20)
(5.42537 -1.70822 3.26608e-19)
(5.22353 -2.10109 3.44191e-19)
(5.05411 -2.44381 1.00283e-18)
(4.73235 -2.86149 -6.1681e-19)
(4.56067 -3.11932 9.46663e-20)
(4.11031 -3.67507 -1.45069e-19)
(5.20128 -0.242848 -6.90528e-21)
(5.1432 -0.550046 -1.08154e-19)
(5.07588 -0.850456 3.2844e-19)
(4.97496 -1.15529 2.40059e-19)
(4.87816 -1.44378 3.10491e-19)
(4.72824 -1.74695 4.91273e-19)
(4.61392 -2.00663 3.16542e-19)
(4.42038 -2.31522 -9.10069e-20)
(4.34916 -2.50123 -5.28625e-19)
(4.16517 -2.86409 6.28062e-19)
(4.62425 -0.261279 1.99039e-20)
(4.5765 -0.489424 -2.7561e-20)
(4.52452 -0.709018 9.79829e-20)
(4.45915 -0.927292 -6.07565e-21)
(4.40074 -1.13119 -6.77819e-20)
(4.32412 -1.34203 -4.20633e-19)
(4.27198 -1.52187 1.75663e-19)
(4.18394 -1.73912 -1.41812e-19)
(4.14381 -1.87841 7.00436e-19)
(4.04004 -2.15788 4.18239e-19)
(4.06615 -0.233368 4.33001e-20)
(4.03456 -0.396721 2.18964e-20)
(4.00188 -0.55408 -3.82469e-20)
(3.96542 -0.709391 -1.3998e-19)
(3.93149 -0.857715 1.3212e-20)
(3.88889 -1.0111 4.9233e-20)
(3.84916 -1.15149 -1.50421e-19)
(3.78976 -1.31668 2.68177e-20)
(3.74542 -1.43926 -3.07414e-19)
(3.69735 -1.64679 -3.99088e-19)
(3.51855 -0.196326 -2.05568e-20)
(3.4971 -0.313063 3.47016e-21)
(3.47424 -0.427315 1.44543e-20)
(3.44875 -0.540762 7.89519e-20)
(3.42186 -0.652171 -6.45835e-21)
(3.39155 -0.76576 -9.48032e-20)
(3.36205 -0.873775 -1.27797e-20)
(3.33254 -0.991153 1.33833e-19)
(3.31054 -1.08528 1.71164e-20)
(3.3035 -1.22512 1.06132e-19)
(2.98256 -0.16095 -2.63873e-21)
(2.96726 -0.242249 -8.1411e-21)
(2.9512 -0.322432 -8.02346e-21)
(2.93453 -0.401764 3.57781e-20)
(2.91815 -0.479812 2.57962e-20)
(2.90266 -0.557449 6.73936e-20)
(2.88837 -0.63254 1.31517e-19)
(2.87619 -0.710614 -1.78911e-19)
(2.86241 -0.779799 1.46814e-19)
(2.86324 -0.873195 -4.37254e-20)
(2.50025 -0.12376 1.10733e-20)
(2.48995 -0.177465 -2.68114e-21)
(2.47912 -0.230561 -1.68284e-20)
(2.46788 -0.283117 -3.16818e-20)
(2.45638 -0.335185 -1.22089e-19)
(2.44476 -0.387089 2.79781e-20)
(2.43278 -0.438672 -5.47011e-20)
(2.4215 -0.491272 3.52893e-20)
(2.40895 -0.541366 -8.50511e-21)
(2.40716 -0.601286 -4.73522e-20)
(2.10693 -0.0884572 -2.30971e-21)
(2.09893 -0.121935 -1.80313e-20)
(2.08989 -0.155227 7.56533e-21)
(2.0799 -0.18837 -9.20101e-21)
(2.0691 -0.221398 -2.73308e-21)
(2.05768 -0.254345 -1.71422e-20)
(2.04576 -0.287185 -4.85257e-21)
(2.03377 -0.320053 -2.26478e-20)
(2.0211 -0.352309 2.64634e-20)
(2.0128 -0.387577 -1.87985e-20)
(1.82441 -0.0544365 3.68073e-21)
(1.81754 -0.0725902 -7.17391e-21)
(1.80924 -0.090693 1.52155e-20)
(1.7996 -0.108752 -3.78746e-20)
(1.78871 -0.126772 2.83926e-20)
(1.77667 -0.144761 2.51849e-21)
(1.76358 -0.162722 -6.65501e-21)
(1.74959 -0.180668 1.0092e-20)
(1.73469 -0.198544 -6.24556e-21)
(1.72042 -0.217039 1.75935e-21)
(1.67057 -0.0193736 -5.02323e-21)
(1.66405 -0.0250975 5.01645e-21)
(1.65588 -0.030836 5.76879e-21)
(1.64611 -0.036593 -4.61583e-21)
(1.6348 -0.0423691 -2.90319e-20)
(1.62202 -0.0481602 6.03034e-21)
(1.60784 -0.0539575 3.25164e-21)
(1.59234 -0.0597465 1.5883e-20)
(1.5756 -0.0655074 -4.14055e-20)
(1.55793 -0.0712793 -1.22921e-20)
(4.9936 2.91964 5.12393e-19)
(5.09881 2.77357 -2.36192e-19)
(5.12874 2.53488 5.1578e-19)
(5.30063 2.24031 -8.80958e-19)
(5.46835 1.93049 -5.07841e-19)
(5.5841 1.61014 -2.00215e-19)
(5.67167 1.27353 1.80494e-19)
(5.7393 0.920739 5.4085e-19)
(5.78565 0.557742 5.30406e-20)
(5.79952 0.186443 -8.87097e-20)
(4.87575 2.68549 -1.34396e-18)
(4.95347 2.4387 6.34789e-19)
(4.85145 2.17307 1.28016e-19)
(4.92505 1.88155 -3.32513e-19)
(5.06331 1.57694 -6.7679e-19)
(5.15339 1.27602 1.73943e-19)
(5.19945 0.97777 -2.42309e-19)
(5.22591 0.675933 -3.86929e-19)
(5.23965 0.370945 7.6684e-20)
(5.23055 0.0630947 2.94047e-20)
(4.61494 2.17799 -8.03396e-19)
(4.63619 1.91289 -1.02351e-18)
(4.47527 1.66016 3.80966e-20)
(4.47482 1.41687 5.10736e-19)
(4.57746 1.16704 5.83654e-19)
(4.65654 0.919062 -4.02474e-19)
(4.68447 0.678651 1.54562e-19)
(4.68572 0.441846 -9.86503e-20)
(4.67712 0.205906 -4.37354e-20)
(4.65668 -0.0297228 6.94087e-21)
(4.23099 1.60552 7.7521e-19)
(4.21571 1.3784 5.14908e-19)
(4.0462 1.17914 -3.68177e-20)
(4.00169 1.00121 -3.48573e-19)
(4.06305 0.820661 -7.33144e-20)
(4.12536 0.636157 7.51708e-21)
(4.14498 0.454966 1.78206e-19)
(4.1351 0.278538 1.29172e-20)
(4.11572 0.105189 -2.03914e-20)
(4.0927 -0.0660114 -2.70986e-20)
(3.7331 1.11333 -2.89267e-19)
(3.71045 0.942728 9.71173e-20)
(3.57366 0.800382 -2.07072e-19)
(3.51565 0.678772 -6.38094e-20)
(3.54016 0.55628 1.2419e-20)
(3.5786 0.427006 1.00214e-19)
(3.59091 0.296328 -9.04518e-20)
(3.57943 0.168598 4.84782e-20)
(3.55936 0.0443326 -3.42844e-20)
(3.53878 -0.0772787 2.18056e-20)
(3.15579 0.73842 4.02783e-20)
(3.14242 0.620134 -1.5463e-19)
(3.05828 0.522018 1.33083e-19)
(3.01231 0.439436 3.86697e-20)
(3.01499 0.357614 2.40156e-20)
(3.03162 0.270448 -4.32588e-20)
(3.03677 0.180541 2.36389e-20)
(3.028 0.0917765 -8.75756e-20)
(3.01305 0.00556883 3.91491e-20)
(2.99754 -0.0784715 -6.98284e-21)
(2.59126 0.463722 9.67138e-20)
(2.59024 0.388502 5.65121e-20)
(2.55353 0.324183 -4.75937e-20)
(2.53018 0.268862 4.41331e-20)
(2.52759 0.21495 -1.70115e-20)
(2.5325 0.158546 7.11319e-20)
(2.53356 0.100373 7.89008e-21)
(2.52847 0.0424764 -7.19836e-21)
(2.51984 -0.0140925 -1.18975e-20)
(2.51017 -0.0693818 9.29878e-21)
(2.12817 0.266764 -1.11627e-20)
(2.13651 0.224234 1.25061e-20)
(2.12876 0.18606 4.085e-20)
(2.1232 0.151638 -5.11782e-20)
(2.12344 0.118105 7.83761e-20)
(2.12568 0.0838188 -1.622e-20)
(2.12623 0.0488418 -2.1036e-20)
(2.12404 0.0138653 4.09765e-20)
(2.11968 -0.0206741 -1.1059e-20)
(2.11386 -0.0547391 1.09216e-21)
(1.8068 0.132067 2.28197e-20)
(1.8201 0.111493 -2.50417e-20)
(1.82485 0.0921082 -2.01363e-20)
(1.82796 0.0737668 -6.78336e-21)
(1.83146 0.0556943 1.23446e-20)
(1.83453 0.0374393 1.54957e-20)
(1.8361 0.0189868 -4.40546e-20)
(1.83577 0.000496164 2.59286e-20)
(1.83361 -0.0179147 -1.0944e-20)
(1.82979 -0.0362189 -1.48141e-24)
(1.63822 0.0385235 -1.36142e-20)
(1.65352 0.0323764 -2.47962e-20)
(1.66216 0.0264384 -6.28789e-20)
(1.66812 0.0206875 -4.33468e-21)
(1.67312 0.0149884 4.70979e-20)
(1.67702 0.00927022 -1.83883e-20)
(1.67932 0.00353087 3.23051e-21)
(1.67982 -0.00220952 5.44737e-21)
(1.67849 -0.00793853 4.22635e-21)
(1.6754 -0.0136571 -5.02556e-21)
(1.00284 0.122909 0)
(1.03564 0.378499 0)
(1.10575 0.64718 0)
(1.21838 0.944029 0)
(1.39027 1.27258 0)
(1.62054 1.64196 0)
(1.93261 2.028 0)
(2.31551 2.42297 0)
(2.90884 2.78072 0)
(3.85393 3.27774 0)
(1.00343 0.114428 0)
(1.03896 0.353147 0)
(1.11249 0.602556 0)
(1.2273 0.879027 0)
(1.40487 1.18084 0)
(1.64378 1.53051 0)
(1.98468 1.88484 0)
(2.38535 2.29249 0)
(3.03972 2.50774 0)
(3.77327 3.06776 0)
(1.00373 0.104119 0)
(1.04001 0.322173 0)
(1.11632 0.545487 0)
(1.23096 0.796071 0)
(1.41308 1.05325 0)
(1.64686 1.3731 0)
(2.01828 1.6391 0)
(2.38727 2.06718 0)
(3.11839 2.04659 0)
(3.65201 2.56163 0)
(1.00416 0.0921019 0)
(1.03879 0.287486 0)
(1.11706 0.47891 0)
(1.22359 0.704848 0)
(1.41337 0.899727 0)
(1.61236 1.2036 0)
(2.01327 1.31355 0)
(2.30495 1.79011 0)
(3.03777 1.54964 0)
(3.49152 1.97921 0)
(1.0046 0.0785808 0)
(1.03569 0.249864 0)
(1.11488 0.402094 0)
(1.20551 0.610742 0)
(1.39764 0.720977 0)
(1.55793 1.04003 0)
(1.92506 0.970294 0)
(2.19073 1.46627 0)
(2.75051 1.13828 0)
(3.23905 1.43874 0)
(1.00407 0.0638712 0)
(1.03263 0.210122 0)
(1.10414 0.3172 0)
(1.18894 0.513039 0)
(1.34545 0.536631 0)
(1.51323 0.857751 0)
(1.75358 0.69635 0)
(2.05866 1.10544 0)
(2.37061 0.823349 0)
(2.87257 0.99317 0)
(1.00202 0.0484592 0)
(1.03071 0.166881 0)
(1.0834 0.234538 0)
(1.17475 0.401155 0)
(1.27229 0.384513 0)
(1.45738 0.636495 0)
(1.58075 0.505252 0)
(1.88137 0.751214 0)
(2.02981 0.568487 0)
(2.44765 0.638914 0)
(1.00022 0.0334558 0)
(1.02697 0.118594 0)
(1.06383 0.16259 0)
(1.14895 0.275396 0)
(1.21365 0.267394 0)
(1.36948 0.408363 0)
(1.451 0.348292 0)
(1.67455 0.453286 0)
(1.76626 0.357307 0)
(2.04867 0.369727 0)
(1.00007 0.0196961 0)
(1.02116 0.0691595 0)
(1.05201 0.0978389 0)
(1.11639 0.155098 0)
(1.17441 0.161539 0)
(1.28053 0.218177 0)
(1.35709 0.20259 0)
(1.49768 0.233694 0)
(1.57944 0.191016 0)
(1.74775 0.182229 0)
(1.00055 0.00658061 0)
(1.01704 0.0225091 0)
(1.04594 0.033076 0)
(1.09475 0.049542 0)
(1.15076 0.054369 0)
(1.2271 0.0679613 0)
(1.30102 0.0661381 0)
(1.3961 0.0713923 0)
(1.47517 0.0592721 0)
(1.58344 0.0532759 0)
(1.00123 0.148093 -9.45096e-22)
(1.01952 0.446934 1.51674e-21)
(1.05483 0.761911 -1.97137e-21)
(1.10445 1.10144 2.1651e-21)
(1.16301 1.4678 1.64997e-22)
(1.22178 1.86222 5.78124e-22)
(1.27282 2.276 -1.07668e-22)
(1.2963 2.73937 2.80275e-21)
(1.3514 3.30559 -8.81122e-21)
(1.27133 3.99042 5.22789e-21)
(1.00095 0.145599 2.01169e-21)
(1.02062 0.439831 -5.38347e-21)
(1.06035 0.750377 1.01296e-21)
(1.11803 1.08653 -9.10275e-21)
(1.18989 1.45062 2.70711e-21)
(1.26751 1.84519 -1.82088e-21)
(1.34701 2.25985 5.90399e-21)
(1.40667 2.72145 -4.46158e-21)
(1.51897 3.28846 1.91482e-20)
(1.54431 3.98434 -8.31358e-20)
(1.00072 0.143121 -2.54969e-21)
(1.02171 0.432884 1.49996e-20)
(1.06564 0.738957 -6.81359e-21)
(1.13099 1.07152 -1.16357e-21)
(1.21575 1.43291 -3.40563e-21)
(1.31181 1.82673 -2.47494e-21)
(1.41918 2.24122 -7.63392e-21)
(1.51522 2.69902 -3.29259e-20)
(1.68444 3.26173 1.11672e-19)
(1.81897 3.9605 -5.14321e-20)
(1.00057 0.140673 8.34971e-21)
(1.02284 0.42613 -1.53081e-20)
(1.07078 0.727741 8.72187e-21)
(1.14345 1.05655 1.26809e-20)
(1.24074 1.41491 -2.7019e-21)
(1.35485 1.80715 2.54237e-21)
(1.48947 2.22041 9.69114e-21)
(1.62211 2.67243 3.23054e-20)
(1.84809 3.22523 2.83619e-21)
(2.09896 3.90584 -6.53628e-20)
(1.00051 0.138267 -2.15436e-21)
(1.02406 0.419595 1.48773e-21)
(1.07584 0.716805 -2.60241e-21)
(1.15554 1.04176 -3.87811e-21)
(1.26499 1.39684 -3.89744e-21)
(1.39682 1.78681 5.05699e-21)
(1.55806 2.19781 -2.84973e-21)
(1.72728 2.64227 8.43008e-21)
(2.00911 3.18259 3.28617e-20)
(2.37544 3.8419 -8.94725e-20)
(1.00055 0.135911 -9.37547e-23)
(1.02539 0.413289 5.69741e-21)
(1.08088 0.7062 4.83296e-22)
(1.16738 1.02727 -1.82374e-22)
(1.28865 1.37889 1.12126e-22)
(1.43794 1.76602 -6.60395e-21)
(1.6252 2.17376 1.70343e-20)
(1.83156 2.60802 -3.68664e-21)
(2.16924 3.12814 -4.487e-20)
(2.66429 3.72584 4.37509e-19)
(1.00071 0.133616 -8.59118e-21)
(1.02687 0.407216 -2.80003e-21)
(1.08595 0.695948 -4.65436e-21)
(1.17907 1.01315 -1.39509e-21)
(1.31189 1.36123 9.5512e-22)
(1.47843 1.74509 -4.1809e-21)
(1.69098 2.14881 7.53445e-21)
(1.93373 2.57196 1.08048e-20)
(2.32378 3.07575 2.42762e-19)
(2.93235 3.63049 -6.72296e-19)
(1.00099 0.131406 6.12677e-21)
(1.02852 0.401434 5.41672e-21)
(1.09105 0.686128 3.57102e-21)
(1.19068 0.999485 2.34905e-21)
(1.33486 1.34397 -4.33534e-21)
(1.51853 1.72427 1.22637e-20)
(1.75632 2.12259 4.82455e-21)
(2.03841 2.5298 -1.60823e-19)
(2.48522 2.99764 -1.58244e-20)
(3.24658 3.42828 -2.81275e-19)
(1.00139 0.129316 -1.82493e-21)
(1.03035 0.396102 3.76101e-21)
(1.09613 0.677071 2.10688e-21)
(1.20209 0.98671 -1.75886e-21)
(1.35771 1.32756 -6.1133e-21)
(1.55821 1.70427 1.30336e-20)
(1.81869 2.09788 -7.54145e-20)
(2.13281 2.49674 1.04067e-19)
(2.62252 2.94818 5.88402e-20)
(3.46655 3.36674 -1.95466e-19)
(1.00194 0.127166 2.43048e-21)
(1.03244 0.390701 -9.40753e-22)
(1.10092 0.668274 -1.31687e-21)
(1.21243 0.974733 -1.37378e-21)
(1.37996 1.31278 5.34972e-21)
(1.60111 1.68647 -1.11085e-20)
(1.89346 2.07104 -4.4131e-20)
(2.25803 2.44956 2.09953e-19)
(2.82494 2.82697 5.7257e-20)
(3.88831 3.05997 -4.25249e-19)
(1.00106 0.169759 -1.8435e-21)
(0.994306 0.511929 -8.11593e-22)
(0.969102 0.857734 -7.47502e-21)
(0.917453 1.20903 3.5619e-20)
(0.824816 1.55956 -5.33349e-22)
(0.67156 1.90531 -3.44897e-20)
(0.453179 2.24773 -3.92639e-20)
(0.144714 2.57554 6.11124e-20)
(-0.383852 2.88164 -6.3494e-20)
(-1.11765 3.12228 1.23942e-19)
(1.00181 0.168433 -3.32359e-21)
(0.99912 0.508053 -7.59445e-21)
(0.981057 0.85329 -1.30229e-20)
(0.940893 1.20744 2.58053e-20)
(0.86543 1.56563 -3.51532e-20)
(0.734733 1.92408 4.29615e-20)
(0.540643 2.28807 -5.8744e-20)
(0.269995 2.64871 4.36006e-20)
(-0.198579 2.9971 -1.47449e-20)
(-0.92831 3.28352 2.65263e-20)
(1.00227 0.166591 1.51076e-20)
(1.00325 0.50229 3.49498e-20)
(0.992311 0.845347 -2.17278e-20)
(0.963432 1.19966 5.74468e-21)
(0.904619 1.56112 2.56051e-21)
(0.796515 1.9241 5.38781e-20)
(0.626557 2.29406 1.89429e-20)
(0.389624 2.66667 -1.42707e-20)
(-0.0196457 3.02978 2.57098e-20)
(-0.721457 3.35101 6.20356e-20)
(1.0025 0.16459 -2.04834e-20)
(1.00667 0.496061 -3.37087e-20)
(1.00261 0.83641 -1.16147e-20)
(0.984623 1.1899 3.87059e-21)
(0.941593 1.55338 3.01159e-20)
(0.855314 1.91978 -4.47269e-20)
(0.709233 2.29402 -9.37234e-21)
(0.502623 2.68032 6.93801e-22)
(0.152843 3.07242 -6.05872e-20)
(-0.498487 3.45676 2.38002e-19)
(1.00257 0.162472 7.62742e-21)
(1.00952 0.489597 -6.55695e-21)
(1.01204 0.827107 3.37654e-20)
(1.00463 1.17963 -1.9569e-21)
(0.976816 1.54529 2.17148e-20)
(0.91201 1.91693 -5.96246e-20)
(0.790988 2.29913 3.61905e-20)
(0.614553 2.70607 -7.4068e-21)
(0.325399 3.13916 9.93283e-21)
(-0.264453 3.58457 -1.73864e-19)
(1.00252 0.16024 -6.93765e-21)
(1.01192 0.48285 -1.41438e-21)
(1.02071 0.817307 -7.56461e-21)
(1.02365 1.16868 -2.63479e-20)
(1.0108 1.53644 2.11562e-20)
(0.967487 1.91434 1.03091e-20)
(0.8734 2.30601 -1.08086e-20)
(0.728086 2.73366 1.08441e-21)
(0.498512 3.20454 -1.07074e-20)
(-0.0230907 3.69936 5.29124e-20)
(1.00237 0.157914 6.90158e-21)
(1.01394 0.475848 -1.36909e-20)
(1.02868 0.806943 3.00756e-21)
(1.04172 1.15678 8.05232e-21)
(1.04369 1.52597 3.13762e-20)
(1.02178 1.90956 -1.10126e-21)
(0.956083 2.30918 6.4719e-22)
(0.842613 2.75237 -1.38171e-20)
(0.670672 3.25332 -2.0893e-20)
(0.224598 3.79352 1.88356e-22)
(1.00214 0.155517 -4.67949e-21)
(1.01564 0.468675 1.53476e-20)
(1.03601 0.796095 2.39696e-21)
(1.05882 1.14394 -1.6081e-20)
(1.07539 1.51361 -3.16107e-21)
(1.07451 1.90162 -8.14906e-21)
(1.03794 2.30684 -5.25689e-22)
(0.957096 2.76015 7.90119e-21)
(0.841712 3.28553 -5.80509e-20)
(0.478585 3.8702 5.73165e-20)
(1.00185 0.153069 1.58116e-21)
(1.0171 0.461417 -7.058e-21)
(1.04275 0.784889 2.73922e-21)
(1.07493 1.13031 -2.40479e-21)
(1.10584 1.49958 -1.84461e-20)
(1.12541 1.89077 4.90783e-21)
(1.1182 2.29989 -1.60058e-22)
(1.07108 2.75941 6.62161e-21)
(1.01217 3.30448 -1.6352e-20)
(0.738169 3.93066 7.22606e-20)
(1.00154 0.150589 -1.56594e-21)
(1.01837 0.454148 7.47115e-22)
(1.04899 0.773453 -3.53232e-22)
(1.09012 1.11608 1.98055e-21)
(1.13502 1.4842 1.65061e-21)
(1.17446 1.8775 -7.02983e-22)
(1.19653 2.28942 1.30206e-22)
(1.1843 2.7522 -3.88368e-21)
(1.18224 3.31119 8.16911e-21)
(1.00286 3.97114 -1.44211e-20)
(0.997592 0.0154228 0)
(0.965437 0.0449285 0)
(0.904361 0.0712527 0)
(0.814966 0.0927566 0)
(0.702573 0.108035 0)
(0.575759 0.115927 0)
(0.444482 0.115652 0)
(0.31915 0.10701 0)
(0.210671 0.0897807 0)
(0.129872 0.0617508 0)
(0.997394 0.0449407 0)
(0.962498 0.131131 0)
(0.895982 0.208665 0)
(0.798121 0.272974 0)
(0.673583 0.320039 0)
(0.530053 0.346663 0)
(0.376801 0.350057 0)
(0.224547 0.327636 0)
(0.0830259 0.278401 0)
(-0.0393488 0.196402 0)
(0.997177 0.0719952 0)
(0.959296 0.210555 0)
(0.886586 0.336669 0)
(0.778535 0.443482 0)
(0.638966 0.524596 0)
(0.474758 0.574228 0)
(0.294768 0.589164 0)
(0.105447 0.569204 0)
(-0.0957713 0.507109 0)
(-0.291891 0.386276 0)
(0.997096 0.096453 0)
(0.957794 0.282905 0)
(0.881274 0.454926 0)
(0.765361 0.604215 0)
(0.611551 0.72284 0)
(0.423265 0.80443 0)
(0.203973 0.843699 0)
(-0.041457 0.8344 0)
(-0.308074 0.768548 0)
(-0.564707 0.627263 0)
(0.997211 0.117613 0)
(0.958809 0.346186 0)
(0.882448 0.560189 0)
(0.764115 0.750769 0)
(0.60349 0.908314 0)
(0.403784 1.02369 0)
(0.169676 1.09357 0)
(-0.106699 1.1198 0)
(-0.450689 1.07849 0)
(-0.794496 0.914625 0)
(0.997516 0.134939 0)
(0.962229 0.398795 0)
(0.890003 0.64959 0)
(0.774542 0.878661 0)
(0.612113 1.07663 0)
(0.401642 1.23428 0)
(0.139031 1.34646 0)
(-0.19717 1.40672 0)
(-0.611206 1.38138 0)
(-0.990157 1.21366 0)
(0.997962 0.148325 0)
(0.96742 0.440276 0)
(0.90249 0.722091 0)
(0.795173 0.985482 0)
(0.6387 1.21984 0)
(0.431847 1.41425 0)
(0.175694 1.5651 0)
(-0.159532 1.67931 0)
(-0.623374 1.71742 0)
(-1.11306 1.55301 0)
(0.998494 0.158101 0)
(0.973678 0.471333 0)
(0.917993 0.77805 0)
(0.822149 1.07251 0)
(0.675281 1.34558 0)
(0.469735 1.58584 0)
(0.202997 1.78432 0)
(-0.171528 1.93946 0)
(-0.715116 2.00971 0)
(-1.25587 1.88478 0)
(0.999081 0.165037 0)
(0.980362 0.494346 0)
(0.935179 0.819649 0)
(0.853732 1.13611 0)
(0.723947 1.4353 0)
(0.535768 1.70921 0)
(0.292602 1.95048 0)
(-0.0444179 2.16633 0)
(-0.586869 2.33902 0)
(-1.21883 2.30061 0)
(0.999883 0.169825 0)
(0.987291 0.512213 0)
(0.952302 0.856785 0)
(0.884531 1.20134 0)
(0.768087 1.53617 0)
(0.585643 1.85359 0)
(0.336023 2.14643 0)
(-0.022738 2.40021 0)
(-0.616616 2.59515 0)
(-1.3695 2.65883 0)
(0.10354 0.0359251 -3.91042e-20)
(0.0954368 0.0253142 -1.18856e-19)
(0.0900017 0.0145174 -2.10059e-19)
(0.0874733 0.00356715 9.8194e-21)
(0.0880197 -0.00751086 1.03796e-19)
(0.0917612 -0.0186796 -7.94604e-20)
(0.0987887 -0.0298995 -1.20067e-20)
(0.109154 -0.0411311 1.5511e-20)
(0.122873 -0.0523361 1.32162e-20)
(0.139918 -0.0634772 -1.32732e-20)
(-0.0782146 0.124627 7.19187e-21)
(-0.089182 0.0951247 -1.57334e-20)
(-0.0973537 0.0647459 1.90891e-21)
(-0.103204 0.0336716 -1.85101e-20)
(-0.106483 0.00203173 7.70496e-20)
(-0.106944 -0.0300485 4.98994e-20)
(-0.104464 -0.0624515 -9.58348e-20)
(-0.098983 -0.0950658 3.9168e-20)
(-0.0904865 -0.127785 -1.83582e-20)
(-0.0790066 -0.160505 8.77256e-21)
(-0.352167 0.281679 -4.18579e-20)
(-0.370318 0.235235 6.22059e-20)
(-0.385243 0.185792 -2.41723e-20)
(-0.398049 0.134313 -1.8929e-20)
(-0.40867 0.0813446 -2.92192e-20)
(-0.416815 0.0272324 1.99709e-20)
(-0.422313 -0.0277757 -2.0798e-20)
(-0.425069 -0.083478 2.26939e-20)
(-0.425037 -0.13969 -3.94527e-20)
(-0.422223 -0.196227 -5.35496e-21)
(-0.63912 0.49626 -6.77993e-20)
(-0.666874 0.430014 -1.01157e-20)
(-0.689849 0.358858 1.56544e-19)
(-0.710119 0.284817 7.84279e-21)
(-0.728299 0.208655 6.62285e-20)
(-0.744124 0.130731 -1.27123e-19)
(-0.757392 0.0512783 -5.28922e-20)
(-0.767983 -0.0294922 -1.70502e-20)
(-0.775824 -0.111364 -5.21444e-21)
(-0.780885 -0.194105 1.86693e-20)
(-0.877545 0.749322 -1.04386e-20)
(-0.919418 0.657616 1.75537e-19)
(-0.952627 0.56217 -2.23763e-19)
(-0.982574 0.463928 -5.40509e-20)
(-1.01021 0.363241 9.74487e-20)
(-1.03515 0.260319 7.5377e-20)
(-1.05716 0.155351 5.32985e-20)
(-1.07615 0.0485337 -4.97075e-21)
(-1.09207 -0.059924 -6.18783e-21)
(-1.1049 -0.169803 -4.61341e-21)
(-1.07304 1.0222 1.30603e-19)
(-1.13401 0.903537 -2.7354e-20)
(-1.1786 0.784228 1.71514e-19)
(-1.2202 0.661559 8.34409e-20)
(-1.25867 0.535744 -7.18745e-20)
(-1.29357 0.406998 -2.45756e-21)
(-1.32474 0.275548 5.88017e-20)
(-1.35209 0.141631 1.42846e-20)
(-1.37563 0.00549689 7.30002e-21)
(-1.39534 -0.132591 -1.4594e-20)
(-1.2168 1.32794 -1.66127e-19)
(-1.30915 1.17696 -1.46471e-19)
(-1.37163 1.0313 6.96543e-21)
(-1.43192 0.88114 1.09166e-19)
(-1.48646 0.727058 3.82607e-20)
(-1.53568 0.569145 3.41555e-20)
(-1.57943 0.407759 -7.65623e-20)
(-1.61763 0.243288 -1.33629e-20)
(-1.65022 0.0761498 9.93113e-21)
(-1.67715 -0.0932808 2.24067e-20)
(-1.32991 1.66508 1.82472e-19)
(-1.46286 1.48044 1.80272e-19)
(-1.54492 1.30629 -5.66082e-20)
(-1.62993 1.12469 -1.58376e-19)
(-1.70544 0.938546 -8.00481e-20)
(-1.77357 0.747834 5.90137e-20)
(-1.83345 0.553106 2.26017e-20)
(-1.88525 0.35464 2.83946e-20)
(-1.92906 0.152728 -1.24013e-20)
(-1.96503 -0.0524601 1.47016e-21)
(-1.3839 2.03842 1.14844e-20)
(-1.5824 1.8113 -9.86546e-20)
(-1.69213 1.60543 -2.07573e-20)
(-1.8079 1.3901 1.34165e-20)
(-1.90536 1.17039 1.06061e-19)
(-1.99332 0.944851 -2.26203e-20)
(-2.07032 0.713877 4.12515e-20)
(-2.13765 0.477278 1.12587e-20)
(-2.19543 0.23514 -1.11308e-20)
(-2.2439 -0.0124492 -3.25183e-21)
(-1.37931 2.51263 6.2537e-20)
(-1.67415 2.20834 1.56249e-20)
(-1.80655 1.95019 -3.8721e-20)
(-1.95754 1.68722 3.8344e-20)
(-2.07974 1.42229 1.5049e-20)
(-2.19169 1.15237 2.80671e-21)
(-2.28903 0.877186 -4.7011e-21)
(-2.37447 0.595963 -2.92336e-20)
(-2.44761 0.308528 2.22765e-23)
(-2.5086 0.014921 2.2888e-21)
(0.160221 -0.0745181 -1.31048e-20)
(0.183675 -0.0854235 1.10657e-20)
(0.210134 -0.0961587 1.41181e-20)
(0.239421 -0.106691 7.93304e-21)
(0.271329 -0.116993 -2.49041e-20)
(0.305627 -0.127044 1.0419e-19)
(0.342072 -0.136845 -1.07315e-20)
(0.38041 -0.14643 8.80715e-20)
(0.420468 -0.155941 -6.50592e-20)
(0.462266 -0.16575 -3.21954e-20)
(-0.0646269 -0.193122 3.0841e-22)
(-0.0474782 -0.22553 -2.61037e-20)
(-0.0277395 -0.257628 6.17758e-20)
(-0.00563031 -0.289319 -1.06836e-19)
(0.0185935 -0.320523 -9.96297e-20)
(0.0446586 -0.351167 4.99505e-20)
(0.0722545 -0.38119 -1.49421e-20)
(0.100933 -0.410621 -2.36221e-20)
(0.130077 -0.439832 -6.15439e-20)
(0.159644 -0.469644 4.66988e-20)
(-0.416687 -0.252894 2.71831e-21)
(-0.408542 -0.309481 -2.30826e-20)
(-0.397967 -0.36577 7.91856e-20)
(-0.385175 -0.421551 -4.33118e-20)
(-0.370343 -0.476601 -5.8813e-20)
(-0.353578 -0.530601 1.5081e-19)
(-0.335295 -0.583123 -9.57972e-20)
(-0.317059 -0.63404 5.28244e-20)
(-0.30096 -0.684281 2.57636e-20)
(-0.283318 -0.735163 -2.89066e-20)
(-0.783187 -0.277462 1.61194e-20)
(-0.782816 -0.361155 -1.93177e-20)
(-0.779979 -0.444909 -2.53714e-20)
(-0.774833 -0.52848 8.6942e-21)
(-0.767135 -0.611575 2.34997e-20)
(-0.756354 -0.693579 -4.33888e-20)
(-0.743658 -0.773574 1.71958e-19)
(-0.734501 -0.851552 -1.53899e-19)
(-0.733247 -0.930105 7.31473e-20)
(-0.721657 -1.01169 8.24287e-20)
(-1.11466 -0.280856 -7.24853e-21)
(-1.12148 -0.392781 4.26759e-20)
(-1.12571 -0.505283 -1.08226e-19)
(-1.12745 -0.618138 2.04289e-20)
(-1.12555 -0.731069 -9.06911e-20)
(-1.11807 -0.843205 1.91675e-20)
(-1.10781 -0.952981 -1.5856e-19)
(-1.10827 -1.06039 1.1047e-19)
(-1.12766 -1.17028 -1.07301e-19)
(-1.11982 -1.28714 -4.2368e-20)
(-1.41116 -0.272336 1.51283e-20)
(-1.42319 -0.413369 -3.12751e-20)
(-1.43198 -0.555331 3.48769e-20)
(-1.4378 -0.698028 -5.45627e-20)
(-1.43847 -0.841414 6.36803e-20)
(-1.4298 -0.984848 -5.51491e-21)
(-1.41578 -1.12644 6.88196e-20)
(-1.4212 -1.26573 -1.6513e-19)
(-1.46304 -1.40936 9.4677e-20)
(-1.4593 -1.56453 -1.47834e-19)
(-1.69823 -0.264668 -1.36165e-20)
(-1.71344 -0.43763 -8.02178e-21)
(-1.72356 -0.611786 -1.77559e-21)
(-1.72943 -0.786962 7.34616e-20)
(-1.72877 -0.963433 -2.69996e-20)
(-1.71507 -1.14137 -3.91238e-20)
(-1.69108 -1.31932 5.64415e-20)
(-1.69147 -1.49569 5.27053e-21)
(-1.74796 -1.67653 7.83076e-20)
(-1.74667 -1.87006 2.87998e-20)
(-1.99292 -0.260778 5.82122e-21)
(-2.01244 -0.471952 -6.17578e-21)
(-2.02417 -0.685557 -2.03953e-20)
(-2.02928 -0.901117 5.64119e-21)
(-2.02637 -1.11854 -1.6584e-20)
(-2.00796 -1.33837 3.23255e-20)
(-1.97235 -1.55988 -1.99379e-20)
(-1.95619 -1.77945 1.85717e-20)
(-2.00626 -1.9978 1.42757e-20)
(-1.99337 -2.22034 -4.86586e-20)
(-2.28246 -0.265202 5.38628e-21)
(-2.31021 -0.522579 4.26845e-21)
(-2.32701 -0.783714 5.90216e-21)
(-2.33359 -1.04724 -1.85657e-20)
(-2.32973 -1.31147 -2.12449e-20)
(-2.30948 -1.57553 -3.26769e-20)
(-2.2657 -1.83907 3.8638e-20)
(-2.22442 -2.09705 -2.36603e-20)
(-2.24176 -2.33939 -3.82031e-20)
(-2.20032 -2.56479 1.9765e-19)
(-2.55649 -0.284393 -3.0982e-21)
(-2.59013 -0.588694 6.45757e-21)
(-2.60875 -0.896728 2.67984e-21)
(-2.61201 -1.20629 2.25013e-21)
(-2.59999 -1.514 -3.533e-20)
(-2.57073 -1.81605 -6.02683e-20)
(-2.5169 -2.11016 -2.82203e-19)
(-2.44318 -2.39282 1.61529e-19)
(-2.39778 -2.64501 -3.94095e-20)
(-2.33457 -2.83568 -3.91368e-19)
(0.567487 -0.192326 0)
(0.785535 -0.17554 0)
(0.986314 -0.167259 0)
(1.18945 -0.164374 0)
(1.40157 -0.157362 0)
(1.62527 -0.144756 0)
(1.8356 -0.127582 0)
(2.03478 -0.107972 0)
(2.20297 -0.0880632 0)
(2.34475 -0.0681036 0)
(2.45581 -0.0516132 0)
(2.5321 -0.0361722 0)
(2.5929 -0.0252234 0)
(2.613 -0.0154084 0)
(2.6426 -0.00817556 0)
(2.61897 -0.00312566 0)
(2.6336 0.00298824 0)
(2.57161 0.00506438 0)
(2.57612 0.00960946 0)
(2.47521 0.0109545 0)
(0.235871 -0.545456 0)
(0.494574 -0.442779 0)
(0.670506 -0.443209 0)
(0.878951 -0.451472 0)
(1.11421 -0.437664 0)
(1.35362 -0.40232 0)
(1.57331 -0.351756 0)
(1.77752 -0.293628 0)
(1.94277 -0.233856 0)
(2.08765 -0.176783 0)
(2.19172 -0.129094 0)
(2.27345 -0.0867238 0)
(2.32967 -0.057205 0)
(2.35822 -0.0308765 0)
(2.38852 -0.0134357 0)
(2.37522 -8.88619e-05 0)
(2.39509 0.0144914 0)
(2.34558 0.0187506 0)
(2.35549 0.0309617 0)
(2.27133 0.0318154 0)
(-0.211317 -0.856578 0)
(0.143811 -0.643869 0)
(0.325708 -0.746114 0)
(0.587109 -0.763501 0)
(0.859011 -0.72578 0)
(1.11182 -0.653515 0)
(1.33622 -0.560529 0)
(1.53307 -0.458363 0)
(1.68902 -0.357672 0)
(1.82408 -0.266582 0)
(1.91369 -0.190442 0)
(1.99322 -0.127284 0)
(2.03667 -0.0822895 0)
(2.07178 -0.0440107 0)
(2.09514 -0.0199929 0)
(2.0924 0.000898766 0)
(2.11302 0.0195644 0)
(2.07469 0.0271183 0)
(2.08836 0.0450814 0)
(2.01864 0.0449809 0)
(-0.600494 -1.20343 0)
(-0.163991 -0.920079 0)
(0.087163 -1.09436 0)
(0.392696 -1.06555 0)
(0.680592 -0.982469 0)
(0.936951 -0.865521 0)
(1.15799 -0.728251 0)
(1.34199 -0.585199 0)
(1.48614 -0.450462 0)
(1.60362 -0.33209 0)
(1.68032 -0.234896 0)
(1.75047 -0.15727 0)
(1.78238 -0.101089 0)
(1.82041 -0.0555809 0)
(1.83382 -0.0267047 0)
(1.84207 -0.000633394 0)
(1.85765 0.0204146 0)
(1.82925 0.0319384 0)
(1.84386 0.0539568 0)
(1.78237 0.0538902 0)
(-0.906436 -1.56172 0)
(-0.449097 -1.2403 0)
(-0.0932639 -1.40117 0)
(0.241703 -1.33058 0)
(0.545443 -1.20643 0)
(0.806514 -1.04543 0)
(1.02275 -0.865669 0)
(1.19443 -0.686229 0)
(1.32476 -0.522266 0)
(1.42446 -0.381545 0)
(1.49048 -0.268411 0)
(1.54851 -0.179619 0)
(1.57384 -0.115688 0)
(1.61048 -0.0649943 0)
(1.61723 -0.0327106 0)
(1.63469 -0.0032171 0)
(1.64267 0.020281 0)
(1.62508 0.0347739 0)
(1.63684 0.0607016 0)
(1.57985 0.0609353 0)
(-1.12634 -1.93241 0)
(-0.670842 -1.61398 0)
(-0.227351 -1.70152 0)
(0.142911 -1.58984 0)
(0.462439 -1.41344 0)
(0.723293 -1.20153 0)
(0.929706 -0.978433 0)
(1.08617 -0.765204 0)
(1.2001 -0.575983 0)
(1.28323 -0.417637 0)
(1.33862 -0.292498 0)
(1.38487 -0.195576 0)
(1.40634 -0.126617 0)
(1.43859 -0.072091 0)
(1.44306 -0.0380288 0)
(1.46547 -0.00573992 0)
(1.46703 0.0198942 0)
(1.45992 0.0363463 0)
(1.46497 0.0667253 0)
(1.41192 0.0667292 0)
(-1.2884 -2.3262 0)
(-0.800938 -2.03784 0)
(-0.308935 -2.00662 0)
(0.0945615 -1.83546 0)
(0.423316 -1.59704 0)
(0.676695 -1.33187 0)
(0.868111 -1.06763 0)
(1.00701 -0.824666 0)
(1.104 -0.614804 0)
(1.17229 -0.443056 0)
(1.2174 -0.309099 0)
(1.25382 -0.20669 0)
(1.27235 -0.134534 0)
(1.29946 -0.077408 0)
(1.30433 -0.0426407 0)
(1.32765 -0.00784522 0)
(1.32574 0.0192389 0)
(1.32655 0.0373758 0)
(1.32277 0.0723475 0)
(1.27489 0.0713595 0)
(-1.42383 -2.72798 0)
(-0.84564 -2.48295 0)
(-0.326473 -2.31244 0)
(0.094878 -2.06168 0)
(0.421774 -1.75711 0)
(0.659293 -1.44033 0)
(0.830735 -1.13872 0)
(0.950187 -0.87013 0)
(1.03034 -0.643413 0)
(1.08519 -0.461233 0)
(1.12074 -0.320694 0)
(1.14927 -0.214573 0)
(1.16501 -0.140296 0)
(1.18748 -0.0815355 0)
(1.19367 -0.0465378 0)
(1.21541 -0.00958752 0)
(1.21264 0.0183766 0)
(1.21789 0.038352 0)
(1.2053 0.0774526 0)
(1.16405 0.07488 0)
(-1.54566 -3.07189 0)
(-0.829696 -2.87587 0)
(-0.284761 -2.57659 0)
(0.134271 -2.24444 0)
(0.446592 -1.88278 0)
(0.661568 -1.52401 0)
(0.810174 -1.193 0)
(0.909734 -0.904589 0)
(0.973885 -0.665048 0)
(1.01665 -0.47497 0)
(1.04363 -0.3295 0)
(1.06578 -0.2207 0)
(1.07874 -0.144855 0)
(1.09744 -0.0850267 0)
(1.10484 -0.0498711 0)
(1.12395 -0.0111504 0)
(1.12187 0.0174129 0)
(1.12844 0.0394365 0)
(1.10851 0.0818524 0)
(1.07477 0.0774082 0)
(-1.64799 -3.25771 0)
(-0.783719 -3.13599 0)
(-0.206758 -2.74768 0)
(0.194409 -2.35836 0)
(0.483793 -1.96222 0)
(0.673906 -1.57691 0)
(0.799756 -1.22779 0)
(0.880641 -0.927073 0)
(0.930364 -0.679545 0)
(0.962527 -0.484502 0)
(0.982041 -0.335912 0)
(0.998923 -0.22539 0)
(1.00919 -0.14848 0)
(1.02487 -0.087972 0)
(1.03302 -0.0525983 0)
(1.0493 -0.0124517 0)
(1.04849 0.0166725 0)
(1.05425 0.0408019 0)
(1.02898 0.0856014 0)
(1.00289 0.0791696 0)
(-1.68099 -3.25832 -3.52041e-20)
(-0.745333 -3.21781 -6.24273e-20)
(-0.139974 -2.80541 2.31994e-20)
(0.241696 -2.39146 -5.38276e-21)
(0.51245 -1.98696 2.41057e-20)
(0.684948 -1.59123 3.19145e-20)
(0.79472 -1.23558 -4.13303e-21)
(0.862754 -0.930555 -8.29434e-21)
(0.902597 -0.680622 -8.01517e-22)
(0.927475 -0.484601 6.46345e-21)
(0.941807 -0.335846 -2.46889e-21)
(0.955044 -0.225639 -9.04311e-22)
(0.963175 -0.149039 6.97654e-23)
(0.976784 -0.0888187 3.2593e-22)
(0.985023 -0.0535556 -3.19539e-22)
(0.999001 -0.0126082 1.38928e-21)
(0.999103 0.0168886 -9.91997e-22)
(1.00301 0.0425966 1.64658e-22)
(0.974703 0.0885286 3.47103e-22)
(0.954382 0.0802222 -5.67836e-23)
(-1.36781 -3.45888 -3.05114e-21)
(-0.520381 -3.27689 -6.49742e-20)
(0.0231582 -2.81322 3.68863e-20)
(0.340906 -2.36173 -8.02174e-21)
(0.5702 -1.95025 -1.01833e-21)
(0.712703 -1.55301 5.59384e-21)
(0.801005 -1.20214 -7.9875e-21)
(0.854526 -0.904323 -9.56869e-21)
(0.884648 -0.661593 9.46742e-21)
(0.903158 -0.471697 -1.92307e-21)
(0.913369 -0.327668 -2.40697e-21)
(0.923978 -0.220907 1.20419e-22)
(0.930633 -0.146555 7.67089e-22)
(0.943 -0.0878444 -1.69244e-22)
(0.951385 -0.053326 -5.49657e-23)
(0.963871 -0.0123189 -3.33215e-22)
(0.964755 0.0171506 -4.1852e-24)
(0.967084 0.0438981 -7.8023e-22)
(0.937057 0.0903405 -5.09237e-24)
(0.920856 0.080735 9.94349e-23)
(-1.16235 -3.60121 -1.92886e-19)
(-0.395227 -3.3012 -4.13945e-21)
(0.121721 -2.8369 2.76866e-20)
(0.4058 -2.35625 1.41149e-20)
(0.609663 -1.93595 -1.00451e-20)
(0.732852 -1.53349 1.35939e-20)
(0.80504 -1.18141 -1.35206e-20)
(0.846549 -0.885881 1.44167e-20)
(0.867875 -0.646896 -6.7495e-21)
(0.880193 -0.461016 -1.18601e-21)
(0.886163 -0.320562 -8.55594e-23)
(0.893961 -0.216661 -5.55245e-22)
(0.89889 -0.14428 1.52158e-22)
(0.909905 -0.086986 -1.08821e-21)
(0.918203 -0.0531189 -1.78696e-21)
(0.929118 -0.0120647 -2.11046e-22)
(0.930742 0.0174017 1.34766e-21)
(0.931244 0.0452729 1.51451e-21)
(0.900112 0.0920101 -1.33512e-22)
(0.888348 0.0810703 1.65489e-22)
(-0.89052 -3.79576 -1.92507e-19)
(-0.225029 -3.34385 -4.05831e-20)
(0.240532 -2.85972 -1.38116e-20)
(0.479596 -2.34997 1.15586e-20)
(0.649628 -1.91797 -4.48835e-22)
(0.751133 -1.51353 -2.71321e-21)
(0.807053 -1.16221 1.36249e-20)
(0.837329 -0.869908 -1.18928e-20)
(0.850767 -0.634688 2.17952e-21)
(0.857534 -0.452355 1.82025e-21)
(0.859615 -0.314908 4.3127e-22)
(0.864744 -0.213375 -4.5495e-22)
(0.867904 -0.142602 1.29594e-21)
(0.877564 -0.0865092 1.97864e-22)
(0.885581 -0.0531042 1.28177e-21)
(0.894884 -0.0119322 -1.35831e-22)
(0.897149 0.0176258 -1.26922e-21)
(0.89561 0.0467268 -1.56635e-21)
(0.863995 0.0935535 1.88734e-22)
(0.856889 0.0812474 -1.90101e-22)
(-0.634046 -3.95185 2.1527e-19)
(-0.0753181 -3.37205 2.70989e-20)
(0.342826 -2.87473 -5.48404e-21)
(0.546933 -2.34798 1.50158e-20)
(0.685787 -1.90237 -1.06679e-20)
(0.767069 -1.49568 -1.49942e-20)
(0.807485 -1.14462 4.98517e-21)
(0.826998 -0.855142 1.90154e-21)
(0.833098 -0.62346 -6.87363e-22)
(0.834834 -0.444462 7.58483e-22)
(0.833437 -0.309826 6.02645e-22)
(0.836155 -0.210486 -7.52946e-22)
(0.837626 -0.141185 1.10174e-21)
(0.846008 -0.0862197 -1.44062e-21)
(0.853589 -0.0531708 -1.6951e-21)
(0.861282 -0.0118705 1.3309e-21)
(0.864049 0.0178482 -8.25473e-23)
(0.860307 0.0482416 1.30533e-21)
(0.828827 0.0949308 -9.29542e-22)
(0.826504 0.0812617 1.31438e-22)
(-0.357346 -4.10317 -4.77928e-20)
(0.0868179 -3.4085 -4.62654e-20)
(0.446069 -2.88619 2.60865e-20)
(0.614071 -2.34768 -7.22497e-21)
(0.720462 -1.88792 2.82026e-21)
(0.781294 -1.47924 6.99944e-21)
(0.80677 -1.1287 -1.33232e-21)
(0.815901 -0.84175 -1.19713e-21)
(0.81504 -0.613257 9.05638e-22)
(0.8121 -0.437271 -7.08093e-22)
(0.807557 -0.305202 -1.60511e-22)
(0.808118 -0.207876 1.14631e-21)
(0.80803 -0.139934 -3.01526e-22)
(0.815251 -0.0860441 -1.20385e-21)
(0.822278 -0.0532667 8.01463e-22)
(0.828402 -0.0118493 1.4716e-21)
(0.831502 0.0180922 5.9203e-22)
(0.825458 0.0498008 1.37473e-22)
(0.794718 0.0961126 3.6589e-22)
(0.797207 0.0811137 -3.90347e-23)
(-0.0784505 -4.22849 7.38814e-20)
(0.247396 -3.44095 -5.853e-20)
(0.544038 -2.89265 2.46432e-20)
(0.678772 -2.34829 3.80056e-21)
(0.753856 -1.87552 -1.19358e-21)
(0.794248 -1.46446 -2.9e-21)
(0.805312 -1.11453 -1.56327e-22)
(0.804396 -0.829818 -4.07856e-22)
(0.796861 -0.604187 1.3664e-21)
(0.789489 -0.430883 -9.62528e-23)
(0.782038 -0.301113 2.26087e-22)
(0.780644 -0.205588 7.85867e-23)
(0.779124 -0.13887 2.78642e-22)
(0.785313 -0.0859815 -3.31818e-22)
(0.791687 -0.053385 9.22921e-22)
(0.796313 -0.0118597 -1.2442e-21)
(0.79956 0.0183727 2.79526e-22)
(0.791186 0.0513869 -9.68657e-22)
(0.761768 0.0970804 6.34015e-22)
(0.769003 0.0808093 -3.34921e-22)
(0.210248 -4.33987 9.43088e-20)
(0.414782 -3.47685 -5.43221e-20)
(0.641474 -2.89797 -4.23054e-20)
(0.742291 -2.34939 1.0532e-20)
(0.786772 -1.86535 -1.83486e-21)
(0.806482 -1.45146 4.07868e-22)
(0.803516 -1.10215 -3.84595e-22)
(0.792834 -0.819375 7.2789e-22)
(0.778847 -0.596262 -2.58499e-23)
(0.76721 -0.425317 -1.22688e-24)
(0.757009 -0.29758 1.18088e-22)
(0.753793 -0.20364 -3.12598e-22)
(0.750948 -0.138008 -2.9682e-22)
(0.756215 -0.0860319 1.86725e-21)
(0.761852 -0.0535237 -1.51e-21)
(0.76507 -0.0118954 4.56062e-22)
(0.768272 0.0186997 2.81597e-22)
(0.757614 0.052979 -8.35644e-22)
(0.730061 0.0978196 -5.43755e-22)
(0.741891 0.0803569 1.47674e-22)
(0.503692 -4.43229 -7.94065e-20)
(0.586811 -3.51224 -1.44022e-20)
(0.73848 -2.90258 1.15374e-20)
(0.804681 -2.35055 -3.95066e-21)
(0.819685 -1.85748 1.77371e-21)
(0.818538 -1.44042 1.64236e-22)
(0.801779 -1.0916 6.29236e-23)
(0.781547 -0.810441 -6.04184e-22)
(0.761269 -0.589483 2.13014e-22)
(0.74548 -0.420569 5.68179e-24)
(0.732622 -0.294598 2.71097e-22)
(0.727658 -0.20203 -3.89185e-22)
(0.723559 -0.137347 3.8425e-22)
(0.727988 -0.0861885 -8.00051e-22)
(0.732808 -0.0536795 1.1082e-22)
(0.734717 -0.0119513 -4.43537e-23)
(0.737683 0.0190784 -3.52947e-22)
(0.724862 0.0545517 7.27591e-22)
(0.699668 0.0983181 2.34456e-22)
(0.715861 0.0797663 1.08386e-22)
(0.802946 -4.50847 1.07309e-20)
(0.766464 -3.54861 -6.00439e-22)
(0.837522 -2.90845 -6.86727e-21)
(0.86675 -2.35207 3.00627e-21)
(0.853097 -1.85194 -4.96105e-22)
(0.830953 -1.4315 2.00866e-22)
(0.800484 -1.08292 2.08422e-23)
(0.770848 -0.803034 4.59697e-23)
(0.744384 -0.583849 -2.02339e-23)
(0.724506 -0.41663 -7.24727e-23)
(0.709035 -0.29216 -8.33876e-23)
(0.702344 -0.200751 5.39602e-23)
(0.697026 -0.136885 6.41702e-23)
(0.700665 -0.0864433 -1.25076e-22)
(0.704589 -0.0538502 -6.51912e-24)
(0.705292 -0.0120226 -5.99228e-23)
(0.707841 0.01951 -8.46639e-23)
(0.693042 0.0560794 8.96167e-23)
(0.67064 0.0985689 -1.04915e-22)
(0.690898 0.0790486 -4.45986e-23)
)
;

boundaryField
{
    inlet
    {
        type            freestream;
        freestreamValue uniform (1 0 0);
        value           uniform (1 0 0);
    }
    outlet
    {
        type            freestream;
        freestreamValue uniform (1 0 0);
        value           nonuniform List<vector> 
40
(
(0.473986 0.0660651 0)
(0.4475 0.0633784 0)
(0.419853 0.0601825 0)
(0.391818 0.0564784 0)
(0.364503 0.0521359 0)
(0.339329 0.0469235 0)
(0.317842 0.0404778 0)
(0.301339 0.0322561 0)
(0.290448 0.0215641 0)
(0.285035 0.00777211 0)
(0.666982 0.0782169 -4.1676e-23)
(0.644089 0.0772843 1.00456e-22)
(0.622193 0.0762654 1.7005e-22)
(0.601268 0.0751741 -3.55386e-22)
(0.581288 0.0740245 -2.25077e-23)
(0.562226 0.0728299 1.26393e-22)
(0.54406 0.0716027 -1.15047e-22)
(0.526768 0.0703517 1.48294e-22)
(0.510333 0.0690799 8.61732e-23)
(0.494743 0.067802 -3.9217e-23)
(0.954382 0.0802222 -5.67836e-23)
(0.920856 0.080735 9.94349e-23)
(0.888348 0.0810703 1.65489e-22)
(0.856889 0.0812474 -1.90101e-22)
(0.826504 0.0812617 1.31438e-22)
(0.797207 0.0811137 -3.90347e-23)
(0.769003 0.0808093 -3.34921e-22)
(0.741891 0.0803569 1.47674e-22)
(0.715861 0.0797663 1.08386e-22)
(0.690898 0.0790486 -4.45986e-23)
(2.47521 0.0109545 0)
(2.27133 0.0318154 0)
(2.01864 0.0449809 0)
(1.78237 0.0538902 0)
(1.57985 0.0609353 0)
(1.41192 0.0667292 0)
(1.27489 0.0713595 0)
(1.16405 0.07488 0)
(1.07477 0.0774082 0)
(1.00289 0.0791696 0)
)
;
    }
    top
    {
        type            symmetryPlane;
    }
    bottom
    {
        type            symmetryPlane;
    }
    cylinder
    {
        type            rotatingWallVelocity;
        origin          (0 0 0);
        axis            (0 0 1);
        omega           constant -20;
        value           nonuniform List<vector> 
80
(
(0.396319 -9.98427 8.66152e-24)
(1.17718 -9.92228 6.08003e-23)
(1.95079 -9.79941 -1.78625e-24)
(2.71241 -9.61642 3.55822e-23)
(3.45738 -9.37443 -1.90954e-22)
(4.18115 -9.07491 6.58704e-23)
(4.8793 -8.7197 8.11251e-22)
(5.54754 -8.31097 2.80107e-21)
(6.1818 -7.8512 -1.75963e-21)
(6.77818 -7.34322 -1.79807e-21)
(9.98427 -0.396319 -8.66152e-24)
(9.92228 -1.17718 -6.08003e-23)
(9.79941 -1.95079 1.78625e-24)
(9.61642 -2.71241 3.68854e-23)
(9.37443 -3.45738 -5.54456e-22)
(9.07491 -4.18115 -6.58704e-23)
(8.7197 -4.8793 -8.11251e-22)
(8.31097 -5.54754 5.66204e-22)
(7.8512 -6.1818 -2.44731e-21)
(7.34322 -6.77818 1.79807e-21)
(7.34322 6.77818 1.79807e-21)
(7.8512 6.1818 -2.44731e-21)
(8.31097 5.54754 5.66204e-22)
(8.7197 4.8793 -8.11251e-22)
(9.07491 4.18115 -6.58704e-23)
(9.37443 3.45738 -5.54456e-22)
(9.61642 2.71241 3.68854e-23)
(9.79941 1.95079 1.78625e-24)
(9.92228 1.17718 -6.08003e-23)
(9.98427 0.396319 -8.66152e-24)
(0.396319 9.98427 8.66152e-24)
(1.17718 9.92228 6.08003e-23)
(1.95079 9.79941 -1.78625e-24)
(2.71241 9.61642 3.55822e-23)
(3.45738 9.37443 -1.90954e-22)
(4.18115 9.07491 6.58704e-23)
(4.8793 8.7197 8.11251e-22)
(5.54754 8.31097 -5.66204e-22)
(6.1818 7.8512 -1.75963e-21)
(6.77818 7.34322 -1.79807e-21)
(-6.77818 7.34322 -1.79807e-21)
(-6.1818 7.8512 -1.75963e-21)
(-5.54754 8.31097 2.80107e-21)
(-4.8793 8.7197 8.11251e-22)
(-4.18115 9.07491 6.58704e-23)
(-3.45738 9.37443 -1.90954e-22)
(-2.71241 9.61642 3.55822e-23)
(-1.95079 9.79941 -1.78625e-24)
(-1.17718 9.92228 6.08003e-23)
(-0.396319 9.98427 8.66152e-24)
(-7.34322 6.77818 1.79807e-21)
(-7.8512 6.1818 -2.44731e-21)
(-8.31097 5.54754 5.66204e-22)
(-8.7197 4.8793 -8.11251e-22)
(-9.07491 4.18115 -6.58704e-23)
(-9.37443 3.45738 -5.54456e-22)
(-9.61642 2.71241 3.68854e-23)
(-9.79941 1.95079 1.78625e-24)
(-9.92228 1.17718 -6.08003e-23)
(-9.98427 0.396319 -8.66152e-24)
(-9.98427 -0.396319 -8.66152e-24)
(-9.92228 -1.17718 -6.08003e-23)
(-9.79941 -1.95079 1.78625e-24)
(-9.61642 -2.71241 -3.55822e-23)
(-9.37443 -3.45738 -5.54456e-22)
(-9.07491 -4.18115 -6.58704e-23)
(-8.7197 -4.8793 -8.11251e-22)
(-8.31097 -5.54754 5.66204e-22)
(-7.8512 -6.1818 -2.44731e-21)
(-7.34322 -6.77818 1.79807e-21)
(-6.77818 -7.34322 -1.79807e-21)
(-6.1818 -7.8512 -1.75963e-21)
(-5.54754 -8.31097 -5.66204e-22)
(-4.8793 -8.7197 8.11251e-22)
(-4.18115 -9.07491 6.58704e-23)
(-3.45738 -9.37443 -1.90954e-22)
(-2.71241 -9.61642 3.55822e-23)
(-1.95079 -9.79941 -1.78625e-24)
(-1.17718 -9.92228 6.08003e-23)
(-0.396319 -9.98427 8.66152e-24)
)
;
    }
    frontandback
    {
        type            empty;
    }
}


// ************************************************************************* //
