/*--------------------------------*- C++ -*----------------------------------*\
  =========                 |
  \\      /  F ield         | OpenFOAM: The Open Source CFD Toolbox
   \\    /   O peration     | Website:  https://openfoam.org
    \\  /    A nd           | Version:  6.0
     \\/     M anipulation  |
\*---------------------------------------------------------------------------*/
FoamFile
{
    version     2.0;
    format      ascii;
    class       surfaceScalarField;
    location    "21.5075";
    object      phi;
}
// * * * * * * * * * * * * * * * * * * * * * * * * * * * * * * * * * * * * * //

dimensions      [0 3 -1 0 0 0 0];

internalField   nonuniform List<scalar> 
4670
(
0.00111168
-0.211058
0.209946
0.00459101
-0.174257
0.170778
0.00985091
-0.154101
0.148841
0.0162509
-0.141993
0.135593
0.0232775
-0.133879
0.126852
0.0305562
-0.12765
0.120371
0.0378358
-0.122276
0.114996
0.0449664
-0.117281
0.11015
0.0518749
-0.112417
0.105509
-0.107458
0.100795
0.0585374
0.001313
-0.212371
0.0051042
-0.178049
0.0106556
-0.159652
0.0172604
-0.148598
0.0243778
-0.140996
0.0316308
-0.134903
0.0387809
-0.129426
0.0457005
-0.1242
0.052346
-0.119063
-0.113846
0.0587341
0.00149983
-0.213871
0.00555966
-0.182108
0.0113324
-0.165425
0.0180524
-0.155318
0.0251599
-0.148104
0.0322836
-0.142026
0.0392049
-0.136347
0.0458224
-0.130818
0.0521245
-0.125365
-0.11989
0.0581688
0.00166423
-0.215535
0.00594499
-0.186389
0.0118665
-0.171347
0.0186115
-0.162063
0.0256113
-0.155104
0.0325096
-0.148925
0.0391132
-0.142951
0.0453505
-0.137055
0.0512421
-0.131256
-0.125533
0.0568849
0.00180759
-0.217342
0.00625716
-0.190839
0.0122525
-0.177342
0.0189345
-0.168745
0.0257358
-0.161905
0.0323224
-0.155511
0.0385313
-0.14916
0.0443221
-0.142846
0.0497456
-0.13668
-0.130723
0.0549356
0.00192938
-0.219272
0.00649516
-0.195404
0.0124916
-0.183338
0.0190293
-0.175283
0.0255517
-0.168427
0.0317538
-0.161713
0.0375057
-0.154912
0.0427963
-0.148136
0.0477034
-0.141587
-0.135416
0.0523962
0.00203076
-0.221303
0.0066619
-0.200036
0.0125915
-0.189268
0.0189125
-0.181604
0.0250887
-0.174603
0.0308501
-0.167475
0.0361011
-0.160163
0.0408563
-0.152892
0.0452138
-0.145944
-0.139573
0.0493706
0.00211512
-0.223418
0.00676537
-0.204686
0.012567
-0.19507
0.0186084
-0.187645
0.0243823
-0.180377
0.0296583
-0.172751
0.0343775
-0.164882
0.0385764
-0.157091
0.0423579
-0.149726
-0.14313
0.0459149
0.00219249
-0.22561
0.00682284
-0.209316
0.0124438
-0.200691
0.0181548
-0.193356
0.0234829
-0.185705
0.0282358
-0.177504
0.0323844
-0.169031
0.0359788
-0.160685
0.0391153
-0.152862
-0.146031
0.0420167
0.00228881
-0.227899
0.00685478
-0.213882
0.0122509
-0.206087
0.0176032
-0.198709
0.0224755
-0.190578
0.0267055
-0.181734
0.030272
-0.172597
0.0332051
-0.163618
0.0355767
-0.155234
-0.148211
0.0377568
0.247088
0.00180114
-0.248889
0.245185
0.00190352
0.243181
0.00200379
0.241093
0.00208844
0.238939
0.00215361
0.23674
0.00219875
0.234516
0.00222385
0.232287
0.00222986
0.230076
0.0022105
0.00217709
0.247385
0.00411388
-0.249697
0.244699
0.00458925
0.241677
0.0050261
0.238349
0.00541643
0.234749
0.00575363
0.230912
0.00603526
0.226875
0.0062611
0.222671
0.00643319
0.218332
0.00655038
0.00662655
0.240786
0.00586519
-0.242538
0.238538
0.00683756
0.235819
0.00774523
0.232655
0.00857977
0.229077
0.00933236
0.225115
0.0099971
0.220803
0.0105726
0.216176
0.0110605
0.211261
0.0114655
0.0118007
0.229077
0.00685834
-0.23007
0.227559
0.00835499
0.22553
0.00977428
0.223006
0.011104
0.220006
0.0123327
0.216553
0.0134502
0.212672
0.0144536
0.20839
0.0153416
0.203729
0.0161268
0.0168213
0.215338
0.00723668
-0.215716
0.214457
0.00923611
0.213077
0.0111535
0.211209
0.0129725
0.208863
0.014679
0.206055
0.0162574
0.202804
0.0177047
0.199134
0.0190116
0.195054
0.0202072
0.0212975
0.201521
0.00722525
-0.20151
0.20107
0.00968781
0.200157
0.0120663
0.198789
0.0143409
0.196972
0.0164953
0.194723
0.0185065
0.192054
0.0203736
0.188996
0.0220696
0.185547
0.0236566
0.0251108
0.188665
0.00702308
-0.188463
0.188445
0.00990805
0.187805
0.0127062
0.186751
0.015395
0.18529
0.0179563
0.183439
0.020357
0.181211
0.0226013
0.178655
0.0246265
0.175753
0.0265581
0.0282667
0.177177
0.00676915
-0.176923
0.177043
0.0100421
0.176526
0.0132232
0.175633
0.0162876
0.174373
0.019216
0.172768
0.0219625
0.170832
0.0245378
0.168644
0.0268139
0.16616
0.0290422
0.0308085
0.167085
0.00654243
-0.166858
0.166952
0.0101756
0.166466
0.0137085
0.165639
0.017115
0.164479
0.020376
0.163011
0.0234306
0.16125
0.026299
0.159328
0.0287361
0.157164
0.0312058
0.0327385
0.158231
-0.15807
0.0063822
0.158057
0.0103491
0.157563
0.0142028
0.156761
0.0179167
0.155662
0.0214747
0.154291
0.0248023
0.152649
0.027941
0.150901
0.0304841
0.149018
0.0330891
0.0335449
0.255472
-0.000318808
-0.255153
0.255619
-0.000146917
0.255552
6.67077e-05
0.255257
0.000295654
0.254729
0.000528282
0.25397
0.000758089
0.252991
0.000979322
0.251804
0.0011876
0.25043
0.00137348
0.00154054
0.251357
-0.00221094
-0.249465
0.252864
-0.00165393
0.253974
-0.00104317
0.254665
-0.000395643
0.254924
0.000269498
0.254744
0.000938437
0.254124
0.00159926
0.253069
0.00224207
0.251589
0.00285364
0.00343227
0.235689
-0.00530014
-0.232599
0.238366
-0.00433103
0.240606
-0.00328331
0.242384
-0.00217348
0.243678
-0.00102504
0.244474
0.000142385
0.244762
0.00131175
0.244535
0.0024685
0.243792
0.0035967
0.00468711
0.216281
-0.00909882
-0.212482
0.219694
-0.00774425
0.222685
-0.00627423
0.225226
-0.00471448
0.227295
-0.0030941
0.228874
-0.00143687
0.22995
0.000236065
0.230512
0.0019064
0.230553
0.00355601
0.00517019
0.19763
-0.0132464
-0.193483
0.201421
-0.0115343
0.204809
-0.00966232
0.207769
-0.00767457
0.210282
-0.00560741
0.212333
-0.00348823
0.213911
-0.00134162
0.215006
0.000811653
0.215609
0.00295254
0.00506339
0.181398
-0.0175225
-0.177122
0.185329
-0.0154652
0.188866
-0.0132
0.191991
-0.0107988
0.194687
-0.00830421
0.196948
-0.0057484
0.198765
-0.00315938
0.200135
-0.000558368
0.201052
0.00203613
0.00460521
0.167879
-0.0218298
-0.163572
0.171822
-0.0194075
0.175361
-0.0167392
0.17849
-0.0139281
0.1812
-0.0110138
0.18349
-0.00803805
0.185362
-0.00503161
0.186816
-0.00201289
0.187851
0.00100177
0.00399323
0.156782
-0.0261823
-0.15243
0.160681
-0.0233064
0.16414
-0.0201982
0.167183
-0.0169713
0.169807
-0.0136376
0.172022
-0.0102526
0.173838
-0.00684803
0.175261
-0.00343521
0.176289
-2.65138e-05
0.00335903
0.147682
-0.0305855
-0.143279
0.151484
-0.0271088
0.154804
-0.0235175
0.157701
-0.0198687
0.160187
-0.0161233
0.162276
-0.0123418
0.163984
-0.0085556
0.165316
-0.00476738
0.166274
-0.000984391
0.00277433
0.140106
-0.136367
-0.0343245
0.143757
-0.03076
0.14694
-0.0266997
0.149648
-0.0225777
0.151971
-0.0184455
0.153919
-0.0142906
0.155498
-0.0101345
0.156715
-0.00598363
0.157571
-0.00184099
0.00227516
0.0436121
0.0905786
-0.0850795
-0.0491112
0.0380182
0.0973498
-0.0917559
0.0323577
0.105672
-0.100012
0.0266707
0.116172
-0.110485
0.0210142
0.12963
-0.123973
0.0154728
0.146846
-0.141305
0.0101864
0.168375
-0.163089
0.00541811
0.193933
-0.189165
0.00169813
0.221029
-0.217309
0.243626
-0.241928
0.0435757
0.0960304
-0.0490274
0.0380158
0.10291
0.0323763
0.111312
0.0266947
0.121853
0.0210275
0.135297
0.015464
0.15241
0.0101559
0.173683
0.00538435
0.198705
0.00168812
0.224725
0.245314
0.0432744
0.101415
-0.0486594
0.0377702
0.108414
0.0321762
0.116906
0.0265277
0.127502
0.0208805
0.140944
0.0153278
0.157963
0.0100314
0.17898
0.00528652
0.20345
0.00163909
0.228373
0.246953
0.0427132
0.106721
-0.0480191
0.0372816
0.113846
0.0317546
0.122433
0.0261651
0.133091
0.0205679
0.146541
0.0150591
0.163471
0.0098094
0.184229
0.00512696
0.208132
0.00156365
0.231936
0.248517
0.0418913
0.111943
-0.0471129
0.0365455
0.119191
0.0311058
0.127872
0.0256014
0.138595
0.0200848
0.152058
0.0146545
0.168902
0.00948905
0.189395
0.00490805
0.212713
0.00146531
0.235379
0.249982
0.0407962
0.117081
-0.045934
0.0355483
0.124439
0.0302178
0.133203
0.0248271
0.143986
0.0194245
0.15746
0.0141097
0.174216
0.00906852
0.194436
0.00462992
0.217152
0.00134493
0.238664
0.251327
0.0393896
0.122128
-0.0444375
0.0342623
0.129567
0.0290735
0.138392
0.0238329
0.149227
0.0185817
0.162712
0.013422
0.179376
0.0085474
0.199311
0.00429404
0.221405
0.00120441
0.241753
0.252531
0.0376223
0.127074
-0.0425675
0.0326488
0.13454
0.0276511
0.143389
0.0226063
0.154272
0.017549
0.167769
0.0125879
0.184337
0.00792474
0.203974
0.00390129
0.225428
0.00104497
0.24461
0.253576
0.0353193
0.131787
-0.0400332
0.0306466
0.139213
0.0259479
0.148088
0.0211535
0.159066
0.0163323
0.17259
0.0116132
0.189056
0.00720743
0.20838
0.00346173
0.229174
0.000878852
0.247192
0.254455
0.0323713
-0.036951
0.0283052
0.0239634
0.0194572
0.0149255
0.010499
0.00639611
0.00297079
0.000698386
0.029722
0.0379503
-0.0330676
-0.0346047
0.0252609
0.0444541
-0.039993
0.0212154
0.0531575
-0.0491119
0.0174251
0.0645695
-0.0607792
0.0138007
0.0793374
-0.075713
0.0103011
0.098281
-0.0947815
0.0069343
0.122283
-0.118916
0.00380863
0.152076
-0.14895
0.0012537
0.187533
-0.184978
0.227021
-0.225768
0.0321313
0.0428199
-0.0370009
0.0274476
0.0491378
0.0230199
0.0575852
0.018845
0.0687443
0.014875
0.0833074
0.0110725
0.102083
0.00744569
0.125909
0.00410702
0.155415
0.00138726
0.190252
0.228409
0.0343829
0.0477149
-0.0392779
0.029499
0.0540217
0.0247686
0.0623156
0.0202512
0.0732618
0.0159466
0.087612
0.0118397
0.10619
0.00794642
0.129803
0.00438289
0.158978
0.00148565
0.19315
0.229894
0.0363981
0.0527364
-0.0414196
0.0313457
0.0590741
0.0263789
0.0672824
0.0215765
0.0780642
0.0169724
0.0922161
0.0125776
0.110585
0.00842361
0.133957
0.00463688
0.162765
0.00156856
0.196218
0.231463
0.0381873
0.0579011
-0.0433521
0.0329834
0.064278
0.0278235
0.0724422
0.0227854
0.0831023
0.0179213
0.0970802
0.0132648
0.115242
0.0088663
0.138355
0.00486761
0.166764
0.00163968
0.199446
0.233102
0.0397439
0.0631937
-0.0450365
0.0344076
0.0696144
0.0290884
0.0777615
0.0238563
0.0883343
0.0187715
0.102165
0.0138843
0.120129
0.00926378
0.142976
0.00507043
0.170957
0.00169828
0.202818
0.234801
0.041055
0.0685887
-0.04645
0.0356103
0.075059
0.0301628
0.083209
0.0247742
0.0937229
0.0195065
0.107433
0.0144219
0.125213
0.00960656
0.147791
0.00524101
0.175323
0.00174396
0.206315
0.236545
0.0421084
0.0740562
-0.047576
0.0365832
0.0805843
0.0310383
0.0887539
0.025528
0.0992332
0.0201138
0.112847
0.0148661
0.130461
0.0098864
0.152771
0.00537537
0.179834
0.00177609
0.209914
0.238321
0.0428942
0.0795641
-0.0484021
0.0373184
0.0861601
0.0317072
0.0943652
0.026109
0.104831
0.020584
0.118372
0.0152085
0.135837
0.010098
0.157881
0.0054734
0.184458
0.0017993
0.213588
0.24012
0.0434072
-0.0489226
0.0378114
0.0321649
0.0265118
0.0209107
0.0154424
0.0102348
0.0055282
0.00180757
-0.0286202
0.0268456
-0.031293
-0.0252219
0.0243421
-0.0277404
-0.0224141
0.021358
-0.0241657
-0.0201609
0.0183242
-0.0205775
-0.018459
0.0154806
-0.0171825
-0.0172873
0.0129228
-0.0140946
-0.0166106
0.0106889
-0.0113656
-0.0163821
0.00878206
-0.00901053
-0.0165476
0.00717526
-0.00700972
0.00581423
-0.0170525
-0.00530934
-0.0362277
0.0230803
-0.0328712
0.0209856
-0.0300701
0.0185568
-0.0278423
0.0160964
-0.0261614
0.0137998
-0.0249883
0.0117497
-0.0242764
0.00997692
-0.0239729
0.00847859
-0.0240235
0.00722588
0.00616839
-0.0243777
-0.0455471
0.0195154
-0.0423414
0.0177799
-0.0396276
0.0158431
-0.0374451
0.0139139
-0.0357698
0.0121245
-0.0345584
0.0105383
-0.0337602
0.00917877
-0.0333222
0.00804054
-0.0331931
0.00709679
0.00630394
-0.0333286
-0.0573627
0.016099
-0.0542915
0.0147086
-0.0516659
0.0132175
-0.0495108
0.0117588
-0.0478029
0.0104166
-0.0465003
0.00923566
-0.045554
0.00823249
-0.0449147
0.00740131
-0.0445375
0.00671951
0.0061518
-0.0443853
-0.0724257
0.0128117
-0.0694625
0.0117455
-0.0668911
0.0106461
-0.0647216
0.00958937
-0.0629307
0.00862562
-0.0614798
0.00778485
-0.0603254
0.00707807
-0.0594245
0.00650034
-0.0587392
0.00603422
0.00565303
-0.0582404
-0.0915964
0.00962653
-0.0887098
0.00885885
-0.0861561
0.00809244
-0.0839345
0.00736778
-0.0820222
0.00671336
-0.0803856
0.0061482
-0.078987
0.00567952
-0.0777905
0.00530384
-0.0767651
0.00500876
0.00477566
-0.0758877
-0.115838
0.00654932
-0.113026
0.0060464
-0.110489
0.00555522
-0.108219
0.00509806
-0.106195
0.00468943
-0.104388
0.00434074
-0.102765
0.0040566
-0.101296
0.00383504
-0.0999548
0.00366754
0.00354195
-0.0987211
-0.146078
0.00367651
-0.143428
0.00339676
-0.140999
0.00312634
-0.138781
0.00288035
-0.136755
0.00266263
-0.134893
0.00247904
-0.133168
0.00233211
-0.131554
0.00222095
-0.130026
0.00213937
0.0020774
-0.128562
-0.182587
0.00128634
-0.180371
0.00118067
-0.178324
0.00107901
-0.176436
0.000992374
-0.174689
0.000916023
-0.173062
0.000851886
-0.171531
0.000800724
-0.170072
0.000762429
-0.168666
0.000733112
0.000698519
-0.167287
-0.224481
-0.223301
-0.222222
-0.221229
-0.220313
-0.219461
-0.218661
-0.217898
-0.217165
-0.216466
-0.0178521
0.00462877
-0.00382921
-0.0189101
0.00350702
-0.00244899
-0.0202141
0.00235328
-0.00104927
-0.0217748
0.00106471
0.000495936
-0.0236233
-0.000448492
0.00229705
-0.0258027
-0.00225458
0.00443396
-0.0283524
-0.00440141
0.00695111
-0.0313
-0.00692889
0.00987648
-0.0347064
-0.00989564
0.0133021
-0.0137554
-0.0382753
0.0173243
-0.0249986
0.00524969
-0.0258566
0.00436501
-0.0269452
0.00344193
-0.0282776
0.00239713
-0.0298826
0.00115652
-0.0317957
-0.000341529
-0.0340458
-0.00215129
-0.0366445
-0.00433018
-0.0395677
-0.00697248
-0.0104495
-0.0428736
-0.0337012
0.00562222
-0.0342866
0.00495041
-0.0350833
0.00423871
-0.0361058
0.0034196
-0.0373801
0.00243079
-0.038937
0.00121541
-0.0408053
-0.000282975
-0.0430096
-0.00212587
-0.0455787
-0.00440343
-0.00733058
-0.0486976
-0.0444406
0.00567746
-0.0446838
0.00519366
-0.045118
0.00467294
-0.0457594
0.00406096
-0.0466342
0.00330554
-0.047775
0.00235627
-0.0492199
0.00116195
-0.0510156
-0.000330233
-0.0532335
-0.00218546
-0.00450341
-0.0560607
-0.0579205
0.00535758
-0.0577637
0.00503682
-0.0577772
0.00468647
-0.05798
0.00426379
-0.0584011
0.00372657
-0.059078
0.00303321
-0.0600585
0.00214248
-0.0614037
0.0010149
-0.0631987
-0.000390446
-0.00211096
-0.0655911
-0.0751607
0.0046306
-0.0745702
0.00444631
-0.074127
0.00424322
-0.0738527
0.00398954
-0.0737791
0.00365294
-0.0739476
0.00320174
-0.0744107
0.00260556
-0.0752326
0.00183684
-0.0764939
0.000870801
-0.000303849
-0.078301
-0.0976065
0.00351603
-0.0965966
0.00343641
-0.0957034
0.00335008
-0.09495
0.00323607
-0.0943683
0.00307129
-0.0940001
0.00283355
-0.0938965
0.00250189
-0.094117
0.00205739
-0.0947295
0.00148333
0.00077522
-0.0958086
-0.127177
0.00213155
-0.125857
0.00211597
-0.12461
0.00210346
-0.123458
0.00208424
-0.12243
0.0020429
-0.121562
0.00196566
-0.120899
0.00183928
-0.120493
0.00165113
-0.120397
0.00138739
0.0010388
-0.120661
-0.165927
0.000770901
-0.164585
0.000774467
-0.163266
0.000784346
-0.161982
0.000800225
-0.160752
0.000812926
-0.159603
0.000816455
-0.158568
0.000804668
-0.157688
0.000771377
-0.157008
0.000706759
0.000587957
-0.156557
-0.215696
-0.214921
-0.214137
-0.213337
-0.212524
-0.211707
-0.210902
-0.210131
-0.209424
-0.208836
-0.000596434
-0.20824
-0.000774719
-0.156379
-6.74539e-05
-0.121368
0.00156525
-0.0974413
0.00402519
-0.0807609
0.00718538
-0.0687513
0.0109366
-0.0598119
0.0152264
-0.0529874
0.0201393
-0.0477865
-0.0441809
0.0260449
-0.000471755
-0.207768
-0.000345814
-0.156505
0.000800733
-0.122515
0.00296517
-0.0996058
0.0060191
-0.0838149
0.00981287
-0.0725451
0.0142083
-0.0642074
0.0190856
-0.0578646
0.0243171
-0.0530181
-0.0494926
0.0296288
-0.000334109
-0.207434
0.000119986
-0.156959
0.0017238
-0.124118
0.00442067
-0.102303
0.00804028
-0.0874345
0.0123986
-0.0769034
0.0173219
-0.0691307
0.0226403
-0.0631831
0.0281558
-0.0585336
-0.0549219
0.0335851
-0.000189278
-0.207245
0.000617993
-0.157766
0.0026985
-0.126199
0.00593302
-0.105537
0.0101067
-0.0916081
0.0150026
-0.0817993
0.0204217
-0.0745498
0.0261752
-0.0689366
0.0320607
-0.0644191
-0.0606944
0.0378332
-3.04743e-05
-0.207214
0.00115036
-0.158947
0.00372193
-0.12877
0.00749688
-0.109312
0.0122151
-0.0963264
0.0176297
-0.0872139
0.0235241
-0.0804442
0.029705
-0.0751175
0.035982
-0.0706961
-0.0668523
0.0421398
0.000143122
-0.207357
0.0017141
-0.160518
0.00478403
-0.13184
0.00909384
-0.113622
0.0143381
-0.101571
0.0202418
-0.0931176
0.0265748
-0.0867772
0.0331443
-0.081687
0.0397749
-0.0773267
-0.0733544
0.0462771
0.000331143
-0.207689
0.00230274
-0.162489
0.00586806
-0.135406
0.010694
-0.118448
0.0164298
-0.107306
0.0227744
-0.0994622
0.0294859
-0.0934888
0.0363741
-0.0885751
0.0432791
-0.0842318
-0.0801134
0.0500381
0.000531977
-0.208221
0.00290688
-0.164864
0.00695197
-0.139451
0.0122594
-0.123755
0.0184343
-0.113481
0.0251511
-0.106179
0.032159
-0.100497
0.039272
-0.0956881
0.0463475
-0.0913073
-0.087018
0.0532521
0.000745525
-0.208966
0.00351679
-0.167636
0.00801107
-0.143945
0.0137485
-0.129493
0.0202922
-0.120025
0.0272949
-0.113182
0.0345003
-0.107702
0.0417298
-0.102918
0.0488607
-0.0984382
-0.0939499
0.0557926
0.000979951
0.00412234
0.00901837
0.0151188
0.0219461
0.0291355
0.0364299
0.0436622
0.0507328
0.0575781
0.0675768
-0.455039
0.445999
0.07049
-0.380957
0.378044
0.0719989
-0.325088
0.323579
0.0729094
-0.278672
0.277762
0.0732466
-0.240676
0.240339
0.0732217
-0.207889
0.207914
0.0729345
-0.178816
0.179103
0.0724704
-0.152385
0.152849
0.0718902
-0.128636
0.129216
0.0712857
-0.106594
0.107198
0.0706237
-0.0876896
0.0883516
0.0700609
-0.0696179
0.0701807
0.0694564
-0.0555384
0.056143
0.0689741
-0.0424305
0.0429128
0.0686313
-0.0304053
0.0307481
0.0681802
-0.0263159
0.026767
0.0680359
-0.00783966
0.00798405
0.0681446
-0.0126341
0.0125254
0.0677754
0.00809958
-0.00773033
0.0352373
-0.0343028
0.0644875
-0.460792
0.0664373
-0.382907
0.0678642
-0.326515
0.0690726
-0.27988
0.0697779
-0.241382
0.0701033
-0.208215
0.0701353
-0.178848
0.0699515
-0.152201
0.0696141
-0.128299
0.0692108
-0.10619
0.068718
-0.0871967
0.0682904
-0.0691903
0.0677899
-0.055038
0.0674033
-0.0420438
0.0671181
-0.0301202
0.0667238
-0.0259217
0.0666621
-0.00777808
0.0667989
-0.012771
0.0664506
0.00844796
0.0361133
0.0608057
-0.463429
0.0619157
-0.384017
0.0633449
-0.327944
0.0648785
-0.281414
0.0659712
-0.242474
0.0666626
-0.208906
0.0670301
-0.179215
0.0671441
-0.152315
0.0670678
-0.128222
0.0668849
-0.106007
0.0665814
-0.0868932
0.0663096
-0.0689186
0.0659368
-0.0546651
0.0656689
-0.0417758
0.0654655
-0.0299168
0.0651582
-0.0256143
0.0652052
-0.0078251
0.0653962
-0.012962
0.065105
0.00873915
0.0368904
0.0566275
-0.463172
0.0570087
-0.384398
0.0584855
-0.329421
0.060353
-0.283282
0.0618471
-0.243968
0.0629209
-0.20998
0.0636416
-0.179936
0.0640721
-0.152746
0.0642753
-0.128425
0.0643313
-0.106064
0.0642361
-0.0867981
0.0641393
-0.0688218
0.0639156
-0.0544414
0.0637873
-0.0416475
0.0636885
-0.0298181
0.0634957
-0.0254215
0.0636746
-0.00800395
0.0639441
-0.0132315
0.0637441
0.00893916
0.0375315
0.0520939
-0.46033
0.0518385
-0.384143
0.0533448
-0.330928
0.0555262
-0.285463
0.0574279
-0.24587
0.0589006
-0.211453
0.0599931
-0.181028
0.0607593
-0.153512
0.0612605
-0.128927
0.0615734
-0.106376
0.0617044
-0.0869291
0.0618003
-0.0689176
0.0617453
-0.0543865
0.0617752
-0.0416774
0.061802
-0.0298448
0.0617487
-0.0253683
0.0620797
-0.00833487
0.0624503
-0.0136021
0.0623733
0.00901608
0.038002
0.0473239
-0.455258
0.0464366
-0.383255
0.0479161
-0.332407
0.0503975
-0.287944
0.052725
-0.248198
0.0546202
-0.213348
0.0561065
-0.182515
0.0572289
-0.154635
0.0580467
-0.129745
0.0586343
-0.106964
0.0590081
-0.087303
0.0593131
-0.0692226
0.0594447
-0.0545181
0.0596495
-0.0418822
0.0598211
-0.0300164
0.0599297
-0.0254769
0.0604301
-0.00883533
0.0609227
-0.0140947
0.0609983
0.00894052
0.0382704
0.0419572
-0.447844
0.0404049
-0.381703
0.041966
-0.333968
0.0448634
-0.290842
0.0477042
-0.251039
0.0500769
-0.21572
0.0519926
-0.18443
0.053498
-0.15614
0.054654
-0.130901
0.0555347
-0.107845
0.0561679
-0.0879361
0.0566976
-0.0697524
0.0570321
-0.0548525
0.0574266
-0.0422767
0.0577607
-0.0303504
0.0580507
-0.0257669
0.0587356
-0.00952021
0.0593694
-0.0147286
0.0596243
0.00868558
0.0383084
0.0352167
-0.437146
0.0333217
-0.379808
0.035301
-0.335947
0.038832
-0.294373
0.0423199
-0.254526
0.0452531
-0.218654
0.0476514
-0.186829
0.0495764
-0.158065
0.0510972
-0.132421
0.0522921
-0.10904
0.0532019
-0.0888459
0.053972
-0.0705225
0.0545246
-0.0554051
0.0551225
-0.0428746
0.0556353
-0.0308633
0.0561237
-0.0262552
0.0570055
-0.0104021
0.0577983
-0.0155213
0.0582569
0.00822693
0.0380905
0.0291188
-0.424248
0.0269807
-0.37767
0.028937
-0.337904
0.0327848
-0.29822
0.0367843
-0.258526
0.0402517
-0.222121
0.0431416
-0.189719
0.0455034
-0.160427
0.0474066
-0.134325
0.0489322
-0.110565
0.0501328
-0.0900466
0.0511565
-0.0715462
0.0519405
-0.056189
0.0527532
-0.0436873
0.0534594
-0.0315695
0.0541603
-0.0269561
0.0552495
-0.0114913
0.0562172
-0.0164889
0.0569012
0.0075429
0.0375944
0.0292569
-0.415748
0.024568
-0.372981
0.0246833
-0.338019
0.0276053
-0.301142
0.031538
-0.262459
0.0353141
-0.225897
0.0386013
-0.193006
0.0413616
-0.163187
0.0436353
-0.136598
0.0454915
-0.112421
0.0469884
-0.0915435
0.0482722
-0.07283
0.0492985
-0.0572153
0.0503327
-0.0447215
0.0512475
-0.0324843
0.0521708
-0.0278794
0.0534763
-0.0127968
0.054636
-0.0176487
0.055561
0.00661791
0.0367994
0.240604
-0.355185
-0.301167
0.203364
-0.33574
0.172819
-0.307474
0.150943
-0.279267
0.136617
-0.248133
0.126664
-0.215944
0.119317
-0.185659
0.113779
-0.15765
0.109513
-0.132331
0.106208
-0.109117
0.103621
-0.0889563
0.101691
-0.0708998
0.100211
-0.0557358
0.0992541
-0.0437643
0.098673
-0.0319032
0.0982084
-0.0274148
0.0987695
-0.0133578
0.0989391
-0.0178183
0.0985821
0.00697488
0.0368017
0.273851
-0.292135
-0.336902
0.232303
-0.294192
0.201245
-0.276416
0.177467
-0.255489
0.16048
-0.231146
0.148169
-0.203633
0.138807
-0.176296
0.131615
-0.150458
0.126039
-0.126755
0.12171
-0.104788
0.118322
-0.0855688
0.115752
-0.0683292
0.11381
-0.0537937
0.112459
-0.0424138
0.111631
-0.0310747
0.110954
-0.0267377
0.111489
-0.013893
0.111438
-0.0177674
0.110921
0.00749147
0.0366139
0.315555
-0.232435
-0.375255
0.271017
-0.249655
0.237184
-0.242583
0.209493
-0.227797
0.188297
-0.20995
0.172712
-0.188048
0.160863
-0.164447
0.151682
-0.141277
0.144529
-0.119601
0.138968
-0.099228
0.134615
-0.0812159
0.131273
-0.0649867
0.128758
-0.0512792
0.126917
-0.0405723
0.125761
-0.0299187
0.124809
-0.0257862
0.125241
-0.0143246
0.124857
-0.0173837
0.124201
0.00814724
0.0361145
0.355832
-0.178785
-0.409483
0.309904
-0.203727
0.273864
-0.206543
0.243868
-0.197801
0.219315
-0.185396
0.200385
-0.169118
0.185772
-0.149834
0.174286
-0.129791
0.165227
-0.110543
0.158153
-0.092154
0.152608
-0.075671
0.148319
-0.0606975
0.145092
-0.048052
0.142634
-0.0381147
0.141062
-0.0283465
0.139746
-0.0244697
0.139961
-0.01454
0.139126
-0.0165484
0.138391
0.00888238
0.0351159
0.395423
-0.13312
-0.441087
0.350614
-0.158918
0.312887
-0.168816
0.281071
-0.165986
0.253756
-0.158081
0.231453
-0.146815
0.213786
-0.132167
0.199697
-0.115702
0.188408
-0.0992546
0.179495
-0.0832409
0.172473
-0.0686486
0.167012
-0.0552366
0.162881
-0.0439206
0.159655
-0.0348894
0.157547
-0.0262378
0.155746
-0.0226686
0.155585
-0.0143797
0.154187
-0.0151501
0.153519
0.00955079
0.0333542
0.431795
-0.0954587
-0.469456
0.390806
-0.117929
0.352971
-0.130982
0.320013
-0.133027
0.290898
-0.128966
0.265799
-0.121716
0.245071
-0.111439
0.228184
-0.0988148
0.214402
-0.0854725
0.203326
-0.0721652
0.194503
-0.0598256
0.187595
-0.0483289
0.182308
-0.0386337
0.178131
-0.0307116
0.175313
-0.0234206
0.17287
-0.020225
0.172122
-0.013632
0.170088
-0.0131158
0.169754
0.00988449
0.0304853
0.466232
-0.0651828
-0.496508
0.430669
-0.0823652
0.394595
-0.0949081
0.361249
-0.0996805
0.330944
-0.0986618
0.303689
-0.0944611
0.280078
-0.0878276
0.260235
-0.0789727
0.243712
-0.0689489
0.230164
-0.0586176
0.219204
-0.0488651
0.210535
-0.0396604
0.203793
-0.0318912
0.198443
-0.0253617
0.19468
-0.0196573
0.191393
-0.0169387
0.189801
-0.0120399
0.187137
-0.0104514
0.187539
0.00948254
0.0260996
0.502751
-0.0407114
-0.527223
0.472471
-0.0520847
0.439215
-0.061652
0.406209
-0.0666743
0.374967
-0.0674198
0.345905
-0.0653994
0.319633
-0.0615562
0.296726
-0.0560656
0.277199
-0.0494211
0.260872
-0.0422914
0.247444
-0.0354369
0.236685
-0.0289013
0.228169
-0.0233755
0.221405
-0.018597
0.216407
-0.0146595
0.212051
-0.0125833
0.209349
-0.00933769
0.206171
-0.00727293
0.207782
0.00787148
0.0197676
0.548025
-0.0199099
-0.568827
0.521529
-0.0255886
0.490681
-0.0308036
0.457999
-0.0339928
0.425536
-0.0349571
0.394403
-0.0342658
0.36537
-0.0325235
0.33921
-0.0299054
0.316363
-0.0265746
0.296933
-0.022861
0.28073
-0.0192337
0.267576
-0.015748
0.257007
-0.0128058
0.248594
-0.0101844
0.242092
-0.00815756
0.236465
-0.00695635
0.232462
-0.00533403
0.228957
-0.00376865
0.232151
0.00467766
0.0111311
0.612491
-0.632401
0.586902
0.556099
0.522106
0.487149
0.452883
0.42036
0.390454
0.36388
0.341019
0.321785
0.306037
0.293231
0.283047
0.274889
0.267933
0.262599
0.25883
0.263508
0.332964
0.0039505
-0.330532
0.334434
0.00887885
0.334851
0.0137858
0.334131
0.0186368
0.332182
0.0234239
0.328918
0.0280665
0.324132
0.0327266
0.317758
0.0368583
0.308922
0.041925
0.0412995
0.349909
0.00247591
-0.348435
0.350876
0.007912
0.351292
0.0133698
0.351118
0.0188108
0.350326
0.0242159
0.348901
0.0294914
0.346917
0.0347109
0.344424
0.0393515
0.341841
0.0445079
0.0462388
0.369711
0.00169283
-0.368928
0.370482
0.00714124
0.371258
0.0125934
0.37206
0.018009
0.372916
0.0233605
0.373815
0.0285917
0.37477
0.0337567
0.37549
0.038631
0.376131
0.0438672
0.047115
0.390704
0.00116278
-0.390174
0.391573
0.00627253
0.392788
0.0113783
0.394343
0.0164541
0.396223
0.0214809
0.398383
0.0264312
0.400831
0.0313092
0.403466
0.0359956
0.40661
0.0407237
0.0442418
0.411159
0.000748142
-0.410744
0.412144
0.00528779
0.413704
0.00981765
0.415846
0.0143125
0.418579
0.0187474
0.421915
0.0230954
0.425885
0.0273396
0.430445
0.0314356
0.435704
0.0354642
0.0388591
0.432089
0.000391736
-0.431733
0.433195
0.00418215
0.435061
0.00795205
0.437695
0.0116785
0.441102
0.0153396
0.445283
0.018915
0.450235
0.0223875
0.455935
0.0257355
0.462433
0.0289657
0.0318362
0.455784
0.000120831
-0.455513
0.456903
0.00306263
0.458876
0.00597878
0.461706
0.00884875
0.465393
0.0116527
0.469936
0.014372
0.475334
0.0169893
0.481581
0.0194885
0.488688
0.021859
0.0240159
0.48575
-3.46155e-05
-0.485595
0.486815
0.00199787
0.488789
0.00400497
0.491668
0.0059699
0.495444
0.00787657
0.500106
0.00970986
0.50564
0.0114559
0.512026
0.013102
0.519247
0.0146376
0.0160406
0.527286
-6.438e-05
-0.527256
0.528283
0.0010015
0.530238
0.00204989
0.533137
0.00307042
0.536961
0.00405314
0.541682
0.00498872
0.547269
0.00586856
0.553686
0.00668497
0.560892
0.00743137
0.00810594
0.589146
-0.589211
0.590148
0.592198
0.595268
0.599321
0.60431
0.610178
0.616863
0.624295
0.279725
-0.0328761
-0.281174
0.288201
-0.0392356
0.295393
-0.0338919
0.301541
-0.0287256
0.307536
-0.0244404
0.313279
-0.0200334
0.318541
-0.015396
0.323223
-0.0106658
0.327251
-0.00586964
-0.00100575
0.318557
-0.0360971
-0.315336
0.322858
-0.043537
0.327509
-0.0385421
0.331387
-0.0326041
0.334877
-0.0279306
0.338255
-0.0234116
0.341385
-0.018526
0.344145
-0.0134253
0.346503
-0.00822729
-0.00293789
0.35903
-0.0385557
-0.356571
0.360245
-0.0447523
0.36176
-0.0400573
0.3632
-0.0340437
0.364312
-0.0290427
0.365321
-0.024421
0.366319
-0.0195237
0.367258
-0.0143642
0.36812
-0.00908996
-0.00374567
0.397794
-0.0388405
-0.397509
0.395694
-0.0426521
0.394038
-0.0384016
0.392941
-0.0329468
0.391959
-0.0280607
0.391073
-0.0235353
0.390425
-0.0188751
0.390058
-0.0139969
0.389969
-0.00900157
-0.0039509
0.431886
-0.0365893
-0.434137
0.427081
-0.037847
0.422883
-0.0342044
0.41963
-0.0296937
0.416947
-0.0253773
0.414669
-0.0212573
0.412865
-0.0170712
0.411603
-0.0127353
0.410896
-0.0082948
-0.00379888
0.461464
-0.0318682
-0.466185
0.455078
-0.0314605
0.449372
-0.0284992
0.444694
-0.0250154
0.440834
-0.0215176
0.43763
-0.0180526
0.435082
-0.0145236
0.433238
-0.0108913
0.43212
-0.00717655
-0.00341213
0.490194
-0.0253383
-0.496724
0.483058
-0.0243242
0.47664
-0.0220817
0.471171
-0.0195465
0.466575
-0.016921
0.462764
-0.0142416
0.459729
-0.011489
0.457497
-0.00865892
0.456088
-0.00576731
-0.00283706
0.523633
-0.0177084
-0.531263
0.51608
-0.0167712
0.509262
-0.0152633
0.503305
-0.01359
0.498207
-0.0118229
0.49395
-0.00998473
0.490542
-0.00808072
0.488002
-0.00611921
0.486349
-0.00411428
-0.00208276
0.568731
-0.00928721
-0.577152
0.560721
-0.00876105
0.553455
-0.00799754
0.547017
-0.00715149
0.541439
-0.00624509
0.536744
-0.00529024
0.532958
-0.00429411
0.530103
-0.00326424
0.528198
-0.00220979
-0.0011409
0.635565
-0.644852
0.626804
0.618806
0.611655
0.60541
0.60012
0.595826
0.592561
0.590352
0.127379
0.0120815
-0.0125289
0.128823
0.0368646
-0.0383088
0.131461
0.0624225
-0.06506
0.135374
0.0905181
-0.0944312
0.141524
0.120265
-0.126415
0.149689
0.156595
-0.16476
0.163876
0.192726
-0.206913
0.180581
0.246542
-0.263247
0.221566
0.279101
-0.320085
0.355441
-0.415049
0.148731
0.0114446
0.150692
0.0349042
0.15426
0.0588545
0.159454
0.0853237
0.167662
0.112056
0.178132
0.146125
0.196896
0.173962
0.217985
0.225453
0.26697
0.230116
0.307075
0.173603
0.0106079
0.176148
0.0323593
0.180794
0.054209
0.187477
0.0786407
0.198035
0.101498
0.211137
0.133023
0.234251
0.150848
0.260126
0.199578
0.306295
0.183946
0.256799
0.202586
0.00955681
0.205759
0.0291861
0.211546
0.0484226
0.219799
0.0703878
0.232628
0.0886683
0.248437
0.117214
0.273767
0.125519
0.303914
0.169431
0.342474
0.145387
0.201764
0.236351
0.00827824
0.240174
0.0253623
0.24704
0.0415572
0.256864
0.0605632
0.271321
0.0742114
0.289893
0.0986421
0.314491
0.100921
0.348483
0.135439
0.379809
0.114061
0.147436
0.275657
0.00678868
0.280107
0.0209119
0.287804
0.0338604
0.299073
0.0492943
0.314135
0.0591492
0.334976
0.0778016
0.357432
0.0784643
0.392433
0.100438
0.419892
0.0866026
0.101142
0.321407
0.00515627
0.326367
0.0159522
0.334538
0.0256893
0.34679
0.0370428
0.36175
0.0441889
0.38321
0.056341
0.40408
0.0575948
0.435981
0.0685361
0.461391
0.0611926
0.0658094
0.374699
0.00346882
0.379932
0.010719
0.388302
0.0173196
0.400776
0.0245684
0.415492
0.0294729
0.435709
0.0361247
0.455615
0.0376884
0.482189
0.0419621
0.504973
0.0384092
0.0395189
0.436841
0.0017678
0.442129
0.00543137
0.450604
0.00884471
0.462812
0.0123602
0.477357
0.0149276
0.49573
0.0177518
0.514667
0.0187511
0.536595
0.0200344
0.556468
0.0185363
0.0188346
0.50938
0.514811
0.523656
0.536016
0.550944
0.568696
0.587447
0.607481
0.626018
0.0714473
0.0105096
-0.0112454
0.0720762
0.0331418
-0.0337707
0.0725673
0.0566732
-0.0571644
0.0728206
0.081924
-0.0821772
0.0727207
0.109823
-0.109723
0.0720218
0.141212
-0.140513
0.0703601
0.178902
-0.17724
0.0671659
0.222661
-0.219466
0.0609361
0.28374
-0.27751
0.354592
-0.342767
0.0713729
0.009843
0.0718803
0.0326343
0.07221
0.0563436
0.0722595
0.0818745
0.071946
0.110136
0.0710034
0.142155
0.0691738
0.180731
0.0658817
0.225953
0.0598933
0.289728
0.365458
0.0712511
0.00929374
0.0715892
0.0322962
0.0717085
0.0562243
0.0715039
0.0820791
0.0709267
0.110713
0.069684
0.143398
0.0676442
0.182771
0.0641931
0.229404
0.0584535
0.295468
0.375252
0.0710833
0.00890935
0.0712054
0.0321741
0.0710667
0.056363
0.0705597
0.0825861
0.0696684
0.111605
0.0680697
0.144996
0.0657779
0.185063
0.0620968
0.233085
0.0566427
0.300922
0.383876
0.0708709
0.00873624
0.0707323
0.0323127
0.0702896
0.0568056
0.069434
0.0834417
0.0681782
0.11286
0.0661695
0.147005
0.0635836
0.187649
0.0595939
0.237075
0.0545033
0.306013
0.391266
0.0706157
0.0088194
0.0701736
0.0327548
0.0693826
0.0575966
0.0681347
0.0846897
0.0664637
0.114531
0.0639956
0.149473
0.0610699
0.190574
0.0566927
0.241452
0.0520961
0.310609
0.397428
0.0703197
0.00920211
0.0695338
0.0335408
0.0683518
0.0587785
0.0666698
0.0863718
0.0645325
0.116669
0.0615619
0.152444
0.0582431
0.193893
0.0534145
0.24628
0.0494929
0.314531
0.402484
0.0699851
0.00992555
0.0688173
0.0347085
0.0672033
0.0603926
0.065046
0.0885291
0.0623901
0.119324
0.0588802
0.155954
0.0551056
0.197668
0.0497985
0.251588
0.046785
0.317544
0.406701
0.0696157
0.0110275
0.0680317
0.0362925
0.0659458
0.0624785
0.0632715
0.0912034
0.0600418
0.122554
0.0559583
0.160037
0.0516605
0.201965
0.0459309
0.257317
0.0439191
0.319556
0.410587
0.0692283
0.067212
0.0646305
0.0614027
0.057542
0.0528192
0.047872
0.0419422
0.0414132
0.0695046
0.0130241
-0.0118239
0.0686094
0.036693
-0.0357978
0.067982
0.0606061
-0.0599787
0.0675217
0.0852355
-0.0847752
0.0670206
0.110638
-0.110137
0.0661154
0.137002
-0.136097
0.0640228
0.16334
-0.161247
0.0595592
0.188572
-0.184109
0.0494956
0.206967
-0.196903
0.210406
-0.195515
0.0699226
0.0138175
0.0694125
0.037203
0.0691225
0.0608961
0.0689553
0.0854027
0.0686992
0.110894
0.0680235
0.137678
0.0661328
0.16523
0.0620374
0.192668
0.0525899
0.216414
0.225995
0.0702831
0.0142587
0.0700934
0.0373927
0.0700796
0.0609099
0.070143
0.0853394
0.0700723
0.110964
0.0695707
0.138179
0.067864
0.166937
0.0640802
0.196451
0.0551147
0.22538
0.241832
0.0705973
0.0143908
0.0706815
0.0373085
0.0708997
0.0606918
0.0711509
0.0850881
0.0712232
0.110892
0.0708481
0.138554
0.0692719
0.168513
0.0656962
0.200027
0.0571398
0.233936
0.257552
0.0708649
0.0142579
0.0711756
0.0369978
0.0715805
0.0602869
0.0719769
0.0846917
0.0721524
0.110717
0.0718585
0.138848
0.0703662
0.170006
0.0669304
0.203463
0.0587844
0.242082
0.272985
0.0710848
0.0139055
0.0715736
0.0365089
0.072118
0.0597426
0.0726151
0.0841946
0.0728554
0.110476
0.0726044
0.139099
0.0711692
0.171441
0.0678476
0.206784
0.0600975
0.249832
0.288046
0.071256
0.0133802
0.0718734
0.0358916
0.0725082
0.0591077
0.0730587
0.0836441
0.0733232
0.110212
0.0730761
0.139346
0.0716708
0.172846
0.0684402
0.210015
0.0610528
0.25722
0.302648
0.071378
0.0127295
0.0720737
0.0351959
0.0727489
0.0584326
0.0733029
0.08309
0.0735479
0.109967
0.0732616
0.139633
0.0718526
0.174255
0.0686838
0.213184
0.0616268
0.264277
0.316699
0.0714505
0.0120017
0.0721742
0.0344721
0.0728389
0.0577679
0.0733452
0.0825837
0.0735243
0.109788
0.073152
0.140005
0.071701
0.175706
0.0685623
0.216323
0.0618074
0.271031
0.330104
0.0714735
0.072175
0.0727785
0.0731849
0.07325
0.0727417
0.0712078
0.0680641
0.0615854
0.505852
0.00146382
0.501496
0.00435636
0.494373
0.00712338
0.484864
0.00950844
0.473507
0.011357
0.460969
0.012538
0.448094
0.0128758
0.435757
0.0123363
0.425097
0.0106604
0.00824521
0.416852
0.433424
0.00291499
0.429103
0.00867677
0.42207
0.0141571
0.412624
0.0189542
0.40122
0.0227604
0.388464
0.0252946
0.375155
0.0261841
0.362191
0.0253006
0.350765
0.0220864
0.0173223
0.341688
0.371286
0.00439926
0.366867
0.0130955
0.359652
0.0213722
0.349848
0.0287579
0.337803
0.0348055
0.324036
0.0390615
0.309309
0.0409116
0.294593
0.0400161
0.28124
0.03544
0.02828
0.270282
0.31806
0.00587376
0.31366
0.0174953
0.306408
0.0286247
0.296391
0.0387745
0.283805
0.047392
0.269018
0.0538485
0.252687
0.0572419
0.235837
0.0568668
0.220007
0.0512696
0.0416333
0.206654
0.272508
0.00727106
0.268316
0.0216875
0.261318
0.0356233
0.251468
0.0486238
0.238773
0.060087
0.223377
0.0692454
0.205728
0.0748901
0.186782
0.0758132
0.168236
0.0698153
0.0577341
0.152136
0.233537
0.00853268
0.229719
0.0255057
0.223257
0.0420845
0.213982
0.057899
0.201703
0.0723658
0.18629
0.0846585
0.167886
0.0932947
0.147177
0.0965216
0.125883
0.0911096
0.0769544
0.106663
0.200189
0.00962363
0.19685
0.0288452
0.191126
0.0478087
0.182742
0.0662829
0.171342
0.0837655
0.156516
0.0994841
0.138044
0.111767
0.116132
0.118433
0.09228
0.114962
0.099723
0.0695114
0.17164
0.0105341
0.168819
0.0316666
0.163929
0.0526987
0.156623
0.0735884
0.146429
0.0939602
0.132695
0.113218
0.114839
0.129623
0.0924261
0.140847
0.0664395
0.140948
0.12648
0.0396827
0.147193
0.0112673
0.144882
0.0339768
0.140838
0.0567434
0.134675
0.079751
0.125859
0.102776
0.113572
0.125505
0.0969195
0.146275
0.0747592
0.163007
0.0471744
0.168533
0.15771
0.0159446
0.12627
0.124449
0.121213
0.116189
0.108829
0.0982373
0.0832651
0.0621635
0.0337936
-0.00401237
0.407651
0.00920089
0.399417
0.00823397
0.392165
0.00725217
0.385928
0.00623673
0.38074
0.00518806
0.376629
0.00411047
0.37362
0.00300889
0.371733
0.00188772
0.370982
0.000751051
-0.000397057
0.371379
0.334364
0.0165249
0.327803
0.0147946
0.322003
0.0130525
0.316998
0.0112418
0.312828
0.00935839
0.309525
0.00741318
0.307116
0.00541826
0.30562
0.00338374
0.305052
0.00131899
-0.000766465
0.305421
0.264812
0.0219944
0.259925
0.019682
0.255585
0.0173926
0.251825
0.0150015
0.24869
0.0124931
0.246216
0.00988767
0.244427
0.00720692
0.243343
0.00446787
0.242976
0.00168648
-0.0011203
0.24333
0.202883
0.0257649
0.199537
0.0230276
0.196552
0.0203776
0.193959
0.0175951
0.191805
0.0146472
0.190125
0.0115672
0.188942
0.00838996
0.188268
0.00514171
0.188106
0.00184854
-0.00146055
0.188446
0.149826
0.0280744
0.147816
0.0250373
0.146023
0.0221713
0.144472
0.0191459
0.143209
0.0159097
0.142261
0.0125159
0.141634
0.00901698
0.141321
0.00545434
0.141299
0.00187101
-0.00168511
0.141523
0.105524
0.0292128
0.104596
0.0259655
0.103789
0.022978
0.103122
0.0198138
0.102619
0.0164127
0.102278
0.0128561
0.102075
0.00922054
0.10196
0.00556882
0.101866
0.00196563
-0.00152205
0.101703
0.0691857
0.0295386
0.0690052
0.0261459
0.068896
0.0230872
0.0688556
0.0198542
0.0688681
0.0164002
0.0688833
0.0128408
0.0688268
0.00927701
0.068605
0.00579066
0.0681112
0.00245944
-0.000647602
0.0672368
0.0396694
0.0295519
0.0397394
0.0260759
0.0398717
0.0229549
0.0400406
0.0196853
0.0401685
0.0162723
0.0401523
0.012857
0.0398786
0.00955075
0.0392315
0.00643774
0.0381058
0.00358513
0.00103585
0.0364224
0.015589
0.0299075
0.0150772
0.0265877
0.0148015
0.0232305
0.0146636
0.0198232
0.0145005
0.0164355
0.0141497
0.0132078
0.0134705
0.01023
0.0123529
0.00755534
0.0107285
0.00520948
0.00318593
0.00857845
-0.00539785
-0.00655046
-0.00748568
-0.00823994
-0.00898697
-0.00987377
-0.0110094
-0.0124646
-0.0142648
-0.0163882
0.372933
-0.00155476
0.375647
-0.00271326
0.379517
-0.00387043
0.384539
-0.00502164
0.390701
-0.00616196
0.397987
-0.00728611
0.406375
-0.00838838
0.415838
-0.0094623
0.426338
-0.0105002
-0.0114864
0.437824
0.306733
-0.00286673
0.308983
-0.00496356
0.312163
-0.00705014
0.316256
-0.00911499
0.32124
-0.0111459
0.327084
-0.0131299
0.333749
-0.0150534
0.341189
-0.0169016
0.349348
-0.0186593
-0.020307
0.358168
0.244402
-0.00393942
0.24618
-0.00674127
0.24864
-0.00951014
0.251749
-0.0122239
0.255462
-0.0148592
0.259725
-0.0173926
0.264472
-0.0198008
0.269631
-0.0220608
0.275126
-0.0241545
-0.0260819
0.280901
0.189266
-0.00475935
0.190528
-0.00800243
0.192177
-0.0111596
0.194148
-0.0141945
0.196361
-0.0170726
0.198731
-0.0197628
0.20117
-0.0222397
0.203591
-0.0244817
0.205919
-0.0264817
-0.0282928
0.208129
0.141932
-0.00516875
0.142448
-0.00851749
0.142976
-0.0116885
0.143422
-0.0146399
0.143689
-0.0173401
0.143698
-0.0197714
0.143386
-0.0219281
0.142713
-0.0238082
0.141667
-0.0254356
-0.0269559
0.14033
0.101369
-0.00483557
0.100762
-0.00791035
0.0997854
-0.0107116
0.0983645
-0.013219
0.0964589
-0.0154344
0.0940696
-0.0173821
0.0912357
-0.0190942
0.0880138
-0.0205863
0.084497
-0.0219187
-0.0233816
0.0809227
0.0658835
-0.00348227
0.0639818
-0.0060087
0.0615008
-0.00823062
0.0584585
-0.0101766
0.0549253
-0.0119013
0.0510206
-0.0134774
0.0468888
-0.0149624
0.0426491
-0.0163467
0.0384384
-0.017708
-0.0195793
0.0346361
0.0341401
-0.00120006
0.0312727
-0.00314129
0.0278873
-0.00484522
0.0241042
-0.00639347
0.0200864
-0.00788343
0.0160248
-0.00941586
0.012111
-0.0110485
0.00847046
-0.0127062
0.00520115
-0.0144387
-0.0170595
0.00268131
0.0059336
0.0014448
0.00288189
-8.9574e-05
-0.000447063
-0.00151627
-0.00389077
-0.00294976
-0.0072708
-0.00450339
-0.0104112
-0.00627547
-0.013141
-0.00831869
-0.0152982
-0.010549
-0.0167921
-0.0129447
-0.0162363
-0.0176153
-0.0187726
-0.0213112
-0.0238767
-0.0263305
-0.0285369
-0.0303784
-0.031746
-0.0324185
-0.0320612
-0.0309731
0.453503
-0.0156785
0.473894
-0.0203915
0.498618
-0.0247239
0.52699
-0.0283715
0.558393
-0.0314037
0.59145
-0.0330569
0.625193
-0.033743
0.65757
-0.0323766
0.688067
-0.0304973
0.715285
-0.0272183
0.738692
-0.0234068
0.758635
-0.0199425
0.773843
-0.0152083
0.786151
-0.0123086
0.79393
-0.00777818
0.799519
-0.0055894
0.799779
-0.000260376
0.799589
0.000190049
0.792688
0.00690119
0.00984482
0.372458
-0.029968
0.39085
-0.0387831
0.412741
-0.0466154
0.437769
-0.0533994
0.465301
-0.0589363
0.494117
-0.0618724
0.523149
-0.0627755
0.550874
-0.0601011
0.576833
-0.0564562
0.599675
-0.0500606
0.619472
-0.0432039
0.635937
-0.036407
0.648652
-0.0279233
0.658931
-0.0225879
0.665402
-0.0142493
0.670178
-0.0103647
0.671062
-0.00114481
0.671048
0.000204437
0.666095
0.0118537
0.0171437
0.293614
-0.0426803
0.309816
-0.0549858
0.329352
-0.0661511
0.352428
-0.0764757
0.378097
-0.084605
0.404915
-0.0886908
0.431407
-0.0892674
0.456306
-0.0849998
0.478948
-0.0790982
0.498296
-0.0694088
0.514902
-0.0598092
0.528048
-0.0495535
0.538386
-0.0382616
0.546485
-0.0306861
0.551539
-0.0193033
0.555503
-0.0143294
0.5567
-0.00234151
0.556838
6.67325e-05
0.553812
0.014879
0.0221035
0.218763
-0.0533137
0.233487
-0.0697098
0.25346
-0.0861245
0.278262
-0.101277
0.305428
-0.111771
0.332633
-0.115896
0.357976
-0.11461
0.380514
-0.107537
0.399748
-0.0983326
0.415423
-0.085084
0.428395
-0.0727811
0.438059
-0.0592175
0.445804
-0.0460062
0.451524
-0.0364058
0.455078
-0.0228579
0.458206
-0.0174577
0.459248
-0.0033828
0.459516
-0.000201119
0.458064
0.016331
0.0253752
0.150939
-0.0639226
0.168649
-0.0874202
0.194043
-0.111519
0.223457
-0.130691
0.252685
-0.140999
0.279278
-0.142489
0.301947
-0.137279
0.320652
-0.126243
0.33554
-0.113221
0.347142
-0.0966863
0.356365
-0.0820037
0.362919
-0.0657714
0.368337
-0.0514246
0.372069
-0.0401379
0.374495
-0.0252833
0.376964
-0.0199268
0.37774
-0.00415898
0.378244
-0.000704631
0.377972
0.0166026
0.0275412
0.0966881
-0.079688
0.122246
-0.112978
0.154208
-0.143481
0.186147
-0.162629
0.21436
-0.169213
0.237688
-0.165817
0.256074
-0.155664
0.270333
-0.140502
0.281103
-0.123991
0.289268
-0.104851
0.295557
-0.0882924
0.299935
-0.0701492
0.303685
-0.0551748
0.306105
-0.0425584
0.307866
-0.0270437
0.309868
-0.0219293
0.310457
-0.00474741
0.311247
-0.00149523
0.311758
0.0160922
0.0290217
0.059311
-0.104363
0.0926973
-0.146365
0.127645
-0.178428
0.158385
-0.193369
0.183191
-0.194019
0.202273
-0.1849
0.216475
-0.169866
0.227011
-0.151038
0.234691
-0.131671
0.240423
-0.110583
0.244721
-0.0925909
0.247722
-0.0731505
0.25035
-0.0578023
0.251973
-0.0441815
0.253347
-0.028418
0.254982
-0.0235636
0.255465
-0.00523122
0.256489
-0.00251865
0.257425
0.0151563
0.0300899
0.0356671
-0.137349
0.0735256
-0.184223
0.107883
-0.212785
0.135584
-0.221071
0.156503
-0.214938
0.171717
-0.200114
0.182547
-0.180696
0.190308
-0.158799
0.195813
-0.137176
0.199873
-0.114643
0.202839
-0.0955568
0.204947
-0.0752583
0.206795
-0.0596498
0.20792
-0.0453069
0.20903
-0.0295277
0.210342
-0.024876
0.210769
-0.00565853
0.211921
-0.00366986
0.213015
0.0140616
0.0309088
0.0210736
-0.176038
0.060089
-0.223239
0.092264
-0.24496
0.116523
-0.245329
0.133819
-0.232234
0.145796
-0.21209
0.154005
-0.188905
0.159717
-0.16451
0.163672
-0.141132
0.166555
-0.117526
0.168602
-0.0976036
0.170093
-0.0767494
0.171378
-0.0609349
0.172173
-0.0461014
0.173069
-0.0304239
0.174098
-0.0259047
0.17449
-0.00605117
0.175668
-0.00484716
0.176753
0.012976
0.031569
0.0118341
-0.218845
0.050443
-0.261847
0.0798945
-0.274412
0.100665
-0.2661
0.114724
-0.246293
0.124033
-0.2214
0.130209
-0.19508
0.134389
-0.16869
0.13722
-0.143963
0.139252
-0.119559
0.140646
-0.0989977
0.141697
-0.0778
0.14256
-0.0617981
0.143135
-0.0466758
0.143835
-0.0311243
0.14463
-0.0266997
0.144996
-0.00641688
0.146116
-0.00596779
0.147114
0.011978
0.0321225
0.0522896
-0.24509
0.0715536
-0.281111
0.0807694
-0.283628
0.083941
-0.269271
0.0837322
-0.246084
0.0819851
-0.219653
0.0797543
-0.19285
0.0775968
-0.166533
0.0757143
-0.14208
0.0742949
-0.118139
0.0732701
-0.097973
0.0727251
-0.0772549
0.0726181
-0.0616911
0.072789
-0.0468467
0.0734525
-0.0317878
0.0743808
-0.0276281
0.0753791
-0.00741524
0.0770287
-0.00761733
0.078764
0.0102427
0.0309846
0.0566217
-0.272082
0.0748014
-0.299291
0.0830238
-0.29185
0.0854593
-0.271707
0.0849397
-0.245565
0.0831331
-0.217846
0.0809537
-0.19067
0.0788615
-0.164441
0.0770161
-0.140235
0.0755842
-0.116708
0.0744908
-0.0968795
0.0738353
-0.0765995
0.0735537
-0.0614095
0.0735229
-0.0468159
0.0739472
-0.032212
0.0745751
-0.028256
0.0752727
-0.00811283
0.0765942
-0.00893879
0.0779191
0.00891769
0.0302901
0.0609822
-0.29948
0.0774958
-0.315805
0.0846226
-0.298977
0.0863845
-0.273469
0.0856278
-0.244808
0.083815
-0.216033
0.0817193
-0.188575
0.0797157
-0.162437
0.0779278
-0.138447
0.0765038
-0.115284
0.0753645
-0.0957403
0.0746215
-0.0758565
0.0741937
-0.0609817
0.0739898
-0.046612
0.0742088
-0.032431
0.0745705
-0.0286177
0.0750114
-0.00855374
0.0760489
-0.00997626
0.0770065
0.0079601
0.0299848
0.0649523
-0.326599
0.079505
-0.330358
0.0855413
-0.305013
0.0867409
-0.274669
0.0858363
-0.243903
0.0840756
-0.214272
0.0820942
-0.186593
0.0801958
-0.160539
0.0784777
-0.136729
0.0770745
-0.11388
0.075906
-0.0945718
0.075095
-0.0750455
0.0745446
-0.0604314
0.0741971
-0.0462644
0.0742407
-0.0324747
0.0743721
-0.028749
0.0746
-0.00878163
0.075394
-0.0107703
0.0760303
0.00732391
0.0300152
0.0682088
-0.352668
0.080694
-0.342843
0.085691
-0.31001
0.086465
-0.275443
0.0855093
-0.242948
0.0838672
-0.21263
0.0820416
-0.184768
0.0802766
-0.158774
0.0786509
-0.135103
0.0772891
-0.112518
0.0761136
-0.0933964
0.0752577
-0.0741895
0.0746111
-0.0597848
0.0741502
-0.0458036
0.0740486
-0.032373
0.0739861
-0.0286865
0.0740438
-0.00883929
0.0746337
-0.0113603
0.0749944
0.00696325
0.0303276
0.0705602
-0.376951
0.0810139
-0.353296
0.085061
-0.314057
0.0855554
-0.275937
0.0846421
-0.242034
0.0831774
-0.211166
0.0815462
-0.183136
0.0799438
-0.157171
0.0784365
-0.133596
0.0771413
-0.111223
0.0759854
-0.0922405
0.075111
-0.0733151
0.0743971
-0.0590709
0.0738548
-0.0452614
0.0736384
-0.0321566
0.0734192
-0.0284673
0.0733485
-0.00876859
0.0737724
-0.0117842
0.073903
0.00683267
0.030869
0.0719103
-0.398823
0.0804637
-0.36185
0.0836866
-0.31728
0.0840454
-0.276296
0.0832602
-0.241249
0.0820219
-0.209927
0.0806168
-0.181731
0.0792025
-0.155757
0.0778384
-0.132232
0.0766351
-0.11002
0.0755262
-0.0911316
0.074661
-0.07245
0.0739099
-0.0583198
0.0733185
-0.0446699
0.0730179
-0.0318561
0.0726795
-0.0281289
0.0725209
-0.00861002
0.0728152
-0.0120785
0.0727605
0.0068874
0.0315873
0.072236
-0.417807
0.0790742
-0.368688
0.0816254
-0.319831
0.0819795
-0.27665
0.0813971
-0.240667
0.0804239
-0.208954
0.0792703
-0.180578
0.0780661
-0.154553
0.0768678
-0.131034
0.0757807
-0.108933
0.0747459
-0.0900967
0.0739175
-0.0716216
0.0731595
-0.0575618
0.0725506
-0.044061
0.0721961
-0.0315016
0.0717756
-0.0277084
0.071568
-0.00840236
0.0717677
-0.0122782
0.0715716
0.00708351
0.0324315
0.0715713
-0.433585
0.0769009
-0.374018
0.0789464
-0.321877
0.0794062
-0.27711
0.0790874
-0.240348
0.0784089
-0.208276
0.0775271
-0.179696
0.0765521
-0.153578
0.0755404
-0.130022
0.0745926
-0.107985
0.0736577
-0.0891619
0.0728928
-0.0708567
0.0721577
-0.0568266
0.0715622
-0.0434656
0.0711833
-0.0311228
0.0707175
-0.0272426
0.0704974
-0.00818227
0.0706359
-0.0124167
0.0703411
0.00737831
0.0333525
0.069992
0.074018
0.0757207
0.0763728
0.0763639
0.0760024
0.0754094
0.0746809
0.0738752
0.0730883
0.072278
0.071602
0.0709184
0.0703656
0.069991
0.0695154
0.0693173
0.069426
0.069074
)
;

boundaryField
{
    inlet
    {
        type            calculated;
        value           nonuniform List<scalar> 
40
(
-0.126932
-0.148094
-0.172766
-0.201535
-0.235072
-0.274167
-0.319775
-0.373012
-0.43514
-0.507612
-0.0707115
-0.0707062
-0.0707018
-0.0706989
-0.0706978
-0.0706989
-0.0707024
-0.0707085
-0.0707176
-0.0707298
-0.0707048
-0.070716
-0.0707242
-0.0707294
-0.070732
-0.0707324
-0.0707307
-0.0707273
-0.0707227
-0.0707172
-0.507316
-0.434875
-0.37277
-0.319534
-0.273906
-0.234798
-0.20128
-0.172551
-0.147926
-0.126826
)
;
    }
    outlet
    {
        type            calculated;
        value           nonuniform List<scalar> 
40
(
0.0985798
0.111109
0.124701
0.139389
0.15528
0.172623
0.191925
0.214114
0.240788
0.274639
0.0668408
0.0655746
0.0643278
0.063103
0.0619028
0.0607298
0.0595864
0.0584748
0.0573973
0.0563561
0.0799019
0.0786137
0.0773117
0.0759999
0.0746819
0.0733616
0.0720423
0.0707274
0.0694201
0.0681236
0.782843
0.658796
0.548853
0.454792
0.375806
0.310277
0.256356
0.212196
0.176093
0.146561
)
;
    }
    top
    {
        type            symmetryPlane;
        value           uniform 0;
    }
    bottom
    {
        type            symmetryPlane;
        value           uniform 0;
    }
    cylinder
    {
        type            calculated;
        value           nonuniform List<scalar> 
80
(
-1.12478e-18
-1.04662e-18
1.92416e-18
7.63975e-18
-7.54998e-18
9.2755e-18
-2.19312e-18
-4.84809e-18
-6.57167e-19
1.06217e-17
1.06364e-18
-4.29818e-18
4.76689e-18
-6.4224e-18
-3.5236e-18
-6.72805e-18
-2.35953e-17
-1.87396e-18
1.49339e-17
-2.47098e-17
8.77955e-18
-1.49339e-17
1.87396e-18
9.71748e-18
7.44156e-18
-8.54206e-18
6.4224e-18
-4.76689e-18
4.29818e-18
1.55428e-19
1.12478e-18
1.04662e-18
-1.92416e-18
-7.63975e-18
1.85097e-18
2.64536e-18
1.74077e-17
4.84809e-18
-1.32206e-17
-2.23662e-17
1.06217e-17
1.32206e-17
-4.84809e-18
1.03479e-17
9.2755e-18
-1.85097e-18
7.63975e-18
1.92416e-18
-1.04662e-18
-1.12478e-18
-8.77955e-18
1.05613e-18
-1.87396e-18
-2.04458e-17
7.86324e-18
8.54206e-18
-6.4224e-18
4.76689e-18
-4.29818e-18
-1.55428e-19
1.55428e-19
4.29818e-18
-4.76689e-18
6.4224e-18
-8.54206e-18
7.44156e-18
2.04458e-17
1.87396e-18
-1.05613e-18
8.77955e-18
-1.06217e-17
6.57167e-19
4.84809e-18
2.19312e-18
1.65231e-17
7.54998e-18
-7.63975e-18
-1.92416e-18
1.04662e-18
1.12478e-18
)
;
    }
    frontandback
    {
        type            empty;
        value           nonuniform 0();
    }
}


// ************************************************************************* //
