/*--------------------------------*- C++ -*----------------------------------*\
  =========                 |
  \\      /  F ield         | OpenFOAM: The Open Source CFD Toolbox
   \\    /   O peration     | Website:  https://openfoam.org
    \\  /    A nd           | Version:  6.0
     \\/     M anipulation  |
\*---------------------------------------------------------------------------*/
FoamFile
{
    version     2.0;
    format      ascii;
    class       surfaceScalarField;
    location    "14.9975";
    object      phi;
}
// * * * * * * * * * * * * * * * * * * * * * * * * * * * * * * * * * * * * * //

dimensions      [0 3 -1 0 0 0 0];

internalField   nonuniform List<scalar> 
4670
(
0.00110653
-0.211112
0.210005
0.0045728
-0.174327
0.170861
0.00981386
-0.154141
0.1489
0.0161914
-0.141984
0.135606
0.0231939
-0.133814
0.126812
0.0304488
-0.127532
0.120277
0.0377066
-0.122109
0.114852
0.0448184
-0.117072
0.10996
0.0517119
-0.112172
0.105279
-0.107183
0.100532
0.0583634
0.00130795
-0.21242
0.00508632
-0.178105
0.0106193
-0.159674
0.0172026
-0.148567
0.0242974
-0.140909
0.0315285
-0.134763
0.0386592
-0.12924
0.0455625
-0.123975
0.0521957
-0.118806
-0.113563
0.0585754
0.00149486
-0.213915
0.00554205
-0.182152
0.0112969
-0.165429
0.0179961
-0.155266
0.0250822
-0.147995
0.0321859
-0.141867
0.0390896
-0.136144
0.045693
-0.130578
0.0519848
-0.125097
-0.119601
0.0580225
0.00165932
-0.215574
0.00592756
-0.186421
0.0118315
-0.171333
0.0185564
-0.161991
0.0255361
-0.154975
0.0324158
-0.148746
0.0390035
-0.142732
0.0452284
-0.136803
0.0511112
-0.13098
-0.125238
0.0567487
0.00180269
-0.217377
0.00623981
-0.190858
0.0122179
-0.177311
0.0188806
-0.168654
0.0256627
-0.161757
0.032232
-0.155315
0.0384265
-0.148926
0.0442061
-0.142583
0.0496219
-0.136396
-0.130424
0.0548074
0.00192447
-0.219301
0.00647782
-0.195411
0.0124573
-0.18329
0.0189763
-0.175173
0.0254805
-0.168261
0.0316664
-0.161501
0.0374051
-0.154665
0.0426857
-0.147863
0.047586
-0.141296
-0.135113
0.0522747
0.00202581
-0.221327
0.00664449
-0.20003
0.0125573
-0.189203
0.0188602
-0.181476
0.0250192
-0.17442
0.0307655
-0.167248
0.0360043
-0.159904
0.0407505
-0.15261
0.0451018
-0.145648
-0.139266
0.049255
0.0021101
-0.223437
0.00674784
-0.204668
0.0125329
-0.194988
0.0185568
-0.1875
0.0243143
-0.180178
0.0295764
-0.17251
0.0342844
-0.164612
0.0384751
-0.1568
0.042251
-0.149423
-0.14282
0.045805
0.00218736
-0.225625
0.00680511
-0.209285
0.0124097
-0.200593
0.0181038
-0.193194
0.0234165
-0.185491
0.0281567
-0.17725
0.0322954
-0.16875
0.0358826
-0.160388
0.0390143
-0.152555
-0.145719
0.0419133
0.00228349
-0.227908
0.00683672
-0.213839
0.0122166
-0.205972
0.0175526
-0.19853
0.0224104
-0.190348
0.0266288
-0.181468
0.0301869
-0.172308
0.0331148
-0.163315
0.0354836
-0.154924
-0.147896
0.0376608
0.247036
0.00179333
-0.24883
0.245141
0.00189575
0.243144
0.00199611
0.241064
0.00208095
0.238917
0.00214639
0.236725
0.00219187
0.234508
0.00221732
0.232284
0.00222367
0.23008
0.00220467
0.00217157
0.247218
0.00409318
-0.249518
0.244546
0.00456807
0.241537
0.00500464
0.238223
0.00539491
0.234637
0.00573232
0.230815
0.00601435
0.226791
0.0062407
0.222602
0.00641339
0.218275
0.00653124
0.00660807
0.240534
0.00583191
-0.242272
0.238299
0.00680288
0.235594
0.00770948
0.232445
0.00854331
0.228882
0.00929558
0.224936
0.00996038
0.220641
0.0105362
0.21603
0.0110245
0.211131
0.0114303
0.0117662
0.22877
0.00681459
-0.229753
0.227264
0.00830879
0.225247
0.00972606
0.222736
0.0110542
0.21975
0.0122819
0.216312
0.0133988
0.212446
0.014402
0.20818
0.0152903
0.203534
0.016076
0.0167708
0.215
0.0071846
-0.21537
0.214129
0.00918063
0.212759
0.0110951
0.210902
0.0129117
0.208567
0.0146165
0.205773
0.0161936
0.202534
0.0176403
0.198878
0.0189472
0.194811
0.0201428
0.021233
0.201169
0.00716646
-0.201151
0.200725
0.00962484
0.19982
0.0119997
0.198461
0.0142712
0.196654
0.0164232
0.194415
0.0184326
0.191757
0.0202988
0.188709
0.0219946
0.185271
0.0235813
0.0250355
0.188307
0.00695865
-0.188099
0.188093
0.00983884
0.18746
0.0126328
0.186413
0.015318
0.18496
0.0178763
0.183118
0.020275
0.180899
0.0225181
0.17835
0.0245432
0.175457
0.0264745
0.0281838
0.17682
0.00669975
-0.176561
0.176691
0.00996751
0.17618
0.0131439
0.175294
0.0162043
0.174041
0.0191294
0.172442
0.0218737
0.170512
0.0244477
0.168331
0.0267244
0.165853
0.0289524
0.0307214
0.166733
0.0064685
-0.166501
0.166604
0.0100961
0.166124
0.013624
0.165302
0.0170263
0.164148
0.0202836
0.162686
0.023336
0.16093
0.0262029
0.159013
0.0286419
0.156854
0.0311113
0.0326512
0.157885
-0.157721
0.00630402
0.157716
0.0102651
0.157227
0.0141136
0.15643
0.017823
0.155336
0.0213772
0.15397
0.0247026
0.152333
0.0278395
0.150589
0.0303858
0.14871
0.0329908
0.0334651
0.255358
-0.00032172
-0.255036
0.255508
-0.000150599
0.255446
6.22383e-05
0.255155
0.000290449
0.254633
0.000522448
0.253881
0.000751702
0.252909
0.000972469
0.251728
0.00118038
0.250363
0.00136599
0.00153287
0.251107
-0.00221489
-0.249214
0.252617
-0.00166014
0.253731
-0.00105164
0.254428
-0.000406301
0.254693
0.000256829
0.254521
0.000923927
0.25391
0.00158311
0.252866
0.00222447
0.251397
0.00283482
0.00341246
0.235369
-0.00530235
-0.232282
0.238046
-0.00433717
0.240288
-0.00329335
0.242069
-0.00218733
0.243368
-0.00104249
0.24417
0.000121582
0.244466
0.00128787
0.244248
0.00244182
0.243516
0.00356755
0.00465581
0.215927
-0.00909764
-0.212132
0.219339
-0.00774865
0.222329
-0.0062841
0.224872
-0.00472969
0.226944
-0.00311437
0.228527
-0.00146192
0.229608
0.000206571
0.230177
0.00187281
0.230226
0.00351872
0.00512955
0.197259
-0.0132415
-0.193116
0.201047
-0.0115365
0.204435
-0.00967142
0.207395
-0.00769031
0.20991
-0.00562948
0.211965
-0.00351627
0.213546
-0.00137525
0.214646
0.000772832
0.215256
0.00290894
0.00501542
0.181018
-0.0175143
-0.176745
0.184947
-0.0154654
0.188484
-0.0132085
0.191609
-0.0108151
0.194307
-0.0083278
0.19657
-0.00577894
0.198391
-0.00319642
0.199765
-0.000601452
0.200687
0.00198743
0.00455133
0.167496
-0.0218189
-0.163192
0.171437
-0.0194066
0.174976
-0.0167476
0.178107
-0.0139451
0.180818
-0.0110391
0.18311
-0.00807103
0.184985
-0.00507178
0.186444
-0.00205977
0.187482
0.000948649
0.00393429
0.1564
-0.026169
-0.15205
0.160298
-0.0233049
0.163757
-0.0202069
0.166802
-0.0169894
0.169427
-0.0136648
0.171645
-0.0102881
0.173464
-0.00689129
0.17489
-0.00348566
0.175922
-8.36879e-05
0.00329557
0.147304
-0.0305702
-0.142902
0.151106
-0.0271069
0.154426
-0.0235271
0.157325
-0.0198884
0.159813
-0.0161526
0.161904
-0.01238
0.163615
-0.00860197
0.164951
-0.0048213
0.165912
-0.00104539
0.00270668
0.139734
-0.135993
-0.0343113
0.143385
-0.0307581
0.146568
-0.02671
0.149279
-0.0225995
0.151604
-0.0184775
0.153556
-0.0143317
0.155138
-0.0101841
0.156357
-0.00604101
0.157218
-0.00190571
0.00220352
0.0434961
0.090234
-0.0847407
-0.0489895
0.03791
0.0970083
-0.0914222
0.0322596
0.105339
-0.0996889
0.0265854
0.115854
-0.110179
0.0209441
0.129332
-0.12369
0.0154202
0.146571
-0.141047
0.010152
0.168121
-0.162853
0.0054006
0.193701
-0.188949
0.00169326
0.220833
-0.217126
0.243519
-0.241826
0.0434717
0.095681
-0.0489187
0.0379184
0.102562
0.0322877
0.11097
0.0266174
0.121524
0.0209639
0.134985
0.0154162
0.152118
0.0101248
0.173412
0.00536871
0.198457
0.00168392
0.224518
0.245203
0.0431821
0.101062
-0.0485632
0.0376835
0.10806
0.032097
0.116556
0.0264584
0.127163
0.0208235
0.14062
0.015285
0.157657
0.0100037
0.178693
0.00527286
0.203188
0.0016356
0.228155
0.246839
0.0426322
0.106365
-0.0479351
0.0372051
0.113487
0.0316846
0.122077
0.0261038
0.132743
0.0205175
0.146206
0.0150214
0.163153
0.00978524
0.18393
0.00511532
0.207858
0.00156086
0.23171
0.248399
0.0418209
0.111584
-0.0470403
0.0364789
0.118829
0.0310448
0.127511
0.0255479
0.13824
0.0200408
0.151713
0.0146218
0.168572
0.00946845
0.189083
0.00489847
0.212428
0.00146327
0.235145
0.249863
0.0407358
0.11672
-0.0458717
0.0354911
0.124074
0.0301653
0.132837
0.0247812
0.143624
0.019387
0.157108
0.0140821
0.173877
0.00905154
0.194114
0.00462243
0.216857
0.00134367
0.238424
0.251206
0.0393385
0.121767
-0.0443848
0.034214
0.129198
0.0290294
0.138022
0.0237944
0.148859
0.0185505
0.162352
0.0133995
0.179028
0.00853406
0.198979
0.00428867
0.221102
0.00120392
0.241509
0.25241
0.0375792
0.12671
-0.0425223
0.0326087
0.134169
0.0276149
0.143015
0.022575
0.153899
0.0175241
0.167402
0.0125705
0.183981
0.00791504
0.203635
0.00389815
0.225119
0.00104529
0.244361
0.253456
0.0352855
0.131421
-0.039997
0.0306155
0.138839
0.0259198
0.147711
0.0211296
0.158689
0.0163138
0.172218
0.0116009
0.188694
0.00720151
0.208034
0.00346085
0.22886
0.000879973
0.246942
0.254336
0.0323448
-0.0369164
0.0282815
0.0239429
0.0194406
0.0149135
0.010492
0.00639408
0.00297216
0.000700312
0.0294942
0.0377153
-0.0328501
-0.0343594
0.0250567
0.044251
-0.0398136
0.0210384
0.0529951
-0.0489768
0.0172781
0.0644531
-0.0606928
0.0136852
0.079267
-0.0756741
0.0102171
0.0982484
-0.0947802
0.00687985
0.122271
-0.118934
0.00378015
0.152064
-0.148964
0.00124486
0.187504
-0.184968
0.226986
-0.225741
0.0319145
0.0425681
-0.0367673
0.0272515
0.048914
0.0228485
0.0573981
0.0187016
0.0686
0.0147616
0.083207
0.0109896
0.10202
0.00739187
0.125869
0.00407891
0.155377
0.0013786
0.190204
0.228364
0.0341761
0.0474481
-0.0390561
0.0293111
0.0537791
0.0246035
0.0621057
0.0201121
0.0730913
0.015836
0.0874831
0.0117585
0.106098
0.00789357
0.129734
0.00435531
0.158915
0.00147719
0.193082
0.229842
0.0362014
0.0524559
-0.0412093
0.0311663
0.0588142
0.0262205
0.0670515
0.0214424
0.0778694
0.0168652
0.0920603
0.0124985
0.110465
0.00837205
0.13386
0.00460999
0.162677
0.00156035
0.196132
0.231402
0.0380012
0.0576081
-0.0431533
0.032813
0.0640024
0.0276723
0.0721922
0.0226568
0.0828849
0.017818
0.0968991
0.0131884
0.115094
0.00881632
0.138232
0.00484157
0.166652
0.00163177
0.199342
0.233034
0.0395686
0.0628892
-0.0448498
0.0342466
0.0693244
0.028945
0.0774938
0.0237339
0.088096
0.0186727
0.10196
0.0138109
0.119956
0.0092157
0.142827
0.00504539
0.170823
0.00169073
0.202696
0.234724
0.040891
0.0682739
-0.0462757
0.0354593
0.0747561
0.0300278
0.0829253
0.0246584
0.0934655
0.0194127
0.107206
0.0143519
0.125017
0.00956067
0.147619
0.00521715
0.175166
0.00173682
0.206177
0.236461
0.0419561
0.0737323
-0.0474146
0.0364425
0.0802698
0.030912
0.0884557
0.0254192
0.0989582
0.0200254
0.1126
0.0147999
0.130242
0.00984298
0.152576
0.00535285
0.179656
0.00176941
0.20976
0.238231
0.0427539
0.0792322
-0.0482538
0.0371883
0.0858353
0.0315901
0.094054
0.0260078
0.104541
0.0205014
0.118106
0.0151465
0.135597
0.0100573
0.157665
0.00545236
0.184261
0.00179316
0.213419
0.240024
0.043279
-0.0487875
0.0376921
0.0320572
0.0264184
0.0208342
0.0153849
0.0101971
0.0055088
0.001802
-0.0284265
0.0266082
-0.0310318
-0.025053
0.0240991
-0.0274727
-0.0222725
0.021111
-0.0238915
-0.020049
0.0180751
-0.0202987
-0.018379
0.0152317
-0.0169017
-0.0172413
0.0126766
-0.0138143
-0.0166007
0.0104482
-0.0110888
-0.0164099
0.00855007
-0.00874088
-0.0166141
0.00695552
-0.00675135
0.00561079
-0.0171577
-0.00506721
-0.0360745
0.0228691
-0.0327464
0.020771
-0.0299759
0.0183405
-0.0277808
0.01588
-0.0261344
0.0135854
-0.0249973
0.0115395
-0.0243224
0.00977332
-0.0240565
0.00828425
-0.0241447
0.00704365
0.00600144
-0.0245353
-0.0454417
0.019334
-0.0422673
0.0175967
-0.0395867
0.0156598
-0.0374387
0.013732
-0.0357989
0.0119456
-0.0346238
0.0103644
-0.0338621
0.00901164
-0.0334601
0.00788226
-0.033366
0.00694952
0.00617001
-0.0335346
-0.0573085
0.0159496
-0.0542704
0.0145587
-0.051679
0.0130684
-0.0495588
0.0116118
-0.0478861
0.010273
-0.0466185
0.00909677
-0.0457067
0.00809976
-0.0451006
0.00727621
-0.0447547
0.0066036
0.00604675
-0.0446314
-0.0724195
0.0126951
-0.0694899
0.011629
-0.0669523
0.0105308
-0.0648167
0.00947618
-0.0630592
0.00851542
-0.061641
0.00767859
-0.0605179
0.00697672
-0.0596466
0.0064049
-0.0589888
0.00594577
0.00557272
-0.0585148
-0.0916272
0.00954201
-0.0887728
0.00877467
-0.0862512
0.00800927
-0.0840612
0.00728619
-0.0821798
0.00663394
-0.0805727
0.00607154
-0.0792022
0.00560622
-0.0780319
0.00523456
-0.0770303
0.0049442
0.00471658
-0.0761742
-0.115886
0.00649465
-0.113104
0.00599195
-0.110596
0.00550134
-0.108355
0.00504508
-0.106358
0.00463767
-0.104577
0.0042905
-0.102979
0.00400824
-0.101534
0.00378891
-0.100214
0.00362408
0.00350162
-0.0989986
-0.146118
0.00364785
-0.143494
0.00336813
-0.14109
0.00309788
-0.138898
0.00285219
-0.136895
0.00263489
-0.135056
0.00245186
-0.133353
0.00230562
-0.13176
0.00219533
-0.130251
0.00211481
0.00205415
-0.128803
-0.182598
0.00127739
-0.180402
0.00117167
-0.178374
0.00106998
-0.176505
0.000983341
-0.174777
0.000907006
-0.173168
0.000842906
-0.171654
0.000791807
-0.170212
0.000753611
-0.168822
0.000724443
0.000690066
-0.167458
-0.224464
-0.223292
-0.222222
-0.221239
-0.220332
-0.219489
-0.218697
-0.217943
-0.217219
-0.216529
-0.0179948
0.00444626
-0.00360914
-0.0190877
0.0033505
-0.00225759
-0.0204221
0.00222822
-0.000893825
-0.0220066
0.000976641
0.000607863
-0.0238704
-0.000494378
0.00235812
-0.0260542
-0.00225364
0.00443751
-0.0285962
-0.00434993
0.00689194
-0.0315233
-0.00682459
0.00975163
-0.0348967
-0.00973748
0.0131109
-0.0135408
-0.0384257
0.0170698
-0.0251906
0.00510154
-0.0260795
0.00423937
-0.027194
0.00334278
-0.0285458
0.00232843
-0.0301621
0.00112191
-0.032077
-0.000338785
-0.0343185
-0.00210839
-0.0368979
-0.00424515
-0.0397913
-0.00684409
-0.0102766
-0.0430556
-0.0339373
0.00550426
-0.0345489
0.00485105
-0.0353669
0.00416076
-0.0364044
0.00336588
-0.0376863
0.00240385
-0.0392427
0.00121758
-0.0411015
-0.00024956
-0.0432871
-0.00205963
-0.0458276
-0.00430352
-0.00719721
-0.048907
-0.0447124
0.00558519
-0.0449773
0.00511595
-0.0454283
0.0046118
-0.0460808
0.00401837
-0.0469603
0.00328331
-0.0480987
0.00235606
-0.0495336
0.00118533
-0.0513112
-0.000282091
-0.0535025
-0.00211217
-0.00440579
-0.0562939
-0.0582164
0.00528679
-0.0580772
0.00497677
-0.0581039
0.00463854
-0.058315
0.00422941
-0.0587387
0.00370702
-0.0594123
0.00302967
-0.060383
0.00215607
-0.0617115
0.00104641
-0.0634828
-0.000340893
-0.00204424
-0.0658443
-0.0754654
0.00457801
-0.0748896
0.00440098
-0.0744572
0.00420613
-0.0741895
0.0039617
-0.0741177
0.00363526
-0.0742831
0.00319503
-0.0747376
0.0026106
-0.0755453
0.00185415
-0.0767867
0.000900417
-0.000262616
-0.0785683
-0.0979002
0.00347954
-0.0969034
0.00340423
-0.0960201
0.00332284
-0.0952729
0.00321447
-0.0946936
0.00305597
-0.0943236
0.00282502
-0.0942137
0.0025007
-0.0944234
0.00206388
-0.0950206
0.00149755
0.000796751
-0.0960799
-0.127434
0.00211005
-0.126126
0.00209643
-0.124889
0.00208624
-0.123745
0.00206976
-0.12272
0.00203156
-0.121853
0.00195779
-0.121187
0.00183517
-0.120775
0.00165105
-0.120668
0.00139141
0.00104674
-0.120918
-0.166111
0.000762848
-0.164781
0.000766854
-0.163472
0.000777308
-0.162196
0.000793921
-0.160972
0.00080752
-0.159827
0.000812111
-0.158793
0.000801486
-0.157911
0.000769488
-0.157226
0.000706253
0.000588813
-0.156768
-0.215766
-0.214999
-0.214222
-0.213428
-0.21262
-0.211808
-0.211007
-0.210237
-0.209531
-0.208942
-0.000598692
-0.208343
-0.000786361
-0.156581
-9.55526e-05
-0.121609
0.0015139
-0.0976894
0.00394382
-0.0809982
0.00706704
-0.0689676
0.010774
-0.0600009
0.0150121
-0.053145
0.0198656
-0.0479091
-0.0442608
0.0257008
-0.000475058
-0.207868
-0.000360266
-0.156696
0.000767703
-0.122737
0.00290651
-0.0998282
0.00592784
-0.0840195
0.00968201
-0.0727217
0.0140307
-0.0643496
0.0188542
-0.0579685
0.0240255
-0.0530805
-0.0495092
0.0292739
-0.000338225
-0.20753
0.000103429
-0.157137
0.00168724
-0.124321
0.0043571
-0.102498
0.00794305
-0.0876055
0.0122613
-0.07704
0.0171385
-0.0692268
0.0224055
-0.0632355
0.0278651
-0.0585401
-0.054881
0.0332369
-0.000193994
-0.207336
0.000599973
-0.157931
0.00265965
-0.126381
0.00586658
-0.105705
0.0100065
-0.0917454
0.0148632
-0.0818967
0.0202383
-0.0746019
0.0259439
-0.0689411
0.0317789
-0.0643751
-0.0606023
0.0375002
-3.55884e-05
-0.207301
0.00113145
-0.159098
0.00368182
-0.128931
0.00742916
-0.109452
0.0121143
-0.0964306
0.0174912
-0.0872736
0.0233444
-0.0804551
0.0294817
-0.0750783
0.0357138
-0.0706072
-0.0667157
0.0418271
0.00013778
-0.207438
0.00169474
-0.160655
0.00474348
-0.13198
0.0090261
-0.113735
0.0142383
-0.101643
0.0201064
-0.0931417
0.0264015
-0.0867502
0.032932
-0.0816088
0.0395236
-0.0771988
-0.0731802
0.0459881
0.000325703
-0.207764
0.0022833
-0.162613
0.00582768
-0.135524
0.0106271
-0.118534
0.0163324
-0.107348
0.0226437
-0.099453
0.0293207
-0.0934273
0.0361745
-0.0884625
0.0430464
-0.0840707
-0.0799083
0.0497745
0.00052652
-0.208291
0.00288759
-0.164974
0.00691219
-0.139549
0.0121941
-0.123816
0.0183401
-0.113494
0.025026
-0.106139
0.0320029
-0.100404
0.039086
-0.0955456
0.0461339
-0.0911186
-0.0867884
0.053014
0.000740174
-0.209031
0.00349786
-0.167731
0.00797218
-0.144023
0.0136851
-0.129529
0.0202015
-0.12001
0.0271758
-0.113113
0.0343536
-0.107582
0.0415575
-0.102749
0.0486656
-0.0982268
-0.0937012
0.0555784
0.000974735
0.00410381
0.00898045
0.0150574
0.021859
0.0290225
0.0362922
0.0435026
0.0505547
0.0573855
0.0674685
-0.453295
0.44419
0.0704865
-0.378908
0.37589
0.0721316
-0.322762
0.321117
0.0731937
-0.276197
0.275135
0.0736986
-0.23806
0.237555
0.073861
-0.205242
0.205079
0.0737742
-0.175956
0.176043
0.073525
-0.149557
0.149806
0.0731751
-0.124994
0.125344
0.0727859
-0.10297
0.103359
0.0723529
-0.0813847
0.0818177
0.0718248
-0.0628722
0.0634002
0.0713936
-0.0409446
0.0413758
0.0705781
-0.02674
0.0275555
0.0692543
0.000180534
0.00114332
0.0674022
0.0252561
-0.023404
0.0662569
0.0441948
-0.0430496
0.0662637
0.0342724
-0.0342792
0.0624108
-0.079175
0.0830279
-0.0513081
0.0555419
0.0644026
-0.459123
0.0664564
-0.380962
0.0680142
-0.324319
0.0693672
-0.27755
0.0702319
-0.238925
0.0707351
-0.205745
0.0709573
-0.176178
0.0709797
-0.14958
0.070864
-0.124878
0.0706729
-0.102779
0.0704082
-0.08112
0.0700347
-0.0624987
0.069734
-0.0406439
0.0690307
-0.0260367
0.0678641
0.00134718
0.0662016
0.0269186
0.0652063
0.0451902
0.0651418
0.0343368
0.0612641
-0.0752972
-0.0472005
0.0607382
-0.461838
0.0619508
-0.382175
0.0635053
-0.325874
0.0651763
-0.279221
0.0664192
-0.240168
0.0672783
-0.206604
0.067825
-0.176725
0.0681361
-0.149891
0.0682725
-0.125015
0.0682988
-0.102805
0.0682236
-0.0810448
0.0680273
-0.0623024
0.0678805
-0.0404972
0.0673207
-0.0254769
0.0663467
0.0023212
0.0649027
0.0283626
0.0640781
0.0460148
0.0639744
0.0344405
0.0601258
-0.0714486
-0.0432644
0.0565727
-0.461662
0.0570544
-0.382656
0.0586508
-0.32747
0.060648
-0.281218
0.0622825
-0.241802
0.0635133
-0.207835
0.0644018
-0.177613
0.0650197
-0.150509
0.0654263
-0.125421
0.0656884
-0.103067
0.0658226
-0.0811791
0.0658237
-0.0623034
0.0658519
-0.0405254
0.0654641
-0.0250891
0.0647144
0.00307099
0.0635143
0.0295626
0.06288
0.0466491
0.0627689
0.0345517
0.059
-0.0676797
-0.0395416
0.0520478
-0.458903
0.0518902
-0.382499
0.0535103
-0.32909
0.0558135
-0.283521
0.0578457
-0.243834
0.0594641
-0.209453
0.0607125
-0.178862
0.061656
-0.151452
0.0623508
-0.126116
0.0628666
-0.103583
0.0632285
-0.081541
0.063445
-0.0625199
0.0636672
-0.0407476
0.063477
-0.0248989
0.0629792
0.00356882
0.0620454
0.0304965
0.0616196
0.0470749
0.0615327
0.0346386
0.057891
-0.064038
-0.0360704
0.0472833
-0.453911
0.0464911
-0.381706
0.048079
-0.330678
0.050674
-0.286116
0.0531215
-0.246282
0.0551508
-0.211483
0.0567807
-0.180492
0.0580697
-0.152741
0.0590711
-0.127118
0.059858
-0.10437
0.0604644
-0.0821474
0.0609124
-0.0629679
0.0613453
-0.0411805
0.0613753
-0.0249289
0.0611532
0.00379092
0.0605047
0.031145
0.0603042
0.0472753
0.0602729
0.0346699
0.0568026
-0.0605677
-0.032886
0.041923
-0.446579
0.0404638
-0.380247
0.0421265
-0.332341
0.0451282
-0.289118
0.0480774
-0.249231
0.050572
-0.213977
0.0526188
-0.182538
0.0542798
-0.154402
0.0556087
-0.128446
0.0566847
-0.105446
0.0575518
-0.0830145
0.0582457
-0.0636618
0.0589044
-0.0418391
0.0591741
-0.0251987
0.0592476
0.00371743
0.0589008
0.0314918
0.0589415
0.0472346
0.0589964
0.0346149
0.0557382
-0.0573095
-0.03002
0.0351944
-0.435968
0.0333888
-0.378442
0.0354607
-0.334413
0.0390852
-0.292742
0.0426693
-0.252815
0.0457118
-0.21702
0.0482282
-0.185055
0.0502972
-0.156471
0.0519799
-0.130129
0.0533653
-0.106831
0.0545098
-0.084159
0.0554636
-0.0646156
0.0563615
-0.0427371
0.0568878
-0.025725
0.0572731
0.00333214
0.057242
0.0315229
0.0575387
0.0469379
0.0577097
0.0344439
0.054701
-0.0543008
-0.0275009
0.0291007
-0.423156
0.027046
-0.376387
0.0290884
-0.336455
0.0330218
-0.296676
0.0371073
-0.256901
0.0406725
-0.220585
0.043668
-0.18805
0.0461623
-0.158965
0.0482162
-0.132183
0.0499266
-0.108542
0.0513621
-0.0855945
0.0525869
-0.0658405
0.0537354
-0.0438856
0.0545322
-0.0265217
0.0552415
0.00262282
0.055537
0.0312275
0.0561028
0.046372
0.0564185
0.0341282
0.0536935
-0.0515758
-0.0253546
0.0292045
-0.4147
0.0246038
-0.371786
0.0248079
-0.336659
0.0278158
-0.299684
0.0318297
-0.260915
0.0356942
-0.224449
0.0390765
-0.191433
0.0419581
-0.161847
0.0443725
-0.134597
0.0464073
-0.110577
0.048139
-0.0873262
0.0496401
-0.0673416
0.0510467
-0.0452921
0.0521266
-0.0276016
0.0531639
0.00158547
0.0537969
0.0305945
0.0546343
0.0455346
0.0551256
0.033637
0.0527269
-0.0491771
-0.0235941
0.240047
-0.354281
-0.300465
0.202925
-0.334665
0.172553
-0.306287
0.150879
-0.27801
0.136771
-0.246806
0.127029
-0.214707
0.119923
-0.184327
0.114609
-0.156533
0.110614
-0.130603
0.107534
-0.107496
0.105243
-0.0850354
0.103462
-0.0655604
0.102343
-0.0441735
0.101071
-0.0263292
0.10005
0.00260661
0.0994237
0.0312204
0.0999464
0.045012
0.100551
0.0330324
0.0950626
-0.0436888
-0.0186395
0.273227
-0.29141
-0.336099
0.231848
-0.293286
0.200966
-0.275405
0.177385
-0.254429
0.160619
-0.23004
0.148523
-0.202611
0.139411
-0.175215
0.132444
-0.149566
0.127158
-0.125316
0.123056
-0.103394
0.119999
-0.0819783
0.117617
-0.0631787
0.116083
-0.0426397
0.11452
-0.0247664
0.113436
0.00369094
0.113069
0.0315877
0.113869
0.044212
0.114576
0.0323253
0.108615
-0.0377286
-0.0133038
0.314827
-0.231882
-0.374354
0.27047
-0.248929
0.236826
-0.241761
0.20935
-0.226952
0.188394
-0.209084
0.173036
-0.187253
0.161443
-0.163622
0.152485
-0.140608
0.145631
-0.118462
0.140296
-0.0980592
0.136305
-0.0779874
0.133201
-0.0600753
0.131166
-0.0406047
0.129281
-0.0228807
0.128208
0.00476366
0.128226
0.0315694
0.129458
0.0429803
0.130315
0.0314682
0.123986
-0.031399
-0.00776428
0.35505
-0.1784
-0.408533
0.309316
-0.203195
0.273474
-0.20592
0.243686
-0.197165
0.219364
-0.184762
0.200656
-0.168545
0.186293
-0.149259
0.17502
-0.129335
0.166257
-0.109699
0.159402
-0.0912045
0.154248
-0.0728335
0.150263
-0.0560895
0.147619
-0.0379616
0.145394
-0.0206554
0.144439
0.00571833
0.145034
0.0309748
0.146885
0.0411291
0.14801
0.0303434
0.141517
-0.024906
-0.0022809
0.39461
-0.132878
-0.440131
0.349982
-0.158567
0.312448
-0.168386
0.280829
-0.165546
0.253729
-0.157661
0.231637
-0.146453
0.214198
-0.13182
0.200305
-0.115441
0.189293
-0.0986873
0.180587
-0.0824989
0.173979
-0.0662256
0.168902
-0.0510124
0.16551
-0.0345698
0.162938
-0.0180831
0.162253
0.0064039
0.163668
0.0295589
0.166395
0.0384031
0.167991
0.0287474
0.161614
-0.0185294
0.0027366
0.43099
-0.0953314
-0.468537
0.390153
-0.11773
0.352492
-0.130725
0.319709
-0.132763
0.290776
-0.128728
0.265857
-0.121535
0.245322
-0.111285
0.228598
-0.0987179
0.215053
-0.0851422
0.204168
-0.0716136
0.195776
-0.057834
0.189354
-0.0445901
0.185035
-0.0302509
0.182114
-0.0151624
0.181879
0.00663978
0.18441
0.0270272
0.188333
0.0344801
0.190723
0.0263575
0.184805
-0.0126118
0.00670921
0.465463
-0.0651353
-0.495659
0.430011
-0.0822788
0.394072
-0.0947857
0.360864
-0.099555
0.330699
-0.098563
0.303578
-0.0944131
0.280105
-0.0878123
0.26038
-0.0789931
0.244038
-0.0687997
0.230659
-0.058235
0.220144
-0.0473189
0.212094
-0.0365401
0.206648
-0.0248045
0.203383
-0.0118973
0.203782
0.00623997
0.207749
0.0230603
0.213239
0.0289906
0.216861
0.0227358
0.211794
-0.00754497
0.00893169
0.502024
-0.0407085
-0.526451
0.47181
-0.0520651
0.43864
-0.0616156
0.405725
-0.0666394
0.374569
-0.067407
0.345582
-0.0654264
0.319383
-0.0616129
0.296533
-0.0561431
0.277118
-0.0493851
0.260937
-0.0420542
0.247975
-0.0343566
0.238013
-0.0265787
0.23125
-0.0180408
0.22765
-0.00829713
0.228849
0.00504041
0.234549
0.0173602
0.24198
0.0215598
0.247325
0.0173905
0.243509
-0.00372849
0.00872378
0.547322
-0.0199197
-0.568111
0.520851
-0.0255938
0.490039
-0.0308036
0.457395
-0.0339959
0.424961
-0.0349734
0.39384
-0.0343049
0.364808
-0.032581
0.338638
-0.0299728
0.315836
-0.0265828
0.29653
-0.0227484
0.280832
-0.0186591
0.268712
-0.014458
0.260482
-0.0098117
0.256542
-0.00435677
0.258646
0.00293639
0.266291
0.00971523
0.275969
0.0118821
0.283442
0.00991716
0.281129
-0.00141507
0.00569906
0.611763
-0.631682
0.586169
0.555365
0.521369
0.486396
0.452091
0.41951
0.389537
0.362955
0.340206
0.321547
0.307089
0.297277
0.292921
0.295857
0.305572
0.317454
0.327371
0.325956
0.332197
0.00388117
-0.329774
0.33366
0.00880181
0.334073
0.0137013
0.33335
0.0185452
0.331402
0.0233253
0.328143
0.0279623
0.323367
0.032615
0.317008
0.0367454
0.3082
0.0417989
0.0411993
0.349093
0.00241409
-0.347626
0.350053
0.00784128
0.350465
0.0132901
0.350288
0.0187222
0.349495
0.0241182
0.348071
0.0293857
0.34609
0.0345962
0.343602
0.0392334
0.341022
0.0443791
0.0461224
0.368863
0.00163734
-0.368086
0.369627
0.00707685
0.370397
0.0125201
0.371193
0.017927
0.372041
0.0232699
0.372933
0.0284934
0.373879
0.0336502
0.374593
0.0385194
0.375227
0.0437451
0.0469956
0.389847
0.00111396
-0.389324
0.390708
0.00621597
0.391914
0.011314
0.393459
0.016382
0.395328
0.0214012
0.397477
0.026344
0.399913
0.0312143
0.402538
0.0358943
0.405669
0.0406139
0.0441319
0.410323
0.00070601
-0.409915
0.4113
0.00523938
0.412851
0.00976287
0.414982
0.0142513
0.417703
0.0186798
0.421025
0.0230217
0.42498
0.0272598
0.429524
0.0313505
0.434765
0.0353731
0.0387659
0.431304
0.000356502
-0.430955
0.432401
0.0041423
0.434257
0.00790754
0.436879
0.0116293
0.440273
0.0152858
0.444438
0.0188566
0.449373
0.0223247
0.455055
0.0256685
0.461534
0.0288945
0.0317626
0.455067
9.3066e-05
-0.454803
0.456177
0.00303179
0.45814
0.00594479
0.460958
0.00881157
0.464631
0.0116124
0.469159
0.0143285
0.474541
0.0169428
0.480771
0.0194391
0.487858
0.0218069
0.023962
0.485106
-5.4175e-05
-0.484958
0.486161
0.00197647
0.488124
0.00398167
0.490991
0.00594465
0.494754
0.00784936
0.499402
0.0096807
0.50492
0.0114248
0.51129
0.0130692
0.518494
0.014603
0.0160048
0.526696
-7.47407e-05
-0.526675
0.527682
0.000990269
0.529626
0.00203774
0.532513
0.00305732
0.536324
0.00403908
0.541031
0.00497369
0.546603
0.00585258
0.553004
0.00666806
0.560194
0.0074136
0.00808744
0.588563
-0.588637
0.589553
0.591591
0.594648
0.598687
0.603661
0.609513
0.616181
0.623595
0.279076
-0.0329224
-0.280465
0.287529
-0.039211
0.294708
-0.0338888
0.300849
-0.0287404
0.306834
-0.0244629
0.312565
-0.0200631
0.317815
-0.0154339
0.322486
-0.0107117
0.326503
-0.00592331
-0.00106717
0.317827
-0.0361442
-0.314605
0.322122
-0.0435056
0.32676
-0.0385269
0.330631
-0.0326113
0.334114
-0.0279462
0.337483
-0.0234324
0.340603
-0.0185541
0.343353
-0.0134617
0.345702
-0.00827195
-0.00299093
0.358241
-0.0385917
-0.355793
0.359454
-0.0447189
0.360963
-0.040036
0.362395
-0.0340436
0.363502
-0.0290527
0.364505
-0.024436
0.365496
-0.0195452
0.366429
-0.0143939
0.367285
-0.0091281
-0.00379236
0.39696
-0.0388636
-0.396689
0.394866
-0.042624
0.393212
-0.0383822
0.392112
-0.032944
0.391128
-0.0280681
0.39024
-0.0235482
0.389588
-0.0188938
0.389217
-0.0140226
0.389124
-0.00903497
-0.00399197
0.431043
-0.0366024
-0.433305
0.42625
-0.0378307
0.422061
-0.0341936
0.418811
-0.0296937
0.416129
-0.0253854
0.413851
-0.0212706
0.412047
-0.0170894
0.410783
-0.012759
0.410073
-0.00832457
-0.00383478
0.460663
-0.0318782
-0.465388
0.45429
-0.0314572
0.448595
-0.0284989
0.443922
-0.0250209
0.440065
-0.0215283
0.436862
-0.0180671
0.434314
-0.0145417
0.432468
-0.0109134
0.431347
-0.00720284
-0.00344282
0.489477
-0.0253495
-0.496006
0.48235
-0.0243299
0.47594
-0.0220888
0.470475
-0.0195562
0.46588
-0.0169333
0.462069
-0.0142561
0.459033
-0.0115058
0.456798
-0.0086782
0.455384
-0.00578925
-0.00286184
0.523015
-0.0177196
-0.530645
0.515465
-0.0167802
0.508649
-0.0152725
0.502693
-0.0136001
0.497594
-0.011834
0.493334
-0.00999693
0.489923
-0.0080941
0.487378
-0.00613391
0.48572
-0.00413046
-0.00210057
0.568196
-0.00929479
-0.576621
0.560183
-0.00876759
0.552915
-0.008004
0.546473
-0.00715809
0.540891
-0.00625195
0.536191
-0.00529745
0.532399
-0.00430176
0.529537
-0.00327243
0.527626
-0.00221862
-0.00115045
0.63506
-0.644354
0.626292
0.618288
0.61113
0.604878
0.599581
0.595279
0.592006
0.589788
0.127375
0.0120396
-0.0124837
0.128809
0.0367253
-0.0381587
0.131427
0.0621725
-0.0647902
0.13531
0.0901406
-0.0940241
0.141416
0.119745
-0.125851
0.149524
0.155914
-0.164022
0.163627
0.191877
-0.20598
0.180245
0.245508
-0.262125
0.221065
0.277942
-0.318762
0.354171
-0.41357
0.148727
0.0114068
0.150675
0.0347776
0.154219
0.058628
0.159379
0.0849804
0.167535
0.11159
0.177942
0.145507
0.196602
0.173217
0.217598
0.224512
0.266376
0.229164
0.305942
0.173598
0.0105746
0.176128
0.0322473
0.180747
0.0540098
0.187391
0.078336
0.197888
0.101093
0.210921
0.132473
0.233909
0.150229
0.259682
0.198739
0.305645
0.183201
0.255793
0.20258
0.00952836
0.205738
0.0290901
0.211494
0.0482538
0.219704
0.0701255
0.232464
0.0883335
0.2482
0.116737
0.273395
0.125034
0.303426
0.168707
0.341812
0.144816
0.200916
0.236345
0.00825497
0.240151
0.0252834
0.246984
0.0414209
0.256764
0.060346
0.271148
0.0739492
0.289639
0.0982459
0.314117
0.100556
0.347969
0.134855
0.379168
0.113617
0.146779
0.275651
0.00677084
0.280084
0.0208504
0.287748
0.0337568
0.29897
0.0491244
0.313965
0.0589542
0.334715
0.0774959
0.357078
0.0781929
0.391925
0.100008
0.419284
0.0862582
0.100675
0.321401
0.00514384
0.326344
0.015908
0.334485
0.025616
0.346688
0.036921
0.361591
0.0440508
0.382959
0.0561285
0.403755
0.057397
0.435512
0.0682507
0.460828
0.0609423
0.0654976
0.374694
0.00346124
0.379911
0.0106912
0.388254
0.0172732
0.400683
0.0244921
0.41535
0.0293836
0.435483
0.0359954
0.455322
0.037558
0.48178
0.0417925
0.504474
0.0382489
0.0393264
0.436837
0.00176425
0.44211
0.00541815
0.450561
0.00882203
0.46273
0.0123237
0.47723
0.0148832
0.495535
0.0176911
0.514406
0.0186861
0.536244
0.019955
0.556035
0.0184576
0.018741
0.509377
0.514795
0.523617
0.53594
0.550824
0.568515
0.587201
0.607156
0.625613
0.071446
0.0104592
-0.0111938
0.0720711
0.0329791
-0.0336042
0.0725557
0.0563833
-0.0568679
0.0727994
0.0814903
-0.0817339
0.0726874
0.109226
-0.109114
0.0719728
0.140435
-0.13972
0.0702936
0.17792
-0.176241
0.067078
0.221465
-0.218249
0.0608267
0.282292
-0.276041
0.352906
-0.341069
0.0713717
0.00979363
0.071876
0.0324749
0.0722
0.0560592
0.0722413
0.081449
0.0719176
0.109549
0.0709615
0.141391
0.0691169
0.179765
0.0658056
0.224776
0.0597976
0.2883
0.363785
0.0712501
0.00924529
0.0715855
0.0321395
0.0717001
0.0559445
0.0714888
0.0816604
0.070903
0.110135
0.0696491
0.142645
0.0675968
0.181817
0.0641289
0.228244
0.0583719
0.294057
0.373594
0.0710824
0.00886169
0.0712023
0.0320196
0.0710599
0.056087
0.0705474
0.0821728
0.0696493
0.111033
0.0680415
0.144253
0.0657399
0.184119
0.0620443
0.231939
0.0565752
0.299527
0.382234
0.0708702
0.00868924
0.0707298
0.03216
0.0702842
0.0565326
0.0694245
0.0830326
0.0681634
0.112294
0.066148
0.146268
0.0635547
0.186712
0.059553
0.235941
0.05445
0.30463
0.389643
0.0706152
0.00877296
0.0701718
0.0326034
0.0693786
0.0573257
0.0681278
0.0842835
0.0664532
0.113969
0.0639808
0.148741
0.06105
0.189643
0.0566635
0.240328
0.0520567
0.309236
0.395828
0.0703193
0.00915612
0.0695324
0.0333902
0.0683491
0.058509
0.0666655
0.0859671
0.0645262
0.116108
0.0615535
0.151713
0.058232
0.192964
0.0533972
0.245162
0.0494669
0.313167
0.40091
0.0699847
0.00987989
0.0688165
0.0345585
0.0672018
0.0601237
0.0650441
0.0881249
0.0623877
0.118765
0.058878
0.155223
0.0551028
0.19674
0.0497933
0.250472
0.0467705
0.31619
0.405159
0.0696154
0.0109821
0.0680313
0.0361426
0.0659455
0.0622095
0.063272
0.0907984
0.0600433
0.121993
0.0559623
0.159304
0.0516658
0.201036
0.0459384
0.256199
0.0439173
0.318211
0.409079
0.069228
0.0672119
0.0646312
0.0614056
0.0575477
0.0528297
0.0478853
0.0419591
0.0414075
0.0695017
0.012954
-0.0117511
0.0685975
0.0364665
-0.0355623
0.0679542
0.0602061
-0.0595628
0.0674709
0.0846431
-0.0841599
0.0669398
0.109835
-0.109304
0.0659995
0.135972
-0.135032
0.0638682
0.162076
-0.159945
0.059369
0.187073
-0.182574
0.0492796
0.205267
-0.195177
0.208578
-0.193658
0.0699196
0.0137501
0.0694007
0.0369854
0.0690953
0.0605115
0.068906
0.0848324
0.068621
0.11012
0.067911
0.136682
0.0659819
0.164005
0.0618498
0.191206
0.0523755
0.214741
0.224186
0.0702803
0.0141938
0.0700822
0.0371835
0.0700539
0.0605398
0.0700965
0.0847899
0.0699986
0.110218
0.0694643
0.137216
0.0677213
0.165748
0.0639012
0.195026
0.0549093
0.223733
0.24004
0.0705946
0.0143283
0.070671
0.0371071
0.0708756
0.0603352
0.0711075
0.084558
0.0711544
0.110171
0.0707487
0.137622
0.0691383
0.167358
0.0655276
0.198636
0.0569449
0.232316
0.255775
0.0708624
0.0141977
0.0711659
0.0368036
0.0715582
0.0599429
0.0719366
0.0841796
0.0720886
0.110019
0.0717662
0.137945
0.0702421
0.168882
0.0667727
0.202106
0.0586003
0.240488
0.271222
0.0710825
0.0138474
0.0715646
0.0363215
0.0720974
0.0594101
0.072578
0.083699
0.0727967
0.1098
0.0725193
0.138222
0.0710545
0.170347
0.067701
0.205459
0.0599247
0.248264
0.286297
0.0712539
0.0133239
0.0718652
0.0357103
0.0724895
0.0587858
0.0730248
0.0831637
0.0732697
0.109555
0.0729982
0.138493
0.0715657
0.17178
0.068305
0.20872
0.0608917
0.255678
0.300913
0.0713761
0.012675
0.0720663
0.0350201
0.0727319
0.0581202
0.0732723
0.0826234
0.0734995
0.109328
0.073191
0.138802
0.0717571
0.173214
0.0685602
0.211917
0.0614779
0.26276
0.314976
0.0714488
0.0119487
0.0721676
0.0343013
0.0728238
0.0574639
0.0733178
0.0821294
0.073481
0.109165
0.0730886
0.139194
0.0716152
0.174687
0.0684506
0.215082
0.0616713
0.269539
0.328394
0.071472
0.0721691
0.0727651
0.0731606
0.0732117
0.0726856
0.0711317
0.0679642
0.0614624
0.505872
0.00144549
0.501573
0.00429901
0.494548
0.00702535
0.485179
0.00936939
0.474001
0.0111779
0.461678
0.0123224
0.449049
0.012629
0.436981
0.0120681
0.426598
0.0103833
0.00797675
0.418621
0.43344
0.00288136
0.429168
0.00857116
0.422217
0.013976
0.41289
0.0186963
0.401642
0.0224265
0.389074
0.02489
0.375986
0.0257173
0.363266
0.0247885
0.352099
0.0215497
0.0167891
0.343287
0.371299
0.0043533
0.36692
0.0129506
0.359773
0.0211227
0.350069
0.0284005
0.338155
0.0343399
0.324552
0.038493
0.31002
0.0402495
0.295527
0.0392813
0.28242
0.0346564
0.0274833
0.271726
0.31807
0.00581828
0.313701
0.0173196
0.306503
0.028321
0.296566
0.0383372
0.284088
0.0468185
0.269438
0.0531425
0.253276
0.0564115
0.236623
0.0559344
0.221022
0.0502577
0.0405876
0.207918
0.272516
0.00720861
0.268347
0.021489
0.261389
0.0352787
0.251601
0.048125
0.238991
0.0594287
0.223705
0.0684286
0.206196
0.0739205
0.187418
0.0747124
0.169073
0.0686021
0.0564679
0.153193
0.233542
0.00846543
0.22974
0.0252912
0.223308
0.0417107
0.214078
0.0573552
0.201862
0.0716438
0.186534
0.0837566
0.16824
0.0922152
0.147668
0.0952841
0.126542
0.089728
0.075503
0.107507
0.200192
0.00955333
0.196863
0.0286202
0.191159
0.0474151
0.182806
0.0657078
0.171452
0.0829979
0.15669
0.0985193
0.1383
0.110605
0.116494
0.11709
0.0927741
0.113447
0.0981193
0.0701577
0.171642
0.010462
0.168827
0.0314353
0.163949
0.0522927
0.156664
0.0729928
0.146501
0.0931613
0.132812
0.112208
0.115017
0.1284
0.0926807
0.139426
0.0667898
0.139338
0.12475
0.040159
0.147193
0.0111945
0.144886
0.0337423
0.140848
0.0563306
0.134698
0.0791428
0.125903
0.101957
0.113647
0.124464
0.0970383
0.145009
0.0749345
0.16153
0.0474106
0.166862
0.15588
0.0162804
0.12627
0.12445
0.121217
0.1162
0.108853
0.0982857
0.0833502
0.062306
0.0339909
-0.00378679
0.409448
0.00917316
0.401241
0.00820726
0.394015
0.007226
0.387804
0.00621106
0.382641
0.00516288
0.378555
0.00408577
0.37557
0.00298476
0.373706
0.00186433
0.372977
0.000728674
-0.000418073
0.373395
0.335987
0.0164731
0.329452
0.0147427
0.323677
0.013
0.3187
0.0111888
0.314558
0.00930495
0.311284
0.00735943
0.308904
0.00536448
0.307438
0.00333034
0.306901
0.00126649
-0.00081744
0.3073
0.266282
0.0219176
0.261422
0.0196023
0.257112
0.0173099
0.253385
0.0149161
0.250285
0.0124051
0.247847
0.00979726
0.246097
0.00711455
0.245053
0.00437404
0.244728
0.00159175
-0.00121536
0.245126
0.204175
0.0256598
0.200862
0.0229155
0.197913
0.0202593
0.195358
0.0174713
0.193245
0.0145176
0.19161
0.0114321
0.190475
0.00824954
0.189853
0.00499628
0.189747
0.00169822
-0.00161582
0.190147
0.150916
0.0279368
0.148943
0.0248883
0.14719
0.0220131
0.145682
0.0189788
0.144466
0.0157331
0.143569
0.0123297
0.142997
0.00882103
0.142745
0.00524824
0.14279
0.00165403
-0.00191391
0.143088
0.106404
0.0290396
0.105516
0.025777
0.104751
0.0227778
0.104128
0.0196016
0.103674
0.0161876
0.103386
0.0126173
0.103239
0.00896755
0.103187
0.00530081
0.103159
0.00168167
-0.00182261
0.103068
0.0698686
0.0293288
0.0697269
0.0259187
0.0696576
0.022847
0.0696588
0.0196005
0.0697148
0.0161316
0.0697752
0.0125568
0.0697654
0.00897739
0.0695909
0.00547531
0.0691437
0.00212885
-0.000991819
0.0683129
0.0401783
0.0293095
0.04028
0.025817
0.0404429
0.0226842
0.0406415
0.0194019
0.0407975
0.0159756
0.0408069
0.0125475
0.0405549
0.00922934
0.039924
0.00610619
0.0388067
0.00324622
0.000693916
0.0371209
0.0159463
0.0296436
0.0154514
0.0263119
0.0151889
0.0229467
0.0150602
0.0195306
0.0149011
0.0161347
0.0145478
0.0129007
0.0138584
0.00991881
0.0127213
0.00724328
0.0110667
0.00490075
0.00288605
0.00887461
-0.00517497
-0.00633576
-0.00728055
-0.00804868
-0.00881563
-0.00972926
-0.0108993
-0.0123969
-0.0142475
-0.0164287
0.374969
-0.00157396
0.377699
-0.00273007
0.381583
-0.00388416
0.386615
-0.0050315
0.392782
-0.00616704
0.400067
-0.00728547
0.408448
-0.00838097
0.417896
-0.00944718
0.428372
-0.0104764
-0.0114528
0.439825
0.308641
-0.00291545
0.31092
-0.00500914
0.314128
-0.00709163
0.318248
-0.00915138
0.323257
-0.0111762
0.329125
-0.0131531
0.335812
-0.0150685
0.343273
-0.0169079
0.351452
-0.018656
-0.0202929
0.360292
0.246245
-0.00403427
0.248071
-0.00683533
0.250582
-0.00960295
0.253746
-0.0123151
0.257518
-0.0149485
0.261845
-0.01748
0.266663
-0.019886
0.271898
-0.0221437
0.277477
-0.0242345
-0.0261577
0.283342
0.191033
-0.00491989
0.192366
-0.00816865
0.194095
-0.011332
0.196154
-0.0143738
0.198464
-0.0172588
0.20094
-0.0199555
0.203491
-0.0224376
0.20603
-0.0246823
0.208477
-0.0266813
-0.0284877
0.210807
0.143578
-0.00541048
0.144183
-0.00877292
0.144808
-0.0119579
0.145357
-0.0149221
0.14573
-0.0176324
0.145844
-0.0200688
0.145629
-0.022223
0.145038
-0.0240911
0.144052
-0.0256953
-0.0271835
0.142748
0.10281
-0.00515272
0.10228
-0.00824257
0.101377
-0.0110554
0.100023
-0.0135679
0.0981699
-0.0157791
0.0958108
-0.0177097
0.0929773
-0.0193895
0.0897193
-0.020833
0.0861253
-0.0221013
-0.0234897
0.0824316
0.066997
-0.00383683
0.0651222
-0.00636778
0.0626524
-0.00858554
0.0596
-0.0105155
0.0560304
-0.0122095
0.0520587
-0.013738
0.0478268
-0.0151576
0.0434543
-0.0164605
0.0390816
-0.0177287
-0.0195021
0.035094
0.0348228
-0.00153871
0.031923
-0.003468
0.0284865
-0.00514901
0.0246322
-0.00666123
0.0205233
-0.00810061
0.0163527
-0.00956736
0.012315
-0.01112
0.0085405
-0.0126859
0.0051335
-0.0143217
-0.0168493
0.00248061
0.00617517
0.00116073
0.00305652
-0.000349355
-0.00035048
-0.00174201
-0.00388092
-0.0031308
-0.00735273
-0.00462879
-0.0105853
-0.00633478
-0.0134025
-0.00830279
-0.0156373
-0.0104512
-0.0171956
-0.0127633
-0.0159784
-0.0180664
-0.0188771
-0.021484
-0.0241198
-0.0266428
-0.0289135
-0.0308107
-0.0322216
-0.0329211
-0.0325735
-0.0314822
0.455066
-0.0152415
0.474721
-0.0196546
0.498306
-0.023585
0.5251
-0.026794
0.55423
-0.02913
0.584584
-0.0303545
0.614617
-0.0300325
0.643024
-0.0284076
0.668317
-0.0252925
0.690824
-0.0225066
0.707917
-0.0170934
0.722376
-0.0144592
0.733412
-0.0110354
0.742849
-0.0094375
0.749167
-0.00631782
0.757237
-0.00807036
0.782359
-0.0251216
0.770592
0.0117674
0.798438
-0.0278463
-0.045938
0.374301
-0.0292496
0.392184
-0.0375381
0.413266
-0.0446673
0.437092
-0.0506193
0.462921
-0.0549597
0.489632
-0.0570652
0.51589
-0.0562907
0.540656
-0.053173
0.562946
-0.0475833
0.582477
-0.042037
0.59782
-0.0324361
0.611184
-0.027824
0.620997
-0.0208477
0.628689
-0.0171302
0.634084
-0.011713
0.641927
-0.015913
0.65284
-0.036035
0.640423
0.0241845
0.664466
-0.0518885
-0.0795097
0.295999
-0.0419073
0.31198
-0.0535192
0.331005
-0.063692
0.353166
-0.0727803
0.377575
-0.079369
0.402815
-0.0823049
0.427515
-0.0809902
0.450602
-0.0762608
0.471331
-0.0683117
0.48897
-0.0596758
0.503362
-0.0468282
0.515623
-0.0400851
0.523973
-0.0291981
0.529907
-0.0230641
0.534197
-0.0160027
0.539098
-0.0208147
0.536352
-0.0332884
0.52567
0.0348665
0.546216
-0.0724342
-0.100383
0.221522
-0.0526226
0.236058
-0.0680555
0.25545
-0.0830833
0.279334
-0.0966645
0.3055
-0.105536
0.331691
-0.108495
0.356271
-0.105571
0.378212
-0.0982016
0.397103
-0.0872029
0.412472
-0.0750452
0.425039
-0.0593946
0.435064
-0.0501099
0.441223
-0.0353574
0.445358
-0.0271988
0.447841
-0.0184865
0.448436
-0.021409
0.437839
-0.0226918
0.430668
0.0420382
0.446842
-0.0886082
-0.110783
0.153261
-0.063136
0.170463
-0.0852579
0.195097
-0.107717
0.223772
-0.12534
0.252531
-0.134295
0.278909
-0.134873
0.301785
-0.128446
0.32085
-0.117267
0.336373
-0.102726
0.348477
-0.087149
0.358245
-0.0691625
0.365482
-0.057347
0.369512
-0.0393869
0.372161
-0.0298482
0.372868
-0.0191938
0.370151
-0.0186915
0.3573
-0.0098408
0.353514
0.0458241
0.364735
-0.0998291
-0.113779
0.0978405
-0.078545
0.122803
-0.110221
0.154288
-0.139201
0.186037
-0.157089
0.21441
-0.162668
0.238141
-0.158603
0.257246
-0.147552
0.272274
-0.132295
0.283996
-0.114448
0.292911
-0.0960644
0.300034
-0.0762859
0.304986
-0.0622992
0.307572
-0.0419726
0.309257
-0.0315328
0.308762
-0.0186995
0.304364
-0.0142927
0.292465
0.0020582
0.291042
0.0472463
0.297673
-0.10646
-0.112207
0.059462
-0.102913
0.0925713
-0.14333
0.127493
-0.174123
0.15846
-0.188056
0.183728
-0.187937
0.203419
-0.178295
0.218423
-0.162555
0.229762
-0.143634
0.238366
-0.123052
0.244847
-0.102545
0.249985
-0.0814235
0.253389
-0.0657034
0.255143
-0.0437264
0.256241
-0.0326309
0.255115
-0.0175736
0.25024
-0.00941807
0.240468
0.0118302
0.240406
0.0473081
0.243418
-0.109472
-0.108168
0.0353953
-0.135828
0.0732899
-0.181225
0.10785
-0.208683
0.135907
-0.216113
0.157325
-0.209354
0.173131
-0.194102
0.184679
-0.174103
0.193157
-0.152112
0.199467
-0.129362
0.204208
-0.107286
0.207931
-0.0851469
0.210317
-0.0680893
0.211583
-0.0449916
0.212296
-0.0333445
0.21092
-0.0161974
0.20623
-0.00472815
0.198665
0.0193953
0.199273
0.0467006
0.199755
-0.109954
-0.103028
0.0207315
-0.174625
0.0599183
-0.220412
0.0923383
-0.241103
0.116944
-0.240719
0.134688
-0.227098
0.147182
-0.206595
0.155996
-0.182917
0.162319
-0.158435
0.166953
-0.133996
0.170433
-0.110766
0.173136
-0.0878501
0.174828
-0.0697805
0.17577
-0.0459341
0.176207
-0.0337815
0.174796
-0.0147862
0.170583
-0.00051567
0.164886
0.0250923
0.165759
0.0458281
0.164642
-0.108838
-0.0975972
0.0115415
-0.217649
0.0503339
-0.259204
0.0800042
-0.270773
0.101082
-0.261796
0.11552
-0.241537
0.125269
-0.216344
0.13194
-0.189588
0.136639
-0.163133
0.140029
-0.137386
0.142583
-0.113321
0.144527
-0.0897938
0.145733
-0.0709867
0.146434
-0.0466352
0.146657
-0.0340046
0.145334
-0.0134629
0.141664
0.00315479
0.137466
0.0292897
0.138355
0.0449393
0.136284
-0.106767
-0.0923723
0.0517694
-0.243718
0.0709625
-0.278397
0.0802177
-0.280029
0.0835262
-0.265105
0.0835136
-0.241524
0.0820005
-0.214831
0.0800365
-0.187624
0.0781523
-0.161249
0.0765669
-0.135801
0.0754052
-0.112159
0.074692
-0.0890806
0.0741783
-0.070473
0.0740121
-0.046469
0.0740438
-0.0340362
0.0735835
-0.0130025
0.0721334
0.00460483
0.0710553
0.0303678
0.0734185
0.0425761
0.0732265
-0.106575
-0.090109
0.0561048
-0.270549
0.0742538
-0.296546
0.0825488
-0.288323
0.0851436
-0.267699
0.0848296
-0.24121
0.0832602
-0.213262
0.0813458
-0.18571
0.0795252
-0.159428
0.0779733
-0.134249
0.0767987
-0.110984
0.076007
-0.0882888
0.0753692
-0.0698352
0.0750488
-0.0461486
0.074839
-0.0338265
0.0740856
-0.0122492
0.0723618
0.00632866
0.0711243
0.0316053
0.0731223
0.0405781
0.0722658
-0.105718
-0.0873501
0.0604947
-0.297806
0.077015
-0.313067
0.0842392
-0.295548
0.0861731
-0.269633
0.0856256
-0.240662
0.0840492
-0.211685
0.0822149
-0.183876
0.0804788
-0.157692
0.0789796
-0.13275
0.0778096
-0.109814
0.0769618
-0.0874411
0.0762246
-0.0690979
0.0757783
-0.0457023
0.0753616
-0.0334098
0.0743573
-0.0112448
0.0724228
0.00826309
0.0710566
0.0329716
0.0727226
0.038912
0.0712742
-0.10427
-0.0841581
0.0645094
-0.324815
0.0791008
-0.327658
0.0852541
-0.301701
0.0866324
-0.271012
0.0859367
-0.239967
0.0844093
-0.210158
0.0826836
-0.18215
0.0810474
-0.156056
0.0796118
-0.131314
0.0784575
-0.10866
0.0775694
-0.086553
0.0767546
-0.0682831
0.0762072
-0.0451549
0.0756149
-0.0328176
0.074406
-0.0100359
0.0723152
0.0103538
0.0708611
0.0344256
0.0722208
0.0375524
0.0702449
-0.102294
-0.0806064
0.0678195
-0.350808
0.0803683
-0.340207
0.0854967
-0.306829
0.0864515
-0.271966
0.0857021
-0.239217
0.0842887
-0.208744
0.0827123
-0.180574
0.0812034
-0.154547
0.0798532
-0.129964
0.0787346
-0.107542
0.0778282
-0.0856465
0.0769621
-0.067417
0.0763406
-0.0445333
0.0756058
-0.0320829
0.0742394
-0.00866943
0.0720447
0.0125485
0.0705406
0.0359298
0.0716204
0.0364726
0.0691828
-0.0998563
-0.0767663
0.0702281
-0.375048
0.0807631
-0.350742
0.084951
-0.311017
0.0856249
-0.27264
0.0849134
-0.238506
0.0836722
-0.207503
0.0822832
-0.179185
0.0809307
-0.153195
0.0796917
-0.128725
0.0786339
-0.106484
0.0777364
-0.0847491
0.0768492
-0.0665298
0.0761832
-0.0438674
0.0753417
-0.0312413
0.0738658
-0.00719353
0.0716177
0.0147967
0.0700988
0.0374487
0.0709262
0.0356452
0.0680929
-0.097023
-0.0727065
0.0716348
-0.396908
0.0802812
-0.359388
0.0836494
-0.314385
0.084184
-0.273175
0.083595
-0.237917
0.0825742
-0.206482
0.0814041
-0.178015
0.0802335
-0.152024
0.0791303
-0.127622
0.0781589
-0.105512
0.0772991
-0.0838893
0.0764226
-0.0656533
0.0757432
-0.0431879
0.074832
-0.0303301
0.0732947
-0.00565621
0.0710412
0.0170501
0.0695404
0.0389495
0.0701439
0.0350417
0.0669805
-0.0938595
-0.068493
0.0720129
-0.415907
0.078951
-0.366326
0.0816485
-0.317083
0.0821732
-0.2737
0.0817807
-0.237524
0.0810184
-0.20572
0.0800921
-0.177088
0.079125
-0.151057
0.0781803
-0.126677
0.0773202
-0.104652
0.0765268
-0.0830958
0.0756927
-0.0648193
0.0750309
-0.0425261
0.0740878
-0.0293871
0.0725365
-0.00410491
0.0703231
0.0192635
0.0688709
0.0404017
0.0692796
0.034633
0.0658507
-0.0904306
-0.0641887
0.071394
-0.431723
0.0768272
-0.371759
0.0790171
-0.319273
0.0796417
-0.274324
0.0795058
-0.237388
0.079031
-0.205245
0.0783683
-0.176426
0.0776234
-0.150312
0.0768578
-0.125911
0.0761327
-0.103927
0.0754334
-0.0823965
0.0746726
-0.0640585
0.0740588
-0.0419123
0.0731216
-0.0284499
0.0716025
-0.00258586
0.0694715
0.0213945
0.0680961
0.0417771
0.0683401
0.034389
0.0647091
-0.0867997
-0.059853
0.069853
0.0739839
0.0758275
0.0766379
0.0768046
0.076639
0.0762561
0.0757504
0.0751829
0.0746149
0.074036
0.0733778
0.0728413
0.0719469
0.0705044
0.0684949
0.0672225
0.0673323
0.0635606
)
;

boundaryField
{
    inlet
    {
        type            calculated;
        value           nonuniform List<scalar> 
40
(
-0.126931
-0.148094
-0.172766
-0.201534
-0.235071
-0.274167
-0.319774
-0.373012
-0.43514
-0.507612
-0.0707114
-0.0707062
-0.0707018
-0.0706988
-0.0706978
-0.0706989
-0.0707024
-0.0707085
-0.0707175
-0.0707297
-0.0707046
-0.0707158
-0.070724
-0.0707291
-0.0707318
-0.0707321
-0.0707305
-0.0707271
-0.0707225
-0.0707171
-0.507318
-0.434876
-0.372771
-0.319535
-0.273906
-0.234799
-0.20128
-0.172551
-0.147926
-0.126826
)
;
    }
    outlet
    {
        type            calculated;
        value           nonuniform List<scalar> 
40
(
0.0901081
0.10328
0.118446
0.136034
0.156596
0.180833
0.209571
0.243717
0.284153
0.331655
0.0581771
0.0571564
0.0561897
0.0552772
0.0544199
0.0536181
0.0528722
0.052182
0.0515472
0.0509663
0.0709631
0.0695069
0.0680822
0.0666931
0.0653426
0.0640331
0.062767
0.0615463
0.0603734
0.0592495
0.844376
0.698037
0.567089
0.457242
0.367731
0.296101
0.239379
0.194615
0.159212
0.131059
)
;
    }
    top
    {
        type            symmetryPlane;
        value           uniform 0;
    }
    bottom
    {
        type            symmetryPlane;
        value           uniform 0;
    }
    cylinder
    {
        type            calculated;
        value           nonuniform List<scalar> 
80
(
-1.12478e-18
-1.04662e-18
1.92416e-18
7.63975e-18
-7.54998e-18
9.2755e-18
-2.19312e-18
-4.84809e-18
-6.57167e-19
1.06217e-17
1.06364e-18
-4.29818e-18
4.76689e-18
-6.4224e-18
-3.5236e-18
-6.72805e-18
-2.35953e-17
-1.87396e-18
1.49339e-17
-2.47098e-17
8.77955e-18
-1.49339e-17
1.87396e-18
9.71748e-18
7.44156e-18
-8.54206e-18
6.4224e-18
-4.76689e-18
4.29818e-18
1.55428e-19
1.12478e-18
1.04662e-18
-1.92416e-18
-7.63975e-18
1.85097e-18
2.64536e-18
1.74077e-17
4.84809e-18
-1.32206e-17
-2.23662e-17
1.06217e-17
1.32206e-17
-4.84809e-18
1.03479e-17
9.2755e-18
-1.85097e-18
7.63975e-18
1.92416e-18
-1.04662e-18
-1.12478e-18
-8.77955e-18
1.05613e-18
-1.87396e-18
-2.04458e-17
7.86324e-18
8.54206e-18
-6.4224e-18
4.76689e-18
-4.29818e-18
-1.55428e-19
1.55428e-19
4.29818e-18
-4.76689e-18
6.4224e-18
-8.54206e-18
7.44156e-18
2.04458e-17
1.87396e-18
-1.05613e-18
8.77955e-18
-1.06217e-17
6.57167e-19
4.84809e-18
2.19312e-18
1.65231e-17
7.54998e-18
-7.63975e-18
-1.92416e-18
1.04662e-18
1.12478e-18
)
;
    }
    frontandback
    {
        type            empty;
        value           nonuniform 0();
    }
}


// ************************************************************************* //
