/*--------------------------------*- C++ -*----------------------------------*\
  =========                 |
  \\      /  F ield         | OpenFOAM: The Open Source CFD Toolbox
   \\    /   O peration     | Website:  https://openfoam.org
    \\  /    A nd           | Version:  6.0
     \\/     M anipulation  |
\*---------------------------------------------------------------------------*/
FoamFile
{
    version     2.0;
    format      ascii;
    class       surfaceScalarField;
    location    "4.24875";
    object      phi;
}
// * * * * * * * * * * * * * * * * * * * * * * * * * * * * * * * * * * * * * //

dimensions      [0 3 -1 0 0 0 0];

internalField   nonuniform List<scalar> 
4670
(
0.000955446
-0.441364
0.440409
0.00320391
-0.401261
0.399012
0.00589564
-0.368181
0.365489
0.00853691
-0.336469
0.333828
0.0109454
-0.306839
0.304431
0.0130964
-0.279332
0.277181
0.0150383
-0.254133
0.252191
0.0168519
-0.231426
0.229612
0.0186254
-0.21121
0.209436
-0.193331
0.191523
0.0204333
0.00103452
-0.442399
0.00332721
-0.403553
0.00601754
-0.370871
0.00862958
-0.339081
0.0109954
-0.309205
0.0131043
-0.281441
0.0150151
-0.256044
0.0168151
-0.233226
0.0186033
-0.212998
-0.195198
0.02047
0.00110603
-0.443505
0.00342791
-0.405875
0.00609973
-0.373543
0.00866241
-0.341644
0.0109666
-0.311509
0.0130166
-0.283491
0.01488
-0.257907
0.0166499
-0.234996
0.0184347
-0.214783
-0.197106
0.0203433
0.00114922
-0.444654
0.00348996
-0.408216
0.00612723
-0.37618
0.00861879
-0.344135
0.0108379
-0.313728
0.0128058
-0.285458
0.014599
-0.259701
0.0163146
-0.236711
0.0180681
-0.216536
-0.199028
0.0199896
0.0011849
-0.445839
0.00352283
-0.410554
0.00610147
-0.378759
0.00849549
-0.346529
0.0106006
-0.315833
0.0124551
-0.287313
0.0141445
-0.26139
0.0157682
-0.238335
0.0174473
-0.218215
-0.200919
0.0193383
0.00120676
-0.447046
0.00352154
-0.412869
0.00601824
-0.381256
0.00829003
-0.348801
0.0102539
-0.317797
0.0119632
-0.289022
0.0135099
-0.262937
0.0149945
-0.239819
0.0165461
-0.219767
-0.202728
0.0183553
0.00121982
-0.448266
0.00349083
-0.41514
0.00587952
-0.383644
0.00800155
-0.350923
0.00979705
-0.319593
0.011334
-0.290559
0.0127077
-0.26431
0.0140133
-0.241125
0.0153841
-0.221138
-0.204369
0.0170249
0.00122948
-0.449495
0.00344359
-0.417354
0.00569722
-0.385898
0.00763179
-0.352858
0.00921478
-0.321176
0.0105351
-0.29188
0.0116976
-0.265473
0.0127866
-0.242214
0.0138999
-0.222251
-0.205627
0.0151579
0.00126042
-0.450756
0.0034168
-0.41951
0.00551426
-0.387995
0.00722537
-0.354569
0.00853714
-0.322488
0.00954572
-0.292888
0.0103623
-0.26629
0.0110754
-0.242927
0.0117612
-0.222937
-0.206394
0.0125281
0.00135958
-0.452115
0.0034389
-0.421589
0.00537745
-0.389934
0.00688001
-0.356071
0.00793178
-0.323539
0.00858915
-0.293546
0.00889124
-0.266592
0.00886089
-0.242897
0.00866634
-0.222742
-0.207274
0.00954616
0.463237
0.00122673
-0.464463
0.461977
0.00125989
0.46069
0.0012866
0.459393
0.00129683
0.458092
0.00130134
0.456802
0.00128954
0.455545
0.0012576
0.454328
0.00121661
0.453185
0.00114301
0.00106996
0.436936
0.0021755
-0.437885
0.435739
0.00245664
0.434341
0.00268438
0.432779
0.00285955
0.431083
0.00299683
0.429287
0.00308538
0.427419
0.00312584
0.425512
0.00312409
0.42357
0.00308469
0.00305043
0.401993
0.00242639
-0.402244
0.401439
0.00301012
0.400613
0.00351025
0.39955
0.00392291
0.398285
0.00426187
0.39685
0.00452075
0.395279
0.00469621
0.39361
0.00479309
0.391826
0.00486872
0.00494265
0.363918
0.00219031
-0.363682
0.36386
0.00306835
0.363527
0.00384256
0.362949
0.00450145
0.362151
0.00505968
0.361188
0.00548341
0.360081
0.00580331
0.358844
0.00602974
0.357504
0.00620934
0.00637522
0.328477
0.00173727
-0.328024
0.328658
0.0028872
0.328584
0.00391711
0.32828
0.00480511
0.327773
0.00556663
0.327109
0.0061471
0.326315
0.00659815
0.325457
0.00688705
0.324518
0.00714844
0.00735401
0.29703
0.00125234
-0.296545
0.297261
0.00265554
0.297254
0.00392495
0.297031
0.00502738
0.296627
0.00597132
0.296094
0.00667957
0.295439
0.00725378
0.2948
0.00752561
0.294124
0.00782489
0.00793202
0.26964
0.000833963
-0.269221
0.269815
0.00248048
0.269759
0.00398058
0.2695
0.00528679
0.269059
0.00641178
0.268511
0.00722798
0.26786
0.0079045
0.267328
0.00805763
0.266759
0.00839451
0.00809896
0.245976
0.000515885
-0.245658
0.246052
0.00240439
0.245898
0.00413448
0.24554
0.00564561
0.244991
0.00696062
0.244347
0.00787206
0.243597
0.00865453
0.243107
0.00854677
0.24254
0.00896177
0.00774243
0.225592
0.000293897
-0.22537
0.225568
0.00242845
0.225312
0.00439114
0.224848
0.00610871
0.22418
0.00762928
0.223407
0.00864499
0.222495
0.00956681
0.221994
0.00904763
0.221483
0.00947217
0.00648356
0.208072
-0.207941
0.000163446
0.207957
0.00254285
0.207615
0.00473363
0.207077
0.00664676
0.206337
0.0083693
0.205474
0.00950791
0.20441
0.0106303
0.203682
0.00977583
0.203133
0.0100213
0.00234295
0.467547
-0.000463688
-0.467083
0.467895
-0.000348042
0.468075
-0.000180171
0.468074
1.53974e-06
0.467878
0.000196017
0.467494
0.000384152
0.466937
0.000556195
0.466223
0.000714403
0.465388
0.000835097
0.000924642
0.432773
-0.00259757
-0.430639
0.434602
-0.00217741
0.436127
-0.00170569
0.437333
-0.00120435
0.438213
-0.000683657
0.438766
-0.000168889
0.438998
0.000324306
0.438922
0.000789888
0.438544
0.00121327
0.00158429
0.38986
-0.00558875
-0.386869
0.392562
-0.00487957
0.394951
-0.00409475
0.397011
-0.00326407
0.398735
-0.00240783
0.400118
-0.00155169
0.401157
-0.000715076
0.401856
9.10569e-05
0.402215
0.000854442
0.00155565
0.34767
-0.00885191
-0.344407
0.350691
-0.00790106
0.353421
-0.0068248
0.355842
-0.00568519
0.357951
-0.00451617
0.35974
-0.00334139
0.361207
-0.0021819
0.362351
-0.00105275
0.363174
3.13548e-05
0.00104816
0.310984
-0.0121456
-0.30769
0.314044
-0.0109609
0.316832
-0.00961253
0.319325
-0.00817822
0.321522
-0.00671317
0.323419
-0.00523874
0.325016
-0.0037785
0.326313
-0.00235047
0.327315
-0.000970689
0.000339568
0.279782
-0.0154269
-0.276501
0.282808
-0.0139863
0.285538
-0.0123428
0.287977
-0.0106167
0.29012
-0.00885666
0.29197
-0.00708894
0.293533
-0.00534154
0.294815
-0.00363185
0.295818
-0.00197395
-0.000387466
0.253307
-0.0187589
-0.249975
0.256282
-0.0169616
0.258914
-0.0149745
0.261247
-0.0129503
0.263274
-0.0108837
0.265007
-0.00882153
0.266462
-0.00679652
0.267648
-0.00481776
0.268567
-0.00289326
-0.00104155
0.230798
-0.0222416
-0.227316
0.233715
-0.0198779
0.236212
-0.0174716
0.238399
-0.0151373
0.240282
-0.0127669
0.241878
-0.0104175
0.24321
-0.00812921
0.244286
-0.00589351
0.245103
-0.00370978
-0.00159696
0.211601
-0.0257431
-0.2081
0.214327
-0.0226038
0.21664
-0.0197843
0.21867
-0.0171677
0.220427
-0.0145235
0.221924
-0.011914
0.223171
-0.00937622
0.224166
-0.00688917
0.224901
-0.00444508
-0.00206571
0.194756
-0.1929
-0.0275992
0.197239
-0.0250867
0.199572
-0.0221169
0.201522
-0.0191174
0.203238
-0.0162401
0.204718
-0.0133941
0.205935
-0.0105926
0.206882
-0.00783618
0.207553
-0.00511613
-0.00245425
0.0269399
0.159548
-0.156529
-0.0299589
0.0240329
0.176962
-0.174055
0.0211562
0.196792
-0.193915
0.0182134
0.219335
-0.216392
0.0151222
0.245183
-0.242091
0.011828
0.275327
-0.272033
0.00832732
0.311277
-0.307777
0.00474919
0.354671
-0.351093
0.0015852
0.404022
-0.400858
0.454851
-0.453266
0.0280108
0.162755
-0.0312175
0.0249122
0.18006
0.0218539
0.19985
0.0187441
0.222445
0.0155003
0.248426
0.0120696
0.278758
0.0084559
0.314891
0.00480408
0.358323
0.00162066
0.407205
0.456472
0.0288529
0.166116
-0.0322143
0.0255922
0.183321
0.0223784
0.203064
0.0191262
0.225697
0.0157548
0.251798
0.0122131
0.282299
0.00851241
0.318592
0.00480809
0.362027
0.00160634
0.410407
0.458078
0.0294751
0.169609
-0.0329677
0.0260758
0.18672
0.0227299
0.20641
0.0193582
0.229069
0.015882
0.255274
0.0122524
0.285929
0.00848678
0.322357
0.00475572
0.365758
0.00155865
0.413604
0.459637
0.02985
0.17322
-0.0334613
0.0263318
0.190239
0.0228785
0.209863
0.0194154
0.232532
0.0158644
0.258825
0.0121765
0.289617
0.00837263
0.326161
0.00464041
0.36949
0.00149519
0.416749
0.461132
0.0300251
0.176954
-0.0337594
0.0263945
0.193869
0.0228464
0.213411
0.0193094
0.236069
0.0157058
0.262429
0.0119878
0.293335
0.00818388
0.329965
0.00447503
0.373199
0.00141243
0.419812
0.462545
0.0298059
0.180794
-0.033645
0.0261061
0.197569
0.0225268
0.21699
0.0189794
0.239616
0.0153769
0.266031
0.011673
0.297039
0.00790526
0.333733
0.00425859
0.376846
0.00130864
0.422762
0.463853
0.0294708
0.184803
-0.03348
0.0256609
0.201379
0.0220357
0.220616
0.0184777
0.243174
0.0148883
0.269621
0.0112296
0.300698
0.00752264
0.33744
0.00400495
0.380364
0.00118859
0.425578
0.465042
0.0280341
0.188671
-0.0319023
0.0245015
0.204912
0.0211322
0.223985
0.0177101
0.246596
0.0142104
0.27312
0.0106424
0.304265
0.00706748
0.341015
0.00371872
0.383712
0.00107828
0.428218
0.46612
0.0266349
-0.0308643
0.0234467
0.0201162
0.0167377
0.0133568
0.00993174
0.00654007
0.00338363
0.000963349
0.0124332
0.143805
-0.143953
-0.0122858
0.0113844
0.160648
-0.1596
0.0102379
0.179209
-0.178063
0.00911665
0.200126
-0.199004
0.00796163
0.223958
-0.222803
0.0066636
0.251649
-0.250351
0.00511044
0.28486
-0.283307
0.00324175
0.326084
-0.324215
0.00124304
0.376725
-0.374726
0.438856
-0.437613
0.0124623
0.144052
-0.0127092
0.0118944
0.161216
0.0110411
0.180063
0.0100019
0.201165
0.00878345
0.225176
0.00733563
0.253097
0.00559393
0.286602
0.00353912
0.328139
0.00139418
0.37887
0.44025
0.0134491
0.144336
-0.0137323
0.0128736
0.161792
0.011996
0.18094
0.0108812
0.20228
0.00953913
0.226518
0.0079309
0.254705
0.00600634
0.288526
0.00377018
0.330375
0.00147079
0.381169
0.441721
0.0149889
0.144893
-0.0155464
0.0142039
0.162577
0.0131543
0.18199
0.0118612
0.203573
0.0103261
0.228053
0.00851757
0.256514
0.00638958
0.290654
0.00396376
0.332801
0.00152188
0.383611
0.443243
0.0167911
0.145863
-0.0177613
0.0156985
0.16367
0.0144082
0.18328
0.0128934
0.205088
0.0111362
0.22981
0.009105
0.258545
0.00676511
0.292994
0.00414766
0.335418
0.00156956
0.386189
0.444812
0.0186989
0.147261
-0.0200964
0.0172671
0.165101
0.0156992
0.184848
0.0139372
0.20685
0.0119441
0.231804
0.00968181
0.260807
0.00712525
0.295551
0.00432185
0.338222
0.00161324
0.388898
0.446426
0.0206205
0.149065
-0.0224251
0.0188452
0.166877
0.0169859
0.186707
0.0149653
0.20887
0.0127312
0.234038
0.0102408
0.263298
0.00747107
0.298321
0.00448929
0.341203
0.00165399
0.391733
0.44808
0.0224726
0.151243
-0.0246508
0.0203678
0.168982
0.0182225
0.188853
0.0159469
0.211146
0.0134766
0.236508
0.0107647
0.26601
0.00779239
0.301293
0.00464073
0.344355
0.00168453
0.394689
0.449764
0.0241815
0.153749
-0.0266873
0.0217764
0.171387
0.0193645
0.191264
0.0168495
0.213661
0.0141578
0.2392
0.011239
0.268928
0.0080799
0.304452
0.0047759
0.347659
0.00173008
0.397735
0.451494
0.0256997
-0.0284796
0.0230317
0.0203809
0.0176494
0.0147578
0.0116532
0.00832849
0.00489461
0.0017719
-0.140576
0.012043
-0.0154199
-0.139846
0.00757127
-0.00830071
-0.139901
0.00443574
-0.00438169
-0.140455
0.00109329
-0.000538536
-0.141378
-0.00181338
0.00273581
-0.142624
-0.00449684
0.00574349
-0.144149
-0.00692736
0.00845251
-0.145919
-0.00913392
0.0109037
-0.147905
-0.0111254
0.0131107
-0.01291
-0.150083
0.0150886
-0.157837
0.0102801
-0.157253
0.00698746
-0.157266
0.00444915
-0.157839
0.0016657
-0.158804
-0.00084853
-0.160097
-0.0032029
-0.161667
-0.0053575
-0.163475
-0.00732676
-0.165486
-0.00911349
-0.0107202
-0.167676
-0.176777
0.0089947
-0.176394
0.00660372
-0.176434
0.00448989
-0.176973
0.00220441
-0.177896
7.44355e-05
-0.179146
-0.00195274
-0.180673
-0.00383109
-0.182436
-0.00556358
-0.184403
-0.00714658
-0.00857834
-0.186545
-0.197992
0.00798238
-0.197613
0.00622495
-0.19762
0.0044971
-0.198069
0.00265277
-0.198883
0.000888556
-0.200023
-0.000812946
-0.201444
-0.00240961
-0.203111
-0.00389713
-0.20499
-0.00526733
-0.00651562
-0.207053
-0.221884
0.00706389
-0.221412
0.00575238
-0.221304
0.00438984
-0.2216
0.00294788
-0.222248
0.00153702
-0.223223
0.000161896
-0.224488
-0.00114419
-0.226012
-0.00237325
-0.227764
-0.00351568
-0.00456518
-0.229714
-0.249347
0.00605993
-0.248699
0.00510425
-0.248397
0.00408723
-0.248466
0.0030177
-0.248881
0.00195203
-0.249624
0.00090438
-0.250666
-0.000102201
-0.25198
-0.00105909
-0.253537
-0.00195848
-0.00279328
-0.255309
-0.282072
0.00482462
-0.281151
0.0041833
-0.280555
0.00349196
-0.280307
0.00276949
-0.280394
0.00203915
-0.280806
0.00131618
-0.281522
0.000613264
-0.282518
-6.27164e-05
-0.283767
-0.000708934
-0.00131862
-0.285242
-0.322656
0.00326541
-0.321372
0.00289972
-0.320384
0.0025034
-0.319715
0.00210055
-0.319362
0.00168663
-0.319321
0.00127468
-0.319575
0.000867522
-0.320108
0.000470014
-0.320895
7.79543e-05
-0.000308497
-0.321905
-0.372902
0.00144128
-0.371303
0.00130053
-0.369946
0.00114696
-0.368859
0.00101388
-0.368042
0.000869034
-0.367492
0.000724656
-0.367201
0.000576726
-0.36716
0.000429104
-0.367357
0.000274362
9.13057e-05
-0.367756
-0.436172
-0.434871
-0.433724
-0.43271
-0.431841
-0.431117
-0.43054
-0.430111
-0.429836
-0.429745
-0.152446
-0.014432
0.0167948
-0.154963
-0.0157994
0.0183162
-0.157614
-0.0169376
0.0195886
-0.160363
-0.0178138
0.020563
-0.163149
-0.0183821
0.0211681
-0.165884
-0.0186063
0.0213417
-0.168457
-0.0185178
0.0210901
-0.170765
-0.018225
0.0205329
-0.173076
-0.0177355
0.0200467
-0.0177284
-0.174263
0.018916
-0.170033
-0.0120753
-0.172519
-0.0133131
-0.175109
-0.0143476
-0.177765
-0.0151581
-0.180427
-0.0157195
-0.183014
-0.0160198
-0.185436
-0.0160952
-0.187647
-0.0160145
-0.189494
-0.0158883
-0.0163367
-0.190886
-0.18885
-0.00976947
-0.191277
-0.0108862
-0.193795
-0.0118295
-0.196367
-0.0125867
-0.198938
-0.0131483
-0.201442
-0.013516
-0.203819
-0.0137181
-0.206028
-0.0138054
-0.207985
-0.0139317
-0.0144357
-0.209886
-0.20929
-0.00753241
-0.211654
-0.00852156
-0.214116
-0.00936797
-0.216638
-0.0100646
-0.219176
-0.0106103
-0.22168
-0.0110117
-0.224109
-0.0112892
-0.226426
-0.0114882
-0.228622
-0.0117363
-0.0121703
-0.230887
-0.231858
-0.00538886
-0.234145
-0.00623429
-0.236546
-0.0069671
-0.239028
-0.00758274
-0.241553
-0.00808508
-0.244083
-0.00848125
-0.246586
-0.00878691
-0.24903
-0.00904408
-0.251432
-0.00933403
-0.00969286
-0.25391
-0.257296
-0.00340202
-0.259446
-0.00408386
-0.261731
-0.004682
-0.264121
-0.00519327
-0.266584
-0.00562198
-0.269091
-0.00597444
-0.271611
-0.00626708
-0.274121
-0.00653337
-0.276639
-0.00681636
-0.00711641
-0.279216
-0.286953
-0.00169144
-0.288844
-0.0021924
-0.290889
-0.00263726
-0.29306
-0.0030217
-0.295334
-0.00334845
-0.297686
-0.0036229
-0.300087
-0.00386542
-0.302524
-0.00409663
-0.305
-0.0043403
-0.00458871
-0.307528
-0.323159
-0.000436981
-0.324601
-0.000750913
-0.326206
-0.00103218
-0.327957
-0.00127086
-0.329826
-0.00147943
-0.331797
-0.00165176
-0.333856
-0.00180675
-0.33598
-0.00197199
-0.338168
-0.00215259
-0.00234825
-0.340408
-0.368335
0.000141189
-0.369092
6.96242e-06
-0.370009
-0.00011517
-0.371074
-0.00020673
-0.372263
-0.000290435
-0.373553
-0.000361464
-0.374938
-0.000421453
-0.37642
-0.000490047
-0.377991
-0.000582076
-0.000724458
-0.379614
-0.429604
-0.429597
-0.429712
-0.429919
-0.430209
-0.430571
-0.430992
-0.431482
-0.432064
-0.432789
0.000483754
-0.433273
0.0021442
-0.381275
0.00449782
-0.342762
0.00712339
-0.310153
0.00979326
-0.281885
0.0124126
-0.256529
0.014983
-0.233458
0.017611
-0.212514
0.0205716
-0.193846
-0.178038
0.0243461
0.000563004
-0.433836
0.00228435
-0.382996
0.00467422
-0.345152
0.00730774
-0.312787
0.00993945
-0.284517
0.012456
-0.259046
0.0148346
-0.235836
0.0171228
-0.214802
0.019345
-0.196069
-0.179855
0.0211617
0.000638045
-0.434474
0.00241371
-0.384772
0.00483361
-0.347572
0.00746772
-0.315421
0.0100672
-0.287117
0.0125207
-0.261499
0.0147979
-0.238113
0.0168873
-0.216891
0.0187034
-0.197885
-0.181164
0.0200131
0.000679007
-0.435153
0.00251937
-0.386612
0.0049733
-0.350026
0.00759992
-0.318048
0.0101506
-0.289667
0.0125167
-0.263865
0.0146692
-0.240266
0.0165984
-0.21882
0.0182593
-0.199546
-0.18247
0.0195653
0.000725696
-0.435878
0.00262758
-0.388514
0.0051161
-0.352514
0.00774
-0.320671
0.010254
-0.292181
0.0125558
-0.266167
0.0146228
-0.242333
0.0164606
-0.220658
0.0180629
-0.201148
-0.183797
0.0193895
0.00077137
-0.43665
0.00273712
-0.39048
0.00526284
-0.35504
0.00788819
-0.323297
0.010374
-0.294667
0.0126291
-0.268422
0.0146447
-0.244348
0.0164446
-0.222458
0.018045
-0.202748
-0.185184
0.0194317
0.000825037
-0.437475
0.0028571
-0.392512
0.00542152
-0.357604
0.00805269
-0.325928
0.0105192
-0.297134
0.0127416
-0.270644
0.0147247
-0.246332
0.0165079
-0.224241
0.0181257
-0.204366
-0.186639
0.0195813
0.000885581
-0.43836
0.00298754
-0.394614
0.00559069
-0.360207
0.00822828
-0.328566
0.0106802
-0.299585
0.0128806
-0.272845
0.0148467
-0.248298
0.0166306
-0.226025
0.0182812
-0.206017
-0.188177
0.019819
0.000965773
-0.439326
0.00313996
-0.396788
0.00577378
-0.362841
0.0084103
-0.331202
0.0108446
-0.30202
0.0130241
-0.275024
0.0149774
-0.250251
0.0167678
-0.227816
0.0184582
-0.207707
-0.189805
0.0200863
0.00108296
0.0033071
0.00595501
0.00858061
0.0109916
0.0131479
0.0150881
0.0168845
0.0186136
0.0203315
0.0169805
-0.74369
0.747143
0.0166443
-0.537506
0.537842
0.0191332
-0.413746
0.411257
0.0210473
-0.324103
0.322189
0.0222955
-0.256087
0.254838
0.0241716
-0.192803
0.190927
0.0287907
-0.12173
0.117111
0.0368956
-0.0411038
0.0329989
0.0466837
0.0342255
-0.0440137
0.0557349
0.0870174
-0.0960685
0.0627208
0.111849
-0.118834
0.0674493
0.114116
-0.118845
0.0703116
0.102991
-0.105853
0.0718398
0.0863318
-0.0878601
0.0724926
0.0690183
-0.0696711
0.0725973
0.0532521
-0.0533568
0.0723662
0.040025
-0.0397939
0.071926
0.0286344
-0.0281941
0.0713548
0.020829
-0.0202578
0.0107435
-0.0100674
0.0143969
-0.737617
0.0140222
-0.537131
0.0169196
-0.416643
0.0196262
-0.32681
0.0216108
-0.258071
0.0240498
-0.195242
0.0288457
-0.126526
0.0368379
-0.049096
0.0464992
0.0245644
0.0555071
0.0780095
0.0624939
0.104862
0.0672286
0.109382
0.0700926
0.100127
0.0716229
0.0848015
0.0722842
0.0683569
0.0724075
0.0531289
0.0722052
0.0402273
0.0718021
0.0290375
0.0712755
0.0213556
0.0113727
0.0118311
-0.729105
0.0113204
-0.53662
0.01457
-0.419893
0.0180416
-0.330282
0.0207542
-0.260784
0.023759
-0.198246
0.0287524
-0.131519
0.036622
-0.0569656
0.0461112
0.0150752
0.0550357
0.069085
0.0620078
0.0978896
0.0667534
0.104636
0.0696359
0.0972447
0.0711914
0.083246
0.0718888
0.0676595
0.0720616
0.052956
0.0719223
0.0403667
0.0715938
0.0293659
0.0711523
0.0217971
0.0119109
0.00924296
-0.718358
0.00854972
-0.535927
0.0120603
-0.423404
0.0162405
-0.334462
0.0196685
-0.264212
0.0232416
-0.20182
0.0284654
-0.136743
0.0362291
-0.0647293
0.0455237
0.00578063
0.0543335
0.0602752
0.0612753
0.0909478
0.0660336
0.0998777
0.0689483
0.09433
0.0705501
0.0816442
0.0713097
0.0668999
0.0715622
0.0527036
0.0715193
0.0404096
0.0713023
0.0295829
0.070986
0.0221134
0.012315
0.00677492
-0.705794
0.00582087
-0.534973
0.00939501
-0.426978
0.0141806
-0.339247
0.0183055
-0.268337
0.0224476
-0.205962
0.0279392
-0.142234
0.0356347
-0.0724248
0.0447352
-0.0033199
0.0534108
0.0515996
0.0603086
0.0840501
0.0650797
0.0951066
0.0680378
0.0913719
0.0697051
0.0799769
0.0705515
0.0660535
0.0709125
0.0523426
0.0709988
0.0403233
0.0709294
0.0296523
0.0707774
0.0222653
0.0125424
0.00444712
-0.691886
0.00294149
-0.533467
0.00640542
-0.430442
0.0117605
-0.344602
0.0166045
-0.273181
0.0213294
-0.210687
0.0271303
-0.148035
0.0348108
-0.0801053
0.0437397
-0.0122488
0.0522754
0.0430638
0.0591198
0.0772057
0.0639029
0.0903236
0.0669135
0.0883613
0.0686633
0.0782271
0.0696195
0.0650972
0.0701169
0.0518452
0.070364
0.0400762
0.070477
0.0295393
0.0705277
0.0222146
0.0125518
0.000945618
-0.675807
-0.00120604
-0.531316
0.002547
-0.434195
0.00873889
-0.350794
0.0144512
-0.278893
0.0198204
-0.216056
0.0259872
-0.154202
0.0337224
-0.0878404
0.0425247
-0.0210512
0.0509316
0.034657
0.0577201
0.0704172
0.062515
0.0855287
0.0655856
0.0852907
0.0674329
0.0763798
0.0685204
0.0640097
0.0691804
0.0511852
0.0696186
0.039638
0.069948
0.02921
0.0702381
0.0219245
0.0123031
-0.00561496
-0.655034
-0.0072147
-0.529716
-0.0023432
-0.439066
0.00501154
-0.358149
0.0117576
-0.285639
0.017854
-0.222152
0.0244541
-0.160802
0.0323255
-0.0957119
0.0410679
-0.0297935
0.049377
0.0263479
0.0561175
0.0636767
0.060927
0.0807192
0.0640645
0.0821532
0.0660229
0.0744214
0.0672615
0.0627711
0.0681091
0.0503376
0.0687674
0.0389798
0.0693453
0.028632
0.0699103
0.0213594
0.011758
-0.00974778
-0.632758
-0.0108714
-0.528592
-0.00620826
-0.443729
0.00143794
-0.365795
0.00885265
-0.293054
0.0155647
-0.228864
0.0225799
-0.167817
0.0306274
-0.103759
0.0393665
-0.0385327
0.0476145
0.0180999
0.0543207
0.0569705
0.0591494
0.0758905
0.0623602
0.0789424
0.0644421
0.0723394
0.0658504
0.0613628
0.0669093
0.0492787
0.0678151
0.0380739
0.0686725
0.0277746
0.0695462
0.0204858
0.01088
0.00262089
-0.625833
-0.00617901
-0.519793
-0.00601439
-0.443894
-0.00054916
-0.37126
0.00646882
-0.300072
0.0133802
-0.235776
0.0206212
-0.175058
0.0287768
-0.111915
0.037504
-0.0472599
0.0456903
0.00991362
0.0523545
0.0503062
0.0571949
0.0710501
0.0604797
0.0756577
0.0626958
0.0701233
0.0642922
0.0597664
0.0655859
0.047985
0.0667665
0.0368933
0.0679332
0.0266079
0.0691475
0.0192714
0.00963429
0.248352
-0.517382
-0.356803
0.19026
-0.461701
0.142403
-0.396036
0.110938
-0.339796
0.093145
-0.282279
0.0826067
-0.225237
0.0773328
-0.169785
0.0773458
-0.111928
0.0822276
-0.0521416
0.0903042
0.00183699
0.0992924
0.041318
0.107383
0.0629599
0.113725
0.0693156
0.11826
0.0655876
0.121326
0.0567009
0.123331
0.0459797
0.124627
0.0355975
0.125438
0.0257966
0.12597
0.0187399
0.00938609
0.273134
-0.408818
-0.381698
0.209946
-0.398513
0.168403
-0.354493
0.137717
-0.30911
0.117414
-0.261976
0.104354
-0.212178
0.0968504
-0.162281
0.0951668
-0.110244
0.0990973
-0.0560721
0.106975
-0.00604034
0.116332
0.0319603
0.125095
0.0541971
0.132185
0.0622259
0.137403
0.060369
0.141029
0.0530756
0.143463
0.0435455
0.145074
0.0339867
0.146104
0.0247662
0.14679
0.0180543
0.00906171
0.325694
-0.319162
-0.41535
0.259776
-0.332595
0.2123
-0.307017
0.174805
-0.271616
0.148553
-0.235723
0.131746
-0.195371
0.121598
-0.152132
0.117767
-0.106414
0.120176
-0.0584809
0.127321
-0.0131855
0.136676
0.0226055
0.145921
0.0449525
0.153707
0.0544395
0.159642
0.0544341
0.163899
0.0488187
0.166842
0.0406029
0.16884
0.0319887
0.170146
0.0234597
0.17103
0.0171707
0.00863855
0.368392
-0.240585
-0.44697
0.301245
-0.265448
0.252359
-0.258131
0.214523
-0.233779
0.185486
-0.206686
0.165375
-0.17526
0.152465
-0.139223
0.14617
-0.100119
0.146522
-0.0588329
0.152318
-0.0189814
0.161147
0.0137758
0.170543
0.0355565
0.178882
0.0461003
0.18552
0.0477967
0.190464
0.0438744
0.193997
0.0370702
0.196464
0.0295218
0.198114
0.0218091
0.199249
0.0160358
0.00808859
0.417082
-0.175831
-0.481836
0.354452
-0.202818
0.303697
-0.207376
0.26338
-0.193462
0.230764
-0.17407
0.206636
-0.151132
0.190459
-0.123047
0.181361
-0.0910204
0.17919
-0.0566616
0.183022
-0.0228133
0.190715
0.00608267
0.199804
0.0264668
0.208444
0.0374613
0.215701
0.0405388
0.221358
0.0382177
0.225556
0.0328721
0.22858
0.0264985
0.230652
0.0197363
0.232102
0.0145865
0.00737818
0.464036
-0.122721
-0.517147
0.407868
-0.146649
0.357661
-0.157168
0.316499
-0.1523
0.282414
-0.139985
0.255461
-0.124179
0.236169
-0.103755
0.224131
-0.0789824
0.219114
-0.0516443
0.220459
-0.024159
0.226413
0.000128899
0.234674
0.0182061
0.243271
0.0288644
0.250995
0.0328148
0.257347
0.0318652
0.26227
0.0279493
0.265938
0.0228307
0.268518
0.0171561
0.270354
0.0127506
0.00646844
0.510952
-0.080639
-0.553034
0.463444
-0.0991413
0.416908
-0.110632
0.37616
-0.111551
0.341408
-0.105234
0.312458
-0.0952295
0.290245
-0.0815411
0.275132
-0.0638694
0.267034
-0.043547
0.26551
-0.0226348
0.269227
-0.00358742
0.276168
0.0112642
0.284356
0.0206766
0.292348
0.0248228
0.299345
0.0248686
0.305034
0.0222599
0.309431
0.0184343
0.312607
0.0139797
0.314908
0.0104497
0.00531659
0.561192
-0.0479881
-0.593843
0.522344
-0.0602938
0.481275
-0.0695627
0.442454
-0.0727306
0.407767
-0.0705469
0.377582
-0.0650446
0.352888
-0.0568468
0.334701
-0.0456825
0.323394
-0.0322397
0.318793
-0.018034
0.319969
-0.00476288
0.325252
0.00598113
0.332745
0.0131829
0.340835
0.0167328
0.348427
0.0172774
0.35492
0.0157662
0.360128
0.0132269
0.36399
0.0101177
0.366837
0.00760288
0.00387862
0.621005
-0.0223834
-0.64661
0.589241
-0.0285301
0.553407
-0.033728
0.516903
-0.0362271
0.482309
-0.0359529
0.450928
-0.0336637
0.423939
-0.029857
0.402712
-0.0244557
0.388168
-0.0176954
0.380505
-0.0103714
0.37914
-0.0033982
0.382724
0.00239758
0.389472
0.00643492
0.397638
0.00856713
0.40585
0.0090648
0.413216
0.00839994
0.419324
0.00711953
0.423958
0.00548383
0.427425
0.0041353
0.00211454
0.700518
-0.722901
0.671987
0.638259
0.602032
0.566079
0.532416
0.502559
0.478103
0.460408
0.450036
0.446638
0.449035
0.45547
0.464038
0.473102
0.481502
0.488622
0.494106
0.498241
0.420232
-0.00281609
-0.417253
0.421735
0.00104059
0.421609
0.00485973
0.419716
0.00853906
0.415889
0.0121968
0.409943
0.0154532
0.401409
0.019165
0.389929
0.0212557
0.373429
0.0265215
0.0189692
0.421783
-0.00378139
-0.420817
0.421837
0.000986375
0.420914
0.00578313
0.418921
0.0105312
0.415837
0.015281
0.411514
0.0197767
0.406282
0.0243969
0.399758
0.02778
0.393796
0.032483
0.0310674
0.43396
-0.00318824
-0.434554
0.433067
0.00187938
0.431916
0.00693452
0.430538
0.0119088
0.429035
0.0167844
0.427376
0.0214357
0.425733
0.0260401
0.423412
0.0301009
0.420927
0.0349675
0.0366449
0.453
-0.00210193
-0.454086
0.452043
0.00283591
0.451232
0.00774507
0.450553
0.0125885
0.449986
0.0173514
0.44943
0.0219915
0.448916
0.0265538
0.448218
0.0307991
0.447972
0.0352136
0.0376469
0.473972
-0.000974379
-0.4751
0.473252
0.00355613
0.472934
0.00806286
0.47301
0.0125126
0.473488
0.0168733
0.474375
0.0211046
0.475738
0.0251909
0.477493
0.0290439
0.479844
0.0328635
0.0356547
0.496552
-9.40479e-05
-0.497433
0.496327
0.00378132
0.49676
0.00762964
0.497852
0.0114213
0.499597
0.015128
0.501978
0.0187231
0.504982
0.0221871
0.508543
0.0254833
0.512749
0.0286567
0.0312574
0.522595
0.000426982
-0.523116
0.522882
0.00349394
0.523974
0.00653752
0.525863
0.00953234
0.528538
0.0124536
0.531983
0.0152773
0.536189
0.0179812
0.541131
0.0205419
0.546831
0.0229563
0.0250545
0.555768
0.000581489
-0.555923
0.556528
0.00273406
0.558198
0.00486774
0.560768
0.0069622
0.564224
0.00899778
0.568545
0.0109558
0.573708
0.0128186
0.57968
0.0145701
0.586438
0.0161985
0.0176495
0.602044
0.00040835
-0.601871
0.603228
0.00155046
0.605415
0.00268071
0.608591
0.00378674
0.612732
0.0048566
0.617809
0.00587893
0.623784
0.0068432
0.630614
0.00773988
0.638252
0.00856055
0.00929202
0.671712
-0.671303
0.673262
0.675943
0.67973
0.684586
0.690465
0.697309
0.705048
0.713609
0.343563
-0.0206235
-0.350538
0.357633
-0.0391572
0.368657
-0.0331413
0.377372
-0.0278314
0.385835
-0.0247039
0.393929
-0.0214881
0.401229
-0.0178925
0.407606
-0.0142127
0.412989
-0.010499
-0.00671831
0.381152
-0.0261018
-0.375674
0.387225
-0.0452298
0.394252
-0.0401691
0.399781
-0.0333597
0.404485
-0.0294088
0.409
-0.0260025
0.413067
-0.0219598
0.416426
-0.0175717
0.419019
-0.0130915
-0.00851715
0.42249
-0.0315616
-0.41703
0.424801
-0.0475412
0.42759
-0.0429579
0.430215
-0.0359842
0.431939
-0.0311331
0.433167
-0.0272304
0.434115
-0.022908
0.434683
-0.0181393
0.434816
-0.0132245
-0.00825499
0.465173
-0.0345436
-0.462191
0.463345
-0.0457125
0.46194
-0.0415536
0.461266
-0.0353096
0.460354
-0.0302215
0.459096
-0.0259722
0.45778
-0.0215924
0.456511
-0.0168697
0.455274
-0.0119876
-0.00706718
0.504075
-0.0344032
-0.504215
0.498582
-0.0402195
0.49368
-0.0366521
0.489999
-0.0316279
0.486809
-0.0270315
0.483758
-0.0229216
0.480972
-0.0188066
0.478593
-0.0144903
0.476641
-0.0100355
-0.00552638
0.536147
-0.0307864
-0.539764
0.528638
-0.0327107
0.521796
-0.0298102
0.516247
-0.0260784
0.511607
-0.0223915
0.507544
-0.0188592
0.50404
-0.0153024
0.501172
-0.0116225
0.498972
-0.0078353
-0.00398686
0.564746
-0.0245353
-0.570997
0.556657
-0.024622
0.549284
-0.0224368
0.543031
-0.0198253
0.537757
-0.0171176
0.533278
-0.0143801
0.529548
-0.0115729
0.526598
-0.00867195
0.524452
-0.00568895
-0.0026511
0.597491
-0.0169617
-0.605064
0.589425
-0.0165557
0.582092
-0.0151047
0.575698
-0.013431
0.570222
-0.0116411
0.565611
-0.00976937
0.561857
-0.00781865
0.558978
-0.00579336
0.556996
-0.0037069
-0.001578
0.64344
-0.00875616
-0.651646
0.635356
-0.008471
0.628003
-0.00775208
0.621497
-0.00692527
0.615877
-0.00602072
0.611162
-0.00505458
0.607378
-0.0040347
0.604553
-0.00296852
0.602712
-0.00186564
-0.000737391
0.715133
-0.72389
0.706662
0.69891
0.691985
0.685964
0.68091
0.676875
0.673906
0.672041
0.127628
0.0193184
-0.0199721
0.129625
0.0571591
-0.0591565
0.133084
0.0949134
-0.0983724
0.137976
0.134565
-0.139456
0.145407
0.175996
-0.183427
0.154771
0.223617
-0.232981
0.171761
0.271672
-0.288662
0.188476
0.34025
-0.356965
0.24903
0.371619
-0.432173
0.492719
-0.594227
0.149122
0.0183619
0.151923
0.0543583
0.156794
0.090042
0.163592
0.127767
0.174203
0.165384
0.186719
0.211101
0.211582
0.246809
0.233647
0.318184
0.303443
0.301823
0.420489
0.174147
0.0170774
0.177888
0.0506166
0.184454
0.0834761
0.193532
0.118689
0.207939
0.150978
0.224208
0.194832
0.256717
0.2143
0.287507
0.287395
0.348119
0.241211
0.351578
0.203294
0.0154434
0.208067
0.0458436
0.216461
0.0750818
0.228039
0.107111
0.246167
0.132849
0.266788
0.174211
0.302558
0.178531
0.342456
0.247497
0.388611
0.195056
0.277997
0.237231
0.0134439
0.243078
0.0399967
0.253237
0.0649222
0.267418
0.0929311
0.288204
0.112063
0.31379
0.148625
0.347415
0.144906
0.395068
0.199844
0.431188
0.158936
0.20497
0.276702
0.0110979
0.283569
0.0331295
0.295168
0.0533232
0.311793
0.0763066
0.333643
0.0902132
0.36357
0.118697
0.393484
0.114991
0.443578
0.14975
0.477343
0.125171
0.142549
0.322586
0.00849056
0.330279
0.025437
0.342817
0.0407848
0.361198
0.0579252
0.383157
0.0682546
0.41481
0.0870447
0.443211
0.0865904
0.489379
0.103581
0.523485
0.0910655
0.0950365
0.375962
0.00574691
0.384154
0.0172449
0.397219
0.0277198
0.41629
0.0388545
0.438381
0.0461632
0.468886
0.0565395
0.497455
0.0580211
0.536512
0.064525
0.568906
0.0586714
0.058878
0.438151
0.00294104
0.446577
0.00881883
0.460038
0.0142593
0.479146
0.0197465
0.501643
0.0236657
0.530071
0.0281116
0.558687
0.0294053
0.591837
0.0313755
0.621513
0.028995
0.0287451
0.510767
0.519586
0.533845
0.553591
0.577257
0.605369
0.634774
0.666149
0.695144
0.0713495
0.0169305
-0.0175711
0.0716281
0.050323
-0.0506016
0.0713808
0.0832024
-0.0829552
0.0704202
0.116502
-0.115541
0.0683643
0.151694
-0.149638
0.0650422
0.18934
-0.186018
0.0594299
0.234909
-0.229297
0.0512555
0.283261
-0.275086
0.0407206
0.372167
-0.361632
0.564264
-0.553502
0.07127
0.0163609
0.071424
0.050169
0.0710262
0.0836003
0.0699019
0.117626
0.0677138
0.153882
0.0642821
0.192772
0.0587596
0.240432
0.0507846
0.291236
0.0405346
0.382417
0.573581
0.0711425
0.0159118
0.0711195
0.050192
0.0705159
0.0842038
0.0691649
0.118977
0.0667844
0.156263
0.0631655
0.196391
0.0576709
0.245926
0.049848
0.299059
0.0399298
0.392335
0.581297
0.0709688
0.0156313
0.0707185
0.0504424
0.0698558
0.0850664
0.0682171
0.120616
0.0655835
0.158896
0.061699
0.200275
0.0561722
0.251453
0.0484304
0.3068
0.0389432
0.401822
0.587272
0.0707511
0.0155664
0.0702256
0.0509679
0.0690527
0.0862394
0.0670685
0.1226
0.0641209
0.161844
0.0598938
0.204502
0.0542776
0.257069
0.0465207
0.314557
0.0376233
0.410719
0.591434
0.0704915
0.0157628
0.069646
0.0518134
0.068114
0.0877714
0.0657307
0.124984
0.0624082
0.165166
0.0577654
0.209145
0.0520042
0.26283
0.0441134
0.322448
0.0360851
0.418748
0.59376
0.0701924
0.016264
0.0689852
0.0530205
0.067048
0.0897086
0.064216
0.127816
0.0604575
0.168925
0.0553341
0.214268
0.0493692
0.268795
0.0412126
0.330605
0.0343661
0.425594
0.594481
0.0698563
0.0171114
0.0682489
0.0546278
0.0658622
0.0920954
0.0625355
0.131142
0.0582804
0.17318
0.0526241
0.219925
0.0463843
0.275035
0.0378586
0.33913
0.0329641
0.430489
0.593965
0.0694874
0.0183426
0.0674454
0.0566698
0.0645663
0.0949745
0.0607002
0.135008
0.0558888
0.177992
0.0496659
0.226147
0.043067
0.281634
0.0340776
0.34812
0.0309303
0.433636
0.592993
0.0691096
0.0666229
0.063225
0.0587771
0.0533416
0.0465081
0.0394798
0.0306351
0.0320985
0.0693169
0.018339
-0.0169788
0.0678583
0.0497135
-0.048255
0.0660674
0.0781859
-0.076395
0.0635542
0.104293
-0.101779
0.0597758
0.127965
-0.124187
0.0536696
0.149555
-0.143449
0.0442435
0.167428
-0.158002
0.031279
0.190137
-0.177172
0.0171816
0.256696
-0.242598
0.425108
-0.420212
0.0697584
0.0192779
0.0687194
0.0507526
0.0673194
0.0795859
0.0651947
0.106417
0.0618614
0.131298
0.0564277
0.154989
0.0480908
0.175765
0.0373447
0.200883
0.0264484
0.267592
0.438847
0.0701379
0.0198534
0.06945
0.0514404
0.068381
0.080655
0.0665861
0.108212
0.0636232
0.134261
0.0587285
0.159883
0.0509887
0.183505
0.040898
0.210973
0.0291147
0.279375
0.45423
0.0704691
0.0201092
0.0700867
0.0518228
0.0693054
0.0814363
0.0677966
0.109721
0.0651335
0.136924
0.0606528
0.164364
0.0532325
0.190925
0.043257
0.220949
0.030634
0.291998
0.469317
0.0707507
0.0200906
0.0706245
0.0519489
0.0700829
0.0819779
0.0688128
0.110991
0.0663861
0.139351
0.0622416
0.168508
0.0551071
0.19806
0.0453678
0.230688
0.0329004
0.304466
0.484457
0.0709811
0.0198447
0.0710594
0.0518706
0.0707067
0.0823305
0.0696283
0.112069
0.0673894
0.14159
0.0635361
0.172362
0.0567226
0.204873
0.0473191
0.240092
0.0352473
0.316538
0.499607
0.0711593
0.0194201
0.0713885
0.0516415
0.071171
0.082548
0.070234
0.113007
0.0681368
0.143687
0.0645245
0.175974
0.0580294
0.211368
0.0489207
0.249201
0.0371816
0.328277
0.514364
0.071285
0.0188663
0.07161
0.0513165
0.0714718
0.0826862
0.0706208
0.113858
0.068616
0.145692
0.065182
0.179408
0.0589736
0.217577
0.050111
0.258063
0.0386814
0.339706
0.528394
0.0713582
0.0182333
0.0717234
0.0509513
0.071607
0.0828026
0.0707828
0.114682
0.0688175
0.147657
0.0654931
0.182732
0.059532
0.223538
0.0509034
0.266692
0.039788
0.350822
0.541495
0.0713795
0.0717292
0.0715767
0.0707169
0.068736
0.0654504
0.0596917
0.051297
0.0404869
0.506166
0.00108674
0.503602
0.00256407
0.50037
0.00323125
0.497779
0.00259142
0.497199
0.000579933
0.500417
-0.00321804
0.508746
-0.00832844
0.524776
-0.0160305
0.548362
-0.0235859
-0.0350692
0.583431
0.433386
0.00248235
0.429841
0.00610906
0.42501
0.00806268
0.420034
0.00756744
0.41627
0.00434378
0.415341
-0.00228958
0.419019
-0.0120059
0.429395
-0.0264063
0.448023
-0.0422144
-0.0653414
0.478295
0.370841
0.00428158
0.366042
0.0109087
0.359066
0.015038
0.350882
0.0157523
0.342774
0.0124513
0.336246
0.00423817
0.333534
-0.00929324
0.336429
-0.0293018
0.349166
-0.0549512
-0.0878709
0.371695
0.31728
0.00637885
0.311499
0.0166897
0.302694
0.023843
0.291596
0.0268499
0.279245
0.0248023
0.267023
0.0164603
0.257101
0.000628699
0.25186
-0.0240602
0.256411
-0.059503
-0.0970037
0.265544
0.271518
0.0085953
0.26525
0.0229582
0.255348
0.033745
0.24224
0.0399579
0.226569
0.040473
0.209444
0.0335855
0.192625
0.0174474
0.17967
-0.011105
0.171246
-0.0510792
-0.0828206
0.157063
0.23247
0.0107547
0.226219
0.0292085
0.21605
0.0439146
0.20205
0.0539577
0.184392
0.0581309
0.163633
0.0543447
0.141168
0.0399121
0.120431
0.00963261
0.0930941
-0.0237425
-0.0323659
0.0426395
0.199155
0.0127258
0.193318
0.0350455
0.183589
0.0536442
0.169744
0.0678026
0.151481
0.0763938
0.128607
0.0772182
0.101917
0.0666025
0.0721524
0.039397
0.0226587
0.0257511
0.0569418
-0.066649
0.170711
0.0144356
0.165531
0.0402256
0.156727
0.0624479
0.14384
0.0806896
0.126173
0.094061
0.102749
0.100642
0.0731309
0.0962202
0.0342526
0.0782752
-0.0324597
0.0924634
0.171626
-0.147144
0.146403
0.0158562
0.14199
0.0446386
0.134373
0.0700646
0.122954
0.0921084
0.106801
0.110214
0.0842653
0.123178
0.053203
0.127283
0.00765956
0.123819
-0.0644701
0.164593
0.298655
-0.191498
0.125632
0.122015
0.115685
0.106014
0.0920414
0.0717708
0.0410511
-0.0123024
-0.0903077
-0.211865
0.58264
0.00079098
0.583059
-0.000418717
0.584851
-0.0017925
0.588089
-0.00323729
0.592849
-0.00476001
0.599206
-0.00635782
0.607232
-0.00802535
0.616989
-0.00975736
0.628537
-0.0115481
-0.0133904
0.641928
0.47855
0.000536081
0.479995
-0.00186335
0.482728
-0.00452595
0.4868
-0.00730892
0.492275
-0.0102349
0.499207
-0.01329
0.507637
-0.016455
0.517592
-0.0197131
0.529091
-0.023047
-0.0264356
0.542137
0.3738
-0.00156837
0.377007
-0.00507057
0.381274
-0.00879333
0.386604
-0.0126385
0.393025
-0.0166556
0.400533
-0.020798
0.409091
-0.0250134
0.418638
-0.02926
0.429087
-0.0334964
-0.0376759
0.440327
0.26937
-0.00539367
0.273945
-0.00964632
0.278995
-0.0138428
0.284428
-0.0180718
0.290176
-0.022403
0.296102
-0.0267242
0.302028
-0.0309392
0.307748
-0.0349809
0.313038
-0.0387862
-0.0422932
0.317656
0.16121
-0.00954073
0.16504
-0.0134762
0.168202
-0.0170047
0.170607
-0.0204772
0.172113
-0.0239087
0.172504
-0.0271153
0.171549
-0.0299844
0.16902
-0.0324519
0.164712
-0.0344778
-0.0360534
0.158472
0.0446673
-0.0115686
0.0451461
-0.013955
0.0442693
-0.0161278
0.0421572
-0.0183651
0.0387484
-0.0204999
0.0339725
-0.0223394
0.0277994
-0.0238113
0.0202512
-0.0249037
0.0114207
-0.0256474
-0.0261134
0.00148074
-0.0672418
-0.0109758
-0.0690022
-0.0121946
-0.0714277
-0.0137023
-0.0744495
-0.0153433
-0.078097
-0.0168524
-0.0823322
-0.0181042
-0.0870881
-0.0190554
-0.0922831
-0.0197087
-0.0978282
-0.0201022
-0.020301
-0.103641
-0.150761
-0.00735895
-0.153775
-0.00918119
-0.156581
-0.0108955
-0.159316
-0.0126087
-0.162071
-0.0140971
-0.164839
-0.0153364
-0.167606
-0.0162881
-0.170357
-0.0169579
-0.173085
-0.0173746
-0.0175874
-0.175798
-0.200396
0.00153889
-0.206338
-0.00323933
-0.211788
-0.00544594
-0.216609
-0.00778741
-0.22092
-0.00978639
-0.224687
-0.0115691
-0.227895
-0.01308
-0.230515
-0.014338
-0.23253
-0.0153592
-0.0161739
-0.233944
-0.225746
-0.237286
-0.247114
-0.25544
-0.26249
-0.268316
-0.272944
-0.276378
-0.278626
-0.279712
0.657207
-0.0152796
0.674404
-0.0171971
0.693539
-0.0191348
0.714618
-0.0210786
0.737631
-0.0230135
0.762554
-0.0249224
0.789341
-0.0267875
0.817932
-0.028591
0.848245
-0.0303129
-0.0319711
0.880216
0.556718
-0.0298614
0.572804
-0.0332823
0.590343
-0.0366746
0.60927
-0.0400051
0.629496
-0.0432393
0.650915
-0.0463417
0.673404
-0.0492766
0.696824
-0.0520106
0.721021
-0.0545103
-0.0567788
0.745829
0.452224
-0.0417577
0.464616
-0.0456744
0.477327
-0.0493858
0.490167
-0.052845
0.502935
-0.0560078
0.515425
-0.0588312
0.527421
-0.0612723
0.538695
-0.0632854
0.54901
-0.0648244
-0.0659161
0.558147
0.321351
-0.0454533
0.323883
-0.0482066
0.325026
-0.0505286
0.324584
-0.0524032
0.322407
-0.0538306
0.318399
-0.0548229
0.312516
-0.0553891
0.304745
-0.055515
0.295138
-0.0552173
-0.0545769
0.283799
0.15023
-0.0372113
0.140036
-0.0380125
0.128058
-0.0385503
0.114573
-0.0389189
0.0999361
-0.0391935
0.0845056
-0.0393925
0.0685352
-0.0394187
0.0521
-0.0390798
0.0353168
-0.0384341
-0.0375188
0.0182588
-0.00933382
-0.0263967
-0.0207333
-0.026613
-0.0324373
-0.0268463
-0.0442074
-0.0271489
-0.0558645
-0.0275364
-0.0673244
-0.0279326
-0.0787445
-0.0279985
-0.0905949
-0.0272295
-0.102965
-0.0260643
-0.0254841
-0.114999
-0.109669
-0.0203684
-0.115888
-0.0203943
-0.122335
-0.0203991
-0.129095
-0.0203888
-0.136239
-0.0203925
-0.14378
-0.0203916
-0.151877
-0.0199017
-0.161061
-0.0180453
-0.171172
-0.0159532
-0.016322
-0.180334
-0.178536
-0.0176311
-0.181337
-0.0175925
-0.18428
-0.0174567
-0.187473
-0.0171956
-0.191031
-0.0168342
-0.194966
-0.0164567
-0.199256
-0.015612
-0.204311
-0.01299
-0.210148
-0.0101166
-0.012103
-0.214367
-0.234792
-0.0167827
-0.235116
-0.0172685
-0.234989
-0.0175838
-0.234513
-0.0176715
-0.233876
-0.0174719
-0.233296
-0.0170359
-0.23266
-0.0162483
-0.231711
-0.013939
-0.231374
-0.0104538
-0.0143148
-0.229162
-0.2797
-0.278652
-0.276647
-0.273756
-0.270059
-0.265754
-0.260912
-0.254318
-0.244725
-0.240124
0.939938
-0.0597217
0.996219
-0.0562809
1.04126
-0.0450381
1.06809
-0.0268353
1.0702
-0.00210472
1.04316
0.0270349
0.989745
0.0534174
0.919624
0.0701201
0.844137
0.0754875
0.772094
0.0720425
0.708679
0.063415
0.65606
0.052619
0.614403
0.041657
0.582687
0.031716
0.55931
0.0233778
0.542561
0.0167485
0.530831
0.0117302
0.522949
0.00788161
0.517592
0.00535689
0.00259242
0.801937
-0.11583
0.851169
-0.105513
0.888579
-0.0824485
0.912484
-0.0507395
0.916577
-0.00619838
0.894219
0.0493929
0.846603
0.101033
0.783185
0.133539
0.71561
0.143062
0.652571
0.135081
0.598525
0.117461
0.554762
0.0963821
0.520784
0.0756349
0.495256
0.0572443
0.476576
0.0420581
0.463224
0.0301003
0.453859
0.0210949
0.447549
0.0141914
0.443234
0.00967248
0.0046848
0.60434
-0.162024
0.63945
-0.140623
0.672927
-0.115925
0.704275
-0.0820872
0.723193
-0.0251166
0.720047
0.0525386
0.692229
0.128852
0.6462
0.179568
0.593065
0.196198
0.542316
0.18583
0.499027
0.16075
0.464569
0.13084
0.438306
0.101899
0.418845
0.0767048
0.404705
0.0561984
0.394604
0.0402014
0.387488
0.0282107
0.382664
0.019015
0.379337
0.0129994
0.00630482
0.322076
-0.2003
0.34598
-0.164527
0.387871
-0.157816
0.435729
-0.129945
0.479722
-0.0691103
0.509056
0.023205
0.515981
0.121926
0.501236
0.194313
0.472883
0.224551
0.440479
0.218234
0.41061
0.190618
0.386108
0.155342
0.36728
0.120726
0.353316
0.0906691
0.343145
0.0663689
0.335832
0.0475143
0.330628
0.0334156
0.327063
0.0225797
0.324574
0.0154883
0.00752364
0.0769494
-0.258991
0.111281
-0.198859
0.160941
-0.207476
0.215023
-0.184027
0.271962
-0.126049
0.321876
-0.026709
0.3551
0.088703
0.367986
0.181426
0.364047
0.22849
0.350573
0.231708
0.334306
0.206886
0.319306
0.170342
0.307113
0.132919
0.297795
0.0999871
0.290864
0.0733005
0.285782
0.052596
0.282095
0.0371027
0.279529
0.0251451
0.277708
0.0173093
0.00842167
-0.0438359
-0.330154
-0.00375735
-0.238937
0.0400833
-0.251317
0.0869391
-0.230883
0.139284
-0.178394
0.191613
-0.0790388
0.235065
0.0452512
0.263295
0.153196
0.275697
0.216088
0.276401
0.231004
0.270957
0.21233
0.263662
0.177637
0.256792
0.139789
0.251117
0.105662
0.246672
0.0777452
0.243284
0.055984
0.240747
0.03964
0.238941
0.0269507
0.237632
0.0186186
0.00907291
-0.111019
-0.399469
-0.0550936
-0.294863
-0.0132484
-0.293162
0.0247005
-0.268832
0.065647
-0.21934
0.111222
-0.124614
0.154486
0.00198723
0.188055
0.119627
0.208744
0.195399
0.218029
0.221719
0.219856
0.210503
0.218046
0.179448
0.215053
0.142782
0.212035
0.10868
0.209398
0.0803829
0.20724
0.0581415
0.205544
0.0413366
0.204298
0.028196
0.203371
0.0195459
0.00953906
-0.146817
-0.467019
-0.0729653
-0.368715
-0.0312785
-0.334849
-0.000536343
-0.299574
0.02926
-0.249137
0.0653196
-0.160673
0.103433
-0.036126
0.136369
0.0866904
0.159739
0.17203
0.173222
0.208236
0.179284
0.204441
0.180972
0.177759
0.180566
0.143188
0.179356
0.109889
0.177964
0.0817749
0.176668
0.0594382
0.175569
0.0424352
0.174728
0.0290369
0.174081
0.0201931
0.00986876
-0.157405
-0.538775
-0.0750489
-0.451071
-0.0334452
-0.376452
-0.00793235
-0.325087
0.0134358
-0.270505
0.0405766
-0.187814
0.0721875
-0.0677368
0.101682
0.057196
0.12445
0.149262
0.139216
0.19347
0.147294
0.196363
0.150931
0.174122
0.152077
0.142042
0.152006
0.10996
0.15143
0.0823516
0.150716
0.0601522
0.150034
0.0431173
0.14948
0.0295904
0.149036
0.0206374
0.010099
-0.147582
-0.631317
-0.0699882
-0.528665
-0.029687
-0.416754
-0.00818896
-0.346585
0.00744918
-0.286143
0.027631
-0.207996
0.0534275
-0.0935333
0.0788311
0.0317925
0.0993763
0.128717
0.113604
0.179242
0.122136
0.187831
0.126565
0.169692
0.128488
0.140119
0.129062
0.109387
0.12899
0.0824231
0.128661
0.0604819
0.128265
0.043513
0.127914
0.0299415
0.127615
0.020936
0.0102575
0.0395604
-0.646532
0.0478766
-0.536982
0.0450223
-0.413899
0.0398373
-0.3414
0.033125
-0.279431
0.027808
-0.202679
0.026305
-0.0920303
0.0289483
0.0291492
0.034717
0.122948
0.0419076
0.172051
0.0488683
0.18087
0.0546424
0.163918
0.0589959
0.135766
0.0621258
0.106257
0.0643735
0.0801754
0.0660575
0.0587979
0.0674214
0.0421491
0.0686315
0.0287313
0.0697937
0.0197738
0.00905369
0.0421368
-0.667507
0.0448711
-0.539716
0.0419861
-0.411014
0.036989
-0.336403
0.0309797
-0.273421
0.0266447
-0.198344
0.0265475
-0.0919331
0.0305742
0.0251225
0.0371829
0.116339
0.0446562
0.164578
0.0515511
0.173975
0.0570962
0.158373
0.0611652
0.131697
0.0640015
0.10342
0.0659575
0.0782194
0.0673481
0.0574073
0.0684098
0.0410873
0.0693025
0.0278386
0.0701276
0.0189488
0.00821455
0.0394766
-0.68697
0.040878
-0.541117
0.0388006
-0.408937
0.0343516
-0.331954
0.0291146
-0.268184
0.0256482
-0.194878
0.0266781
-0.0929629
0.0319144
0.0198862
0.0393529
0.108901
0.0471456
0.156785
0.054005
0.167116
0.0593422
0.153036
0.0631453
0.127894
0.0657077
0.100858
0.0673937
0.0765333
0.0685151
0.0562859
0.0693015
0.0403009
0.0699062
0.0272339
0.0704262
0.0184288
0.00770519
0.0371314
-0.704536
0.037265
-0.541251
0.035803
-0.407475
0.0320126
-0.328163
0.0276077
-0.263779
0.0249603
-0.19223
0.0268894
-0.094892
0.0330848
0.0136908
0.0412288
0.100757
0.0493197
0.148694
0.0561659
0.16027
0.061329
0.147873
0.0649002
0.124322
0.0672201
0.0985381
0.0686659
0.0750875
0.0695477
0.0554042
0.0700892
0.0397594
0.0704382
0.026885
0.0706875
0.0181794
0.00748859
0.0341962
-0.719343
0.0338199
-0.540874
0.0329899
-0.406645
0.0299404
-0.325114
0.0263926
-0.260231
0.024523
-0.190361
0.0271758
-0.0975448
0.0341066
0.00675997
0.0428186
0.0920447
0.0511693
0.140344
0.0580183
0.153421
0.0630414
0.14285
0.0664169
0.120947
0.0685282
0.0964269
0.0697656
0.07385
0.0704391
0.0547308
0.0707679
0.0394305
0.0708948
0.0267581
0.0709097
0.0181646
0.00752591
0.0312507
-0.731162
0.030594
-0.540218
0.0303674
-0.406419
0.0281099
-0.322856
0.0254128
-0.257534
0.0242663
-0.189214
0.0274911
-0.10077
0.0349674
-0.000716327
0.0441249
0.0828872
0.0526977
0.131771
0.0595613
0.146557
0.0644755
0.137936
0.0676899
0.117733
0.0696259
0.0944909
0.070687
0.0727889
0.071184
0.0542337
0.0713333
0.0392813
0.0712733
0.026818
0.0710912
0.0183467
0.00777675
0.0282695
-0.73985
0.0275506
-0.539499
0.0279206
-0.406789
0.0264892
-0.321425
0.0246239
-0.255669
0.0241456
-0.188736
0.0278092
-0.104433
0.0356615
-0.0085686
0.0451503
0.0733984
0.0539072
0.123014
0.0607949
0.13967
0.0656287
0.133102
0.0687151
0.114646
0.0705085
0.0926975
0.0714252
0.0718721
0.0717784
0.0538806
0.0717819
0.0392777
0.0715712
0.0270288
0.0712308
0.018687
0.00819941
0.0253462
-0.745377
0.0246719
-0.538824
0.0256212
-0.407738
0.0250334
-0.320837
0.0239771
-0.254613
0.0241222
-0.188881
0.0281158
-0.108427
0.0361939
-0.0166468
0.0459039
0.0636884
0.0548037
0.114114
0.0617208
0.132752
0.0665
0.128322
0.0694897
0.111657
0.0711724
0.0910149
0.0719768
0.0710677
0.0722187
0.0536386
0.0721112
0.0393853
0.0717866
0.0273534
0.0713276
0.019146
0.00875117
0.0224843
-0.747775
0.021926
-0.538266
0.0234284
-0.40924
0.0236866
-0.321096
0.0234166
-0.254343
0.0241532
-0.189618
0.0283961
-0.11267
0.036573
-0.0248237
0.0463998
0.0538617
0.0553975
0.105117
0.0623442
0.125806
0.0670907
0.123576
0.0700129
0.108734
0.0716156
0.0894121
0.0723391
0.0703443
0.0725028
0.0534749
0.072319
0.039569
0.071918
0.0277544
0.0713808
0.0196832
0.0093885
0.0196987
0.0192745
0.0212914
0.022385
0.0228808
0.0241898
0.0286308
0.0368061
0.0466541
0.0557022
0.0626735
0.0674047
0.0702857
0.0718377
0.0725109
0.0726291
0.0724042
0.0719646
0.0713899
)
;

boundaryField
{
    inlet
    {
        type            calculated;
        value           nonuniform List<scalar> 
40
(
-0.126974
-0.148165
-0.172862
-0.20166
-0.235231
-0.274356
-0.319979
-0.373218
-0.435346
-0.507826
-0.0707088
-0.0707005
-0.0706934
-0.0706883
-0.0706863
-0.0706879
-0.0706936
-0.0707036
-0.0707186
-0.0707391
-0.0706772
-0.0706973
-0.0707134
-0.0707248
-0.070732
-0.0707352
-0.0707348
-0.0707312
-0.0707251
-0.0707174
-0.507252
-0.434782
-0.372641
-0.319377
-0.273735
-0.234629
-0.201126
-0.172421
-0.147823
-0.126754
)
;
    }
    outlet
    {
        type            calculated;
        value           nonuniform List<scalar> 
40
(
0.126218
0.147114
0.171453
0.199799
0.232812
0.271263
0.31606
0.368275
0.429189
0.500355
0.0706786
0.0706463
0.0706141
0.070582
0.07055
0.0705183
0.0704868
0.0704554
0.0704242
0.0703932
0.0709975
0.0709667
0.0709356
0.0709041
0.0708724
0.0708404
0.0708082
0.0707759
0.0707435
0.070711
0.515
0.441141
0.377717
0.323355
0.27681
0.236981
0.202905
0.173751
0.148806
0.127457
)
;
    }
    top
    {
        type            symmetryPlane;
        value           uniform 0;
    }
    bottom
    {
        type            symmetryPlane;
        value           uniform 0;
    }
    cylinder
    {
        type            calculated;
        value           nonuniform List<scalar> 
80
(
-2.24957e-18
-2.09323e-18
3.84833e-18
1.52795e-17
-1.51e-17
1.8551e-17
-4.38623e-18
-9.69617e-18
-1.31433e-18
2.12433e-17
2.12727e-18
-8.59637e-18
9.53378e-18
-1.28448e-17
-7.04719e-18
-1.34561e-17
-4.71905e-17
-3.74792e-18
2.98678e-17
-4.94195e-17
1.75591e-17
-2.98678e-17
3.74792e-18
1.9435e-17
1.48831e-17
-1.70841e-17
1.28448e-17
-9.53378e-18
8.59637e-18
3.10856e-19
2.24957e-18
2.09323e-18
-3.84833e-18
-1.52795e-17
3.70194e-18
5.29072e-18
3.48153e-17
9.69617e-18
-2.64412e-17
-4.47323e-17
2.12433e-17
2.64412e-17
-9.69617e-18
2.06958e-17
1.8551e-17
-3.70194e-18
1.52795e-17
3.84833e-18
-2.09323e-18
-2.24957e-18
-1.75591e-17
2.11226e-18
-3.74792e-18
-4.08916e-17
1.57265e-17
1.70841e-17
-1.28448e-17
9.53378e-18
-8.59637e-18
-3.10856e-19
3.10856e-19
8.59637e-18
-9.53378e-18
1.28448e-17
-1.70841e-17
1.48831e-17
4.08916e-17
3.74792e-18
-2.11226e-18
1.75591e-17
-2.12433e-17
1.31433e-18
9.69617e-18
4.38623e-18
3.30463e-17
1.51e-17
-1.52795e-17
-3.84833e-18
2.09323e-18
2.24957e-18
)
;
    }
    frontandback
    {
        type            empty;
        value           nonuniform 0();
    }
}


// ************************************************************************* //
