/*--------------------------------*- C++ -*----------------------------------*\
  =========                 |
  \\      /  F ield         | OpenFOAM: The Open Source CFD Toolbox
   \\    /   O peration     | Website:  https://openfoam.org
    \\  /    A nd           | Version:  6.0
     \\/     M anipulation  |
\*---------------------------------------------------------------------------*/
FoamFile
{
    version     2.0;
    format      ascii;
    class       surfaceScalarField;
    location    "9";
    object      phi;
}
// * * * * * * * * * * * * * * * * * * * * * * * * * * * * * * * * * * * * * //

dimensions      [0 3 -1 0 0 0 0];

internalField   nonuniform List<scalar> 
4670
(
-0.000196452
-0.0217932
0.0219897
-0.00054432
-0.0171
0.0174478
-0.000915827
-0.0136059
0.0139774
-0.00124002
-0.0110162
0.0113404
-0.00148111
-0.009091
0.0093321
-0.00162725
-0.00764308
0.00778922
-0.0016834
-0.00653022
0.00658637
-0.00166672
-0.0056467
0.00563001
-0.00160359
-0.00491466
0.00485153
-0.00427831
0.00420194
-0.00152722
-0.000184396
-0.0216088
-0.000488216
-0.0167961
-0.000777031
-0.013317
-0.000978562
-0.0108146
-0.00105749
-0.00901207
-0.00100275
-0.00769783
-0.00082037
-0.0067126
-0.000529508
-0.00593756
-0.000160417
-0.00528375
-0.00468596
0.000247227
-0.000162403
-0.0214464
-0.000391943
-0.0165666
-0.000553057
-0.0131559
-0.000574768
-0.0107929
-0.000423054
-0.00916379
-8.71991e-05
-0.00803368
0.000427043
-0.00722684
0.00110025
-0.00661076
0.00189948
-0.00608298
-0.00556442
0.00277794
-0.000129054
-0.0213174
-0.000254654
-0.016441
-0.000244584
-0.013166
-3.25683e-05
-0.0110049
0.000412194
-0.00960855
0.00109959
-0.00872108
0.00202515
-0.0081524
0.00317144
-0.00775705
0.00450538
-0.00741693
-0.00703304
0.005974
-8.34305e-05
-0.021234
-7.45178e-05
-0.0164499
0.00015021
-0.0133907
0.000647941
-0.0115027
0.00144294
-0.0104035
0.0025422
-0.00982034
0.00394234
-0.00955254
0.00563
-0.0094447
0.00757614
-0.00936307
-0.00918201
0.00972512
-2.41611e-05
-0.0212098
0.000151811
-0.0166259
0.000636277
-0.0138752
0.00147203
-0.0123384
0.00267192
-0.0116034
0.00423569
-0.0113841
0.00615813
-0.011475
0.00843036
-0.0117169
0.0110325
-0.0119652
-0.0120627
0.0139132
5.04817e-05
-0.0212603
0.000428399
-0.0170038
0.00122007
-0.0146669
0.00244834
-0.0135667
0.00410872
-0.0132638
0.00618687
-0.0134623
0.00866863
-0.0139567
0.0115451
-0.0145934
0.0148085
-0.0152287
-0.0156785
0.0184243
0.00014197
-0.0214022
0.000757835
-0.0176197
0.00190504
-0.0158141
0.00358183
-0.0152435
0.00576089
-0.0154429
0.00840556
-0.0161069
0.0114812
-0.0170324
0.0149657
-0.0180779
0.0188591
-0.0191221
-0.0199922
0.0231728
0.000250839
-0.0216531
0.00113829
-0.0185071
0.00268539
-0.0173612
0.00486383
-0.0174219
0.00762124
-0.0182003
0.0108935
-0.0193792
0.0146133
-0.0207521
0.0187214
-0.0221861
0.0232025
-0.0236031
-0.0249752
0.0281855
0.000376702
-0.0220298
0.00155962
-0.01969
0.00353684
-0.0193384
0.00625557
-0.0201406
0.0096452
-0.0215899
0.0136266
-0.0233606
0.0181135
-0.0252391
0.0230045
-0.0270771
0.0281838
-0.0287824
-0.030393
0.0336016
0.0302339
0.00118305
-0.031417
0.029046
0.00118789
0.0278802
0.00116583
0.026762
0.00111824
0.0257135
0.00104847
0.0247529
0.000960608
0.0238942
0.000858662
0.0231483
0.000745882
0.022524
0.000624323
0.000494235
0.040212
0.00369542
-0.0427244
0.0375809
0.00381893
0.0349017
0.00384504
0.0322419
0.00377807
0.029664
0.00362638
0.0272237
0.00340094
0.0249688
0.0031135
0.0229401
0.00277459
0.0211717
0.00239272
0.00197592
0.0489967
0.00685437
-0.0521556
0.0455683
0.00724732
0.0419636
0.0074497
0.0382786
0.00746309
0.0346078
0.00729715
0.0310408
0.00696792
0.0276598
0.00649453
0.0245389
0.00589546
0.0217454
0.00518627
0.00438291
0.056249
0.0101839
-0.0595786
0.0524979
0.0109984
0.0484228
0.0115248
0.0441321
0.0117538
0.0397397
0.0116895
0.0353603
0.0113474
0.0311049
0.0107499
0.0270801
0.00992028
0.0233903
0.00887603
0.00763258
0.0619181
0.0133716
-0.0651058
0.0581796
0.014737
0.0539774
0.015727
0.0494169
0.0163143
0.0446169
0.0164895
0.0397042
0.0162601
0.0348081
0.015646
0.03006
0.0146684
0.0255997
0.0133363
0.0116424
0.0661229
0.0162369
-0.0689883
0.0626134
0.0182465
0.0585268
0.0198135
0.0539532
0.0208879
0.0490026
0.0214401
0.0437995
0.0214632
0.038477
0.0209685
0.0331763
0.0199691
0.028061
0.0184516
0.0163427
0.0690661
0.0186994
-0.0715286
0.0659061
0.0214065
0.062091
0.0236286
0.0576881
0.0252908
0.0527883
0.0263399
0.0475012
0.0267503
0.0419475
0.0265222
0.0362561
0.0256605
0.0305881
0.0241197
0.0216917
0.0709741
0.0207469
-0.0730217
0.0682121
0.0241685
0.0647542
0.0270865
0.0606427
0.0294023
0.0559444
0.0310383
0.0507456
0.0319491
0.0451407
0.0321271
0.0392194
0.0315818
0.033088
0.0302511
0.0277026
0.0720568
0.0224094
-0.0737193
0.0696923
0.0265331
0.0666248
0.030154
0.0628743
0.0331528
0.0584841
0.0354285
0.0535163
0.036917
0.048035
0.0376083
0.0420709
0.0375459
0.0355884
0.0367336
0.0345087
0.0724835
-0.073815
0.0237408
0.0704832
0.0285333
0.0678007
0.0328366
0.0644399
0.0365137
0.0604261
0.0394423
0.0558039
0.0415391
0.0506209
0.0427913
0.0448746
0.0432923
0.0383739
0.0432343
0.0424895
0.0367419
-0.000329036
-0.0364129
0.0368688
-0.000126936
0.036789
7.9874e-05
0.0365052
0.000283776
0.0360267
0.000478514
0.0353685
0.000658201
0.0345511
0.000817388
0.0335998
0.000951306
0.0325439
0.00105589
0.00112692
0.0508474
-0.00151055
-0.0496659
0.0516029
-0.000882408
0.0519204
-0.000237676
0.0517944
0.000409796
0.0512287
0.00104423
0.0502381
0.00164879
0.0488491
0.00220637
0.0470998
0.00270059
0.0450391
0.00311666
0.00344162
0.0588351
-0.00348731
-0.0568584
0.0602975
-0.00234476
0.0612185
-0.00115867
0.0615764
5.18353e-05
0.0613592
0.00126143
0.0605669
0.0024411
0.0592136
0.00355972
0.0573284
0.00458576
0.054956
0.00548904
0.00624203
0.0627996
-0.00610077
-0.0601861
0.0648919
-0.00443712
0.0664219
-0.00268863
0.0673515
-0.000877715
0.0676511
0.000961794
0.0673027
0.00278952
0.0663017
0.00456073
0.0646591
0.00622837
0.0624028
0.00774531
0.00906626
0.0642472
-0.00917362
-0.0611743
0.0668358
-0.00702576
0.0688858
-0.00473866
0.0703457
-0.00233752
0.0711722
0.000135215
0.0713328
0.00262898
0.0708062
0.00508731
0.0695848
0.00744977
0.0676763
0.00965384
0.0116368
0.0642328
-0.0125544
-0.060852
0.0671853
-0.0099782
0.0696387
-0.0071921
0.0715313
-0.00423009
0.072813
-0.00114651
0.0734437
0.00199834
0.073392
0.00513897
0.0726365
0.00820524
0.0711672
0.0111232
0.0138157
0.0634547
-0.0161408
-0.0598683
0.0666684
-0.0131919
0.0694151
-0.00993881
0.0716283
-0.00644329
0.0732603
-0.00277845
0.074272
0.000986593
0.07463
0.00478098
0.0743054
0.0085298
0.0732759
0.0121526
0.015563
0.0623582
-0.0198961
-0.058603
0.0657634
-0.0165971
0.0687065
-0.0128819
0.0711304
-0.00886726
0.0730014
-0.0046494
0.0742898
-0.000301794
0.0749656
0.00410516
0.0749983
0.0084971
0.0743585
0.0127924
0.0168999
0.0612458
-0.0238413
-0.0573006
0.0647716
-0.0201229
0.0678114
-0.0159216
0.0703404
-0.0113963
0.072347
-0.00665601
0.0738134
-0.00176813
0.0747144
0.0032041
0.0750204
0.00819114
0.0746991
0.0131136
0.0178798
0.0603063
-0.0562512
-0.0278964
0.0638552
-0.0236717
0.066874
-0.0189405
0.0694137
-0.013936
0.0714728
-0.00871515
0.0730374
-0.00333273
0.0740843
0.0021572
0.0745845
0.00769093
0.0745058
0.0131923
0.0185706
0.0423849
0.0132236
-0.0079416
-0.0476669
0.037018
0.0139513
-0.00858444
0.0315677
0.0148177
-0.00936735
0.0260503
0.0158708
-0.0103535
0.0205098
0.0171708
-0.0116303
0.0150405
0.018771
-0.0133017
0.00982266
0.0206823
-0.0154644
0.00517435
0.0227985
-0.0181502
0.00162258
0.0247683
-0.0212165
0.0257775
-0.0241549
0.0421561
0.0184784
-0.0474108
0.036815
0.0192923
0.0313897
0.0202431
0.0258967
0.0213638
0.0203804
0.0226871
0.0149357
0.0242157
0.00974412
0.0258738
0.005125
0.0274176
0.00160349
0.0282898
0.0273809
0.0415548
0.0236757
-0.0467521
0.0362708
0.0245763
0.0309038
0.02561
0.025472
0.0267956
0.020021
0.0281381
0.0146474
0.0295894
0.00953377
0.0309874
0.00499787
0.0319535
0.00155547
0.0317322
0.0289364
0.0405843
0.0287877
-0.0456963
0.035387
0.0297735
0.0301111
0.0308859
0.0247768
0.0321299
0.0194322
0.0334828
0.0141763
0.0348452
0.00919265
0.0359711
0.00479448
0.0363517
0.00148038
0.0350463
0.0304168
0.0392474
0.0337889
-0.0442485
0.0341653
0.0348557
0.0290124
0.0360388
0.0238119
0.0373304
0.0186152
0.0386795
0.0135242
0.0399362
0.00872289
0.0407724
0.00451686
0.0405577
0.00137943
0.0381837
0.0317962
0.0375437
0.0386554
-0.0424102
0.0326047
0.0397947
0.0276073
0.0410362
0.0225781
0.0423596
0.0175719
0.0436857
0.012694
0.0448141
0.00812774
0.0453387
0.00416783
0.0445177
0.00125407
0.0410975
0.0330503
0.0354661
0.0433628
-0.0401734
0.0306998
0.044561
0.0258934
0.0458425
0.0210757
0.0471774
0.0163049
0.0484565
0.0116898
0.0494292
0.00741191
0.0496165
0.00375135
0.0481782
0.00110623
0.0437426
0.0341565
0.0329951
0.0478793
-0.0375117
0.0284387
0.0491174
0.0238663
0.0504148
0.0193056
0.0517381
0.0148188
0.0529433
0.0105181
0.0537299
0.00658239
0.0535522
0.00327297
0.0514876
0.000938575
0.046077
0.0350951
0.0300844
0.0521689
-0.0343739
0.0257999
0.0534019
0.0215231
0.0546917
0.0172735
0.0559877
0.0131229
0.0570939
0.00918988
0.057663
0.00564947
0.0570926
0.00274065
0.0543964
0.000755016
0.0480627
0.0358501
0.0266815
-0.0307638
0.0227829
0.0188715
0.0149909
0.0112327
0.00772136
0.00462789
0.00216597
0.000562756
0.0246862
-0.0360503
0.0403226
-0.0289585
0.0206988
-0.0358655
0.0398529
0.0168526
-0.0353472
0.0391934
0.0131718
-0.0343205
0.0380014
0.00973152
-0.0324578
0.0358981
0.00663004
-0.0292802
0.0323817
0.00398259
-0.0241322
0.0267797
0.00191116
-0.016162
0.0182335
0.000537734
-0.0043147
0.00568813
0.0127309
-0.0121932
0.0281136
-0.0317227
-0.0324412
0.0238364
-0.0315883
0.0196438
-0.0311546
0.0155767
-0.0302534
0.0117089
-0.0285901
0.00814388
-0.0257152
0.00501326
-0.0210016
0.00247656
-0.0136253
0.000723674
-0.00256182
0.0134546
0.0311237
-0.0272413
-0.0356052
0.0266201
-0.0270847
0.0221469
-0.0266814
0.0177549
-0.0258615
0.013518
-0.0243531
0.00954279
-0.02174
0.00597549
-0.0174343
0.00300967
-0.0106595
0.000899916
-0.000452065
0.0143545
0.0337505
-0.0225909
-0.0384008
0.029054
-0.0223882
0.0243498
-0.0219771
0.0196862
-0.0211979
0.0151348
-0.0198018
0.0108039
-0.017409
0.00685082
-0.0134813
0.00349923
-0.00730792
0.00106342
0.00198374
0.0154179
0.0360332
-0.0177806
-0.0408434
0.0311636
-0.0175186
0.0262613
-0.0170748
0.0213677
-0.0163043
0.0165496
-0.0149838
0.0119142
-0.0127736
0.00762698
-0.00919405
0.00393663
-0.00361756
0.00121072
0.00470965
0.0166286
0.0379783
-0.0128264
-0.0429326
0.0329564
-0.0124967
0.0278848
-0.0120032
0.0227978
-0.0112173
0.0177565
-0.00994248
0.0128654
-0.00788245
0.00829528
-0.00462391
0.00431527
0.000362449
0.00133891
0.00768601
0.0179675
0.0395806
-0.00774965
-0.0446573
0.0344306
-0.00734679
0.029219
-0.0067916
0.023974
-0.00597229
0.0187509
-0.00471944
0.0136513
-0.00278279
0.00884917
0.000178198
0.00463007
0.00458155
0.00144571
0.0108704
0.0194132
0.0408311
-0.00257635
-0.0460044
0.0355806
-0.00209633
0.0302598
-0.00147081
0.0248921
-0.000604566
0.0195282
0.000644436
0.0142666
0.00247883
0.00928352
0.00516127
0.00487707
0.008988
0.00152932
0.0142181
0.0209426
0.0417205
0.00266447
-0.0469613
0.0363995
0.00322466
0.031002
0.00392672
0.0255478
0.00484964
0.0200841
0.00610812
0.014707
0.00785591
0.00959431
0.010274
0.00505336
0.0135289
0.00158856
0.0176829
0.0225311
0.0422413
-0.0475184
0.0368815
0.0314409
0.0259371
0.0204149
0.0149691
0.00977864
0.00515738
0.00162376
0.0444711
0.0214149
-0.0255634
0.0479831
0.0174908
-0.0210028
0.0509075
0.0130697
-0.0159941
0.053295
0.00832479
-0.0107122
0.0551335
0.00340041
-0.00523891
0.0563948
-0.00160394
0.000342675
0.0570404
-0.0065878
0.00594215
0.0570289
-0.0114394
0.0114509
0.0563221
-0.0160356
0.0167425
-0.0202446
0.0548914
0.0216753
0.0437238
0.017544
0.0471419
0.0140727
0.0500137
0.0101979
0.052302
0.00603649
0.0539855
0.00171688
0.0550353
-0.00265375
0.0554167
-0.00696919
0.0550954
-0.011118
0.0540435
-0.0149838
-0.0184485
0.0522474
0.0427854
0.013952
0.0459821
0.010876
0.0486543
0.00752567
0.0507288
0.00396194
0.0521621
0.00028358
0.052918
-0.00340964
0.0529646
-0.00701578
0.0522772
-0.0104306
0.0508436
-0.0135501
-0.0162751
0.0486701
0.0413208
0.0106325
0.0442135
0.00798331
0.0465752
0.00516404
0.0483263
0.00221075
0.0494131
-0.000803142
0.0497966
-0.00379321
0.0494512
-0.00667039
0.0483656
-0.00934497
0.0465467
-0.0117312
-0.0137525
0.0440241
0.0389014
0.00762922
0.0414232
0.00546147
0.0433881
0.00319917
0.0447278
0.000871034
0.0453928
-0.00146811
0.0453513
-0.00375175
0.0445899
-0.00590897
0.0431148
-0.00786988
0.0409544
-0.0095708
-0.0109591
0.038161
0.0349918
0.0050191
0.0370747
0.0033786
0.0385775
0.00169635
0.0394511
-2.52856e-06
0.0396609
-0.00167798
0.039191
-0.00328185
0.0380456
-0.00476355
0.0362507
-0.00607498
0.0338549
-0.00717502
-0.00803314
0.030929
0.0289093
0.00288946
0.0304953
0.00179264
0.0315043
0.000687321
0.031909
-0.000407164
0.0316953
-0.00146434
0.0308671
-0.00245365
0.0294478
-0.00334418
0.0274809
-0.00410811
0.0250296
-0.00472371
-0.00517754
0.022174
0.0198067
0.00131617
0.0208706
0.000728822
0.0214096
0.000148242
0.0214173
-0.000414846
0.0208996
-0.000946583
0.0198776
-0.00143168
0.0183889
-0.0018555
0.0164866
-0.00220585
0.0142375
-0.0024746
-0.00265881
0.0117188
0.00665812
0.000346178
0.00722784
0.000159099
0.00739679
-2.07038e-05
0.00717304
-0.000191095
0.00657439
-0.000347934
0.00562947
-0.000486764
0.00437759
-0.000603616
0.00286732
-0.000695576
0.00115403
-0.000761313
-0.000802141
-0.000702644
-0.011847
-0.0116879
-0.0117086
-0.0118997
-0.0122476
-0.0127344
-0.013338
-0.0140336
-0.0147949
-0.015597
0.0527273
-0.02395
0.0261141
0.0498432
-0.026992
0.0298761
0.0462855
-0.029294
0.0328517
0.0421335
-0.0308055
0.0349575
0.0374916
-0.0315347
0.0361766
0.0324724
-0.0315505
0.0365698
0.0271645
-0.0309607
0.0362685
0.021581
-0.0298484
0.0354319
0.0155976
-0.0280845
0.0340679
-0.0247362
0.00868716
0.0316467
0.0497159
-0.0214185
0.0464845
-0.0237605
0.0426216
-0.0254311
0.0382255
-0.0264093
0.0334132
-0.0267224
0.0283012
-0.0264385
0.0229775
-0.025637
0.0174723
-0.0243431
0.0117849
-0.0223972
-0.0192025
0.00625124
0.0457884
-0.0185368
0.042259
-0.0202311
0.0381721
-0.0213442
0.0336417
-0.0218789
0.0287937
-0.0218744
0.0237483
-0.0213931
0.0186033
-0.020492
0.0134328
-0.0191726
0.00835047
-0.0173148
-0.0146184
0.00376633
0.040853
-0.0153658
0.0371171
-0.0164952
0.0329235
-0.0171506
0.0283958
-0.0173512
0.0236619
-0.0171405
0.0188413
-0.0165725
0.0140375
-0.0156882
0.00934933
-0.0144845
0.00492398
-0.0128895
-0.0107751
0.00108066
0.03481
-0.0120147
0.031002
-0.0126872
0.0268528
-0.0130015
0.0224863
-0.0129847
0.0180238
-0.0126781
0.0135764
-0.0121251
0.00924268
-0.0113545
0.00512274
-0.0103645
0.00135124
-0.00911798
-0.00757046
-0.00185337
0.0275603
-0.00864597
0.0238572
-0.0089841
0.0199332
-0.00907754
0.0159022
-0.00895362
0.0118704
-0.0086463
0.00793238
-0.00818702
0.00417251
-0.00759463
0.000676264
-0.00686827
-0.00245137
-0.00599035
-0.00494994
-0.00507188
0.0190025
-0.00547455
0.0156195
-0.00560106
0.012125
-0.00558299
0.0086135
-0.00544217
0.0051694
-0.00520219
0.00186514
-0.00488277
-0.00123504
-0.00449445
-0.00406716
-0.00403614
-0.00655816
-0.00349935
-0.00288295
-0.00862515
0.00900718
-0.00276291
0.00619093
-0.00278482
0.00334736
-0.00273942
0.000545485
-0.00264029
-0.00215636
-0.00250035
-0.00470975
-0.00232938
-0.00707245
-0.00213175
-0.00920268
-0.00190591
-0.0110546
-0.00164742
-0.00135686
-0.0125807
-0.00264854
-0.000817021
-0.00462253
-0.000810823
-0.00657596
-0.000785995
-0.00846805
-0.000748192
-0.0102667
-0.000701723
-0.0119466
-0.000649462
-0.013486
-0.000592309
-0.0148628
-0.000529096
-0.0160524
-0.000457897
-0.000380088
-0.0170291
-0.016414
-0.0172249
-0.0180109
-0.0187591
-0.0194608
-0.0201102
-0.0207025
-0.0212316
-0.0216895
-0.0220696
0.000282856
-0.0223525
0.00103264
-0.0177789
0.00220882
-0.0137569
0.00379867
-0.010215
0.00579843
-0.00707164
0.00820237
-0.00425731
0.0109959
-0.00171287
0.0141453
0.000616888
0.0176043
0.00279228
0.00489564
0.0213958
0.000198691
-0.0225512
0.000728211
-0.0183085
0.00156716
-0.0145958
0.00270928
-0.0113571
0.0041516
-0.00851396
0.00588885
-0.00599456
0.00791336
-0.00373737
0.010223
-0.00169272
0.0128521
0.000163123
0.00178673
0.015961
0.000118437
-0.0226696
0.000448343
-0.0186384
0.00098908
-0.0151366
0.00174764
-0.0121157
0.00273271
-0.00949903
0.00395333
-0.00721518
0.00542147
-0.00520551
0.00715803
-0.00342928
0.0091985
-0.00187735
-0.00059455
0.0115798
4.62838e-05
-0.0227159
0.000200776
-0.0187928
0.000485295
-0.0154211
0.000921522
-0.0125519
0.00152958
-0.0101071
0.00232854
-0.00801414
0.00333833
-0.00621531
0.00458116
-0.0046721
0.00607675
-0.00337294
-0.00233806
0.00782026
-1.71082e-05
-0.0226988
-1.32977e-05
-0.0187967
5.52237e-05
-0.0154896
0.000223391
-0.0127201
0.000519381
-0.0104031
0.000966223
-0.00846098
0.00158309
-0.00683218
0.00238477
-0.00547378
0.00337621
-0.00436437
-0.00350246
0.00454061
-7.17712e-05
-0.022627
-0.000194129
-0.0186743
-0.000303098
-0.0153806
-0.000352979
-0.0126702
-0.000310956
-0.0104451
-0.000154138
-0.0086178
0.00013219
-0.0071185
0.000554512
-0.00589611
0.00110804
-0.00491791
-0.00416644
0.00177202
-0.000117405
-0.0225096
-0.000340876
-0.0184508
-0.000588582
-0.0151329
-0.000806477
-0.0124523
-0.000959523
-0.0102921
-0.00102695
-0.00855037
-0.000999276
-0.00714618
-0.000876842
-0.00601854
-0.000670334
-0.00512441
-0.00443503
-0.000401744
-0.000153172
-0.0223564
-0.00045118
-0.0181528
-0.000796804
-0.0147873
-0.00112956
-0.0121195
-0.00141351
-0.0100081
-0.00163063
-0.00833325
-0.00177622
-0.00700059
-0.00185606
-0.0059387
-0.00188495
-0.00509552
-0.0044342
-0.00188578
-0.000177771
-0.0221787
-0.000521868
-0.0178087
-0.000922037
-0.0143871
-0.00131261
-0.011729
-0.00165734
-0.00966337
-0.00194078
-0.00804982
-0.00216234
-0.00677903
-0.00233225
-0.00576879
-0.00246901
-0.00495877
-0.00430584
-0.00259737
-0.000188983
-0.000549882
-0.000959653
-0.00134828
-0.00167955
-0.00194015
-0.0021328
-0.00227157
-0.00237881
-0.00248271
-0.00149767
-0.0131268
0.0130973
0.00119423
-0.0128187
0.0101268
0.00511225
-0.00867619
0.00475818
0.00988625
-0.0030813
-0.00169271
0.0152261
0.00288895
-0.00822875
0.0208837
0.0062764
-0.011934
0.0267731
0.00358251
-0.0094719
0.0326918
-0.00708965
0.00117094
0.0382842
-0.0245684
0.018976
0.0431479
-0.0442349
0.0393712
0.0471358
-0.0599751
0.0559872
0.0505288
-0.0665679
0.0631749
0.0538726
-0.0610795
0.0577358
0.0575217
-0.0442192
0.04057
0.0613358
-0.0208189
0.0170048
0.0648091
0.00109954
-0.00457282
0.0674942
0.0164471
-0.0191322
0.0691532
0.0216979
-0.023357
0.0699792
0.0228738
-0.0236998
0.0152181
-0.0151619
0.00073453
-0.0136141
0.0035884
-0.0156726
0.00759614
-0.0126839
0.012395
-0.00788021
0.0177583
-0.00247432
0.0234342
0.000600526
0.0292839
-0.00226718
0.0350515
-0.0128572
0.0403646
-0.0298816
0.0448565
-0.0487268
0.0484322
-0.0635507
0.0514089
-0.0695446
0.0543638
-0.0640344
0.0576964
-0.0475518
0.0613038
-0.0244263
0.0646795
-0.00227616
0.0673445
0.0137821
0.0690247
0.0200177
0.0698932
0.0220052
0.015226
0.00387559
-0.0147118
0.00687022
-0.0186672
0.0108953
-0.016709
0.0156038
-0.0125888
0.0208509
-0.00772139
0.0263965
-0.00494504
0.0320573
-0.00792799
0.0375388
-0.0183388
0.0424687
-0.0348115
0.0465264
-0.0527845
0.0496658
-0.0666901
0.0522254
-0.0721041
0.0547947
-0.0666038
0.057806
-0.0505632
0.0611954
-0.0278157
0.0644657
-0.00554646
0.0671142
0.0111336
0.0688334
0.0182985
0.0697734
0.0210652
0.0151463
0.00779387
-0.0165317
0.010886
-0.0217593
0.0148348
-0.0206577
0.0193344
-0.0170884
0.0243293
-0.0127163
0.0296038
-0.0102196
0.0349395
-0.0132636
0.0400179
-0.0234172
0.0444819
-0.0392755
0.0480642
-0.0563667
0.0507625
-0.0693884
0.0529227
-0.0742643
0.0551278
-0.0688088
0.0578292
-0.0532646
0.0610012
-0.0309877
0.0641652
-0.00871045
0.066804
0.00849478
0.0685805
0.016522
0.0696207
0.020025
0.0149402
0.0123186
-0.0191251
0.0154395
-0.0248802
0.019197
-0.0244152
0.0233704
-0.0212619
0.0279897
-0.0173356
0.0328701
-0.0151
0.0377663
-0.0181598
0.0423498
-0.0280007
0.0462907
-0.0432164
0.0493791
-0.0594552
0.051651
-0.0716603
0.0534456
-0.076059
0.0553232
-0.0706864
0.0577408
-0.0556822
0.0607079
-0.0339548
0.0637725
-0.011775
0.0664123
0.005855
0.0682659
0.0146684
0.0694351
0.0188558
0.0145695
0.0172444
-0.0224562
0.0202976
-0.0279335
0.0237329
-0.0278505
0.0274715
-0.0250005
0.0316137
-0.0214777
0.0360039
-0.0194902
0.040376
-0.0225319
0.0444027
-0.0320274
0.0477911
-0.0466048
0.05039
-0.0620541
0.0522672
-0.0735375
0.0537442
-0.077536
0.0553439
-0.0722861
0.0575163
-0.0578546
0.0603023
-0.0367408
0.063282
-0.0147547
0.0659377
0.00319934
0.06789
0.012716
0.0692173
0.0175285
0.0139969
0.0223271
-0.026359
0.025187
-0.0307935
0.0281676
-0.0308311
0.0313827
-0.0282155
0.0349788
-0.0250738
0.0388183
-0.0233297
0.0426175
-0.0263311
0.0460586
-0.0354685
0.0488931
-0.0494393
0.0510282
-0.0641892
0.0525572
-0.0750665
0.0537752
-0.078754
0.0551565
-0.0736673
0.0571328
-0.0598309
0.059771
-0.0393791
0.062688
-0.0176716
0.0653787
0.000508579
0.067453
0.0106418
0.0689676
0.0160139
0.0131855
0.0272875
-0.0304736
0.0297929
-0.033299
0.0322066
-0.0332448
0.0348439
-0.0308529
0.0378678
-0.0280977
0.041139
-0.0266009
0.044356
-0.0295482
0.047217
-0.0383295
0.0495232
-0.0517455
0.0512392
-0.0659053
0.0524788
-0.0763061
0.0535044
-0.0797795
0.0547334
-0.0748963
0.0565702
-0.0616677
0.0591022
-0.0419111
0.061985
-0.0205545
0.0647342
-0.00224064
0.0669554
0.00842063
0.0686865
0.0142828
0.0120999
0.0319442
-0.0342324
0.0338568
-0.0352115
0.0356036
-0.0349916
0.0376386
-0.0328879
0.0401
-0.030559
0.0428212
-0.0293222
0.045482
-0.0322089
0.0477999
-0.0406474
0.0496289
-0.0535745
0.0509881
-0.0672645
0.0520071
-0.0773252
0.0529115
-0.0806839
0.0540574
-0.0760423
0.055815
-0.0634252
0.058287
-0.0443831
0.0611693
-0.0234367
0.0640036
-0.00507492
0.0663979
0.00602629
0.0683748
0.0123059
0.0107059
0.0363696
-0.0370003
0.0373154
-0.0361574
0.038254
-0.0359301
0.0396705
-0.0343044
0.0415824
-0.032471
0.0437814
-0.0315212
0.0459273
-0.0343547
0.04776
-0.0424801
0.0491837
-0.0549982
0.0502642
-0.0683449
0.0511394
-0.0782005
0.0519954
-0.0815398
0.0531261
-0.077173
0.054864
-0.0651631
0.0573233
-0.0468424
0.0602402
-0.0263537
0.0631875
-0.00802222
0.0657821
0.00343174
0.0680329
0.0100551
0.00897004
0.117269
-0.0280203
-0.126249
0.112323
-0.0312112
0.109582
-0.0331892
0.108599
-0.0333212
0.109085
-0.0329578
0.110924
-0.0333593
0.113541
-0.0369718
0.116132
-0.0450712
0.117904
-0.0567701
0.118405
-0.0688466
0.117633
-0.077428
0.116013
-0.0799201
0.114366
-0.0755254
0.113662
-0.0644594
0.114512
-0.0476922
0.116715
-0.0285568
0.119538
-0.0108454
0.122089
0.000880762
0.12413
0.00801426
0.00791835
0.164622
-0.0171402
-0.175502
0.156122
-0.0227117
0.15035
-0.0274164
0.146905
-0.029877
0.145318
-0.03137
0.145316
-0.0333574
0.146218
-0.0378739
0.14715
-0.0460032
0.147305
-0.0569253
0.146255
-0.0677972
0.144023
-0.0751952
0.141035
-0.0769321
0.138101
-0.072592
0.136236
-0.0625938
0.136157
-0.0476135
0.137759
-0.0301588
0.140307
-0.0133936
0.142808
-0.00161983
0.144917
0.00590514
0.00678192
0.215919
-0.00636881
-0.226691
0.206744
-0.0135366
0.199174
-0.0198463
0.193625
-0.0243278
0.189906
-0.0276507
0.187744
-0.0311963
0.186474
-0.0366039
0.185227
-0.0447556
0.183233
-0.0549316
0.18013
-0.0646934
0.176
-0.071066
0.171293
-0.0722253
0.166786
-0.0680845
0.163477
-0.0592852
0.162165
-0.0463009
0.162859
-0.0308535
0.164877
-0.0154114
0.167156
-0.00389849
0.169238
0.00382281
0.00559141
0.267506
0.00216196
-0.276037
0.259712
-0.00574239
0.252286
-0.0124202
0.245924
-0.0179666
0.240844
-0.0225702
0.236886
-0.0272385
0.233504
-0.0332222
0.229947
-0.0411981
0.225573
-0.0505574
0.220146
-0.0592665
0.213864
-0.0647843
0.207228
-0.0655892
0.200974
-0.0618307
0.196036
-0.054347
0.193239
-0.0435044
0.192728
-0.0303421
0.193931
-0.0166144
0.195778
-0.00574511
0.197704
0.00189674
0.00439239
0.317174
0.00741471
-0.322427
0.311701
-0.000268938
0.305886
-0.00660565
0.300138
-0.0122185
0.294859
-0.0172909
0.290018
-0.022398
0.285193
-0.0283966
0.279784
-0.0357892
0.273327
-0.0441008
0.265757
-0.0516965
0.257425
-0.0564516
0.248924
-0.0570885
0.240971
-0.0538775
0.234399
-0.0477754
0.23001
-0.0391153
0.228076
-0.0284081
0.228204
-0.0167422
0.229398
-0.00693949
0.231018
0.000277256
0.00324447
0.365908
0.00948321
-0.367977
0.362732
0.00290769
0.358861
-0.00273491
0.354436
-0.00779339
0.349752
-0.0126071
0.344854
-0.0174996
0.339417
-0.0229603
0.33296
-0.0293313
0.325149
-0.0362903
0.316054
-0.0426018
0.306164
-0.0465609
0.296184
-0.047109
0.286842
-0.044535
0.278865
-0.0397991
0.272982
-0.0332323
0.26957
-0.0249958
0.268458
-0.0156308
0.268819
-0.00729968
0.269987
-0.000890595
0.00221369
0.416686
0.00911509
-0.416318
0.415413
0.00418145
0.413137
-0.000459658
0.409996
-0.00465173
0.406097
-0.00870852
0.401476
-0.0128785
0.395914
-0.0173987
0.389033
-0.0224501
0.380575
-0.0278325
0.370663
-0.0326897
0.359855
-0.0357523
0.348942
-0.0361964
0.338675
-0.0342684
0.329689
-0.0308122
0.3226
-0.0261438
0.317845
-0.0202405
0.315481
-0.0132668
0.314914
-0.00673312
0.315525
-0.00150186
0.00135926
0.472914
0.00708874
-0.470887
0.47319
0.00390487
0.472145
0.000585087
0.469984
-0.00249047
0.466739
-0.00546311
0.462389
-0.00852883
0.456799
-0.0118086
0.449711
-0.0153625
0.440938
-0.0190592
0.430616
-0.0223672
0.419317
-0.0244535
0.407877
-0.0247566
0.397064
-0.0234553
0.387431
-0.0211789
0.379472
-0.0181848
0.373624
-0.0143926
0.370132
-0.00977511
0.368657
-0.00525761
0.368674
-0.00151956
0.000717615
0.538426
0.00395002
-0.535288
0.539933
0.00239836
0.53988
0.000638262
0.538431
-0.00104234
0.53563
-0.00266148
0.531426
-0.00432506
0.525715
-0.0060975
0.518338
-0.00798584
0.509191
-0.00991179
0.49844
-0.0116161
0.486672
-0.0126856
0.474751
-0.0128358
0.463459
-0.0121638
0.453292
-0.0110116
0.444636
-0.00952883
0.437897
-0.00765337
0.433446
-0.00532374
0.431159
-0.00297068
0.430621
-0.000982278
0.000286393
0.618474
-0.614524
0.620873
0.621511
0.620468
0.617807
0.613482
0.607384
0.599399
0.589487
0.577871
0.565185
0.552349
0.540186
0.529174
0.519645
0.511992
0.506668
0.503697
0.502715
0.167355
0.0227607
-0.166375
0.167558
0.0283307
0.1668
0.0335943
0.164895
0.0384184
0.161676
0.042662
0.157025
0.0461893
0.150927
0.0488898
0.143513
0.0507064
0.135138
0.0516087
0.0513789
0.191554
0.020792
-0.189586
0.193211
0.0266739
0.194408
0.0323973
0.194974
0.0378529
0.194721
0.0429152
0.19346
0.0474499
0.191023
0.051327
0.187283
0.0544461
0.182119
0.0567732
0.0579954
0.21722
0.0182757
-0.214704
0.219852
0.0240418
0.222505
0.029744
0.225048
0.0353104
0.227306
0.0406574
0.229065
0.04569
0.230087
0.050305
0.230141
0.0543924
0.229046
0.0578681
0.060351
0.24568
0.0156201
-0.243024
0.248728
0.0209935
0.252126
0.0263455
0.255807
0.0316302
0.25967
0.0367938
0.263586
0.0417739
0.267393
0.0464985
0.270899
0.0508868
0.273895
0.054872
0.058209
0.277992
0.0129707
-0.275343
0.281212
0.0177737
0.284993
0.0225643
0.289314
0.0273095
0.294134
0.0319735
0.299391
0.0365169
0.304993
0.0408966
0.310815
0.0450649
0.316713
0.0489745
0.0524947
0.314954
0.0103568
-0.31234
0.318271
0.014456
0.322292
0.0185439
0.327007
0.0225944
0.3324
0.0265805
0.338443
0.0304741
0.345093
0.0342461
0.352292
0.0378656
0.359967
0.0413003
0.0444843
0.35747
0.00778628
-0.354899
0.360865
0.0110611
0.365083
0.0143254
0.370119
0.0175581
0.375962
0.0207381
0.382592
0.0238438
0.389985
0.0268536
0.398104
0.0297458
0.406906
0.0324983
0.0350725
0.406944
0.00524484
-0.404402
0.410432
0.00757265
0.414865
0.00989254
0.420234
0.0121891
0.426525
0.0144468
0.433719
0.0166501
0.441789
0.0187836
0.450703
0.0208322
0.46042
0.0227807
0.0246054
0.465503
0.00268341
-0.462942
0.469147
0.00392948
0.473867
0.0051718
0.479655
0.00640179
0.486491
0.00761078
0.494351
0.00879018
0.503203
0.00993149
0.513009
0.0110264
0.523723
0.0120667
0.0130405
0.536555
-0.533872
0.540485
0.545656
0.552058
0.559669
0.568459
0.578391
0.589417
0.601484
0.14319
-0.030257
-0.14083
0.146034
-0.0265149
0.148989
-0.0218964
0.151961
-0.0169072
0.154873
-0.0116273
0.157682
-0.00614232
0.160329
-0.000489044
0.16273
0.00528986
0.164785
0.0111366
0.0169811
0.17057
-0.0319214
-0.168906
0.172383
-0.0283279
0.174304
-0.0238171
0.176333
-0.0189363
0.178451
-0.0137453
0.180644
-0.00833549
0.182896
-0.00274117
0.185175
0.0030115
0.187428
0.0088831
0.0148235
0.201843
-0.032371
-0.201394
0.202483
-0.0289677
0.203256
-0.0245903
0.2042
-0.0198795
0.205357
-0.0149027
0.206746
-0.0097241
0.208376
-0.00437146
0.210253
0.00113495
0.212369
0.0067669
0.0124886
0.236869
-0.0315174
-0.237723
0.236203
-0.0283019
0.235803
-0.0241903
0.235702
-0.0197783
0.235946
-0.0151463
0.23656
-0.0103379
0.237561
-0.00537256
0.238965
-0.00026927
0.240784
0.00494741
0.010249
0.275599
-0.0293569
-0.277759
0.273667
-0.0263702
0.27214
-0.0226634
0.271061
-0.0186993
0.270463
-0.0145479
0.270367
-0.0102421
0.270791
-0.00579702
0.271753
-0.0012307
0.273266
0.00343408
0.00817216
0.318624
-0.0259074
-0.322074
0.315516
-0.0232616
0.312937
-0.020085
0.310939
-0.0167006
0.309547
-0.0131563
0.308782
-0.00947698
0.308662
-0.00567731
0.309206
-0.0017741
0.310427
0.00221231
0.00625978
0.366991
-0.0212044
-0.371694
0.362769
-0.0190398
0.359193
-0.0165087
0.35631
-0.0138178
0.35415
-0.0109958
0.352734
-0.00806094
0.352083
-0.00502679
0.352217
-0.00190827
0.353152
0.00127759
0.00451246
0.422132
-0.0152959
-0.42804
0.41684
-0.0137479
0.412298
-0.0119671
0.408554
-0.0100732
0.40564
-0.00808215
0.403585
-0.00600609
0.402414
-0.0038559
0.402149
-0.00164319
0.402808
0.000619271
0.0029179
0.486175
-0.00821958
-0.493252
0.47983
-0.00740314
0.474332
-0.00646838
0.46973
-0.00547153
0.466067
-0.00441953
0.46338
-0.00331888
0.4617
-0.00217583
0.461054
-0.000997022
0.461463
0.000210363
0.00143871
0.562477
-0.570696
0.555074
0.548605
0.543134
0.538714
0.535395
0.53322
0.532223
0.532433
0.126775
0.00227643
-0.00218344
0.126513
0.00689409
-0.00663226
0.126089
0.0119097
-0.011486
0.125505
0.0177066
-0.0171224
0.124814
0.0246465
-0.0239555
0.124072
0.0337828
-0.0330406
0.123738
0.0450114
-0.0446776
0.123979
0.0626529
-0.0628936
0.128656
0.0805668
-0.0852444
0.119985
-0.132158
0.147933
0.00234086
0.147745
0.00708157
0.147462
0.012193
0.147104
0.0180646
0.146793
0.0249575
0.146652
0.0339236
0.147345
0.0443188
0.149388
0.0606101
0.15633
0.0736247
0.107409
0.172621
0.00236292
0.172559
0.00714362
0.172505
0.0122467
0.172508
0.0180623
0.172759
0.0247063
0.173449
0.0332332
0.175383
0.0423854
0.179198
0.0567945
0.187044
0.065779
0.0930591
0.201432
0.00232365
0.201554
0.00702082
0.201831
0.0119703
0.202338
0.0175553
0.203326
0.0237187
0.205041
0.0315182
0.208243
0.0391827
0.213654
0.0513837
0.222096
0.0573371
0.0774322
0.23505
0.00220225
0.23542
0.00665033
0.236125
0.0112658
0.237271
0.0164091
0.23912
0.0218694
0.241981
0.028657
0.246368
0.0347956
0.253254
0.0444978
0.262211
0.0483807
0.0618838
0.27427
0.00198074
0.274943
0.00597727
0.276151
0.0100575
0.27803
0.0145308
0.280789
0.0191096
0.284803
0.0246429
0.290245
0.0293535
0.298285
0.0364586
0.307615
0.03905
0.0474253
0.320016
0.00164837
0.321025
0.00496854
0.322773
0.00830912
0.325407
0.0118973
0.32905
0.0154664
0.334088
0.0196053
0.340416
0.0230248
0.349104
0.027771
0.358629
0.0295252
0.0343599
0.373365
0.00120387
0.374711
0.00362259
0.376991
0.00602932
0.38033
0.00855774
0.384772
0.0110243
0.390622
0.0137554
0.397651
0.0159959
0.406594
0.0188287
0.416181
0.019938
0.0225003
0.435575
0.000652778
0.437235
0.00196173
0.44001
0.00325499
0.443979
0.00458849
0.44913
0.00587369
0.45564
0.00724528
0.463264
0.00837143
0.472396
0.00969733
0.482093
0.0102405
0.0113419
0.508121
0.510083
0.513338
0.517926
0.5238
0.531045
0.539417
0.549114
0.559355
0.0713746
0.000294968
-0.000960772
0.0718121
0.00244304
-0.00288053
0.0719885
0.00469467
-0.00487105
0.0718276
0.00718589
-0.00702497
0.0712454
0.00999503
-0.00941284
0.0700104
0.0134059
-0.0121709
0.0679185
0.0176209
-0.015529
0.0642748
0.0231738
-0.01953
0.0583452
0.0312364
-0.0253068
0.0423196
-0.0316413
0.0713236
-0.000320374
0.0717063
0.00206038
0.0718242
0.00457677
0.0716024
0.00740769
0.0709588
0.0106386
0.0696623
0.0147025
0.0675239
0.0197592
0.0638384
0.0268593
0.0579446
0.0371301
0.0528534
0.071224
-0.000836662
0.0715025
0.00178187
0.0715116
0.00456763
0.0711787
0.00774065
0.0704218
0.0113954
0.0690128
0.0161114
0.0667774
0.0219946
0.0629993
0.0306375
0.0571203
0.0430091
0.0632215
0.0710764
-0.00120595
0.0712022
0.00165605
0.0710532
0.00471671
0.0705596
0.00823419
0.0696382
0.0123169
0.068067
0.0176826
0.0656831
0.0243786
0.0617636
0.034557
0.055884
0.0488887
0.0734093
0.070882
-0.00138127
0.0708077
0.00173035
0.0704522
0.00507221
0.0697499
0.00893647
0.0686136
0.0134532
0.0668323
0.0194638
0.0642476
0.0269634
0.0601425
0.038662
0.0542521
0.0547791
0.0834128
0.070642
-0.00131693
0.0703217
0.00205071
0.0697132
0.00568065
0.0687557
0.00989402
0.0673558
0.0148531
0.0653186
0.021501
0.06248
0.029802
0.0581525
0.0429895
0.0522426
0.0606889
0.0932453
0.0703582
-0.000968834
0.0697477
0.00266123
0.0688417
0.00658658
0.0675842
0.0111516
0.0658741
0.0165631
0.0635366
0.0238386
0.0603909
0.0329477
0.0558138
0.0475667
0.0498681
0.0666346
0.10294
0.0700325
-0.00029484
0.0690899
0.00360377
0.0678443
0.0078322
0.0662439
0.012752
0.0641791
0.0186279
0.061498
0.0265197
0.0579932
0.0364525
0.0531495
0.0524103
0.0471339
0.0726502
0.112562
0.0696677
0.000744619
0.0683545
0.00491694
0.0667308
0.00945596
0.0647491
0.0147337
0.0622908
0.0210862
0.0592285
0.029582
0.0553212
0.0403597
0.050208
0.0575235
0.0440665
0.0787917
0.122255
0.0692699
0.0675546
0.0655245
0.0631359
0.0602666
0.056808
0.0524902
0.04712
0.0406674
0.0692887
0.00128666
0.000132411
0.0676502
0.00122259
0.000415891
0.0657564
0.00089227
0.00100158
0.063556
0.000116196
0.00208411
0.0609147
-0.00141787
0.00405926
0.0576866
-0.00438904
0.00761715
0.0534919
-0.00930319
0.0134978
0.048007
-0.0190788
0.0245638
0.0403678
-0.0337245
0.0413636
-0.0672933
0.0787027
0.0696894
0.00230495
0.0684504
0.00246152
0.0669516
0.00239107
0.0651382
0.00192968
0.0628742
0.000846093
0.0600017
-0.00151653
0.0561523
-0.00545378
0.050906
-0.0138325
0.0435645
-0.026383
-0.05617
0.0700538
0.00295932
0.0691791
0.00333629
0.0680445
0.00352565
0.0665914
0.00338273
0.0646902
0.00274734
0.0621695
0.0010041
0.0586885
-0.00197271
0.0537366
-0.00888063
0.0466546
-0.0193011
-0.0451205
0.0703783
0.00328982
0.0698282
0.00388639
0.0690192
0.00433465
0.0678891
0.00451285
0.0663149
0.0043215
0.064113
0.00320599
0.0609685
0.00117178
0.0563021
-0.00421422
0.0494416
-0.0124406
-0.0340797
0.0706602
0.00333887
0.0703922
0.00415435
0.0698664
0.00486043
0.069017
0.0053623
0.0677279
0.00561063
0.0658033
0.00513053
0.0629513
0.00402381
0.0585455
0.000191592
0.0518796
-0.0057747
-0.0230436
0.0708977
0.00315078
0.0708671
0.00418489
0.0705797
0.0051478
0.0699664
0.00597567
0.0689178
0.00665921
0.0672278
0.00682055
0.064623
0.00662854
0.0604493
0.00436529
0.0539598
0.000714854
-0.0120164
0.0710891
0.00277139
0.0712495
0.00402447
0.0711538
0.00524355
0.0707298
0.00639963
0.069875
0.00751407
0.0683744
0.00832112
0.0659702
0.00903272
0.0619933
0.0083422
0.0556624
0.00704577
-0.00101123
0.0712333
0.00224781
0.0715369
0.00372093
0.0715843
0.00519613
0.0713014
0.00668258
0.0705913
0.00822416
0.0692326
0.00967981
0.0669806
0.0112847
0.0631587
0.0121641
0.056966
0.0132384
0.00995043
0.0713294
0.00162806
0.0717272
0.00332312
0.0718681
0.00505516
0.0716765
0.0068742
0.0710607
0.00883994
0.0697944
0.0109461
0.0676455
0.0134336
0.0639325
0.0158771
0.0578543
0.0193167
0.0208433
0.0713766
0.0718192
0.0720033
0.0718525
0.0712796
0.0700548
0.0679594
0.0643065
0.0583164
0.507889
-0.000424105
0.509164
-0.00127487
0.511297
-0.00213275
0.514377
-0.00308031
0.518471
-0.00409399
0.523743
-0.00527206
0.53016
-0.00641716
0.538014
-0.00785398
0.546836
-0.00882176
-0.0103501
0.557186
0.435334
-0.000737248
0.436279
-0.0022196
0.43789
-0.00374459
0.440274
-0.00546363
0.443526
-0.00734589
0.447852
-0.00959803
0.453272
-0.0118377
0.460171
-0.0147528
0.468101
-0.016752
-0.0201654
0.477917
0.373107
-0.00092661
0.373686
-0.00279828
0.374714
-0.00477266
0.376311
-0.00706004
0.378616
-0.00965175
0.381892
-0.0128732
0.386252
-0.0161979
0.392233
-0.0207344
0.399427
-0.0239459
-0.0298664
0.409128
0.319752
-0.000997318
0.319975
-0.00302156
0.320422
-0.00521981
0.32121
-0.00784739
0.322515
-0.0109572
0.324624
-0.0149824
0.327792
-0.0193653
0.33268
-0.0256231
0.339062
-0.0303271
-0.0395299
0.348725
0.274014
-0.000966703
0.27393
-0.00293767
0.27386
-0.00514927
0.273897
-0.00788467
0.27423
-0.0112903
0.275127
-0.0158797
0.276988
-0.0212259
0.280522
-0.0291572
0.285909
-0.0357141
-0.048991
0.29537
0.234816
-0.000859356
0.234496
-0.0026183
0.234015
-0.00466773
0.233431
-0.00730122
0.232908
-0.0107666
0.232664
-0.0156361
0.233186
-0.0217478
0.235157
-0.0311285
0.239318
-0.0398752
-0.0579047
0.248232
0.201228
-0.000701316
0.200751
-0.00214131
0.199984
-0.00390036
0.198948
-0.00626535
0.19775
-0.0095683
0.196546
-0.0144319
0.195809
-0.0210116
0.196188
-0.0315075
0.198908
-0.0425945
-0.0657544
0.206757
0.172452
-0.000515807
0.171888
-0.00157806
0.170956
-0.00296845
0.169642
-0.00495144
0.167986
-0.00791225
0.16607
-0.0125155
0.164261
-0.0192023
0.163184
-0.0304303
0.164375
-0.0437862
-0.0719693
0.17059
0.147797
-0.000321656
0.147207
-0.000987614
0.146214
-0.00197577
0.144779
-0.00351603
0.142881
-0.00601464
0.140524
-0.0101586
0.137911
-0.0165889
0.135528
-0.028047
0.135225
-0.0434839
-0.0762664
0.139522
0.126675
0.126103
0.125129
0.123697
0.121742
0.1192
0.116109
0.112626
0.110506
0.112942
0.549206
0.00798025
0.542084
0.00712161
0.535925
0.00615882
0.530788
0.0051375
0.526726
0.00406239
0.523786
0.00293945
0.522011
0.00177493
0.521436
0.00057532
0.522088
-0.000652523
-0.00190135
0.52399
0.471158
0.0147385
0.465171
0.0131086
0.460046
0.0112839
0.45583
0.00935387
0.452566
0.00732655
0.450291
0.00521386
0.449038
0.00302782
0.448833
0.000780314
0.449697
-0.00151623
-0.00384864
0.451644
0.403657
0.0202095
0.398856
0.0179099
0.394806
0.0153334
0.391548
0.012612
0.389121
0.00975403
0.387556
0.00677846
0.386881
0.00370327
0.387116
0.000544808
0.38828
-0.00268015
-0.00595365
0.390385
0.34456
0.0243747
0.340962
0.0215082
0.337999
0.0182961
0.335707
0.0149041
0.334126
0.0113346
0.333288
0.00761689
0.333215
0.00377629
0.333927
-0.000167185
0.33544
-0.00419358
-0.00828095
0.337768
0.292493
0.0272523
0.29009
0.0239103
0.288204
0.0201826
0.286865
0.0162429
0.286121
0.0120785
0.286004
0.00773412
0.286535
0.00324536
0.287733
-0.00136507
0.289614
-0.00607499
-0.0108582
0.292192
0.24658
0.0289048
0.245335
0.0251552
0.244487
0.0210303
0.244067
0.0166632
0.244131
0.0120141
0.244712
0.00715279
0.24583
0.00212821
0.2475
-0.00303527
0.249737
-0.00831202
-0.0136677
0.252546
0.206232
0.0294304
0.206079
0.025308
0.20621
0.0208995
0.20666
0.0162125
0.207495
0.0111793
0.208738
0.00590982
0.210401
0.00046581
0.212491
-0.00512575
0.215007
-0.0108277
-0.0165865
0.217926
0.17108
0.0289407
0.171892
0.024496
0.172891
0.0199008
0.174139
0.0149646
0.175676
0.0096424
0.177497
0.00408846
0.179595
-0.00163192
0.181948
-0.00747869
0.184508
-0.013388
-0.0192746
0.187196
0.14094
0.0275231
0.142438
0.0229981
0.144119
0.01822
0.146027
0.0130559
0.148106
0.0075639
0.150305
0.00188903
0.152577
-0.00390323
0.154839
-0.00974084
0.156976
-0.0155253
-0.0211383
0.15884
0.114902
0.116897
0.119123
0.121466
0.123791
0.126023
0.128062
0.129772
0.130989
0.131526
0.527157
-0.00316684
0.531591
-0.00443447
0.53729
-0.00569929
0.544243
-0.00695291
0.55243
-0.00818678
0.561822
-0.00939232
0.572383
-0.0105609
0.584067
-0.0116842
0.596821
-0.0127532
-0.0137539
0.610575
0.454687
-0.00620921
0.458824
-0.00857115
0.46405
-0.0109256
0.470354
-0.0132574
0.477718
-0.0155507
0.486116
-0.0177898
0.495514
-0.019959
0.505872
-0.0220422
0.517141
-0.0240229
-0.0258725
0.52926
0.393441
-0.00926532
0.397448
-0.0125779
0.402402
-0.0158794
0.408293
-0.0191482
0.415104
-0.0223624
0.422814
-0.025499
0.431389
-0.0285345
0.440791
-0.0314444
0.450971
-0.0342021
-0.0367615
0.46186
0.340919
-0.0124165
0.344894
-0.0165534
0.349691
-0.0206758
0.355298
-0.0247552
0.361696
-0.0287606
0.368855
-0.0326587
0.376734
-0.0364127
0.385272
-0.039983
0.394395
-0.0433252
-0.0463624
0.403996
0.295473
-0.0156981
0.299456
-0.0205362
0.304128
-0.0253484
0.309466
-0.0300922
0.315424
-0.0347193
0.32194
-0.039174
0.328922
-0.0433948
0.336254
-0.0473153
0.343791
-0.0508623
-0.0539022
0.351331
0.255924
-0.0190755
0.259845
-0.0244572
0.264265
-0.0297684
0.269111
-0.0349385
0.274277
-0.0398851
0.279618
-0.0445152
0.284953
-0.0487301
0.290071
-0.052433
0.29473
-0.0555211
-0.0578146
0.298642
0.221201
-0.0223512
0.224753
-0.028009
0.228463
-0.0334783
0.232172
-0.038647
0.235679
-0.0433922
0.238752
-0.0475886
0.241141
-0.051119
0.242596
-0.0538878
0.242851
-0.0557766
-0.0566424
0.241679
0.189897
-0.0250519
0.192451
-0.0305633
0.194659
-0.0356862
0.196284
-0.0402718
0.197067
-0.044176
0.196756
-0.0472773
0.195135
-0.0494979
0.19206
-0.0508125
0.187427
-0.0511444
-0.0505063
0.181291
0.160249
-0.0264609
0.160994
-0.0313083
0.160851
-0.0355439
0.159605
-0.0390255
0.157073
-0.0416443
0.153143
-0.0433466
0.147797
-0.0441521
0.141116
-0.0441314
0.133166
-0.0431951
-0.041239
0.123899
0.13118
0.129747
0.127055
0.122987
0.117519
0.110743
0.102859
0.0941595
0.0850323
0.0754399
0.618
-0.00742532
0.624181
-0.00618146
0.628604
-0.00442251
0.631055
-0.00245085
0.631523
-0.000467772
0.630252
0.00127086
0.627745
0.00250639
0.624666
0.00307904
0.62166
0.00300626
0.619057
0.0026031
0.61646
0.00259704
0.612622
0.00383799
0.605977
0.00664436
0.595601
0.0103769
0.581738
0.0138629
0.565952
0.0157852
0.550174
0.0157786
0.53674
0.0134335
0.525799
0.0109411
0.00622658
0.535949
-0.0141146
0.541143
-0.0113749
0.544483
-0.00776308
0.54581
-0.00377708
0.545199
0.000143045
0.543013
0.00345637
0.539841
0.00567881
0.536395
0.00652454
0.533345
0.00605677
0.530978
0.00496995
0.528788
0.00478693
0.525447
0.00717912
0.519449
0.0126425
0.510043
0.0197832
0.497634
0.0262719
0.483767
0.0296521
0.470192
0.0293532
0.458872
0.0247534
0.449813
0.0199998
0.0112683
0.467845
-0.0201
0.471907
-0.0154367
0.473804
-0.00966057
0.473432
-0.00340465
0.471061
0.00251368
0.467234
0.00728378
0.462661
0.0102512
0.458162
0.0110239
0.454465
0.00975377
0.45185
0.0075854
0.449765
0.00687164
0.44688
0.010064
0.441756
0.0177668
0.433716
0.0278233
0.423184
0.0368034
0.411583
0.0412535
0.400446
0.0404895
0.391361
0.0338385
0.384243
0.0271182
0.0151343
0.408706
-0.0248099
0.411072
-0.0178029
0.410821
-0.0094093
0.408049
-0.000632846
0.403319
0.00724419
0.397306
0.0132965
0.390822
0.0167348
0.384772
0.0170747
0.379936
0.014589
0.376677
0.0108448
0.374618
0.00893094
0.372629
0.0120522
0.369326
0.0210702
0.363856
0.0332931
0.356344
0.0443155
0.347868
0.0497292
0.339676
0.0486819
0.333033
0.0404818
0.327863
0.0322881
0.0178962
0.353516
-0.0269945
0.353115
-0.0174022
0.349775
-0.00606991
0.344126
0.00501689
0.336909
0.014461
0.328807
0.0213984
0.320647
0.0248949
0.313314
0.0244074
0.307615
0.020288
0.304094
0.0143661
0.302702
0.0103225
0.302568
0.0121865
0.30224
0.0213978
0.300473
0.0350601
0.296888
0.0479009
0.292114
0.0545032
0.28711
0.0536858
0.282914
0.0446779
0.279563
0.0356391
0.0196928
0.29699
-0.0253419
0.292842
-0.0132544
0.286291
0.000480852
0.278457
0.0128505
0.269845
0.0230733
0.260981
0.0302629
0.252522
0.0333539
0.245196
0.0317334
0.239814
0.0256693
0.237129
0.0170517
0.237377
0.0100742
0.239845
0.00971797
0.242963
0.0182802
0.245111
0.0329117
0.245462
0.0475506
0.244244
0.0557206
0.242177
0.0557527
0.240141
0.0467144
0.23833
0.0374504
0.0207098
0.236227
-0.0198902
0.228922
-0.00594914
0.220958
0.00844499
0.213105
0.0207035
0.205262
0.0309167
0.197677
0.0378473
0.190693
0.0403384
0.18487
0.0375558
0.181055
0.0294844
0.180141
0.0179659
0.182502
0.00771328
0.1875
0.00472
0.193542
0.0122386
0.198852
0.0276017
0.202342
0.0440601
0.203953
0.0541102
0.204205
0.0554998
0.20385
0.0470701
0.20322
0.0380805
0.0211449
0.174009
-0.0126083
0.166282
0.00177811
0.159831
0.014896
0.154247
0.0262878
0.148968
0.0361958
0.144013
0.0428025
0.139498
0.0448527
0.135953
0.0411011
0.134266
0.0311713
0.135349
0.0168825
0.139568
0.00349473
0.146345
-0.00205708
0.154224
0.00436004
0.161502
0.0203236
0.167017
0.038545
0.170518
0.0506093
0.172361
0.0536563
0.173169
0.0462623
0.173365
0.0378849
0.0211771
0.117616
-0.00632474
0.112563
0.00683088
0.109474
0.0179852
0.107049
0.0287127
0.104744
0.0385007
0.102519
0.0450269
0.100466
0.0469063
0.0991533
0.0424135
0.0994558
0.0308688
0.102178
0.0141599
0.107594
-0.00192039
0.115207
-0.00967077
0.123812
-0.00424474
0.131926
0.01221
0.138432
0.0320382
0.142967
0.046075
0.145746
0.0508774
0.147265
0.0447424
0.147985
0.0371649
0.0209512
0.0725131
-0.00339791
0.0722229
0.00712109
0.07247
0.0177381
0.0727112
0.0284715
0.0727647
0.0384472
0.0726343
0.0451573
0.0724868
0.0470538
0.0729103
0.0419901
0.0746894
0.0290896
0.0784544
0.0103949
0.0843666
-0.00783261
0.0920321
-0.0173362
0.100527
-0.0127401
0.108642
0.00409519
0.11537
0.0253108
0.120286
0.0411586
0.123498
0.047665
0.125385
0.0428554
0.126401
0.036149
0.0205753
0.0235059
-0.005508
0.0236257
0.00700134
0.0233755
0.0179882
0.0233201
0.028527
0.0236769
0.0380904
0.02453
0.0443041
0.0260177
0.0455661
0.0283521
0.0396557
0.0316333
0.0258084
0.0356884
0.00633981
0.0401456
-0.0122899
0.0446923
-0.0218828
0.0491848
-0.0172326
0.0535333
-0.000253343
0.057613
0.0212311
0.0612657
0.0375058
0.0643835
0.0445473
0.0669023
0.0403366
0.0689509
0.0341004
0.0189733
0.018579
-0.00812595
0.0195374
0.00604296
0.0201217
0.0174039
0.0207933
0.0278554
0.0217666
0.037117
0.0231256
0.0429452
0.0250477
0.0436439
0.0277712
0.0369322
0.0313977
0.022182
0.0357341
0.00200341
0.0404041
-0.0169599
0.0451222
-0.0266009
0.0497746
-0.021885
0.0542659
-0.00474461
0.0584332
0.0170638
0.0620829
0.033856
0.0650975
0.0415327
0.0674207
0.0380134
0.0692073
0.0323137
0.017704
0.0139183
-0.0104645
0.0153437
0.00461761
0.0166488
0.0160988
0.0180419
0.0264623
0.0196594
0.0354995
0.0215765
0.0410281
0.0239965
0.0412239
0.0271682
0.0337605
0.0311767
0.0181735
0.0357972
-0.00261709
0.0406506
-0.0218133
0.0454928
-0.0314431
0.0502599
-0.0266522
0.0548677
-0.00935244
0.0591203
0.0128113
0.0627826
0.0301938
0.0657184
0.0385969
0.0678751
0.0358567
0.0694307
0.0307581
0.0167329
0.00957912
-0.0122233
0.011263
0.00293368
0.0131603
0.0142016
0.0152235
0.024399
0.017487
0.0332361
0.0199968
0.0385183
0.0229657
0.038255
0.026633
0.0300932
0.0310487
0.0137578
0.0359462
-0.00751466
0.0409465
-0.0268136
0.0458582
-0.0363547
0.0506841
-0.0314781
0.0553681
-0.0140364
0.0596897
0.00848964
0.0633698
0.0265138
0.0662464
0.0357202
0.0682639
0.0338393
0.0696203
0.0294017
0.0160243
0.00565368
-0.0133364
0.00750566
0.00108171
0.00988379
0.0118234
0.0125541
0.0217287
0.0154465
0.0303437
0.0185635
0.0354013
0.02211
0.0347085
0.0262948
0.0259084
0.0311153
0.00893729
0.0362583
-0.0126576
0.0413506
-0.031906
0.0462643
-0.0412684
0.0510821
-0.0362959
0.0557907
-0.0187451
0.0601547
0.0041256
0.0638503
0.0228182
0.0666828
0.0328877
0.0685866
0.0319354
0.0697755
0.0282128
0.0155412
0.00229475
-0.0138591
0.00427705
-0.0009006
0.00704705
0.00905343
0.0102595
0.0185163
0.0137477
0.0268554
0.0174634
0.0316856
0.0215868
0.0305851
0.0262768
0.0212184
0.0314659
0.00374827
0.0367951
-0.0179869
0.0419072
-0.0370181
0.0467457
-0.0461068
0.0514815
-0.0410316
0.0561559
-0.0234195
0.0605282
-0.000246615
0.0642303
0.0191161
0.0670294
0.0300886
0.0688433
0.0301215
0.0698961
0.02716
0.0152457
-0.000340835
-0.0139201
0.00176122
-0.00300265
0.0048531
0.00596155
0.00853959
0.0148298
0.0125737
0.0228213
0.0168538
0.0274055
0.021521
0.0259179
0.0266687
0.0160707
0.0321582
-0.00174118
0.0375928
-0.0234215
0.0426416
-0.0420668
0.0473242
-0.0507895
0.0519027
-0.0456101
0.0564808
-0.0279977
0.0608216
-0.00458739
0.0645162
0.0154215
0.0672887
0.0273161
0.0690343
0.0283759
0.0699818
0.0262125
0.0150993
-0.00211864
-0.0136872
0.000109739
-0.00523103
0.00346994
0.00260134
0.00755757
0.0107421
0.0120688
0.0183101
0.0168513
0.0226229
0.0219957
0.0207735
0.02752
0.0105464
0.0332152
-0.00743635
0.0386594
-0.0288658
0.0435581
-0.0469654
0.0480073
-0.0552387
0.052357
-0.0499599
0.0567776
-0.0324182
0.0610447
-0.00885454
0.0647135
0.0117527
0.0674631
0.0245665
0.0691603
0.0266787
0.070033
0.0253398
0.0150629
-0.00293648
-0.0133481
-0.000566888
-0.00760062
0.00301922
-0.000984765
0.00742791
0.00633346
0.0123278
0.0134103
0.0175231
0.0174276
0.0230466
0.01525
0.0288375
0.00475547
0.0346241
-0.013223
0.0399749
-0.0342165
0.0446399
-0.0516304
0.0487868
-0.0593857
0.0528451
-0.0540182
0.0570516
-0.0366247
0.0612034
-0.0130063
0.0648263
0.00812975
0.0675543
0.0218386
0.0692215
0.0250115
0.0700494
0.024512
0.0150969
-0.0027335
-0.000207319
0.00356609
0.00820685
0.0133884
0.018882
0.0246601
0.0305865
0.0363395
0.0414941
0.0458508
0.0496401
0.0533577
0.057303
0.0613015
0.0648585
0.0675648
0.0692194
0.0700316
)
;

boundaryField
{
    inlet
    {
        type            calculated;
        value           nonuniform List<scalar> 
40
(
-0.126868
-0.147997
-0.172643
-0.201392
-0.234928
-0.274048
-0.319684
-0.37292
-0.435024
-0.507468
-0.0707088
-0.0707083
-0.0707077
-0.0707071
-0.0707067
-0.0707064
-0.0707063
-0.0707065
-0.0707072
-0.0707087
-0.0707077
-0.0707077
-0.0707082
-0.0707088
-0.0707092
-0.0707096
-0.0707097
-0.0707098
-0.0707096
-0.0707093
-0.507465
-0.435021
-0.372918
-0.319681
-0.274045
-0.234923
-0.201386
-0.172637
-0.147992
-0.126864
)
;
    }
    outlet
    {
        type            calculated;
        value           nonuniform List<scalar> 
40
(
0.125182
0.146053
0.170429
0.198903
0.232166
0.271017
0.31638
0.369316
0.431053
0.503002
0.069923
0.0698853
0.0698532
0.0698268
0.0698058
0.06979
0.0697789
0.0697721
0.0697688
0.0697687
0.0705529
0.0704767
0.0704018
0.0703289
0.0702586
0.0701915
0.0701283
0.0700694
0.0700153
0.0699666
0.519573
0.444772
0.380377
0.325101
0.277766
0.237313
0.202784
0.173332
0.148211
0.126777
)
;
    }
    top
    {
        type            symmetryPlane;
        value           uniform 0;
    }
    bottom
    {
        type            symmetryPlane;
        value           uniform 0;
    }
    cylinder
    {
        type            calculated;
        value           nonuniform List<scalar> 
80
(
-1.66919e-19
3.61781e-20
-2.55193e-19
7.00856e-20
2.23842e-19
-9.31722e-19
1.07854e-18
-5.47119e-19
1.30859e-18
1.06217e-18
1.49434e-19
1.57915e-19
2.31219e-19
-1.68947e-19
3.64181e-19
-2.90185e-19
-9.48378e-19
-9.52907e-21
4.52558e-19
-5.9455e-19
1.81617e-18
-4.52558e-19
9.52907e-21
2.01258e-18
3.3478e-19
6.16439e-19
1.68947e-19
-2.31219e-19
-1.57915e-19
-2.35873e-19
1.66919e-19
-3.61781e-20
2.55193e-19
-7.00856e-20
-6.88562e-20
8.09415e-19
-1.86236e-18
5.47119e-19
4.03678e-19
-7.95506e-19
1.06217e-18
-4.03678e-19
-5.47119e-19
9.11447e-19
-9.31722e-19
1.0912e-18
7.00856e-20
-2.55193e-19
3.61781e-20
-1.66919e-19
-1.81617e-18
-1.28217e-18
-9.52907e-21
-1.6189e-18
-2.90185e-19
2.50923e-19
-1.68947e-19
2.31219e-19
1.57915e-19
2.35873e-19
-2.35873e-19
-1.57915e-19
-2.31219e-19
1.68947e-19
-2.50923e-19
3.3478e-19
1.6189e-18
9.52907e-21
1.28217e-18
1.81617e-18
-1.06217e-18
-1.30859e-18
5.47119e-19
-1.07854e-18
8.09415e-19
-2.23842e-19
-7.00856e-20
2.55193e-19
-3.61781e-20
1.66919e-19
)
;
    }
    frontandback
    {
        type            empty;
        value           nonuniform 0();
    }
}


// ************************************************************************* //
