/*--------------------------------*- C++ -*----------------------------------*\
| =========                 |                                                 |
| \\      /  F ield         | OpenFOAM: The Open Source CFD Toolbox           |
|  \\    /   O peration     | Version:  v1912                                 |
|   \\  /    A nd           | Website:  www.openfoam.com                      |
|    \\/     M anipulation  |                                                 |
\*---------------------------------------------------------------------------*/
FoamFile
{
    version     2.0;
    format      ascii;
    class       surfaceScalarField;
    location    "14.5";
    object      phi;
}
// * * * * * * * * * * * * * * * * * * * * * * * * * * * * * * * * * * * * * //

dimensions      [0 3 -1 0 0 0 0];
oriented        oriented;


internalField   nonuniform List<scalar> 
4670
(
-0.000188006
-0.0216551
0.0218431
-0.000513995
-0.016761
0.0170869
-0.000854769
-0.0131088
0.0134496
-0.00114088
-0.0103933
0.0106794
-0.00133768
-0.00836694
0.00856375
-0.00143437
-0.00683791
0.0069346
-0.00143678
-0.00566111
0.00566352
-0.00136281
-0.00472892
0.00465496
-0.0012391
-0.00396267
0.00383895
-0.00330564
0.00316477
-0.00109822
-0.00017296
-0.0214821
-0.000447829
-0.0164861
-0.000695997
-0.0128606
-0.000846942
-0.0102423
-0.000866648
-0.00834724
-0.00074522
-0.00695933
-0.000489646
-0.00591668
-0.000119893
-0.00509868
0.000332202
-0.00441476
-0.00379868
0.000825237
-0.00014978
-0.0213324
-0.000346192
-0.0162897
-0.000460983
-0.0127459
-0.000424731
-0.0102786
-0.000204679
-0.00856729
0.00020868
-0.00737269
0.000808586
-0.00651659
0.00157463
-0.00586472
0.00247322
-0.00531335
-0.00478286
0.0034574
-0.000117017
-0.0212153
-0.000207935
-0.0161988
-0.000150375
-0.0128034
0.000121973
-0.0105509
0.000638266
-0.00908358
0.00140722
-0.00814164
0.0024234
-0.00753277
0.0036684
-0.00710973
0.00510815
-0.00675309
-0.00636279
0.00668807
-7.20422e-05
-0.0211433
-3.32349e-05
-0.0162376
0.000238844
-0.0130755
0.000795259
-0.0111073
0.00165972
-0.00994804
0.00283852
-0.00932044
0.00432735
-0.0090216
0.00611191
-0.00889428
0.00816197
-0.00880316
-0.00862093
0.0104201
-8.36799e-06
-0.0211349
0.000191364
-0.0164373
0.00071562
-0.0135997
0.0016042
-0.0119959
0.00286748
-0.0112113
0.00450417
-0.0109571
0.00650819
-0.0110256
0.00886978
-0.0112559
0.011568
-0.0115013
-0.0116027
0.0145497
6.20912e-05
-0.021197
0.000461275
-0.0168365
0.00128722
-0.0144257
0.00256117
-0.0132698
0.00427683
-0.012927
0.00641879
-0.0130991
0.00897208
-0.0135789
0.011927
-0.0142108
0.015275
-0.0148494
-0.0153078
0.0189801
0.000148034
-0.021345
0.000783389
-0.0174718
0.00195979
-0.0156021
0.00367513
-0.0149852
0.00590108
-0.0151529
0.00860002
-0.015798
0.0117364
-0.0167153
0.0152875
-0.0177619
0.0192526
-0.0188144
-0.019698
0.0236428
0.000255031
-0.0216001
0.00115825
-0.018375
0.00272971
-0.0171736
0.00494056
-0.017196
0.00773767
-0.0179501
0.0110559
-0.0191163
0.0148268
-0.0204862
0.0189906
-0.0219256
0.0235311
-0.0233549
-0.0247425
0.0285756
0.00037989
-0.02198
0.00157574
-0.0195709
0.00357371
-0.0191715
0.00632056
-0.0199429
0.00974501
-0.0213745
0.0137669
-0.0231382
0.0182987
-0.0250181
0.0232377
-0.0268646
0.0284659
-0.0285831
-0.0302129
0.0339363
0.0302175
0.00118864
-0.0314061
0.0290243
0.00119316
0.0278537
0.00117065
0.0267311
0.00112259
0.0256787
0.00105236
0.0247147
0.000964077
0.0238529
0.000861773
0.0231041
0.000748732
0.0224771
0.000627043
0.000497137
0.040192
0.00371415
-0.0427176
0.0375482
0.00383701
0.0348567
0.00386215
0.0321852
0.00379406
0.0295964
0.00364123
0.0271457
0.00341478
0.0248809
0.00312655
0.0228423
0.00278728
0.0210637
0.00240565
0.00198995
0.0489895
0.00689166
-0.052167
0.0455424
0.00728409
0.0419192
0.00748532
0.0382161
0.00749718
0.0345278
0.00732961
0.0309437
0.00699887
0.0275458
0.00652442
0.024408
0.00592503
0.0215971
0.00521661
0.00441552
0.056263
0.010243
-0.0596144
0.0524893
0.0110578
0.0483913
0.0115833
0.0440775
0.011811
0.0396621
0.011745
0.0352597
0.0114013
0.030981
0.010803
0.0269326
0.00997348
0.0232184
0.00893083
0.00769102
0.0619563
0.013454
-0.0651672
0.0581932
0.0148209
0.0539654
0.0158111
0.0493786
0.0163978
0.0445516
0.016572
0.0396112
0.0163418
0.0346865
0.0157277
0.0299086
0.0147514
0.025417
0.0134223
0.0117336
0.0661848
0.0163427
-0.0690736
0.0626503
0.0183554
0.0585372
0.0199241
0.0539358
0.0209993
0.0489558
0.0215519
0.0437218
0.0215758
0.0383665
0.021083
0.0330307
0.0200872
0.0278779
0.0185751
0.0164733
0.0691494
0.0188278
-0.0716345
0.0659651
0.0215397
0.062124
0.0237652
0.0576933
0.02543
0.0527636
0.0264816
0.0474441
0.0268953
0.0418548
0.0266723
0.0361241
0.0258179
0.0304129
0.0242864
0.0218681
0.0710753
0.0208966
-0.0731441
0.0682906
0.0243245
0.0648083
0.0272475
0.0606704
0.0295679
0.0559431
0.0312089
0.050712
0.0321264
0.0450705
0.0323138
0.0391071
0.0317813
0.0329275
0.0304659
0.027931
0.0721721
0.0225789
-0.0738544
0.069787
0.0267096
0.0666976
0.0303369
0.0629232
0.0333422
0.0585064
0.0356257
0.0535081
0.0371247
0.047991
0.037831
0.0419833
0.037789
0.0354475
0.0370018
0.0347954
0.0726091
-0.0739586
0.0239284
0.0705909
0.0287278
0.0678896
0.0330382
0.0645084
0.0367235
0.0604716
0.0396625
0.0558226
0.0417737
0.0506067
0.0430469
0.0448181
0.0435776
0.0382574
0.0435626
0.0428399
0.0367874
-0.000327479
-0.03646
0.0369065
-0.000119042
0.0368119
9.46116e-05
0.0365238
0.000288024
0.0360416
0.000482204
0.0353792
0.000662421
0.034557
0.000822239
0.0336003
0.000956662
0.0325388
0.00106152
0.00113265
0.0509374
-0.00149463
-0.0497703
0.0516836
-0.000865226
0.0519975
-0.000219263
0.05186
0.000425554
0.0512834
0.0010588
0.0502816
0.00166419
0.0488808
0.00222299
0.0471191
0.00271835
0.0450454
0.00313523
0.00346054
0.0589731
-0.00345829
-0.0570095
0.0604244
-0.00231651
0.0613365
-0.0011313
0.0616795
8.25471e-05
0.0614499
0.00128839
0.0606439
0.00247013
0.0592759
0.00359097
0.0573749
0.00461939
0.0549854
0.00552471
0.00627896
0.0629675
-0.00605978
-0.060366
0.0650487
-0.00439766
0.066567
-0.0026496
0.0674869
-0.000837381
0.0677729
0.00100244
0.0674106
0.00283239
0.0663943
0.00460722
0.0647346
0.00627913
0.0624593
0.00780004
0.00912386
0.0644305
-0.00912218
-0.0613681
0.06701
-0.00697709
0.069051
-0.0046906
0.070502
-0.00228844
0.0713175
0.000186956
0.0714659
0.00268401
0.0709253
0.00514782
0.0696872
0.0075172
0.0677593
0.00972795
0.0117159
0.0644221
-0.0124949
-0.0610494
0.0673684
-0.00992338
0.0698158
-0.00713804
0.0717016
-0.0041742
0.0729754
-0.00108688
0.0735962
0.00206323
0.0735328
0.00521121
0.072762
0.008288
0.0712739
0.0112161
0.0139163
0.0636441
-0.0160762
-0.0600628
0.0668553
-0.0131346
0.0695992
-0.00988188
0.0718084
-0.00638339
0.0734348
-0.0027133
0.0744391
0.0010589
0.0747882
0.00486212
0.0744499
0.00862631
0.0734025
0.0122635
0.0156842
0.0625449
-0.0198306
-0.0587905
0.065952
-0.0165416
0.0688953
-0.0128252
0.0713173
-0.00880544
0.073185
-0.00458104
0.0744678
-0.000223862
0.0751381
0.00419188
0.075158
0.00860634
0.0745008
0.0129207
0.0170409
0.0614293
-0.0237868
-0.0574731
0.064962
-0.0200743
0.0680047
-0.0158679
0.0705323
-0.0113331
0.0725353
-0.00658404
0.0740015
-0.00169005
0.0749002
0.00329319
0.0751928
0.00831373
0.0748536
0.0132599
0.0180401
0.0604976
-0.0563873
-0.0278972
0.0640484
-0.0236251
0.0670721
-0.0188915
0.0696089
-0.0138698
0.0716607
-0.00863583
0.0732299
-0.00325929
0.0742828
0.00224027
0.0747654
0.00783119
0.0746681
0.0133572
0.0187496
0.042329
0.0134544
-0.00817939
-0.047604
0.0369702
0.0141966
-0.0088378
0.031528
0.0150762
-0.00963392
0.0260183
0.0161407
-0.010631
0.0204849
0.0174488
-0.0119154
0.0150223
0.0190512
-0.0135885
0.00981054
0.0209536
-0.0157419
0.00516773
0.0230423
-0.0183995
0.00162036
0.0249547
-0.0214074
0.0258622
-0.0242419
0.0421002
0.0187041
-0.04735
0.0367652
0.0195316
0.0313466
0.0204948
0.0258606
0.0216266
0.0203514
0.0229581
0.0149137
0.0244888
0.00972914
0.0261382
0.00511662
0.0276548
0.00160063
0.0284707
0.0274629
0.0414989
0.023898
-0.0466928
0.0362194
0.024811
0.030858
0.0258562
0.0254325
0.0270521
0.0199884
0.0284022
0.0146221
0.0298551
0.00951621
0.0312441
0.00498789
0.0321832
0.00155202
0.0319066
0.0290149
0.0405271
0.0290082
-0.0456372
0.0353333
0.0300048
0.0300622
0.0311273
0.0247338
0.0323805
0.0193961
0.0337399
0.0141479
0.0351032
0.0091727
0.0362193
0.00478304
0.0365728
0.00147637
0.0352133
0.0304913
0.0391864
0.0340081
-0.0441863
0.0341074
0.0350838
0.0289593
0.0362755
0.0237649
0.0375749
0.0185754
0.0389294
0.0134928
0.0401858
0.00870065
0.0410115
0.00450405
0.0407694
0.00137491
0.0383424
0.0318662
0.0374755
0.0388728
-0.0423402
0.0325404
0.0400189
0.0275487
0.0412672
0.0225263
0.0425973
0.0175281
0.0439276
0.0126594
0.0450545
0.00810329
0.0455676
0.00415376
0.0447189
0.00124909
0.0412471
0.0331153
0.0353875
0.0435765
-0.0400912
0.0306272
0.0447792
0.0258281
0.0460663
0.0210185
0.0474069
0.016257
0.0486891
0.0116522
0.0496593
0.00738545
0.0498343
0.0037362
0.0483682
0.00110092
0.0438824
0.0342162
0.0329032
0.0480864
-0.0374131
0.0283565
0.049326
0.023794
0.0506288
0.0192433
0.0519575
0.0147672
0.0531652
0.0104779
0.0539486
0.00655426
0.0537579
0.00325708
0.0516654
0.000933242
0.0462062
0.0351494
0.0299761
0.0523608
-0.0342505
0.0257086
0.0535934
0.0214447
0.0548927
0.0172071
0.0561952
0.0130686
0.0573038
0.00914789
0.0578693
0.00562028
0.0572855
0.00272453
0.0545611
0.000750556
0.0481802
0.0359
0.0265685
-0.030595
0.0226888
0.018791
0.0149234
0.0111777
0.0076789
0.00459841
0.00215008
0.000559988
0.0246812
-0.0357936
0.0400457
-0.0289333
0.0206982
-0.035592
0.0395749
0.0168549
-0.0350623
0.0389057
0.0131769
-0.0340259
0.0377038
0.00973874
-0.0321572
0.0355953
0.0066382
-0.0289812
0.0320817
0.00399013
-0.0238478
0.0264959
0.00191649
-0.0159123
0.017986
0.000540092
-0.00412921
0.00550562
0.0128099
-0.0122698
0.0281181
-0.0314637
-0.032448
0.0238418
-0.0313157
0.0196497
-0.0308702
0.0155834
-0.0299595
0.0117164
-0.0282902
0.00815159
-0.0254164
0.00502018
-0.0207164
0.00248148
-0.0133736
0.000725877
-0.00237361
0.0135358
0.0311386
-0.0269767
-0.0356255
0.0266318
-0.0268089
0.0221566
-0.026395
0.0177636
-0.0255665
0.0135261
-0.0240528
0.00955042
-0.0214407
0.00598204
-0.017148
0.0030143
-0.0104059
0.000901965
-0.000261276
0.0144377
0.0337699
-0.0223191
-0.0384276
0.0290684
-0.0221073
0.0243609
-0.0216875
0.0196954
-0.020901
0.0151429
-0.0195003
0.0108111
-0.0171088
0.00685682
-0.0131937
0.00350336
-0.00705242
0.00106536
0.00217673
0.0155031
0.0360523
-0.0175002
-0.0408712
0.0311769
-0.017232
0.0262712
-0.0167818
0.0213756
-0.0160055
0.0165565
-0.0146812
0.0119203
-0.0124726
0.00763204
-0.00890551
0.00394016
-0.00336054
0.00121237
0.00490451
0.0167155
0.0379957
-0.0125338
-0.0429621
0.0329666
-0.0122029
0.0278915
-0.0117067
0.0228029
-0.0109168
0.0177609
-0.0096392
0.0128694
-0.00758112
0.00829878
-0.00433489
0.00431785
0.000620384
0.00134019
0.00788218
0.0180557
0.0395866
-0.00743959
-0.0446808
0.034432
-0.00704826
0.0292186
-0.00649331
0.0239733
-0.00567151
0.0187508
-0.0044167
0.0136519
-0.00248221
0.00885032
0.000466699
0.00463129
0.00483941
0.00144647
0.011067
0.0195021
0.0407865
-0.00230107
-0.045925
0.0355521
-0.00181386
0.0302413
-0.00118255
0.0248802
-0.000310413
0.0195208
0.00094272
0.0142623
0.00277626
0.0092815
0.00544753
0.00487649
0.00924442
0.00152941
0.0144141
0.0210315
0.0416628
0.00291501
-0.0468789
0.0363592
0.00348972
0.0309734
0.00420322
0.0255276
0.00513541
0.0200701
0.00640019
0.0146978
0.00814856
0.00958888
0.0105565
0.0050508
0.0137825
0.00158793
0.017877
0.0226195
0.0421848
-0.0474492
0.0368367
0.031406
0.0259104
0.0203952
0.0149552
0.00976984
0.00515282
0.0016224
0.0442089
0.0214186
-0.0255819
0.0477205
0.0175
-0.0210116
0.0506476
0.0130822
-0.0160093
0.0530297
0.00833709
-0.0107192
0.0548533
0.00341816
-0.00524178
0.0561564
-0.00155781
0.000254712
0.0567752
-0.00657818
0.00595941
0.0567406
-0.0114451
0.0114797
0.0560082
-0.0160388
0.0167712
-0.0202317
0.0545525
0.0216874
0.0434457
0.0175479
0.0468644
0.0140812
0.0497357
0.0102109
0.0520203
0.00605252
0.0537006
0.00173786
0.0547626
-0.00261979
0.0551324
-0.00694805
0.0547923
-0.0111049
0.0537197
-0.0149662
-0.0184157
0.0519037
0.0424958
0.0139577
0.0456913
0.0108858
0.0483622
0.00753998
0.0504344
0.0039803
0.0518656
0.000306709
0.0526239
-0.00337811
0.0526637
-0.00698786
0.0519632
-0.0104045
0.0505149
-0.0135179
-0.016229
0.0483282
0.0410214
0.0106402
0.0439124
0.00799468
0.0462727
0.00517974
0.0480223
0.00223072
0.0491073
-0.000778318
0.0494914
-0.00376218
0.049142
-0.00663845
0.0480486
-0.00931115
0.0462216
-0.0116908
-0.0137004
0.043693
0.0385969
0.00763864
0.0411175
0.00547414
0.0430814
0.00321578
0.0444209
0.00089121
0.0450856
-0.00144295
0.0450452
-0.00372177
0.044283
-0.00587625
0.0428057
-0.00783386
0.0406438
-0.00952888
-0.0109084
0.0378517
0.0346912
0.00502922
0.0367738
0.0033915
0.0382767
0.00171293
0.0391526
1.52754e-05
0.039364
-0.00165437
0.0388972
-0.00325497
0.0377548
-0.00473383
0.0359631
-0.00604216
0.0335721
-0.00713784
-0.00799019
0.0306539
0.0286265
0.00289855
0.0302143
0.00180375
0.0312261
0.000701132
0.0316329
-0.000391572
0.0314245
-0.00144593
0.0306023
-0.00243278
0.0291897
-0.00332124
0.0272306
-0.00408306
0.0247889
-0.0046961
-0.00514687
0.0219455
0.0195621
0.0013224
0.0206299
0.000735926
0.0211728
0.000158298
0.0211857
-0.000404502
0.020675
-0.000935223
0.0196612
-0.00141904
0.0181818
-0.00184181
0.0162899
-0.00219119
0.0140527
-0.0024589
-0.00264199
0.0115479
0.00647909
0.000348927
0.00705259
0.000162428
0.00722843
-1.755e-05
0.00701096
-0.000187026
0.00641942
-0.000343682
0.00548263
-0.000482251
0.00423972
-0.000598901
0.00273923
-0.000690701
0.00103663
-0.000756299
-0.000797007
-0.000808347
-0.0119209
-0.0117585
-0.011776
-0.011963
-0.0123067
-0.012789
-0.0133879
-0.0140786
-0.0148349
-0.0156319
0.0523659
-0.0239092
0.0260958
0.0494637
-0.0269131
0.0298153
0.0458948
-0.029168
0.0327368
0.0417418
-0.0306247
0.0347777
0.0371126
-0.0312929
0.0359221
0.0321226
-0.0312422
0.0362321
0.0268636
-0.03058
0.035839
0.0213501
-0.0293872
0.0349008
0.0154594
-0.0275287
0.0334194
-0.02406
0.0087146
0.0308048
0.0493556
-0.0213611
0.0461132
-0.0236707
0.0422477
-0.0253025
0.03786
-0.026237
0.0330701
-0.0265029
0.0279966
-0.0261687
0.0227291
-0.0253125
0.0172985
-0.0239566
0.0117064
-0.0219366
-0.0186495
0.00629591
0.0454372
-0.0184701
0.041905
-0.0201384
0.0378241
-0.0212216
0.033311
-0.0217239
0.0284934
-0.0216853
0.0234927
-0.021168
0.0184075
-0.0202273
0.0133122
-0.0188613
0.00832183
-0.0169463
-0.0141779
0.00385021
0.0405205
-0.0152976
0.0367899
-0.0164078
0.0326104
-0.0170422
0.0281072
-0.0172207
0.0234091
-0.0169872
0.0186363
-0.0163952
0.0138925
-0.0154834
0.00927694
-0.0142458
0.00493814
-0.0126075
-0.0104387
0.00119901
0.0345068
-0.0119526
0.0307113
-0.0126124
0.0265825
-0.0129133
0.022245
-0.0128831
0.0178208
-0.012563
0.0134209
-0.0119954
0.00914437
-0.0112069
0.00509179
-0.0101932
0.00139936
-0.00891504
-0.0073277
-0.00171167
0.0272973
-0.00859609
0.0236119
-0.00892698
0.0197118
-0.00901326
0.0157112
-0.00888254
0.0117167
-0.00856843
0.00782266
-0.00810135
0.00411407
-0.00749832
0.000677306
-0.00675646
-0.00238094
-0.00585679
-0.00478874
-0.00491991
0.0187899
-0.00544046
0.0154267
-0.00556374
0.0119562
-0.00554279
0.00847314
-0.00539948
0.00506176
-0.00515705
0.00179478
-0.00483436
-0.00126293
-0.00444062
-0.0040461
-0.0039733
-0.00647985
-0.00342304
-0.00278917
-0.00847942
0.00885233
-0.00274493
0.00605454
-0.00276596
0.00323175
-0.00272
0.00045286
-0.00262058
-0.00222379
-0.00248041
-0.00474945
-0.0023087
-0.00708103
-0.00210904
-0.00917529
-0.00187903
-0.0109846
-0.00161375
-0.00131395
-0.0124598
-0.00274157
-0.000811704
-0.004702
-0.000805526
-0.00664114
-0.000780855
-0.0085184
-0.000743324
-0.0103016
-0.000697161
-0.0119653
-0.000645055
-0.0134867
-0.000587582
-0.0148426
-0.000523226
-0.0160064
-0.000449883
-0.000368836
-0.0169515
-0.0164436
-0.0172491
-0.01803
-0.0187733
-0.0194704
-0.0201155
-0.0207031
-0.0212263
-0.0216762
-0.022045
0.000267791
-0.0223128
0.000979549
-0.0176633
0.00209618
-0.0135764
0.00360771
-0.00999094
0.0055118
-0.006824
0.00780295
-0.00400282
0.0104661
-0.00146419
0.0134657
0.000850677
0.0167511
0.00301053
0.0050946
0.0203711
0.000180114
-0.0224929
0.000666307
-0.0181495
0.00143917
-0.0143493
0.00249575
-0.0110475
0.00383483
-0.00816307
0.00545212
-0.00562011
0.00734105
-0.00335313
0.00949991
-0.00130819
0.0119668
0.00054365
0.00216351
0.0148979
9.85394e-05
-0.0225915
0.000381538
-0.0184325
0.000852836
-0.0148206
0.00152341
-0.0117181
0.00240346
-0.00904312
0.00350339
-0.00672004
0.00483679
-0.00468653
0.00642679
-0.00289818
0.00831252
-0.00134209
-5.57378e-05
0.0105318
3.04905e-05
-0.022622
0.000133638
-0.0185356
0.000350176
-0.0150371
0.000701723
-0.0120697
0.00120934
-0.00955073
0.00189357
-0.00740427
0.00277599
-0.00556895
0.00388099
-0.00400318
0.0052312
-0.0026923
-0.00165261
0.00682807
-3.24825e-05
-0.0225895
-7.61291e-05
-0.018492
-6.84149e-05
-0.0150448
2.43863e-05
-0.0121625
0.000231211
-0.00975756
0.000576381
-0.00774944
0.00108039
-0.00607296
0.00175948
-0.00468227
0.00262201
-0.00355483
-0.00268553
0.00365493
-9.03668e-05
-0.0224991
-0.000245743
-0.0183366
-0.000404204
-0.0148864
-0.000515431
-0.0120512
-0.000545516
-0.00972747
-0.000470955
-0.007824
-0.000276096
-0.00626781
4.68957e-05
-0.00500526
0.000492111
-0.00400005
-0.00323446
0.00104104
-0.000131048
-0.0223681
-0.000377962
-0.0180897
-0.000659801
-0.0146045
-0.00092025
-0.0117908
-0.00112341
-0.00952432
-0.00124832
-0.00769909
-0.00128532
-0.00623081
-0.00123462
-0.00505596
-0.00110526
-0.00412941
-0.00342122
-0.000918495
-0.000160787
-0.0222073
-0.000470698
-0.0177798
-0.000833297
-0.0142419
-0.00118723
-0.0114368
-0.00149634
-0.0092152
-0.00174279
-0.00745264
-0.00192207
-0.00605153
-0.00203992
-0.00493812
-0.00211072
-0.00405861
-0.00337508
-0.00215686
-0.000179287
-0.022028
-0.000523056
-0.017436
-0.000922613
-0.0138424
-0.00131249
-0.011047
-0.00165686
-0.00887084
-0.00194081
-0.00716869
-0.00216428
-0.00582805
-0.00233787
-0.00476453
-0.00248031
-0.00391618
-0.00323809
-0.00261729
-0.000184893
-0.00053397
-0.000926775
-0.00129438
-0.00160147
-0.00183557
-0.0020001
-0.00210967
-0.0021869
-0.00226022
-0.000784556
-0.00767369
0.00736003
0.00202425
-0.00824453
0.00543572
0.0059536
-0.0082169
0.00428756
0.0104916
-0.00980262
0.00526466
0.0153051
-0.0131734
0.00835991
0.0200088
-0.0182898
0.013586
0.0243963
-0.0250205
0.020633
0.0282896
-0.0318579
0.0279646
0.0316771
-0.0363146
0.0329271
0.0347105
-0.0349441
0.0319107
0.0376272
-0.0241649
0.0212482
0.0405445
-0.00343141
0.00051418
0.0435653
0.0216863
-0.0247072
0.0468609
0.0363388
-0.0396343
0.0505788
0.0282222
-0.0319401
0.0539115
-0.00555342
0.00222071
0.0565381
-0.0445718
0.0419452
0.0579423
-0.0699387
0.0685344
0.0599783
-0.0711218
0.0690858
-0.0260668
0.024217
0.00168938
-0.00853784
0.00475083
-0.011306
0.00877923
-0.0122453
0.0132831
-0.0143065
0.0179586
-0.017849
0.0224468
-0.0227779
0.0265486
-0.0291224
0.0301064
-0.0354156
0.0331318
-0.03934
0.0358145
-0.0376269
0.0384494
-0.0267998
0.0412154
-0.00619739
0.0442383
0.0186634
0.0476279
0.0329491
0.0514151
0.0244351
0.0547149
-0.0088533
0.0572047
-0.0470616
0.0584214
-0.0711554
0.0602325
-0.0729329
-0.0278022
0.00496774
-0.0100482
0.00826041
-0.0145986
0.0123222
-0.0163071
0.0166871
-0.0186714
0.0211137
-0.0222755
0.0252887
-0.026953
0.0290289
-0.0328625
0.0321997
-0.0385865
0.0348324
-0.0419727
0.0371436
-0.0399381
0.0394729
-0.029129
0.0420546
-0.00877914
0.0450362
0.0156818
0.0484677
0.0295176
0.0522709
0.0206319
0.0555041
-0.0120866
0.0578517
-0.0494091
0.0589009
-0.0722046
0.0605113
-0.0745433
-0.0294512
0.0089646
-0.0123247
0.0124009
-0.018035
0.0164002
-0.0203064
0.0205188
-0.02279
0.0245941
-0.0263508
0.0283734
-0.0307322
0.0316942
-0.0361834
0.0344473
-0.0413395
0.0366779
-0.0442033
0.0386185
-0.0418787
0.0406387
-0.0311492
0.0430178
-0.0111583
0.0459218
0.0127778
0.0493454
0.0260941
0.0531143
0.016863
0.0562524
-0.0152246
0.0584589
-0.0516157
0.0593666
-0.0731123
0.0608062
-0.075983
-0.0310445
0.0134991
-0.0154037
0.016984
-0.0215199
0.0207991
-0.0241215
0.0245645
-0.0265554
0.0282001
-0.0299864
0.0315199
-0.034052
0.0343854
-0.0390488
0.0367112
-0.0436654
0.0385517
-0.0460438
0.0401439
-0.0434709
0.0418717
-0.032877
0.0440466
-0.0133331
0.0468476
0.00997676
0.0502201
0.0227216
0.0539108
0.0131722
0.0569323
-0.0182462
0.0590061
-0.0536895
0.0598042
-0.0739104
0.0611087
-0.0772874
-0.0326164
0.018378
-0.0192319
0.0217942
-0.0249361
0.0252838
-0.0276111
0.0285944
-0.029866
0.0317206
-0.0331126
0.0345405
-0.0368719
0.0369376
-0.0414459
0.0388478
-0.0455756
0.0403297
-0.0475257
0.0416147
-0.044756
0.0430862
-0.0343484
0.0450725
-0.0153195
0.0477586
0.00729071
0.0510467
0.0194335
0.0546247
0.0095942
0.0575176
-0.021139
0.0594746
-0.0556465
0.0602004
-0.0746362
0.0614102
-0.0784972
-0.0342032
0.0233798
-0.0236317
0.0265866
-0.0281429
0.0296028
-0.0306273
0.0323717
-0.0326349
0.0349448
-0.0356857
0.0372509
-0.039178
0.0391906
-0.0433857
0.040717
-0.0471019
0.0418885
-0.0486971
0.0429233
-0.0457908
0.044191
-0.0356162
0.0460216
-0.01715
0.0485957
0.00471655
0.051779
0.0162501
0.0552216
0.00615167
0.0579833
-0.0239007
0.059847
-0.0575101
0.0605427
-0.075332
0.0617023
-0.0796567
-0.0358438
0.0282457
-0.0282346
0.0310751
-0.0309722
0.0334895
-0.0330417
0.0356595
-0.0348049
0.0376693
-0.0376955
0.0394777
-0.0409864
0.0409957
-0.0449037
0.0421886
-0.0482948
0.0431121
-0.0496206
0.0439659
-0.0466446
0.0450957
-0.036746
0.0468184
-0.0188726
0.0492994
0.0022355
0.0523718
0.0131777
0.0556691
0.00285442
0.0583078
-0.0265394
0.0601084
-0.0593108
0.0608202
-0.0760438
0.0619775
-0.0808141
-0.0375787
0.0327767
-0.0324356
0.0349966
-0.0331921
0.0367098
-0.0347549
0.0382585
-0.0363536
0.0397289
-0.0391659
0.0410836
-0.0423412
0.0422367
-0.0460568
0.0431614
-0.0492195
0.0439088
-0.0503681
0.0446575
-0.0473932
0.0457221
-0.0378106
0.047394
-0.0205445
0.0498128
-0.000183312
0.0527821
0.0102085
0.0559376
-0.000301112
0.0584719
-0.0290737
0.0602466
-0.0610854
0.0610237
-0.0768209
0.0622289
-0.0820193
-0.039449
0.0370589
-0.0355583
0.0382768
-0.03441
0.0391581
-0.0356361
0.0400814
-0.037277
0.0410485
-0.0401331
0.0420054
-0.043298
0.0428592
-0.0469106
0.0435867
-0.049947
0.044232
-0.0510134
0.0449502
-0.0481114
0.0460203
-0.0388808
0.0476998
-0.022224
0.0500878
-0.00257138
0.0529695
0.00732678
0.0559979
-0.00332942
0.058458
-0.0315339
0.0602508
-0.0628782
0.0611474
-0.0777175
0.0624492
-0.0833211
-0.0414982
0.118014
-0.0270465
-0.126526
0.11373
-0.0301259
0.111578
-0.0334843
0.110621
-0.0363198
0.110136
-0.0396482
0.109832
-0.0429938
0.109324
-0.0464021
0.108363
-0.0489865
0.106849
-0.0494988
0.104962
-0.0462252
0.103302
-0.0372204
0.102824
-0.0217459
0.10453
-0.00427773
0.108432
0.00342527
0.113313
-0.00821088
0.116839
-0.0350591
0.118103
-0.0641428
0.117003
-0.076617
0.115986
-0.0823045
-0.0422564
0.165431
-0.0164327
-0.176045
0.15752
-0.0222145
0.152163
-0.0281271
0.148589
-0.0327457
0.145899
-0.0369589
0.143691
-0.0407853
0.141515
-0.0442267
0.13909
-0.0465608
0.136292
-0.0467009
0.133292
-0.0432261
0.130695
-0.034623
0.129503
-0.0205536
0.130728
-0.00550346
0.134278
-0.000123924
0.138712
-0.0126457
0.141581
-0.0379279
0.141949
-0.0645105
0.13986
-0.0745283
0.137697
-0.0801412
-0.042442
0.216894
-0.0059056
-0.227421
0.208073
-0.0133938
0.200702
-0.0207554
0.194828
-0.026872
0.189906
-0.0320364
0.18558
-0.0364598
0.181465
-0.0401117
0.177307
-0.0424028
0.173014
-0.0424079
0.168771
-0.0389827
0.165172
-0.0310237
0.163199
-0.0185813
0.163784
-0.00608839
0.166642
-0.0029822
0.17014
-0.0161435
0.171834
-0.039622
0.170837
-0.0635129
0.16742
-0.071112
0.16376
-0.0764804
-0.0417984
0.268519
0.00246002
-0.276885
0.260908
-0.0057822
0.25348
-0.0133274
0.246605
-0.0199976
0.240275
-0.0257062
0.234324
-0.0305086
0.228536
-0.0343236
0.222787
-0.0366541
0.217097
-0.0367178
0.211721
-0.0336063
0.207258
-0.0265609
0.204614
-0.0159379
0.204512
-0.005986
0.206383
-0.00485333
0.208428
-0.0181884
0.208382
-0.0395763
0.205511
-0.0606413
0.200431
-0.0660323
0.19493
-0.0709797
-0.0400542
0.318263
0.00750006
-0.323303
0.312771
-0.000289629
0.306792
-0.00734892
0.300424
-0.0136295
0.293948
-0.0192297
0.28742
-0.023981
0.280799
-0.0277028
0.27412
-0.0299749
0.267561
-0.0301589
0.261499
-0.0275444
0.256571
-0.0216328
0.25358
-0.0129464
0.252936
-0.00534197
0.253706
-0.0056237
0.253934
-0.0184163
0.251695
-0.0373373
0.246524
-0.0554705
0.239525
-0.0590336
0.231943
-0.063397
-0.0369613
0.366895
0.00950789
-0.368903
0.363783
0.00282249
0.359604
-0.00316932
0.354571
-0.00859741
0.34888
-0.0135387
0.34272
-0.0178206
0.33619
-0.021173
0.32944
-0.0232246
0.322771
-0.0234902
0.316673
-0.0214457
0.311822
-0.0167827
0.308924
-0.0100483
0.308054
-0.0044718
0.307887
-0.00545603
0.306281
-0.0168106
0.301723
-0.0327797
0.294094
-0.047841
0.285115
-0.0500552
0.275417
-0.0536986
-0.0323578
0.417694
0.00913391
-0.41732
0.416415
0.00410192
0.413886
-0.000640724
0.410251
-0.00496149
0.405641
-0.0089295
0.400259
-0.0124384
0.394304
-0.0152177
0.388012
-0.0169332
0.381758
-0.0172355
0.376083
-0.0157715
0.371678
-0.0123769
0.369156
-0.00752637
0.36833
-0.00364604
0.367567
-0.00469267
0.364506
-0.0137502
0.357963
-0.0262364
0.348121
-0.0379992
0.337384
-0.0393181
0.325819
-0.0421341
-0.0262267
0.474005
0.00712393
-0.471995
0.474256
0.00385054
0.473065
0.000550295
0.470599
-0.00249515
0.466982
-0.00531222
0.462374
-0.00783113
0.457021
-0.00986409
0.451236
-0.0111479
0.445442
-0.0114425
0.440203
-0.0105323
0.43618
-0.00835397
0.433915
-0.00526132
0.433092
-0.00282229
0.431967
-0.00356791
0.427987
-0.00977024
0.420094
-0.0183433
0.408607
-0.0265125
0.396546
-0.0272573
0.383583
-0.0291709
-0.0187036
0.539703
0.00398465
-0.536564
0.541186
0.00236732
0.541085
0.000651782
0.539549
-0.000959562
0.536699
-0.00246172
0.532682
-0.0038139
0.527739
-0.00492144
0.522231
-0.00564019
0.516629
-0.0058402
0.511512
-0.00541571
0.507513
-0.00435443
0.505106
-0.0028544
0.503962
-0.00167823
0.502435
-0.00204143
0.49786
-0.00519537
0.48912
-0.00960318
0.476482
-0.013874
0.463439
-0.014215
0.449459
-0.0151908
-0.00996984
0.620028
-0.616043
0.622395
0.623047
0.622087
0.619626
0.615812
0.61089
0.60525
0.59941
0.593994
0.58964
0.586785
0.585107
0.583066
0.57787
0.568267
0.554393
0.540178
0.524987
0.167679
0.0229566
-0.166707
0.167872
0.0285345
0.167103
0.0338069
0.165186
0.0386408
0.161954
0.0428949
0.157293
0.046434
0.15119
0.0491501
0.143777
0.0509904
0.13541
0.0519296
0.051724
0.191936
0.020976
-0.189955
0.193604
0.0268656
0.194814
0.032597
0.195394
0.0380612
0.195156
0.0431333
0.19391
0.0476795
0.191489
0.0515715
0.187769
0.0547098
0.182633
0.0570654
0.0583123
0.217663
0.0184377
-0.215124
0.220317
0.0242108
0.222994
0.0299206
0.22556
0.0354952
0.227842
0.0408509
0.229628
0.0458933
0.23068
0.0505195
0.23077
0.05462
0.229721
0.0581142
0.0606126
0.246206
0.015761
-0.243529
0.249276
0.0211409
0.252697
0.0264993
0.256403
0.0317901
0.260294
0.0369596
0.264242
0.0419455
0.268085
0.0466762
0.271634
0.0510711
0.274683
0.0550652
0.0584104
0.278598
0.0130888
-0.275926
0.281842
0.0178975
0.285647
0.0226938
0.289993
0.0274444
0.294839
0.0321132
0.300124
0.0366609
0.305756
0.0410445
0.31161
0.0452163
0.317546
0.0491297
0.052653
0.315654
0.0104523
-0.313018
0.318995
0.0145572
0.323038
0.0186505
0.327776
0.022706
0.333193
0.0266965
0.33926
0.0305939
0.345935
0.034369
0.353161
0.0379909
0.360863
0.0414275
0.0446128
0.358259
0.00786053
-0.355667
0.361676
0.0111401
0.365917
0.0144091
0.370977
0.0176463
0.376843
0.0208303
0.383498
0.0239395
0.390914
0.0269523
0.399058
0.029847
0.407885
0.0326013
0.0351769
0.40783
0.00529722
-0.405267
0.411342
0.00762875
0.415798
0.00995235
0.421192
0.0122526
0.427509
0.0145138
0.434728
0.0167204
0.442823
0.0188569
0.451762
0.0209083
0.461504
0.0228591
0.0246859
0.466511
0.00271144
-0.463925
0.47018
0.00395974
0.474928
0.00520437
0.480743
0.0064367
0.487609
0.00764807
0.4955
0.00882983
0.504383
0.00997345
0.514221
0.0110706
0.524967
0.012113
0.013089
0.537718
-0.535007
0.541678
0.546882
0.553319
0.560967
0.569797
0.57977
0.590841
0.602954
0.143381
-0.0305464
-0.140732
0.146276
-0.0265202
0.149266
-0.0218815
0.152255
-0.0168583
0.155175
-0.0115556
0.157973
-0.00605725
0.160703
-0.000489874
0.163083
0.00545119
0.165126
0.0113138
0.0171686
0.17084
-0.0322439
-0.169143
0.172674
-0.0283541
0.1746
-0.0238079
0.176635
-0.0188934
0.178765
-0.0136851
0.180977
-0.00826917
0.183187
-0.00270001
0.185518
0.00311968
0.187786
0.00904663
0.0149993
0.202287
-0.0326547
-0.201876
0.202905
-0.028972
0.203658
-0.0245616
0.204591
-0.0198256
0.205741
-0.0148357
0.207121
-0.00964914
0.208717
-0.0042962
0.210629
0.00120826
0.212768
0.0069075
0.012643
0.237377
-0.0317127
-0.238319
0.236681
-0.0282763
0.236261
-0.0241412
0.23615
-0.0197149
0.236389
-0.0150745
0.236998
-0.0102586
0.237989
-0.0052874
0.239432
-0.000234501
0.241269
0.00507016
0.010383
0.276131
-0.0294666
-0.278377
0.274191
-0.026336
0.272664
-0.0226142
0.271592
-0.0186424
0.271003
-0.0144861
0.270919
-0.0101749
0.271357
-0.00572501
0.272288
-0.00116554
0.273826
0.00353179
0.00828333
0.319205
-0.0259581
-0.322714
0.316099
-0.0232301
0.313529
-0.0200439
0.31154
-0.0166538
0.310159
-0.0131048
0.309404
-0.00942027
0.309295
-0.00561544
0.309841
-0.00171145
0.311083
0.00228963
0.00634855
0.367656
-0.0212196
-0.372395
0.363438
-0.0190124
0.35987
-0.0164755
0.356997
-0.0137804
0.354847
-0.0109545
0.353442
-0.00801546
0.352803
-0.00497702
0.352948
-0.00185572
0.3539
0.0013373
0.00458123
0.422883
-0.0152941
-0.428809
0.417597
-0.0137258
0.413063
-0.011942
0.409329
-0.0100457
0.406426
-0.00805197
0.404384
-0.00597309
0.403227
-0.00381995
0.402976
-0.00160476
0.403652
0.000660932
0.00296628
0.487017
-0.00821534
-0.494095
0.480681
-0.00739054
0.475194
-0.00645468
0.470605
-0.00545669
0.466957
-0.00440345
0.464285
-0.00330139
0.462622
-0.0021568
0.461994
-0.0009766
0.462423
0.000231572
0.0014644
0.563451
-0.571666
0.55606
0.549606
0.544149
0.539746
0.536444
0.534287
0.533311
0.533542
0.12677
0.00230734
-0.00221631
0.126515
0.00701909
-0.0067637
0.126099
0.0121386
-0.0117228
0.125527
0.0180483
-0.0174764
0.124852
0.0251137
-0.024438
0.124135
0.0343758
-0.0336592
0.123833
0.0457437
-0.0454415
0.124182
0.0634855
-0.0638351
0.129052
0.0814477
-0.0863177
0.12137
-0.133049
0.147931
0.00236979
0.147752
0.00719799
0.14748
0.0124108
0.147139
0.0183892
0.14685
0.0254025
0.146747
0.0344788
0.147487
0.045004
0.149643
0.0613287
0.156532
0.0745589
0.108759
0.172623
0.00238962
0.172571
0.00724958
0.172533
0.0124495
0.172557
0.0183644
0.172839
0.025121
0.173575
0.0337424
0.175558
0.0430209
0.179402
0.0574851
0.187245
0.0667162
0.0941283
0.20144
0.00234765
0.201575
0.00711433
0.201871
0.0121534
0.202406
0.017829
0.203433
0.024094
0.205196
0.0319798
0.208459
0.0397577
0.213898
0.0520462
0.222505
0.0581094
0.0783141
0.235066
0.00222284
0.235451
0.00672947
0.23618
0.0114245
0.23736
0.0166489
0.239258
0.0221956
0.242174
0.0290643
0.246645
0.0352862
0.253609
0.0450827
0.262745
0.0489728
0.062682
0.274297
0.00199726
0.274986
0.00604051
0.276222
0.0101878
0.278141
0.0147303
0.28096
0.0193768
0.28504
0.0249837
0.290575
0.0297512
0.298714
0.0369445
0.30816
0.0395262
0.0481286
0.320055
0.00166043
0.32108
0.00501533
0.32286
0.00840779
0.325541
0.012049
0.329247
0.0156708
0.334357
0.0198735
0.340768
0.0233406
0.34955
0.0281626
0.359166
0.0299105
0.0348996
0.373415
0.00121146
0.374777
0.00365297
0.377092
0.00609259
0.380482
0.00865915
0.384986
0.0111671
0.39091
0.0139491
0.398021
0.0162298
0.407069
0.0191145
0.416764
0.0202155
0.0228547
0.435635
0.000656359
0.437313
0.00197487
0.440121
0.00328418
0.44414
0.00464021
0.449356
0.00595084
0.455953
0.00735265
0.46368
0.00850258
0.472941
0.00985356
0.482768
0.0103891
0.0115269
0.508191
0.510166
0.51345
0.518091
0.524042
0.531394
0.539897
0.54975
0.560139
0.0713689
0.000328921
-0.000995012
0.0718064
0.00255864
-0.00299614
0.0719828
0.00490121
-0.00507759
0.0718213
0.00749139
-0.00732992
0.0712379
0.0104047
-0.00982125
0.0699997
0.0139241
-0.012686
0.0679015
0.01825
-0.0161518
0.0642488
0.0239064
-0.0202537
0.0582903
0.0321222
-0.0261636
0.0432708
-0.0325846
0.0713179
-0.000286662
0.0717002
0.00217636
0.0718174
0.004784
0.0715941
0.00771472
0.0709481
0.0110507
0.0696467
0.0152255
0.0675013
0.0203955
0.063805
0.0276027
0.0578885
0.0380387
0.0538094
0.0712183
-0.000803159
0.0714961
0.00189859
0.0715039
0.00477624
0.0711684
0.0080502
0.0704078
0.0118112
0.0689924
0.0166409
0.0667491
0.0226388
0.0629576
0.0313942
0.0570604
0.0439359
0.0641769
0.0710708
-0.00117263
0.0711956
0.00177388
0.0710444
0.00492737
0.0705474
0.00854723
0.0696209
0.0127377
0.0680416
0.0182202
0.0656488
0.0250316
0.0617128
0.0353302
0.0558193
0.0498295
0.074359
0.0708765
-0.00134811
0.0708008
0.00184964
0.0704425
0.0052856
0.0697358
0.00925396
0.0685931
0.0138805
0.066802
0.0200112
0.064207
0.0276266
0.0600817
0.0394555
0.0541817
0.0557295
0.0843543
0.0706368
-0.00128391
0.0703146
0.00217181
0.0697028
0.00589744
0.0687398
0.0102169
0.0673321
0.0152882
0.0652835
0.0220598
0.0624326
0.0304775
0.0580812
0.0438068
0.0521652
0.0616455
0.0941793
0.0703532
-0.000935917
0.0697405
0.00278448
0.0688306
0.0068074
0.0675667
0.0114808
0.0658473
0.0170076
0.0634971
0.02441
0.0603364
0.0336381
0.0557324
0.0484109
0.0497822
0.0675957
0.10387
0.0700278
-0.000261989
0.0690828
0.00372949
0.0678325
0.00805766
0.0662249
0.0130884
0.0641493
0.0190832
0.0614542
0.0271051
0.0579308
0.0371615
0.0530578
0.0532839
0.0470337
0.0736199
0.113491
0.0696634
0.000777458
0.0683474
0.00504546
0.0667183
0.00968672
0.0647284
0.0150784
0.0622576
0.021554
0.0591798
0.0301828
0.0552488
0.0410925
0.0501024
0.0584302
0.0439286
0.0797937
0.123169
0.0692659
0.0675477
0.0655117
0.0631136
0.0602296
0.0567533
0.0524042
0.0469994
0.0404754
0.0692839
0.00132878
8.86922e-05
0.0676473
0.00135381
0.000282754
0.0657568
0.00113051
0.000760021
0.0635632
0.00045527
0.00173833
0.0609293
-0.000977038
0.00361089
0.0577068
-0.00385728
0.0070798
0.0535073
-0.00869578
0.0128953
0.0480158
-0.0184302
0.0239217
0.0403278
-0.0330027
0.0406908
-0.0663044
0.0776989
0.0696847
0.0023457
0.0684482
0.00259029
0.0669559
0.00262276
0.0651468
0.00226439
0.0628852
0.00128454
0.0600253
-0.000997376
0.0561755
-0.00484594
0.0509223
-0.013177
0.0435672
-0.0256476
-0.0551853
0.070049
0.00299874
0.0691771
0.00346228
0.0680482
0.00375161
0.0666016
0.00371099
0.0647058
0.00318029
0.062183
0.00152547
0.0587132
-0.00137615
0.0537531
-0.0082169
0.0466679
-0.0185623
-0.044143
0.0703733
0.00332805
0.0698257
0.00400988
0.0690214
0.00455592
0.0678972
0.00483518
0.0663297
0.00474784
0.0641264
0.00372872
0.0609776
0.00177271
0.0563161
-0.00355546
0.0494523
-0.0116984
-0.0331183
0.0706551
0.00337608
0.0703893
0.00427566
0.0698676
0.00507762
0.0690232
0.00567955
0.0677396
0.00603149
0.0658182
0.00565011
0.0629481
0.00464274
0.0585503
0.000842358
0.0518883
-0.0050364
-0.0221012
0.0708924
0.00318712
0.0708637
0.00430434
0.0705798
0.00536147
0.0699708
0.0062886
0.0689269
0.0070754
0.0672389
0.00733808
0.0646407
0.00724091
0.0604216
0.0050615
0.053955
0.00143024
-0.0111084
0.0710837
0.00280702
0.0712457
0.00414239
0.0711528
0.00545438
0.0707323
0.00670908
0.0698812
0.00792645
0.0683834
0.00883596
0.06598
0.00964427
0.0619955
0.00904596
0.0555866
0.00783917
-0.000202557
0.0712278
0.00228287
0.0715325
0.00383769
0.0715821
0.0054048
0.0713017
0.0069895
0.0705942
0.0086339
0.069237
0.0101932
0.0669826
0.0118987
0.0631527
0.0128758
0.0569606
0.0140313
0.010833
0.0713237
0.00166266
0.0717223
0.00343911
0.0718647
0.00526241
0.0716746
0.00717962
0.0710601
0.00924836
0.0697938
0.0114596
0.0676411
0.0140513
0.0639231
0.0165938
0.0578171
0.0201374
0.0217712
0.0713709
0.0718139
0.0719987
0.0718484
0.0712755
0.0700491
0.0679486
0.0642887
0.0582625
0.507917
-0.000409676
0.509149
-0.00123227
0.511236
-0.00208672
0.514266
-0.00302978
0.5183
-0.00403391
0.523516
-0.00521641
0.529893
-0.00637717
0.537739
-0.0078455
0.546587
-0.00884854
-0.0105598
0.557147
0.435355
-0.00071266
0.436273
-0.00214986
0.437848
-0.00366264
0.440188
-0.00536919
0.44339
-0.00723571
0.447658
-0.00948487
0.453025
-0.0117445
0.459889
-0.0147092
0.467814
-0.0167733
-0.0204357
0.47769
0.373121
-0.000895891
0.373683
-0.002712
0.374682
-0.00466144
0.376236
-0.00692359
0.378494
-0.00949381
0.381709
-0.0126993
0.386
-0.0160359
0.39191
-0.0206196
0.399057
-0.0239203
-0.0301019
0.408724
0.319756
-0.000962587
0.319968
-0.00292463
0.320391
-0.00508396
0.321138
-0.00767114
0.322393
-0.0107485
0.324442
-0.0147478
0.327539
-0.019133
0.332334
-0.0254149
0.338638
-0.0302245
-0.0396577
0.348194
0.274009
-0.000928926
0.273917
-0.00283269
0.273825
-0.00499158
0.273825
-0.00767146
0.274108
-0.0110316
0.274941
-0.0155807
0.276736
-0.020928
0.280174
-0.0288527
0.285477
-0.035528
-0.0489494
0.294769
0.234804
-0.000819136
0.234478
-0.00250637
0.233976
-0.00448989
0.233359
-0.00705413
0.232788
-0.0104607
0.232482
-0.0152749
0.232934
-0.0213801
0.234811
-0.0307299
0.238902
-0.039619
-0.0576716
0.247624
0.201213
-0.000659304
0.20073
-0.00202335
0.199944
-0.00370389
0.198877
-0.00598756
0.197636
-0.00921927
0.196377
-0.0140159
0.195568
-0.0205714
0.195851
-0.031013
0.198484
-0.0422521
-0.0653715
0.206184
0.172434
-0.000472629
0.171866
-0.00145493
0.170917
-0.00275546
0.169576
-0.00464667
0.167882
-0.0075245
0.165919
-0.0120534
0.164046
-0.0186979
0.162886
-0.0298533
0.163939
-0.0433055
-0.0714799
0.170048
0.14778
-0.000277794
0.147185
-0.000859578
0.146178
-0.00174837
0.14472
-0.00318885
0.142789
-0.00559334
0.140392
-0.00965693
0.137727
-0.0160327
0.135301
-0.0274277
0.134835
-0.0428393
-0.0756435
0.138999
0.12666
0.126083
0.125095
0.123644
0.121662
0.119085
0.115947
0.112441
0.110293
0.112348
0.549179
0.00796789
0.54208
0.00709927
0.535948
0.0061315
0.530843
0.0051048
0.526819
0.004024
0.523925
0.00289496
0.522201
0.00172389
0.521683
0.000517855
0.522402
-0.000719579
-0.00197812
0.52438
0.470943
0.0147149
0.464977
0.0130655
0.459875
0.0112327
0.455687
0.00929361
0.452454
0.00725673
0.450215
0.00513374
0.449002
0.00293655
0.448841
0.000679117
0.449758
-0.00163609
-0.00398528
0.451765
0.403257
0.020182
0.39847
0.0178524
0.394436
0.015266
0.391197
0.0125331
0.38879
0.00966336
0.387249
0.0066753
0.386598
0.00358676
0.386855
0.000422939
0.388054
-0.00283504
-0.00612964
0.390198
0.344023
0.0243524
0.340431
0.0214448
0.337475
0.0182224
0.335191
0.0148165
0.33362
0.0112343
0.332792
0.0075039
0.332728
0.00365054
0.333438
-0.000287071
0.334969
-0.00436583
-0.00847543
0.337315
0.291879
0.027242
0.289473
0.0238507
0.287582
0.0201139
0.286241
0.0161577
0.285494
0.0119812
0.28537
0.00762746
0.285888
0.00313285
0.287095
-0.00149447
0.288976
-0.00624675
-0.0110521
0.291553
0.245958
0.0289086
0.244698
0.0251107
0.243833
0.0209786
0.243402
0.0165893
0.243453
0.0119295
0.244016
0.00706519
0.245097
0.00205163
0.246764
-0.00316199
0.248994
-0.00847605
-0.0138488
0.25179
0.205649
0.0294435
0.205469
0.0252909
0.205573
0.0208747
0.206007
0.0161547
0.206826
0.0111104
0.208048
0.00584365
0.209621
0.000478606
0.21171
-0.00525099
0.214211
-0.0109775
-0.0167447
0.217107
0.170529
0.028962
0.17131
0.02451
0.17228
0.0199047
0.173503
0.0149321
0.175004
0.00960917
0.176766
0.0040821
0.178872
-0.00162778
0.181203
-0.00758238
0.183735
-0.0135094
-0.0193948
0.186385
0.140387
0.0275737
0.14187
0.0230272
0.143535
0.0182401
0.145418
0.0130483
0.147463
0.00756438
0.14958
0.00196513
0.151883
-0.00393054
0.154122
-0.00982128
0.156223
-0.0156107
-0.0212114
0.15804
0.11434
0.116356
0.118587
0.120916
0.123238
0.125458
0.127487
0.129145
0.130306
0.130782
0.527634
-0.00325353
0.532166
-0.004532
0.537975
-0.00580875
0.54505
-0.0070754
0.553374
-0.00832347
0.562918
-0.00954441
0.573648
-0.0107296
0.585518
-0.0118707
0.598477
-0.0129587
-0.0139794
0.612456
0.454874
-0.0063629
0.459086
-0.00874334
0.464395
-0.0111179
0.470791
-0.0134713
0.478255
-0.0157877
0.486762
-0.0180514
0.496279
-0.0202463
0.506764
-0.0223564
0.51817
-0.0243647
-0.0262429
0.530434
0.393297
-0.00946207
0.397351
-0.012797
0.402355
-0.0161224
0.4083
-0.0194165
0.41517
-0.0226569
0.422939
-0.0258204
0.431575
-0.0288828
0.441038
-0.0318191
0.451275
-0.0346018
-0.0371858
0.462218
0.340485
-0.0126324
0.34448
-0.0167919
0.349295
-0.0209378
0.354919
-0.0250408
0.361332
-0.0290692
0.3685
-0.0329886
0.376378
-0.0367611
0.384905
-0.0403456
0.393999
-0.0436962
-0.0467368
0.40355
0.294831
-0.0159108
0.298807
-0.0207679
0.303468
-0.0255983
0.308785
-0.0303581
0.314713
-0.0349972
0.321183
-0.039458
0.328098
-0.0436767
0.335337
-0.0475845
0.342747
-0.0511061
-0.054108
0.350118
0.255148
-0.0192686
0.259041
-0.0246609
0.263422
-0.0299789
0.268213
-0.0351492
0.273302
-0.0400867
0.27854
-0.0446957
0.283738
-0.0488748
0.288679
-0.0525252
0.293116
-0.0555431
-0.0577465
0.296754
0.220349
-0.0225106
0.223853
-0.0281646
0.227497
-0.0336224
0.231116
-0.0387684
0.234506
-0.0434767
0.237429
-0.0476188
0.23963
-0.0510757
0.240856
-0.0537514
0.240841
-0.0555288
-0.0562612
0.239356
0.189034
-0.0251592
0.191518
-0.030649
0.193635
-0.0357386
0.195142
-0.0402762
0.195782
-0.044116
0.195299
-0.0471359
0.193482
-0.0492591
0.190194
-0.0504634
0.185337
-0.0506716
-0.0498638
0.17894
0.159388
-0.0265079
0.160058
-0.0313183
0.159823
-0.035504
0.158468
-0.0389214
0.155814
-0.0414614
0.151749
-0.0430712
0.146262
-0.0437719
0.139436
-0.0436375
0.131346
-0.0425821
-0.0404468
0.121929
0.13037
0.128867
0.1261
0.121956
0.116417
0.109578
0.101645
0.092908
0.0837452
0.0741032
0.620759
-0.00830285
0.628058
-0.00729921
0.63401
-0.00595151
0.638461
-0.00445143
0.6414
-0.00293846
0.642942
-0.00154214
0.643296
-0.000353838
0.642574
0.00072158
0.64073
0.00184385
0.63747
0.00326023
0.632217
0.00525331
0.624754
0.00746317
0.615265
0.00948867
0.605372
0.00989262
0.59742
0.00795266
0.595653
0.0017672
0.597653
-0.00200021
0.601148
-0.00349564
0.596708
0.00444014
0.0122628
0.537836
-0.0157048
0.544028
-0.013491
0.548758
-0.0106819
0.551954
-0.00764793
0.553705
-0.00468876
0.554267
-0.00210467
0.553927
-1.35795e-05
0.552775
0.00187408
0.550784
0.00383464
0.547556
0.00648845
0.542455
0.010354
0.535176
0.0147419
0.525882
0.0187824
0.516126
0.0196494
0.50812
0.0159584
0.505537
0.00435011
0.506481
-0.00294467
0.509394
-0.0064085
0.505878
0.00795658
0.0218461
0.468724
-0.0222116
0.473626
-0.0183922
0.476745
-0.0138012
0.478117
-0.0090197
0.478076
-0.00464841
0.477054
-0.00108208
0.475343
0.00169731
0.473249
0.0039677
0.470661
0.00642318
0.4671
0.0100493
0.461854
0.0156
0.454482
0.0221134
0.445101
0.0281641
0.435114
0.0296356
0.426533
0.0245398
0.422508
0.00837499
0.422155
-0.00259171
0.424781
-0.00903403
0.42323
0.0095076
0.0280294
0.40853
-0.0271911
0.411431
-0.0212932
0.412072
-0.0144424
0.410781
-0.00772893
0.4082
-0.0020676
0.404863
0.00225541
0.401298
0.00526236
0.397858
0.00740797
0.394478
0.00980263
0.390671
0.0138569
0.385659
0.0206113
0.378797
0.0289753
0.370007
0.0369544
0.360335
0.0393078
0.351448
0.0334267
0.346225
0.0135979
0.345123
-0.0014892
0.348173
-0.0120844
0.349547
0.00813385
0.0304468
0.352226
-0.029299
0.35186
-0.0209275
0.348892
-0.0114736
0.34424
-0.00307776
0.338683
0.00348986
0.332961
0.00797785
0.32773
0.0104933
0.323371
0.0117669
0.319876
0.0132973
0.316747
0.0169859
0.313086
0.0242722
0.307959
0.0341021
0.300917
0.0439968
0.292521
0.0477037
0.284169
0.0417782
0.278744
0.0190238
0.277892
-0.000637399
0.281912
-0.0161044
0.286341
0.00370459
0.0294719
0.294625
-0.0271693
0.289876
-0.0161788
0.283075
-0.00467263
0.275521
0.0044762
0.26799
0.011021
0.261194
0.0147736
0.255705
0.0159827
0.251864
0.0156077
0.249615
0.0155458
0.248394
0.0182074
0.247145
0.0255211
0.244659
0.0365874
0.240119
0.048537
0.233706
0.0541167
0.226752
0.0487324
0.222193
0.0235828
0.222346
-0.000790518
0.227359
-0.0211169
0.234126
-0.00306257
0.026004
0.233017
-0.0208296
0.224592
-0.0077545
0.21577
0.00414935
0.207617
0.0126295
0.200403
0.018235
0.194643
0.020534
0.190692
0.0199334
0.188749
0.0175508
0.18869
0.0156045
0.189911
0.0169868
0.191283
0.0241491
0.191459
0.0364107
0.189415
0.0505809
0.185166
0.0583661
0.1801
0.0537983
0.177041
0.0266423
0.178413
-0.00216324
0.184043
-0.0267462
0.192079
-0.0110986
0.0210632
0.170347
-0.0122371
0.161338
0.00125416
0.153689
0.0117989
0.147453
0.0188651
0.142507
0.0231808
0.139187
0.0238545
0.137632
0.0214879
0.137976
0.0172077
0.140083
0.0134975
0.143388
0.013681
0.146815
0.0207226
0.149031
0.0341946
0.148982
0.0506303
0.146675
0.0606731
0.143553
0.0569196
0.14211
0.0280853
0.144513
-0.00456584
0.150273
-0.0325059
0.158605
-0.0194313
0.0155097
0.114114
-0.00442121
0.107816
0.00755171
0.103389
0.0162254
0.100147
0.0221072
0.0980038
0.0253244
0.0972015
0.0246568
0.0978259
0.0208635
0.10001
0.0150237
0.103649
0.00985863
0.108267
0.00906293
0.112916
0.0160738
0.11638
0.03073
0.117692
0.0493185
0.116919
0.0614457
0.115492
0.0583474
0.115439
0.028138
0.118512
-0.00763868
0.124006
-0.0380002
0.131956
-0.0273818
0.00994432
0.0699949
-0.000312898
0.0681735
0.00937314
0.0670352
0.0173637
0.0664187
0.0227236
0.0665129
0.0252302
0.0675497
0.02362
0.06965
0.0187632
0.0729453
0.0117285
0.0773684
0.00543553
0.0825473
0.00388401
0.0876891
0.0109321
0.0917374
0.0266817
0.0938556
0.0472002
0.0941792
0.0611221
0.0940506
0.058476
0.0950171
0.0271715
0.0984041
-0.0110256
0.103387
-0.0429834
0.110589
-0.0345833
0.00473167
0.021938
-0.00187986
0.021751
0.00956015
0.0214323
0.0176824
0.0217709
0.022385
0.0229331
0.024068
0.0248634
0.0216897
0.0274276
0.0161989
0.0304358
0.00872021
0.033614
0.00225731
0.036661
0.000837093
0.0392999
0.00829312
0.0413318
0.0246498
0.0427851
0.0457469
0.044057
0.0598502
0.0458727
0.0566603
0.048418
0.0246262
0.0517677
-0.0143753
0.0552616
-0.0464773
0.0598599
-0.0391816
0.000768608
0.0170217
-0.00400371
0.0176075
0.00897436
0.0180732
0.0172168
0.019081
0.0213771
0.0208049
0.0223441
0.0231949
0.0192998
0.0261406
0.0132533
0.0294597
0.00540105
0.0329028
-0.00118582
0.036191
-0.00245107
0.0390526
0.00543157
0.0412724
0.02243
0.042864
0.0441553
0.044242
0.0584723
0.0461564
0.0547458
0.0487405
0.0220421
0.0520279
-0.0176627
0.0553117
-0.0497611
0.0596648
-0.0435347
-0.00292198
0.0124267
-0.00589869
0.0134483
0.00795277
0.0146043
0.0160608
0.0162708
0.0197106
0.0185627
0.0200521
0.0214224
0.0164401
0.0247518
0.00992389
0.0283707
0.00178217
0.0320594
-0.00487461
0.0355636
-0.00595524
0.0386353
0.00235983
0.0410528
0.0200126
0.0428206
0.0423875
0.0443611
0.0569318
0.0464302
0.0526767
0.0490893
0.019383
0.0523249
-0.0208983
0.0554026
-0.0528389
0.0595058
-0.0476379
-0.00635509
0.0081805
-0.00725112
0.00948217
0.0066511
0.0112225
0.0143205
0.0134992
0.0174339
0.0163466
0.0172048
0.0196741
0.0131126
0.023377
0.006221
0.027283
-0.00212383
0.0311845
-0.00877612
0.0348722
-0.00964288
0.038128
-0.000896033
0.040738
0.0174026
0.0427034
0.0404221
0.0444484
0.0551868
0.0467153
0.0504098
0.0494769
0.0166215
0.0526682
-0.0240896
0.0555411
-0.0557118
0.0593909
-0.0514876
-0.00954275
0.00442264
-0.00801883
0.00592909
0.00514465
0.00816019
0.0120894
0.0109879
0.0146063
0.0143577
0.013835
0.0181261
0.00934418
0.0221725
0.00217461
0.0263238
-0.00627522
0.0303901
-0.0128424
0.0342077
-0.0134605
0.0376076
-0.00429594
0.0403899
0.0146204
0.0425627
0.0382492
0.0445424
0.0532071
0.0470378
0.0479145
0.0499183
0.013741
0.0530658
-0.0272371
0.0557326
-0.0583787
0.0593245
-0.0550795
-0.0124966
0.00134126
-0.00831905
0.00299633
0.00348958
0.00564181
0.00944394
0.00895419
0.0112939
0.0127943
0.00999489
0.0169461
0.00519232
0.0212852
-0.00216449
0.0256134
-0.0106033
0.029777
-0.017006
0.0336577
-0.0173412
0.0371441
-0.00778239
0.040069
0.0116955
0.0424479
0.0358703
0.0446804
0.0509746
0.0474209
0.045174
0.0504248
0.0107371
0.0535222
-0.0303345
0.0559799
-0.0608364
0.0593095
-0.0584092
-0.0152287
-0.00101025
-0.0082273
0.000837784
0.00164154
0.00385336
0.00642837
0.00757766
0.00756958
0.0118139
0.00575862
0.0162763
0.000729945
0.0208279
-0.00671605
0.0252537
-0.0150292
0.0294315
-0.0211837
0.0332975
-0.0212072
0.0368055
-0.0112905
0.0398324
0.00866862
0.0424046
0.0332982
0.0448944
0.0484847
0.0478818
0.0421865
0.0510017
0.00761723
0.0540373
-0.0333701
0.0562826
-0.0630817
0.0593469
-0.0614735
-0.0177516
-0.00250915
-0.007875
-0.000393432
-0.000474182
0.0029347
0.00310023
0.00699234
0.00351194
0.0115271
0.00122388
0.0162245
-0.00396751
0.0208845
-0.011376
0.0253176
-0.0194622
0.029421
-0.0252872
0.0331903
-0.0249764
0.0366501
-0.0147503
0.0397299
0.00558879
0.0424715
0.0305565
0.045209
0.0457473
0.0484303
0.0389652
0.0516486
0.00439899
0.054607
-0.0363284
0.0566376
-0.0651123
0.0594358
-0.0642717
-0.0200795
-0.00298212
-0.00751018
-0.000598737
-0.00285756
0.00296995
-0.000468455
0.00727563
-0.000793735
0.0120224
-0.00352294
0.0168296
-0.00877469
0.0215043
-0.0160507
0.0258469
-0.0238048
0.0297883
-0.0292286
0.0333804
-0.0285685
0.0367215
-0.0180914
0.0398007
0.00250963
0.0426781
0.0276791
0.04564
0.0427854
0.0490683
0.0355369
0.0523585
0.00110882
0.0552225
-0.0391925
0.0570387
-0.0669285
0.0595737
-0.0668067
-0.0222284
-0.00241037
0.000167788
0.00398689
0.00845782
0.0132948
0.0181061
0.0226884
0.0268482
0.0305467
0.0338889
0.0370457
0.0400695
0.0430415
0.0461925
0.0497893
0.0531188
0.0558715
0.0574774
0.0597565
)
;

boundaryField
{
    inlet
    {
        type            calculated;
        value           nonuniform List<scalar> 
40
(
-0.126861
-0.147993
-0.172643
-0.201398
-0.234941
-0.274071
-0.319718
-0.372966
-0.43508
-0.507535
-0.0707028
-0.0707023
-0.0707018
-0.0707014
-0.0707011
-0.070701
-0.0707012
-0.0707017
-0.0707028
-0.0707048
-0.0707014
-0.0707016
-0.0707021
-0.0707026
-0.0707031
-0.0707034
-0.0707036
-0.0707037
-0.0707035
-0.0707032
-0.507507
-0.435052
-0.372937
-0.319689
-0.274043
-0.234914
-0.201372
-0.172621
-0.147975
-0.126849
)
;
    }
    outlet
    {
        type            calculated;
        value           nonuniform List<scalar> 
40
(
0.116744
0.137882
0.163116
0.193186
0.22885
0.270813
0.319688
0.37606
0.440726
0.515017
0.0618281
0.061968
0.0621602
0.0623996
0.0626805
0.062997
0.063343
0.0637124
0.0640993
0.0644984
0.0638229
0.0633554
0.0629389
0.0625785
0.0622784
0.0620416
0.0618698
0.0617637
0.0617227
0.0617451
0.584446
0.496294
0.417046
0.347129
0.287316
0.237594
0.19702
0.164159
0.137522
0.115802
)
;
    }
    top
    {
        type            symmetryPlane;
        value           uniform 0;
    }
    bottom
    {
        type            symmetryPlane;
        value           uniform 0;
    }
    cylinder
    {
        type            calculated;
        value           nonuniform List<scalar> 
80
(
-2.1684e-19
0
-4.33681e-19
0
-8.67362e-19
8.67362e-19
1.73472e-18
4.56351e-42
5.70146e-42
1.73472e-18
2.1684e-19
4.33681e-19
4.33681e-19
4.9106e-44
8.67362e-19
-8.67362e-19
-1.73472e-18
0
-5.70146e-42
-1.73472e-18
0
5.70146e-42
4.56351e-42
1.73472e-18
8.67362e-19
-8.67362e-19
-4.9106e-44
-4.33681e-19
0
-2.1684e-19
2.1684e-19
4.33681e-19
4.33681e-19
4.9106e-44
8.67362e-19
-8.67362e-19
-1.73472e-18
0
-5.70146e-42
-1.73472e-18
0
5.70146e-42
4.56351e-42
1.73472e-18
8.67362e-19
-8.67362e-19
-4.9106e-44
-4.33681e-19
0
-2.1684e-19
0
-5.70146e-42
0
-1.73472e-18
0
8.67362e-19
4.9106e-44
4.33681e-19
4.33681e-19
2.1684e-19
-2.1684e-19
0
-4.33681e-19
0
-8.67362e-19
8.67362e-19
1.73472e-18
4.56351e-42
5.70146e-42
1.73472e-18
0
-5.70146e-42
0
-1.73472e-18
0
8.67362e-19
4.9106e-44
4.33681e-19
4.33681e-19
2.1684e-19
)
;
    }
    frontandback
    {
        type            empty;
        value           nonuniform 0();
    }
}


// ************************************************************************* //
