/*--------------------------------*- C++ -*----------------------------------*\
  =========                 |
  \\      /  F ield         | OpenFOAM: The Open Source CFD Toolbox
   \\    /   O peration     | Website:  https://openfoam.org
    \\  /    A nd           | Version:  6.0
     \\/     M anipulation  |
\*---------------------------------------------------------------------------*/
FoamFile
{
    version     2.0;
    format      ascii;
    class       surfaceScalarField;
    location    "11.0075";
    object      phi;
}
// * * * * * * * * * * * * * * * * * * * * * * * * * * * * * * * * * * * * * //

dimensions      [0 3 -1 0 0 0 0];

internalField   nonuniform List<scalar> 
4670
(
0.00107962
-0.21024
0.209161
0.00455637
-0.172443
0.168966
0.00987301
-0.151757
0.14644
0.0163946
-0.13943
0.132908
0.0236035
-0.131293
0.124084
0.0311163
-0.125164
0.117652
0.0386707
-0.119963
0.112408
0.0461053
-0.115175
0.107741
0.053336
-0.110533
0.103302
-0.105788
0.0987953
0.0603284
0.00129315
-0.211533
0.00510791
-0.176257
0.0107488
-0.157398
0.0175096
-0.146191
0.0248409
-0.138625
0.0323539
-0.132677
0.0397972
-0.127406
0.0470304
-0.122409
0.0539989
-0.117502
-0.112499
0.0607106
0.00149243
-0.213026
0.00560066
-0.180366
0.0114923
-0.163289
0.0183966
-0.153095
0.0257414
-0.145969
0.0331413
-0.140077
0.0403632
-0.134628
0.0472929
-0.129338
0.0539084
-0.124117
-0.118851
0.0602601
0.00166911
-0.214695
0.00602104
-0.184718
0.0120864
-0.169355
0.0190374
-0.160046
0.0262899
-0.153222
0.0334712
-0.147259
0.0403732
-0.14153
0.0469122
-0.135877
0.0530995
-0.130304
-0.124778
0.0590269
0.00182413
-0.216519
0.00636494
-0.189258
0.0125242
-0.175514
0.0194274
-0.166949
0.0264887
-0.160283
0.0333568
-0.154127
0.0398543
-0.148027
0.0459296
-0.141953
0.0516258
-0.136001
-0.130226
0.0570736
0.00195667
-0.218476
0.00663064
-0.193932
0.0128061
-0.181689
0.0195736
-0.173717
0.0263564
-0.167066
0.0328319
-0.160602
0.0388568
-0.154052
0.0444103
-0.147506
0.0495642
-0.141155
-0.135148
0.0544861
0.00206764
-0.220543
0.00682057
-0.198685
0.0129392
-0.187808
0.0194929
-0.18027
0.0259241
-0.173497
0.0319457
-0.166624
0.0374502
-0.159557
0.0424444
-0.1525
0.0470219
-0.145732
-0.139506
0.0513794
0.00216026
-0.222704
0.00694256
-0.203468
0.0129387
-0.193804
0.0192106
-0.186542
0.0252296
-0.179516
0.0307493
-0.172143
0.0357004
-0.164508
0.0401139
-0.156914
0.0440895
-0.149708
-0.143237
0.047821
0.00224447
-0.224948
0.00701383
-0.208237
0.0128306
-0.199621
0.0187661
-0.192478
0.0243264
-0.185076
0.0293047
-0.177122
0.0336635
-0.168867
0.0374491
-0.160699
0.0407564
-0.153015
-0.146291
0.0438099
0.00234611
-0.227294
0.00705495
-0.212946
0.0126445
-0.205211
0.0182123
-0.198046
0.0233017
-0.190166
0.0277384
-0.181558
0.0314952
-0.172623
0.0346001
-0.163804
0.0371244
-0.155539
-0.148596
0.0394302
0.247038
0.001852
-0.24889
0.24508
0.00195786
0.243019
0.00206143
0.24087
0.00214878
0.238654
0.00221599
0.236391
0.00226272
0.234103
0.00228875
0.231808
0.00229486
0.229533
0.00227462
0.00223891
0.247559
0.00424987
-0.249957
0.244779
0.00473752
0.241654
0.00518616
0.238216
0.00558761
0.234497
0.00593498
0.230534
0.00622564
0.226363
0.00645904
0.222021
0.00663678
0.217539
0.00675682
0.00683238
0.241217
0.00608794
-0.243055
0.23887
0.00708385
0.236042
0.00801491
0.232757
0.00887282
0.229043
0.00964807
0.224935
0.0103342
0.220465
0.0109291
0.215668
0.0114341
0.210572
0.0118519
0.0121943
0.229712
0.00715677
-0.230781
0.228107
0.00868863
0.225978
0.010144
0.22334
0.0115108
0.220211
0.0127766
0.216615
0.0139307
0.212575
0.0149692
0.20812
0.0158892
0.203269
0.0167023
0.017418
0.216116
0.00759717
-0.216557
0.215162
0.00964272
0.213698
0.0116083
0.211731
0.013478
0.209271
0.0152362
0.206335
0.0168668
0.202938
0.0183663
0.199104
0.0197233
0.194842
0.0209642
0.0220942
0.202394
0.00763567
-0.202432
0.201883
0.0101539
0.2009
0.0125915
0.199449
0.0149289
0.197536
0.0171489
0.195175
0.0192274
0.192378
0.0211632
0.189174
0.0229278
0.185559
0.0245794
0.0260945
0.189594
0.00747374
-0.189432
0.189326
0.0104224
0.188628
0.013289
0.187506
0.0160513
0.185964
0.0186904
0.18402
0.0211719
0.181682
0.0235008
0.178998
0.0256124
0.175949
0.0276277
0.0294205
0.178137
0.00725243
-0.177915
0.177963
0.0105959
0.177399
0.0138532
0.17645
0.0170001
0.175124
0.0200169
0.173439
0.0228567
0.171409
0.0255309
0.169111
0.0279099
0.166499
0.03024
0.0321153
0.168055
0.00705218
-0.167855
0.16789
0.0107614
0.167366
0.0143773
0.166492
0.0178739
0.165277
0.0212321
0.163742
0.024391
0.161901
0.0273719
0.159885
0.0299266
0.157608
0.0325169
0.0341837
0.159195
-0.159056
0.00691335
0.158996
0.0109607
0.15847
0.014903
0.15763
0.0187138
0.156486
0.0223766
0.155059
0.0258175
0.15335
0.0290807
0.151524
0.0317531
0.149542
0.034499
0.0351289
0.255763
-0.000305084
-0.255458
0.255893
-0.000129106
0.255805
8.78531e-05
0.255485
0.00032003
0.254928
0.000556531
0.254138
0.000790232
0.253123
0.00101532
0.251895
0.00122746
0.250478
0.00141718
0.00158781
0.252021
-0.00218697
-0.250139
0.253511
-0.0016197
0.254599
-0.000999388
0.255261
-0.0003419
0.255483
0.000334293
0.255258
0.00101458
0.254587
0.00168696
0.253473
0.00234163
0.251925
0.00296522
0.00355576
0.236557
-0.00527555
-0.233469
0.239228
-0.00429004
0.241454
-0.00322582
0.24321
-0.00209832
0.244476
-0.000930992
0.245234
0.000256042
0.245475
0.00144571
0.245194
0.00262356
0.244385
0.00377348
0.00488615
0.217256
-0.00908087
-0.213451
0.220671
-0.00770428
0.223656
-0.0062111
0.226184
-0.00462648
0.228233
-0.00297998
0.229785
-0.00129546
0.230824
0.000405969
0.231342
0.00210619
0.231328
0.00378694
0.00543371
0.198665
-0.0132385
-0.194507
0.20246
-0.0114993
0.205847
-0.009598
0.2088
-0.00757934
0.211299
-0.00547983
0.213331
-0.00332678
0.214881
-0.00114467
0.215941
0.00104605
0.216502
0.00322633
0.00537895
0.182467
-0.0175253
-0.17818
0.186403
-0.0154355
0.189941
-0.0131361
0.193061
-0.010699
0.195748
-0.00816693
0.197993
-0.00557186
0.19979
-0.00294162
0.201133
-0.000296991
0.202016
0.00234374
0.00496227
0.168966
-0.0218421
-0.164649
0.172913
-0.0193827
0.176453
-0.0166759
0.179579
-0.0138246
0.18228
-0.0108688
0.184558
-0.00784937
0.186414
-0.00479715
0.187846
-0.00172991
0.188854
0.00133649
0.00438361
0.157871
-0.0262041
-0.153509
0.161774
-0.0232853
0.165233
-0.0201349
0.168273
-0.0168649
0.17089
-0.0134859
0.173095
-0.0100537
0.174897
-0.00659974
0.176302
-0.00313456
0.177308
0.000330228
0.00377642
0.148759
-0.0306156
-0.144347
0.152565
-0.0270912
0.155884
-0.0234539
0.158778
-0.0197593
0.161258
-0.0159655
0.163338
-0.012134
0.165034
-0.00829574
0.166352
-0.00445222
0.167292
-0.000609735
0.00321363
0.141159
-0.137421
-0.0343538
0.144814
-0.0307455
0.147996
-0.0266365
0.150701
-0.0224643
0.153018
-0.0182819
0.154959
-0.0140751
0.156528
-0.00986501
0.157732
-0.00565662
0.158575
-0.00145188
0.00273211
0.0439919
0.0915232
-0.086002
-0.049513
0.0383679
0.0982823
-0.0926583
0.0326683
0.106572
-0.100872
0.0269336
0.11702
-0.111285
0.0212224
0.130415
-0.124704
0.0156231
0.147572
-0.141973
0.0102805
0.169054
-0.163712
0.00546397
0.194568
-0.189752
0.00171031
0.221574
-0.21782
0.243923
-0.242213
0.043914
0.0969929
-0.0493838
0.0383288
0.103867
0.0326558
0.112245
0.0269324
0.122743
0.0212164
0.136131
0.0156005
0.153188
0.0102411
0.174413
0.00542522
0.199384
0.00169846
0.225301
0.245622
0.0435733
0.102392
-0.0489728
0.0380479
0.109393
0.0324251
0.117868
0.0267401
0.128428
0.0210497
0.141822
0.0154498
0.158788
0.0101068
0.179756
0.00532185
0.204169
0.00164739
0.228975
0.247269
0.0429746
0.10771
-0.0482923
0.0375251
0.114842
0.0319735
0.123419
0.0263523
0.134049
0.020717
0.147457
0.0151661
0.164339
0.00987446
0.185048
0.00515623
0.208888
0.00156968
0.232562
0.248839
0.0421171
0.112941
-0.0473485
0.0367563
0.120203
0.0312955
0.12888
0.0257635
0.139581
0.0202134
0.153007
0.014746
0.169807
0.00954348
0.190251
0.00493111
0.2135
0.00146902
0.236024
0.250308
0.0409888
0.118087
-0.0461348
0.0357278
0.125464
0.030379
0.134229
0.0249644
0.144996
0.0195325
0.158439
0.0141851
0.175154
0.00911172
0.195324
0.00464638
0.217965
0.00134614
0.239324
0.251654
0.0395502
0.123143
-0.0446056
0.0344113
0.130603
0.0292065
0.139434
0.0239451
0.150257
0.0186685
0.163715
0.0134807
0.180342
0.0085784
0.200226
0.00430327
0.22224
0.00120297
0.242424
0.252857
0.037754
0.128097
-0.0427079
0.0327688
0.135589
0.0277565
0.144446
0.0226936
0.15532
0.0176144
0.168795
0.0126293
0.185327
0.00794327
0.204912
0.0039031
0.226281
0.0010409
0.245287
0.253898
0.0354176
0.13282
-0.040141
0.0307348
0.140271
0.0260243
0.149157
0.0212147
0.16013
0.0163755
0.173634
0.0116367
0.190066
0.00721312
0.209336
0.00345592
0.230038
0.0008719
0.247871
0.25477
0.0324393
-0.0370405
0.0283631
0.0240102
0.0194908
0.0149444
0.0105031
0.00638776
0.00295693
0.000688634
0.0305456
0.0383431
-0.0333388
-0.0355499
0.0259453
0.0447138
-0.0401135
0.0217561
0.0532784
-0.0490892
0.0178283
0.0645701
-0.0606423
0.0140817
0.0792612
-0.0755147
0.0104818
0.0981917
-0.0945918
0.00703882
0.122247
-0.118804
0.00385953
0.152138
-0.148959
0.00126996
0.187678
-0.185088
0.227148
-0.225878
0.0329155
0.0433175
-0.0378899
0.0281121
0.0495172
0.0235559
0.0578346
0.0192534
0.0688725
0.0151661
0.0833486
0.0112639
0.102094
0.00755868
0.125952
0.00416285
0.155534
0.00140506
0.190436
0.228553
0.0351265
0.0483009
-0.0401099
0.0301387
0.054505
0.0252938
0.0626795
0.0206589
0.0735074
0.0162428
0.0877646
0.0120382
0.106299
0.00806549
0.129925
0.00444226
0.159157
0.00150443
0.193374
0.230057
0.037098
0.0533975
-0.0421946
0.0319557
0.0596473
0.0268873
0.0677479
0.0219778
0.078417
0.0172689
0.0924735
0.0127794
0.110788
0.00854629
0.134158
0.00469838
0.163005
0.00158781
0.196484
0.231645
0.0388417
0.058626
-0.0440702
0.03356
0.064929
0.0283104
0.0729975
0.0231753
0.083552
0.0182138
0.0974351
0.0134667
0.115535
0.00899025
0.138635
0.00492993
0.167065
0.00165893
0.199755
0.233304
0.0403516
0.0639728
-0.0456983
0.0349483
0.0703323
0.0295502
0.0783955
0.0242309
0.0888713
0.0190562
0.10261
0.0140831
0.120508
0.00938688
0.143331
0.00513237
0.17132
0.00171712
0.20317
0.235021
0.0416156
0.0694136
-0.0470565
0.0361134
0.0758345
0.0305969
0.083912
0.0251303
0.0943379
0.0197802
0.10796
0.0146149
0.125673
0.00972684
0.148219
0.00530147
0.175745
0.00176204
0.20671
0.236783
0.0426223
0.0749198
-0.0481285
0.0370479
0.081409
0.0314427
0.0895171
0.025863
0.0999177
0.0203738
0.113449
0.015051
0.130996
0.0100022
0.153268
0.00543343
0.180314
0.00179318
0.21035
0.238576
0.0433622
0.0804599
-0.0489023
0.0377444
0.0870268
0.0320809
0.0951807
0.0264212
0.105577
0.0208283
0.119042
0.0153834
0.136441
0.0102078
0.158443
0.00552821
0.184993
0.00181508
0.214063
0.240391
0.0438305
-0.0493726
0.038199
0.0325073
0.0267999
0.0211377
0.0156058
0.0103374
0.00557895
0.00182171
-0.0287255
0.027709
-0.0323223
-0.0251516
0.0252022
-0.028776
-0.0221548
0.0221965
-0.0251933
-0.019702
0.019126
-0.0215788
-0.0177948
0.0162326
-0.0181398
-0.0164175
0.0136158
-0.0149932
-0.0155409
0.0113197
-0.0121962
-0.0151239
0.00935496
-0.00977203
-0.0151161
0.00770338
-0.00771115
0.00631981
-0.0154647
-0.00597123
-0.0361825
0.023778
-0.0326496
0.0216693
-0.0296638
0.0192107
-0.0272465
0.0167087
-0.0253759
0.014362
-0.0240178
0.0122578
-0.0231305
0.0104323
-0.022665
0.00888949
-0.0225691
0.00760744
0.00654265
-0.0227919
-0.0453641
0.0200529
-0.0419909
0.0182961
-0.0391063
0.0163261
-0.0367534
0.0143557
-0.0349121
0.0125207
-0.033543
0.0108888
-0.0325988
0.00948811
-0.0320281
0.00831884
-0.0317802
0.00735947
0.00657125
-0.0318088
-0.0570791
0.0164897
-0.0538583
0.0150754
-0.0510844
0.0135522
-0.0487854
0.0120568
-0.0469412
0.0106764
-0.045512
0.00945964
-0.0444507
0.00842681
-0.0437081
0.00757624
-0.0432379
0.00688921
0.00633366
-0.0430003
-0.0721019
0.0130769
-0.0690145
0.011988
-0.0663232
0.010861
-0.0640407
0.00977429
-0.0621453
0.00878098
-0.0605996
0.00791391
-0.0593598
0.00718705
-0.058382
0.00659841
-0.057626
0.00613322
0.00576694
-0.0570593
-0.0913073
0.00979246
-0.0883254
0.00900597
-0.0856824
0.00821802
-0.083379
0.00747086
-0.0813929
0.00679493
-0.0796904
0.00621133
-0.0782327
0.00572939
-0.0769819
0.00534766
-0.0759043
0.00505555
0.00483581
-0.0749731
-0.115654
0.00664274
-0.112775
0.00612634
-0.110177
0.00562011
-0.107853
0.00514745
-0.105783
0.00472412
-0.103934
0.00436288
-0.102275
0.00406973
-0.100771
0.00384401
-0.0993937
0.00367842
0.00356169
-0.0981196
-0.146037
0.00372102
-0.143344
0.00343344
-0.140878
0.00315425
-0.13863
0.00289907
-0.136578
0.00267241
-0.134696
0.0024809
-0.132954
0.00232781
-0.131323
0.00221306
-0.129776
0.00213114
0.00207266
-0.128287
-0.182668
0.00130054
-0.180427
0.00119212
-0.178359
0.00108721
-0.176457
0.000997011
-0.174702
0.000916973
-0.17307
0.000849286
-0.171538
0.000794998
-0.170079
0.000754303
-0.168671
0.000723603
0.000688897
-0.167288
-0.224577
-0.223385
-0.222298
-0.221301
-0.220384
-0.219534
-0.218739
-0.217985
-0.217262
-0.216573
-0.0161236
0.00514161
-0.00448266
-0.0170526
0.00406367
-0.00313469
-0.0182326
0.00299135
-0.00181137
-0.0196668
0.00181823
-0.000384024
-0.02138
0.000445877
0.00126736
-0.0234119
-0.00120639
0.00323831
-0.0258039
-0.00320114
0.00559312
-0.0285905
-0.00559169
0.0083783
-0.0318414
-0.00844605
0.0116969
-0.0122101
-0.0353034
0.0156722
-0.023294
0.00564367
-0.0240405
0.00481023
-0.0250186
0.00396946
-0.0262347
0.00303431
-0.0277124
0.00192351
-0.0294849
0.000566095
-0.0315831
-0.0011029
-0.0340236
-0.00315121
-0.0367884
-0.00568126
-0.00906631
-0.0399322
-0.0320825
0.00591739
-0.0325719
0.00529962
-0.0332693
0.00466685
-0.0341832
0.00394821
-0.0353354
0.00307575
-0.0367548
0.00198554
-0.0384709
0.00061313
-0.0405102
-0.00111187
-0.0429035
-0.00328796
-0.00613861
-0.0458312
-0.0429734
0.00589045
-0.0431324
0.00545869
-0.043475
0.0050094
-0.0440121
0.00448539
-0.0447665
0.0038301
-0.0457688
0.00298783
-0.0470566
0.00190097
-0.0486777
0.00050925
-0.0507054
-0.00126025
-0.00351648
-0.0533276
-0.0566699
0.0055011
-0.0564372
0.005226
-0.0563637
0.0049359
-0.0564641
0.00458578
-0.0567642
0.00413021
-0.0572999
0.00352355
-0.0581186
0.0027196
-0.0592825
0.00167314
-0.0608798
0.000337134
-0.00133313
-0.0630632
-0.0741869
0.00471485
-0.0735272
0.00456633
-0.0730008
0.00440954
-0.0726262
0.00421114
-0.0724323
0.00393638
-0.0724594
0.00355062
-0.07276
0.00302018
-0.0734002
0.00231336
-0.0744643
0.00140121
0.000267434
-0.0760649
-0.0969566
0.00355182
-0.0958863
0.00349608
-0.0949176
0.00344077
-0.0940704
0.00336399
-0.0933751
0.00324105
-0.0928724
0.00304796
-0.0926138
0.0027616
-0.0926611
0.00236062
-0.0930855
0.00182566
0.00114912
-0.0939672
-0.126869
0.00213438
-0.125504
0.00213082
-0.124198
0.00213454
-0.122969
0.00213532
-0.121845
0.00211712
-0.120862
0.00206493
-0.120065
0.00196464
-0.119507
0.00180251
-0.119245
0.00156296
0.00123528
-0.119331
-0.165916
0.000762645
-0.164554
0.000769191
-0.163203
0.000783683
-0.161874
0.000805753
-0.160583
0.00082603
-0.159356
0.000838264
-0.158227
0.000835992
-0.157237
0.000812516
-0.156432
0.000757604
0.000647826
-0.155845
-0.21581
-0.215041
-0.214257
-0.213451
-0.212625
-0.211787
-0.210951
-0.210139
-0.209381
-0.208733
-0.00066336
-0.20807
-0.000985862
-0.155522
-0.000460413
-0.119856
0.000974256
-0.0954019
0.00322987
-0.0783205
0.0061836
-0.0660169
0.00972793
-0.0568719
0.0138124
-0.0499157
0.0185248
-0.0446446
-0.041009
0.0242305
-0.000544527
-0.207525
-0.000566669
-0.1555
0.000399821
-0.120823
0.00237477
-0.0973768
0.00524065
-0.0811864
0.00885294
-0.0696292
0.0130757
-0.0610947
0.0177906
-0.0546305
0.0228728
-0.0497269
-0.0461998
0.0280636
-0.000410847
-0.207114
-0.000104354
-0.155806
0.00132724
-0.122254
0.00385059
-0.0999002
0.00730704
-0.0846428
0.0115186
-0.0738408
0.0163144
-0.0658905
0.0215258
-0.0598419
0.026956
-0.055157
-0.0515709
0.032327
-0.000267855
-0.206847
0.000396852
-0.156471
0.00231905
-0.124176
0.00540305
-0.102984
0.00944592
-0.0886857
0.0142371
-0.0786319
0.0195805
-0.071234
0.025288
-0.0655494
0.0311561
-0.0610252
-0.0573535
0.0369388
-0.000108661
-0.206738
0.000939222
-0.157519
0.00337227
-0.12661
0.00702631
-0.106638
0.0116528
-0.0933122
0.0170108
-0.0839899
0.0228862
-0.0771094
0.0290853
-0.0717485
0.035415
-0.0673548
-0.0635934
0.0416549
6.76028e-05
-0.206806
0.00151964
-0.158971
0.00447629
-0.129566
0.00870057
-0.110863
0.0138975
-0.0985091
0.0197972
-0.0898896
0.0261707
-0.0834829
0.0328234
-0.0784013
0.0395755
-0.0741069
-0.0702475
0.0462296
0.000260511
-0.207066
0.00213122
-0.160842
0.0056131
-0.133048
0.0103934
-0.115643
0.0161301
-0.104246
0.0225253
-0.0962847
0.0293366
-0.0902942
0.0363701
-0.0854348
0.0434601
-0.0811969
-0.0772212
0.0504338
0.000468292
-0.207534
0.00276377
-0.163137
0.00675879
-0.137043
0.0120633
-0.120947
0.0182886
-0.110471
0.0251099
-0.103106
0.0322735
-0.0974577
0.0395877
-0.092749
0.0469023
-0.0885115
-0.0843918
0.0540729
0.000690731
-0.208225
0.00340664
-0.165853
0.00788628
-0.141523
0.0136642
-0.126725
0.0203066
-0.117114
0.0274641
-0.110264
0.0348747
-0.104868
0.0423518
-0.100226
0.0497634
-0.0959231
-0.0916263
0.0569979
0.000935569
0.00404839
0.00896582
0.0151489
0.0221196
0.0295077
0.0370475
0.0445621
0.0519412
0.0591102
0.0704275
-0.448598
0.438499
0.0738349
-0.377429
0.374022
0.0754654
-0.323432
0.321801
0.076286
-0.278265
0.277444
0.0763842
-0.240911
0.240813
0.0760048
-0.20821
0.208589
0.0752578
-0.178335
0.179082
0.0742331
-0.150092
0.151116
0.0730199
-0.122708
0.123921
0.0716337
-0.0965752
0.0979614
0.070045
-0.0711197
0.0727084
0.0685367
-0.0460786
0.0475868
0.0672795
-0.0313672
0.0326244
0.0653495
-0.0503924
0.0523224
0.0613462
-0.0985991
0.102602
0.0553388
-0.143324
0.149332
0.0501038
-0.10594
0.111175
0.0479659
-0.00882295
0.0109609
0.0516434
0.183406
-0.187083
0.226741
-0.230706
0.0673898
-0.455278
0.0697326
-0.379772
0.0712217
-0.324921
0.0723202
-0.279363
0.0727951
-0.241386
0.0727944
-0.208209
0.0724129
-0.177953
0.0717345
-0.149413
0.0708411
-0.121815
0.0697486
-0.0954827
0.0684366
-0.0698077
0.0671402
-0.0447821
0.0659265
-0.0301535
0.0638794
-0.0483452
0.0597856
-0.0945053
0.0538801
-0.137419
0.0489304
-0.100991
0.0470957
-0.00698824
0.0509848
0.179517
0.222682
0.0636892
-0.458707
0.0651108
-0.381194
0.0665644
-0.326375
0.0679813
-0.28078
0.06886
-0.242265
0.0692586
-0.208608
0.0692626
-0.177957
0.0689507
-0.149101
0.0683979
-0.121262
0.0676213
-0.094706
0.0666084
-0.0687948
0.0655454
-0.0437191
0.0644046
-0.0290128
0.0622896
-0.0462302
0.0581676
-0.0903833
0.0524191
-0.13167
0.0477848
-0.0963562
0.0462605
-0.00546395
0.0503569
0.17542
0.218514
0.059436
-0.459116
0.0600656
-0.381823
0.061547
-0.327856
0.0633006
-0.282533
0.0646018
-0.243566
0.0654192
-0.209425
0.0658281
-0.178366
0.0659023
-0.149176
0.0657097
-0.121069
0.0652692
-0.0942656
0.0645756
-0.0681012
0.0637673
-0.0429108
0.0627303
-0.0279758
0.0605962
-0.0440961
0.0565039
-0.086291
0.0509618
-0.126128
0.0466682
-0.0920626
0.0454597
-0.00425542
0.0497594
0.17112
0.214222
0.0547839
-0.456826
0.0547305
-0.38177
0.0562353
-0.329361
0.058312
-0.28461
0.0600447
-0.245299
0.0612986
-0.210679
0.0621313
-0.179199
0.0626103
-0.149654
0.0627961
-0.121255
0.0627101
-0.0941796
0.0623539
-0.067745
0.0618212
-0.042378
0.0609197
-0.0270744
0.0588148
-0.0419912
0.0548058
-0.082282
0.0495131
-0.120835
0.0455813
-0.0881308
0.0446915
-0.00336565
0.0491898
0.166622
0.209792
0.0498644
-0.452204
0.0491479
-0.381053
0.0506291
-0.330842
0.0530183
-0.286999
0.0552014
-0.247482
0.0569151
-0.212393
0.0581925
-0.180476
0.0590949
-0.150557
0.0596764
-0.121836
0.0599612
-0.0944644
0.0599587
-0.0677425
0.0597216
-0.0421409
0.058988
-0.0263408
0.0569589
-0.0399621
0.0530819
-0.078405
0.0480759
-0.115829
0.0445228
-0.0845778
0.0439539
-0.00279673
0.0486469
0.161929
0.205208
0.0443343
-0.445159
0.0429307
-0.37965
0.0444993
-0.332411
0.0473178
-0.289818
0.0500378
-0.250202
0.0522651
-0.21462
0.0540208
-0.182232
0.0553706
-0.151907
0.0563665
-0.122832
0.057038
-0.095136
0.0574041
-0.0681085
0.0574823
-0.0422192
0.056949
-0.0258075
0.0550408
-0.0380539
0.0513398
-0.074704
0.0466517
-0.111141
0.0434908
-0.0814169
0.0432444
-0.00255039
0.048129
0.157045
0.200457
0.0374285
-0.434767
0.0356576
-0.377879
0.0376503
-0.334403
0.0411171
-0.293285
0.0445078
-0.253593
0.04733
-0.217442
0.0496142
-0.184516
0.051444
-0.153737
0.0528773
-0.124266
0.0539528
-0.0962115
0.0547021
-0.0688578
0.0551155
-0.0426327
0.0548153
-0.0255072
0.0530712
-0.0363098
0.049586
-0.0712189
0.0452413
-0.106797
0.0424818
-0.0786575
0.0425598
-0.0026283
0.0476345
0.15197
0.195523
0.0311434
-0.4221
0.0291105
-0.375846
0.0310932
-0.336386
0.0348964
-0.297088
0.038823
-0.257519
0.0422123
-0.220831
0.0450311
-0.187335
0.0473539
-0.156059
0.0492377
-0.126149
0.0507285
-0.0977023
0.0518712
-0.0700005
0.0526361
-0.0433976
0.0525985
-0.0254696
0.0510582
-0.0347695
0.0478241
-0.0679847
0.043844
-0.102816
0.0414929
-0.0763063
0.0418971
-0.0030325
0.0471618
0.146705
0.190393
0.0310255
-0.413696
0.0264675
-0.371288
0.0266383
-0.336557
0.0295393
-0.299989
0.0334238
-0.261404
0.0371544
-0.224562
0.0404125
-0.190593
0.0431865
-0.158833
0.0455045
-0.128467
0.0474047
-0.0996025
0.0489399
-0.0715357
0.0500599
-0.0445176
0.0503024
-0.0257121
0.0489965
-0.0334636
0.0460517
-0.06504
0.0424655
-0.0992301
0.0405303
-0.0743712
0.0412587
-0.00376087
0.0466995
0.141264
0.185043
0.243871
-0.353649
-0.303917
0.206898
-0.334315
0.176561
-0.30622
0.154699
-0.278127
0.140252
-0.246957
0.130069
-0.21438
0.12241
-0.182934
0.116486
-0.152909
0.111823
-0.123805
0.10809
-0.0958689
0.105105
-0.0685513
0.102853
-0.0422658
0.101065
-0.0239233
0.0981295
-0.0305286
0.0924115
-0.0593219
0.0837885
-0.0906072
0.0767948
-0.0673775
0.0747504
-0.00171643
0.0830806
0.132934
0.175266
0.277513
-0.291005
-0.340157
0.236189
-0.292991
0.205232
-0.275264
0.181449
-0.254344
0.164353
-0.22986
0.151838
-0.201865
0.142203
-0.173299
0.134671
-0.145377
0.128771
-0.117905
0.124116
-0.091214
0.120492
-0.0649278
0.117828
-0.0396016
0.11576
-0.0218547
0.112423
-0.0271922
0.106055
-0.0529531
0.0964784
-0.081031
0.0887585
-0.0596577
0.0866395
0.000402601
0.0961327
0.123441
0.16378
0.319335
-0.231476
-0.378864
0.274989
-0.248644
0.241282
-0.241557
0.213619
-0.226681
0.192334
-0.208575
0.176569
-0.1861
0.1645
-0.16123
0.155062
-0.135938
0.147714
-0.110557
0.142008
-0.0855079
0.137676
-0.0605961
0.134591
-0.0365163
0.132273
-0.0195366
0.128585
-0.0235043
0.121611
-0.045979
0.111157
-0.0705777
0.102805
-0.0513055
0.100725
0.00248334
0.111486
0.11268
0.150457
0.359657
-0.177947
-0.413187
0.313901
-0.202887
0.277978
-0.205634
0.248014
-0.196717
0.223395
-0.183956
0.204327
-0.167032
0.189573
-0.146476
0.177953
-0.124318
0.168893
-0.101497
0.161944
-0.0785594
0.156803
-0.0554544
0.153283
-0.0329967
0.150762
-0.0170153
0.14682
-0.0195626
0.139375
-0.0385342
0.128239
-0.0594411
0.119432
-0.042499
0.117543
0.00437207
0.129607
0.100617
0.135171
0.399086
-0.132411
-0.444622
0.354404
-0.158206
0.316785
-0.168016
0.28503
-0.164962
0.257708
-0.156634
0.235348
-0.144672
0.217655
-0.128782
0.203613
-0.110276
0.192591
-0.0904749
0.184182
-0.0701509
0.178098
-0.0493705
0.174115
-0.0290137
0.171443
-0.0143433
0.1674
-0.0155193
0.159719
-0.0308527
0.148227
-0.0479492
0.139262
-0.0335345
0.137766
0.00586801
0.151129
0.0872537
0.117862
0.435032
-0.0948937
-0.472549
0.394156
-0.117329
0.356429
-0.130289
0.323565
-0.132098
0.294524
-0.127593
0.26949
-0.119639
0.248903
-0.108195
0.232312
-0.0936851
0.219158
-0.0773206
0.209098
-0.0600918
0.20193
-0.0422022
0.197435
-0.0245185
0.194665
-0.0115736
0.19072
-0.0115738
0.183135
-0.0232675
0.171745
-0.0365598
0.163037
-0.0248263
0.162166
0.00673896
0.176798
0.0726212
0.098543
0.46878
-0.0647749
-0.498899
0.433345
-0.0818941
0.397395
-0.0943386
0.364187
-0.0988906
0.334056
-0.0974614
0.307027
-0.0926101
0.283781
-0.0849492
0.264564
-0.0744676
0.249138
-0.0618952
0.237274
-0.0482275
0.228889
-0.0338174
0.223822
-0.0194512
0.221002
-0.00875336
0.217369
-0.00794146
0.210274
-0.0161719
0.199518
-0.025804
0.191552
-0.0168597
0.191544
0.00674701
0.207425
0.0567399
0.077267
0.504452
-0.0404567
-0.52877
0.474318
-0.0517604
0.441215
-0.0612358
0.408405
-0.0660803
0.377446
-0.0665027
0.348802
-0.0639658
0.323177
-0.0593236
0.301302
-0.0525935
0.283454
-0.0440468
0.269637
-0.0344102
0.259914
-0.0240947
0.254207
-0.0137438
0.251364
-0.0059106
0.248225
-0.00480284
0.241978
-0.00992506
0.232324
-0.0161491
0.225536
-0.010072
0.226599
0.00568422
0.243789
0.0395494
0.0540312
0.548888
-0.01979
-0.569555
0.522549
-0.0254217
0.491891
-0.0305774
0.459473
-0.033662
0.427411
-0.0344411
0.396898
-0.0334524
0.368827
-0.0312527
0.344169
-0.0279355
0.32367
-0.0235485
0.307698
-0.0184382
0.296498
-0.0128939
0.290062
-0.00730808
0.287181
-0.00303003
0.2846
-0.00222183
0.279346
-0.00467026
0.270942
-0.00774596
0.265501
-0.00463072
0.267752
0.00343317
0.286508
0.020793
0.0285858
0.612764
-0.632554
0.587342
0.556765
0.523103
0.488661
0.455209
0.423956
0.396021
0.372472
0.354034
0.34114
0.333832
0.330802
0.32858
0.32391
0.316164
0.311533
0.314967
0.33576
0.335166
0.00443225
-0.332685
0.336686
0.00944099
0.337153
0.014436
0.336484
0.0193831
0.334586
0.024274
0.331377
0.0290272
0.326645
0.0338122
0.320331
0.0380671
0.311546
0.0432837
0.042758
0.352237
0.00289573
-0.3507
0.35327
0.00840746
0.353758
0.0139483
0.353661
0.0194798
0.352953
0.0249826
0.35162
0.0303605
0.349739
0.0356931
0.347369
0.0404369
0.344935
0.0457176
0.0475364
0.372074
0.00204213
-0.37122
0.372925
0.00755595
0.373794
0.0130793
0.374702
0.0185716
0.37568
0.0240049
0.376719
0.0293211
0.377833
0.034579
0.378726
0.039544
0.379555
0.0448893
0.048227
0.392997
0.00143356
-0.392388
0.393958
0.00659466
0.395281
0.0117562
0.39696
0.0168925
0.398981
0.0219845
0.401297
0.0270046
0.403917
0.0319591
0.406738
0.0367231
0.41009
0.0415372
0.0451303
0.413243
0.000941844
-0.412751
0.414319
0.00551886
0.415985
0.0100896
0.418249
0.0146291
0.421121
0.0191122
0.424614
0.0235118
0.428762
0.0278113
0.43352
0.0319646
0.439002
0.0360552
0.03951
0.43383
0.000516412
-0.433405
0.435018
0.00433085
0.436981
0.00812708
0.439727
0.0118823
0.443265
0.0155746
0.447593
0.0191836
0.452712
0.0226925
0.458597
0.0260791
0.465302
0.0293508
0.0322629
0.457073
0.000189786
-0.456747
0.458259
0.0031448
0.460311
0.00607553
0.463232
0.00896157
0.467023
0.0117831
0.471685
0.0145215
0.477218
0.0171595
0.483616
0.0196809
0.490892
0.0220751
0.0242561
0.486532
-4.18772e-06
-0.486338
0.487643
0.00203412
0.48967
0.00404771
0.492612
0.00601988
0.496461
0.00793453
0.501206
0.00977658
0.506833
0.0115322
0.513325
0.0131889
0.520664
0.0147356
0.0161504
0.527586
-5.52363e-05
-0.527535
0.528608
0.00101242
0.530593
0.00206283
0.533527
0.00308566
0.53739
0.00407097
0.542158
0.00500945
0.547797
0.00589255
0.554273
0.00671259
0.561546
0.00746297
0.00814179
0.589102
-0.589158
0.590115
0.592178
0.595263
0.599334
0.604344
0.610236
0.616949
0.624412
0.281504
-0.03275
-0.283108
0.290043
-0.0392847
0.297273
-0.0338666
0.303442
-0.0286333
0.309467
-0.0243074
0.315249
-0.0198568
0.320553
-0.0151689
0.32528
-0.0103836
0.329356
-0.00552765
-0.000597592
0.320482
-0.0359718
-0.31726
0.3248
-0.0436026
0.329484
-0.0385508
0.333387
-0.0325365
0.336904
-0.0278241
0.340319
-0.0232718
0.343493
-0.0183429
0.346301
-0.0131915
0.348711
-0.00793783
-0.00258688
0.361
-0.0384651
-0.358507
0.362221
-0.0448231
0.363756
-0.0400865
0.365225
-0.0340048
0.366365
-0.0289646
0.367408
-0.0243146
0.368447
-0.0193819
0.369434
-0.0141783
0.370351
-0.00885466
-0.00345624
0.399733
-0.0387933
-0.399405
0.397624
-0.0427139
0.395972
-0.0384348
0.394897
-0.0329295
0.393941
-0.0280087
0.393084
-0.0234581
0.392472
-0.0187696
0.39215
-0.0138564
0.392117
-0.00882138
-0.00372741
0.433682
-0.0365769
-0.435898
0.428857
-0.0378885
0.42465
-0.0342283
0.421407
-0.0296863
0.418742
-0.0253442
0.416488
-0.0212037
0.414715
-0.0169965
0.413494
-0.0126355
0.412839
-0.0081666
-0.00363942
0.462976
-0.0318698
-0.467684
0.456568
-0.0314804
0.45085
-0.0285095
0.446173
-0.0250094
0.442325
-0.0214963
0.439138
-0.0180175
0.436617
-0.0144745
0.434807
-0.0108264
0.433735
-0.00709372
-0.0033094
0.491299
-0.0253393
-0.497829
0.484148
-0.0243293
0.477721
-0.0220826
0.472252
-0.0195404
0.467663
-0.0169076
0.463866
-0.014221
0.460853
-0.0114608
0.458649
-0.00862225
0.457276
-0.00572106
-0.00278008
0.524274
-0.017707
-0.531906
0.516715
-0.0167705
0.509893
-0.0152612
0.503939
-0.0135856
0.498847
-0.0118159
0.494601
-0.00997483
0.491208
-0.00806769
0.488688
-0.00610263
0.487061
-0.00409365
-0.00205753
0.568943
-0.00928613
-0.577364
0.560932
-0.00876001
0.553667
-0.00799629
0.547231
-0.00714972
0.541658
-0.00624266
0.53697
-0.00528704
0.533193
-0.00429004
0.530349
-0.00325917
0.528459
-0.00220355
-0.00113331
0.63548
-0.644766
0.62672
0.618723
0.611574
0.605331
0.600044
0.595754
0.592495
0.590291
0.127383
0.0120709
-0.0125214
0.128838
0.0368883
-0.0383431
0.131503
0.0625249
-0.0651905
0.135461
0.0907891
-0.0947469
0.141699
0.12076
-0.126998
0.149982
0.157469
-0.165752
0.164391
0.194029
-0.208437
0.18133
0.248527
-0.265466
0.222864
0.281603
-0.323137
0.358797
-0.419041
0.148736
0.0114307
0.150707
0.0349167
0.154308
0.058924
0.159549
0.0855479
0.167862
0.112447
0.178447
0.146885
0.19749
0.174986
0.218788
0.227228
0.268443
0.231949
0.30998
0.173608
0.0105906
0.176163
0.0323614
0.180846
0.0542408
0.187575
0.078819
0.198258
0.101764
0.211465
0.133678
0.234915
0.151536
0.261003
0.20114
0.307814
0.185138
0.259287
0.202591
0.00953639
0.205772
0.0291798
0.211599
0.0484137
0.219894
0.0705247
0.232862
0.0887954
0.24877
0.11777
0.274439
0.125866
0.304845
0.170734
0.343889
0.146094
0.203771
0.236354
0.00825514
0.240184
0.0253501
0.247088
0.0415097
0.256951
0.0606619
0.271535
0.0742108
0.290226
0.0990797
0.315073
0.101019
0.349415
0.136392
0.381017
0.114492
0.14889
0.275657
0.0067637
0.280113
0.0208945
0.287836
0.0337864
0.299149
0.0493492
0.31429
0.0590696
0.33529
0.0780795
0.357859
0.0784504
0.393248
0.101002
0.420862
0.0868791
0.102068
0.321402
0.00513191
0.326367
0.015929
0.334543
0.0256101
0.346843
0.0370493
0.361822
0.0440913
0.383445
0.0564559
0.40434
0.0575558
0.436557
0.0687853
0.462093
0.0613429
0.0663314
0.374689
0.0034494
0.379924
0.0106933
0.388279
0.0172557
0.400786
0.0245419
0.415483
0.0293944
0.435805
0.0361337
0.455714
0.0376473
0.482472
0.0420276
0.505356
0.0384582
0.0397817
0.436829
0.00175706
0.442109
0.00541303
0.450556
0.0088086
0.462765
0.0123329
0.477277
0.0148828
0.49568
0.0177303
0.514608
0.0187197
0.536603
0.0200321
0.556525
0.0185362
0.0189431
0.509367
0.51478
0.523589
0.535921
0.550804
0.568535
0.587254
0.607286
0.625823
0.0714491
0.0105155
-0.0112532
0.0720847
0.0332157
-0.0338513
0.0725897
0.0568775
-0.0573824
0.0728658
0.0823409
-0.082617
0.0727995
0.110548
-0.110481
0.072148
0.142364
-0.141713
0.0705455
0.180625
-0.179022
0.0674278
0.225108
-0.22199
0.0612808
0.28714
-0.280993
0.359163
-0.347395
0.0713746
0.00984716
0.0718882
0.0327021
0.0722303
0.0565355
0.0722999
0.0822712
0.0720159
0.110832
0.0711146
0.143266
0.0693356
0.182404
0.0661107
0.228333
0.0601943
0.293056
0.369973
0.0712528
0.00929625
0.0715965
0.0323584
0.0717269
0.0564051
0.07154
0.0824581
0.0709883
0.111383
0.0697809
0.144473
0.0677836
0.184401
0.0643904
0.231726
0.0587115
0.298735
0.379712
0.0710849
0.00891027
0.0712122
0.0322312
0.0710835
0.0565338
0.0705918
0.0829498
0.0697223
0.112253
0.0681529
0.146043
0.0658959
0.186658
0.0622634
0.235358
0.0568583
0.30414
0.388278
0.0708725
0.00873563
0.0707386
0.0323652
0.0703048
0.0569675
0.0694622
0.0837924
0.0682249
0.11349
0.0662397
0.148028
0.0636811
0.189217
0.0597304
0.239309
0.0546773
0.309194
0.395607
0.0706174
0.00881733
0.0701795
0.032803
0.0693965
0.0577505
0.0681594
0.0850294
0.0665038
0.115146
0.0640534
0.150478
0.061148
0.192122
0.0567994
0.243658
0.0522299
0.313763
0.401702
0.0703214
0.00919862
0.0695393
0.0335851
0.0683645
0.0589254
0.0666913
0.0867025
0.0645664
0.117271
0.0616076
0.153437
0.058303
0.195426
0.053491
0.24847
0.0495885
0.317665
0.406685
0.0699867
0.00992068
0.0688226
0.0347493
0.0672148
0.0605332
0.0650644
0.0888529
0.062418
0.119917
0.0589142
0.156941
0.055148
0.199193
0.0498439
0.253774
0.0468482
0.320661
0.410825
0.0696173
0.0110213
0.0680367
0.0363299
0.0659562
0.0626136
0.063287
0.0915221
0.0600637
0.12314
0.0559806
0.161024
0.0516856
0.203488
0.0459437
0.259516
0.0439469
0.322658
0.414631
0.06923
0.0672168
0.0646399
0.0614151
0.0575574
0.0528292
0.0478796
0.0419296
0.0414506
0.0695084
0.013057
-0.0118606
0.0686285
0.0368719
-0.035992
0.068034
0.0610319
-0.0604374
0.0676301
0.0860256
-0.0856216
0.0672163
0.11193
-0.111516
0.0664326
0.138944
-0.138161
0.0645003
0.166084
-0.164151
0.0602235
0.192244
-0.187967
0.0503478
0.211637
-0.201761
0.215765
-0.200967
0.0699264
0.0138466
0.069431
0.0373673
0.0691723
0.0612906
0.0690584
0.0861395
0.0688848
0.112104
0.0683234
0.139506
0.0665823
0.167825
0.0626587
0.196167
0.0533808
0.220914
0.231256
0.0702866
0.0142842
0.0701108
0.0375432
0.0701262
0.0612751
0.0702391
0.0860266
0.0702449
0.112098
0.0698489
0.139902
0.06828
0.169394
0.0646556
0.199792
0.0558514
0.229719
0.246997
0.0706005
0.0144131
0.0706975
0.0374462
0.0709428
0.0610298
0.0712398
0.0857296
0.0713823
0.111955
0.0711043
0.14018
0.0696547
0.170843
0.0662278
0.203219
0.057824
0.238122
0.262627
0.0708678
0.0142772
0.0711904
0.0371236
0.0716202
0.0606
0.0720586
0.0852912
0.0722984
0.111716
0.0720936
0.140385
0.0707172
0.17222
0.0674189
0.206517
0.0594149
0.246126
0.277971
0.0710874
0.0139221
0.0715871
0.036624
0.0721543
0.0600328
0.0726899
0.0847556
0.0729888
0.111417
0.0728193
0.140554
0.0714895
0.173549
0.0682944
0.209712
0.060676
0.253745
0.292949
0.0712585
0.0133943
0.0718857
0.0359968
0.0725413
0.0593771
0.0731269
0.08417
0.0734445
0.111099
0.0732715
0.140727
0.0719618
0.174859
0.0688471
0.212827
0.0615816
0.26101
0.307474
0.0713802
0.0127413
0.0720849
0.0352921
0.0727789
0.0586831
0.0733648
0.0835841
0.0736576
0.110806
0.0734383
0.140946
0.0721155
0.176182
0.0690524
0.21589
0.0621077
0.267955
0.321453
0.0714525
0.0120114
0.0721844
0.0345602
0.0728662
0.0580013
0.0734012
0.0830491
0.0736231
0.110584
0.073311
0.141258
0.0719369
0.177556
0.068894
0.218933
0.0622419
0.274607
0.334793
0.0714754
0.0721843
0.0728032
0.0732353
0.0733384
0.0728839
0.071418
0.0683603
0.0619746
0.505831
0.00148536
0.501387
0.00444372
0.494086
0.00730153
0.484278
0.00980796
0.472466
0.0118114
0.459283
0.0131831
0.445537
0.0137467
0.432061
0.0134752
0.419979
0.0120819
0.0100424
0.409937
0.433409
0.00295153
0.429025
0.00882766
0.421857
0.0144692
0.412182
0.0194834
0.400425
0.0235686
0.387161
0.0264469
0.37316
0.0277478
0.359286
0.0273496
0.346703
0.0246642
0.0205906
0.336155
0.371278
0.00444441
0.366818
0.0132871
0.359512
0.021775
0.349548
0.0294478
0.337249
0.0358673
0.323112
0.0405839
0.307871
0.0429894
0.292475
0.0427447
0.278239
0.0389011
0.032658
0.266171
0.318057
0.0059226
0.313635
0.0177091
0.306328
0.0290823
0.296209
0.0395667
0.283455
0.0486213
0.268417
0.0556215
0.251731
0.0596751
0.234407
0.0600687
0.217951
0.0553573
0.0467641
0.203845
0.272509
0.00732031
0.268307
0.0219104
0.261281
0.0361089
0.251374
0.0494736
0.238579
0.0614165
0.223026
0.0711742
0.205151
0.0775502
0.185899
0.079321
0.166944
0.0743119
0.0633122
0.150396
0.233539
0.0085804
0.22972
0.0257291
0.223249
0.0425798
0.213948
0.058775
0.201617
0.0737472
0.186117
0.0866738
0.167582
0.096086
0.146693
0.100209
0.125157
0.0958481
0.0827589
0.10571
0.200192
0.00966886
0.196857
0.0290642
0.191135
0.0483021
0.182745
0.0671647
0.171325
0.0851672
0.15646
0.101539
0.137921
0.114624
0.115919
0.122212
0.0919437
0.119823
0.105612
0.0690907
0.171643
0.0105765
0.168829
0.0318783
0.163948
0.0531834
0.156649
0.0744638
0.146453
0.0953628
0.132708
0.115285
0.114827
0.132505
0.092382
0.144657
0.0663582
0.145847
0.13236
0.0396098
0.147195
0.0113069
0.144894
0.03418
0.140861
0.057216
0.134711
0.0806134
0.125905
0.104169
0.113619
0.12757
0.0969619
0.149162
0.0747993
0.166819
0.0472469
0.1734
0.163489
0.0161178
0.126273
0.124461
0.121239
0.116231
0.108884
0.0982935
0.0833043
0.0621568
0.0337955
-0.00368196
0.400393
0.0095443
0.391795
0.00859805
0.384155
0.00763983
0.377504
0.00665082
0.371872
0.00563179
0.367285
0.00458725
0.363763
0.00352227
0.361321
0.00244141
0.359973
0.00134883
0.000248619
0.359724
0.328558
0.0171413
0.321699
0.0154572
0.315573
0.0137655
0.310214
0.0120099
0.305659
0.0101871
0.301938
0.0083084
0.299074
0.0063859
0.297085
0.00442995
0.295984
0.00244996
0.000455382
0.295778
0.26048
0.0228323
0.255346
0.0205918
0.250733
0.0183783
0.246673
0.0160693
0.24321
0.0136504
0.240376
0.011142
0.238197
0.0085658
0.236688
0.00593883
0.235861
0.00327682
0.000596088
0.23572
0.199896
0.026781
0.196351
0.0241375
0.193144
0.0215849
0.190306
0.0189073
0.187884
0.0160725
0.185912
0.0131141
0.184412
0.0100659
0.183397
0.00695362
0.182872
0.00380185
0.000637357
0.182831
0.14795
0.0292273
0.145788
0.0262991
0.143827
0.0235461
0.142093
0.0206411
0.140633
0.0175331
0.139473
0.0142735
0.138626
0.010913
0.13809
0.00749009
0.137848
0.00404377
0.000617141
0.137868
0.104476
0.0304613
0.103448
0.0273278
0.102534
0.0244593
0.101757
0.021419
0.101145
0.0181447
0.100704
0.0147141
0.100418
0.0111992
0.100251
0.00765742
0.100147
0.00414728
0.000729796
0.100035
0.0687138
0.0308383
0.0684911
0.0275505
0.0683503
0.0246001
0.0682953
0.021474
0.0683197
0.0181204
0.0683844
0.0146494
0.0684275
0.0111561
0.068368
0.00771684
0.0681108
0.00440455
0.00128596
0.0675546
0.039604
0.030844
0.0397092
0.0274454
0.039909
0.0244002
0.0401856
0.0211973
0.0404706
0.0178353
0.0406702
0.0144499
0.0406781
0.0111483
0.0403819
0.00801299
0.0396741
0.00511235
0.00249421
0.0384659
0.0158442
0.0311176
0.0154555
0.027834
0.0153507
0.024505
0.0154357
0.0211124
0.0155512
0.0177198
0.0155355
0.0144656
0.0152433
0.0114404
0.0145547
0.00870152
0.0133854
0.0062817
0.00418486
0.0116947
-0.00488664
-0.00582863
-0.00651691
-0.00698337
-0.00740335
-0.00793092
-0.00868671
-0.00975722
-0.0111867
-0.012973
0.360581
-0.000857353
0.362542
-0.00196057
0.365601
-0.00305907
0.369749
-0.00414854
0.374974
-0.00522447
0.381256
-0.00628216
0.388573
-0.00731653
0.396895
-0.00832206
0.406187
-0.00929238
-0.0102148
0.416402
0.296468
-0.00154807
0.298051
-0.00354291
0.300515
-0.00552295
0.303844
-0.00747775
0.308016
-0.00939638
0.313001
-0.0112675
0.318764
-0.0130792
0.325261
-0.0148191
0.332443
-0.0164748
-0.0180307
0.340259
0.236263
-0.00209123
0.237478
-0.00475741
0.239343
-0.00738868
0.241831
-0.00996545
0.244902
-0.0124675
0.248509
-0.0148746
0.252597
-0.0171671
0.257104
-0.0193257
0.261965
-0.021336
-0.0231987
0.267133
0.183256
-0.00251654
0.184117
-0.00561854
0.185371
-0.00864265
0.186963
-0.0115573
0.188828
-0.0143324
0.190895
-0.0169414
0.19309
-0.0193621
0.19534
-0.0215765
0.197583
-0.0235789
-0.0254152
0.1998
0.138101
-0.00274997
0.138484
-0.00600106
0.138939
-0.00909836
0.139386
-0.012004
0.139743
-0.0146891
0.139938
-0.0171362
0.139914
-0.0193388
0.139632
-0.0212937
0.139074
-0.0230218
-0.0246528
0.138312
0.0998261
-0.00254145
0.0994302
-0.00560511
0.0987588
-0.00842696
0.097739
-0.0109842
0.0963239
-0.013274
0.0945009
-0.0153132
0.0922901
-0.017128
0.0897283
-0.0187319
0.0868872
-0.0201808
-0.0217436
0.0839781
0.0666032
-0.00159001
0.0651808
-0.00418272
0.0632418
-0.006488
0.0607817
-0.00852416
0.0578428
-0.0103351
0.054514
-0.0119844
0.0509128
-0.0135268
0.0471422
-0.0149613
0.0433294
-0.0163679
-0.0182521
0.0398378
0.0366988
0.000177064
0.0343616
-0.00184552
0.0314919
-0.00361827
0.0281791
-0.00521143
0.0245591
-0.00671508
0.0208033
-0.00822863
0.0170946
-0.00981798
0.0135639
-0.0114306
0.0103241
-0.0131282
-0.0156975
0.00776949
0.00948873
0.00238308
0.00682915
0.000814064
0.00382233
-0.000611463
0.000613863
-0.00200295
-0.00262549
-0.00347571
-0.00571665
-0.00513747
-0.00847694
-0.00705769
-0.0107294
-0.00917811
-0.0123633
-0.0114944
-0.014725
-0.0133357
-0.0150726
-0.0173933
-0.0198161
-0.0222031
-0.0244114
-0.0263106
-0.0277751
-0.028575
-0.0283724
-0.0274252
0.428515
-0.0121136
0.445071
-0.0165559
0.465936
-0.0208644
0.490936
-0.0249998
0.519965
-0.029029
0.552631
-0.0326669
0.588238
-0.0356063
0.626257
-0.0380192
0.665464
-0.0392067
0.703554
-0.0380906
0.740664
-0.0371096
0.778787
-0.0381231
0.810944
-0.0321565
0.832467
-0.0215233
0.861488
-0.0290213
0.928199
-0.0667113
1.0025
-0.0743011
1.03891
-0.0364092
0.977382
0.0615277
0.0929865
0.35139
-0.0232449
0.366343
-0.0315085
0.384814
-0.0393358
0.406882
-0.0470676
0.432483
-0.0546302
0.461109
-0.061293
0.492069
-0.0665659
0.524379
-0.0703293
0.556194
-0.0710221
0.586194
-0.0680897
0.615066
-0.0659819
0.641553
-0.0646099
0.659329
-0.0499333
0.671417
-0.0336112
0.697478
-0.0550816
0.753522
-0.122756
0.810546
-0.131325
0.834567
-0.0604303
0.784472
0.111622
0.163295
0.277312
-0.033424
0.290783
-0.0449797
0.307745
-0.0562974
0.328885
-0.0682072
0.353868
-0.079614
0.38149
-0.0889144
0.410248
-0.0953243
0.438284
-0.0983655
0.463589
-0.0963263
0.485809
-0.0903096
0.505342
-0.0855156
0.519045
-0.0783122
0.524574
-0.0554631
0.531893
-0.0409297
0.556507
-0.0796958
0.599073
-0.165321
0.635851
-0.168104
0.647146
-0.0717246
0.609109
0.149659
0.211633
0.208904
-0.0425282
0.221987
-0.0580632
0.240586
-0.0748957
0.264858
-0.0924798
0.292679
-0.107435
0.321322
-0.117557
0.34838
-0.122382
0.371949
-0.121935
0.390907
-0.115284
0.405684
-0.105087
0.416437
-0.0962682
0.420678
-0.0825532
0.420081
-0.0548666
0.425958
-0.0468069
0.446495
-0.100233
0.47405
-0.192877
0.492913
-0.186967
0.494736
-0.0735475
0.467501
0.176894
0.24223
0.148076
-0.0522917
0.164652
-0.0746393
0.189297
-0.0995412
0.218939
-0.122121
0.249202
-0.137698
0.276877
-0.145232
0.300087
-0.145592
0.318047
-0.139895
0.330891
-0.128129
0.339512
-0.113708
0.344062
-0.100818
0.343369
-0.0818607
0.340857
-0.0523548
0.345471
-0.0514208
0.359732
-0.114493
0.37448
-0.207625
0.381021
-0.193507
0.377633
-0.0701595
0.359471
0.195057
0.259964
0.0985276
-0.0668413
0.122708
-0.0988193
0.154244
-0.131078
0.186799
-0.154676
0.215992
-0.166891
0.239885
-0.169125
0.257985
-0.163692
0.270667
-0.152577
0.278827
-0.136289
0.283402
-0.118283
0.284525
-0.101941
0.281998
-0.0793339
0.279365
-0.0497219
0.282447
-0.054502
0.290664
-0.12271
0.296392
-0.213354
0.295688
-0.192804
0.290138
-0.0646089
0.279041
0.206154
0.269047
0.0627212
-0.0897247
0.0949289
-0.131027
0.130071
-0.16622
0.161714
-0.186319
0.18734
-0.192517
0.206611
-0.188396
0.220124
-0.177205
0.228871
-0.161324
0.233975
-0.141393
0.236226
-0.120533
0.235724
-0.101439
0.232833
-0.0764436
0.230588
-0.0474762
0.23226
-0.0561743
0.23586
-0.12631
0.235904
-0.213399
0.231388
-0.188287
0.225375
-0.0585964
0.21943
0.2121
0.272635
0.0391656
-0.121121
0.076583
-0.168444
0.111618
-0.201255
0.140236
-0.214936
0.16174
-0.214022
0.176887
-0.203542
0.186878
-0.187196
0.19292
-0.167365
0.196109
-0.144583
0.197073
-0.121497
0.195883
-0.100249
0.193172
-0.0737325
0.191348
-0.0456518
0.19196
-0.0567869
0.19248
-0.126829
0.189237
-0.210156
0.182977
-0.182027
0.177311
-0.0529305
0.174915
0.214496
0.272898
0.0244508
-0.158907
0.0636115
-0.207605
0.0965631
-0.234207
0.121589
-0.239962
0.139267
-0.231699
0.151038
-0.215313
0.158402
-0.194561
0.16258
-0.171543
0.164546
-0.146549
0.164791
-0.121742
0.163365
-0.0988232
0.160982
-0.0713494
0.159492
-0.0441621
0.159397
-0.0566917
0.15806
-0.125493
0.153113
-0.205209
0.146295
-0.175208
0.141292
-0.0479276
0.141211
0.214577
0.27125
0.0151194
-0.201452
0.0540542
-0.24654
0.0841991
-0.264352
0.105596
-0.26136
0.119901
-0.246004
0.128951
-0.224363
0.134343
-0.199953
0.137209
-0.17441
0.138368
-0.147708
0.1382
-0.121573
0.136745
-0.0973683
0.134713
-0.0693178
0.133478
-0.0429266
0.132947
-0.0561611
0.130546
-0.123092
0.124879
-0.199542
0.118178
-0.168507
0.113971
-0.0437212
0.115328
0.21322
0.26864
0.0507999
-0.228021
0.071252
-0.266992
0.0818388
-0.274939
0.0860815
-0.265602
0.0864697
-0.246392
0.0848443
-0.222737
0.0823161
-0.197425
0.0794418
-0.171535
0.076581
-0.144847
0.0739131
-0.118905
0.07123
-0.0946852
0.0688667
-0.0669546
0.0682378
-0.0422977
0.0695658
-0.057489
0.0700432
-0.123569
0.0669845
-0.196483
0.0618029
-0.163326
0.0582018
-0.0401201
0.060164
0.211258
0.264699
0.055523
-0.255481
0.0750608
-0.28653
0.084614
-0.284492
0.0879931
-0.268981
0.0879256
-0.246325
0.0861223
-0.220934
0.0835626
-0.194865
0.080712
-0.168685
0.0778747
-0.14201
0.0751882
-0.116218
0.0724606
-0.0919576
0.0700735
-0.0645676
0.0693233
-0.0415475
0.0702166
-0.0583824
0.0699905
-0.123343
0.0662956
-0.192788
0.0607959
-0.157826
0.0571286
-0.0364528
0.0591753
0.209212
0.260869
0.0604139
-0.283567
0.0783556
-0.304472
0.0867093
-0.292846
0.0892591
-0.271531
0.0888107
-0.245876
0.0868934
-0.219017
0.0843474
-0.192319
0.0815558
-0.165893
0.078774
-0.139228
0.0761032
-0.113548
0.0733694
-0.0892238
0.070988
-0.0621861
0.0701344
-0.0406939
0.0706093
-0.0588573
0.0697241
-0.122458
0.0654573
-0.188521
0.059716
-0.152085
0.056037
-0.0327738
0.0581918
0.207057
0.257096
0.0649778
-0.311606
0.0809464
-0.32044
0.0880703
-0.29997
0.0898925
-0.273353
0.0891603
-0.245144
0.0872024
-0.217059
0.0847167
-0.189833
0.0820153
-0.163192
0.0793133
-0.136526
0.0766844
-0.110919
0.0739748
-0.0865142
0.0716205
-0.0598318
0.0706699
-0.0397433
0.0707412
-0.0589286
0.0692465
-0.120963
0.064486
-0.183761
0.0585806
-0.146179
0.0549504
-0.0291436
0.0572439
0.204763
0.25336
0.0688411
-0.338793
0.082664
-0.334263
0.0885905
-0.305896
0.0898258
-0.274589
0.0889217
-0.24424
0.0870069
-0.215144
0.0846395
-0.187466
0.0820709
-0.160623
0.079483
-0.133938
0.0769293
-0.108365
0.0742779
-0.0838628
0.0719731
-0.057527
0.0709327
-0.0387029
0.0706193
-0.0586151
0.0685711
-0.118915
0.0633981
-0.178588
0.057404
-0.140185
0.0538766
-0.0256162
0.0563326
0.202307
0.249641
0.071769
-0.364332
0.0834368
-0.345931
0.0882481
-0.310707
0.0890568
-0.275397
0.088094
-0.243277
0.0863008
-0.213351
0.0841072
-0.185272
0.0817144
-0.15823
0.0792775
-0.131501
0.0768356
-0.105923
0.0742787
-0.0813059
0.0720477
-0.055296
0.0709281
-0.0375833
0.0702547
-0.0579416
0.0677135
-0.116374
0.0622096
-0.173084
0.056198
-0.134173
0.0528212
-0.0222394
0.0554588
0.19967
0.245921
0.0736333
-0.387532
0.0832518
-0.355549
0.0870756
-0.314531
0.0876217
-0.275944
0.0867084
-0.242364
0.0851051
-0.211747
0.0831333
-0.183301
0.0809548
-0.156052
0.0787041
-0.129251
0.07641
-0.103629
0.0739833
-0.0788792
0.0718503
-0.053163
0.070665
-0.036398
0.0696616
-0.0569383
0.0666919
-0.113404
0.0609376
-0.16733
0.0549741
-0.12821
0.0517892
-0.0190544
0.0546225
0.196836
0.242184
0.0743879
-0.407847
0.0821339
-0.363295
0.0851341
-0.317531
0.0855718
-0.276381
0.0848052
-0.241597
0.0834485
-0.210391
0.0817385
-0.181591
0.079808
-0.154121
0.0777755
-0.127218
0.0756631
-0.101517
0.0734005
-0.0766166
0.0713893
-0.0511518
0.0701545
-0.0351632
0.0688564
-0.0556402
0.0655253
-0.110073
0.059599
-0.161403
0.0537435
-0.122355
0.0507847
-0.0160956
0.0538237
0.193797
0.238412
0.0740544
-0.424903
0.0801393
-0.36938
0.0825005
-0.319893
0.0829642
-0.276845
0.082426
-0.241059
0.0813614
-0.209326
0.0799461
-0.180175
0.0782925
-0.152468
0.0765072
-0.125433
0.0746083
-0.0996177
0.0725416
-0.0745499
0.0706753
-0.0492855
0.0694101
-0.033898
0.067857
-0.0540871
0.0642335
-0.10645
0.0582105
-0.15538
0.0525164
-0.11666
0.0498113
-0.0133904
0.0530614
0.190547
0.234591
0.0727064
0.0773481
0.0792568
0.0798558
0.0796103
0.0788734
0.0777798
0.0764286
0.0749167
0.0732604
0.0714189
0.0697202
0.0684466
0.0666818
0.0628345
0.0567859
0.0513007
0.0488711
0.0523353
)
;

boundaryField
{
    inlet
    {
        type            calculated;
        value           nonuniform List<scalar> 
40
(
-0.126932
-0.148095
-0.172768
-0.201537
-0.235073
-0.274166
-0.31977
-0.373006
-0.435136
-0.50761
-0.0707115
-0.0707062
-0.0707019
-0.070699
-0.0706979
-0.0706991
-0.0707026
-0.0707088
-0.0707179
-0.0707301
-0.0707048
-0.070716
-0.0707242
-0.0707294
-0.070732
-0.0707323
-0.0707306
-0.0707273
-0.0707226
-0.0707172
-0.507316
-0.434875
-0.37277
-0.319535
-0.273906
-0.234799
-0.201281
-0.172551
-0.147926
-0.126826
)
;
    }
    outlet
    {
        type            calculated;
        value           nonuniform List<scalar> 
40
(
0.0928577
0.107619
0.124808
0.144892
0.168438
0.196118
0.228701
0.267025
0.311954
0.364345
0.0556081
0.0550439
0.054525
0.0540513
0.0536202
0.0532305
0.0528804
0.052568
0.0522915
0.0520497
0.0641048
0.0630055
0.0619645
0.06098
0.0600516
0.0591785
0.05836
0.0575951
0.0568823
0.0562209
0.884396
0.714164
0.56077
0.436904
0.341738
0.269958
0.215841
0.174652
0.142858
0.117938
)
;
    }
    top
    {
        type            symmetryPlane;
        value           uniform 0;
    }
    bottom
    {
        type            symmetryPlane;
        value           uniform 0;
    }
    cylinder
    {
        type            calculated;
        value           nonuniform List<scalar> 
80
(
-1.12478e-18
-1.04662e-18
1.92416e-18
7.63975e-18
-7.54998e-18
9.2755e-18
-2.19312e-18
-4.84809e-18
-6.57167e-19
1.06217e-17
1.06364e-18
-4.29818e-18
4.76689e-18
-6.4224e-18
-3.5236e-18
-6.72805e-18
-2.35953e-17
-1.87396e-18
1.49339e-17
-2.47098e-17
8.77955e-18
-1.49339e-17
1.87396e-18
9.71748e-18
7.44156e-18
-8.54206e-18
6.4224e-18
-4.76689e-18
4.29818e-18
1.55428e-19
1.12478e-18
1.04662e-18
-1.92416e-18
-7.63975e-18
1.85097e-18
2.64536e-18
1.74077e-17
4.84809e-18
-1.32206e-17
-2.23662e-17
1.06217e-17
1.32206e-17
-4.84809e-18
1.03479e-17
9.2755e-18
-1.85097e-18
7.63975e-18
1.92416e-18
-1.04662e-18
-1.12478e-18
-8.77955e-18
1.05613e-18
-1.87396e-18
-2.04458e-17
7.86324e-18
8.54206e-18
-6.4224e-18
4.76689e-18
-4.29818e-18
-1.55428e-19
1.55428e-19
4.29818e-18
-4.76689e-18
6.4224e-18
-8.54206e-18
7.44156e-18
2.04458e-17
1.87396e-18
-1.05613e-18
8.77955e-18
-1.06217e-17
6.57167e-19
4.84809e-18
2.19312e-18
1.65231e-17
7.54998e-18
-7.63975e-18
-1.92416e-18
1.04662e-18
1.12478e-18
)
;
    }
    frontandback
    {
        type            empty;
        value           nonuniform 0();
    }
}


// ************************************************************************* //
