/*--------------------------------*- C++ -*----------------------------------*\
  =========                 |
  \\      /  F ield         | OpenFOAM: The Open Source CFD Toolbox
   \\    /   O peration     | Website:  https://openfoam.org
    \\  /    A nd           | Version:  6.0
     \\/     M anipulation  |
\*---------------------------------------------------------------------------*/
FoamFile
{
    version     2.0;
    format      ascii;
    class       volVectorField;
    location    "18.76";
    object      U;
}
// * * * * * * * * * * * * * * * * * * * * * * * * * * * * * * * * * * * * * //

dimensions      [0 1 -1 0 0 0 0];

internalField   nonuniform List<vector> 
2400
(
(0.0179345 -0.434697 -1.20787e-20)
(0.00562697 -0.338603 5.39853e-21)
(-0.00378493 -0.26641 -5.99774e-21)
(-0.0107481 -0.21241 -3.89802e-21)
(-0.0152606 -0.171923 -6.80586e-21)
(-0.0174247 -0.141296 9.39482e-21)
(-0.0176817 -0.117771 3.8315e-21)
(-0.0165406 -0.0993096 3.6092e-21)
(-0.0144843 -0.0844195 -8.39852e-21)
(-0.0124908 -0.0720513 -6.45786e-22)
(0.0515891 -0.428353 1.34787e-20)
(0.0321403 -0.330995 -1.37485e-21)
(0.0185434 -0.259676 2.82978e-21)
(0.00955379 -0.207603 3.67476e-20)
(0.00459045 -0.16942 -2.80114e-20)
(0.00311218 -0.141033 -1.47235e-21)
(0.00434246 -0.119409 -3.30998e-22)
(0.00753232 -0.102314 -3.75865e-21)
(0.0120403 -0.0881089 -6.65312e-21)
(0.0165691 -0.0756978 -2.63999e-21)
(0.084484 -0.419814 2.49344e-20)
(0.0581686 -0.322562 2.54124e-20)
(0.0413141 -0.253149 -7.33869e-20)
(0.0315299 -0.203771 2.43105e-20)
(0.0274856 -0.168459 4.04632e-20)
(0.0281218 -0.142738 -2.33696e-20)
(0.0322853 -0.123333 -2.02118e-20)
(0.0389713 -0.107823 1.90631e-20)
(0.0473807 -0.094385 -4.35121e-20)
(0.0557943 -0.0818667 4.62984e-20)
(0.116599 -0.409319 -8.72318e-20)
(0.0840099 -0.313777 4.35952e-20)
(0.0650688 -0.247352 -4.31983e-20)
(0.0558987 -0.201386 2.21742e-20)
(0.0542549 -0.169426 -2.57873e-20)
(0.058485 -0.14671 4.14401e-20)
(0.0670249 -0.129788 2.25025e-20)
(0.0786084 -0.116067 -6.81859e-20)
(0.0922898 -0.10349 -6.69145e-20)
(0.105824 -0.0908198 7.87196e-20)
(0.147959 -0.397098 3.55653e-21)
(0.110118 -0.30502 -1.69875e-20)
(0.0905813 -0.242634 -7.63031e-21)
(0.0836551 -0.200671 -9.47161e-21)
(0.0860268 -0.172373 -6.41306e-20)
(0.0953837 -0.152829 1.05067e-20)
(0.109726 -0.138521 -7.05721e-21)
(0.127534 -0.12673 7.46169e-20)
(0.147743 -0.115115 -5.26782e-20)
(0.167484 -0.102316 -3.84216e-20)
(0.178665 -0.383372 8.45496e-20)
(0.137109 -0.296577 -8.6297e-21)
(0.118843 -0.23916 1.31988e-19)
(0.11604 -0.201569 -1.70172e-20)
(0.124186 -0.17697 8.2972e-20)
(0.140251 -0.160483 -9.48909e-21)
(0.161781 -0.148669 -7.60027e-22)
(0.187018 -0.138784 6.10095e-20)
(0.214838 -0.1282 -3.41885e-20)
(0.241684 -0.1154 6.61319e-20)
(0.208897 -0.368344 -3.20408e-20)
(0.165756 -0.288617 1.13895e-20)
(0.151017 -0.236892 -3.3856e-20)
(0.154466 -0.203745 -4.26298e-20)
(0.170279 -0.182525 -4.56201e-21)
(0.194661 -0.168578 1.40957e-19)
(0.224686 -0.158745 -5.07773e-20)
(0.258378 -0.150446 2.52941e-20)
(0.294656 -0.140853 -8.77115e-20)
(0.32929 -0.128306 -5.60109e-20)
(0.23892 -0.352183 1.54506e-19)
(0.196941 -0.28117 -1.7578e-20)
(0.188355 -0.235585 -1.84259e-19)
(0.200383 -0.206613 1.0415e-20)
(0.225829 -0.188043 4.5165e-20)
(0.260103 -0.175631 -6.7547e-20)
(0.299775 -0.166708 -9.13887e-20)
(0.342654 -0.159134 1.39376e-19)
(0.387888 -0.150121 -1.18209e-20)
(0.430825 -0.138058 -1.29494e-19)
(0.26908 -0.335002 -1.29854e-19)
(0.231599 -0.274091 7.67506e-20)
(0.232065 -0.234781 1.21841e-19)
(0.255104 -0.209395 3.33257e-20)
(0.292142 -0.192381 -1.30701e-19)
(0.337763 -0.17999 8.7031e-20)
(0.387957 -0.170122 5.43702e-20)
(0.440199 -0.161233 1.15307e-19)
(0.494016 -0.15087 -7.05223e-20)
(0.545229 -0.138406 -1.04191e-19)
(0.299767 -0.316781 4.42761e-20)
(0.270582 -0.266984 -1.82407e-20)
(0.283121 -0.233808 -6.04264e-22)
(0.319593 -0.21126 3.796e-20)
(0.370177 -0.194639 3.24551e-20)
(0.428752 -0.180665 -2.29113e-20)
(0.490801 -0.167579 -4.63729e-20)
(0.553266 -0.154079 7.43766e-20)
(0.615249 -0.13822 -6.3198e-20)
(0.673476 -0.122286 5.83674e-20)
(0.617476 -0.00933662 3.94477e-21)
(0.591039 -0.0552408 1.13911e-20)
(0.561483 -0.0973133 -3.80864e-20)
(0.529757 -0.135513 3.34438e-20)
(0.496693 -0.169947 1.25832e-20)
(0.463012 -0.200855 1.56085e-19)
(0.429284 -0.228585 -5.97066e-20)
(0.395925 -0.253555 -7.99755e-20)
(0.363204 -0.276243 8.29197e-20)
(0.331232 -0.297168 -1.43618e-19)
(0.832794 0.0173549 1.39896e-20)
(0.780105 -0.0411803 -4.50609e-21)
(0.721804 -0.0922655 -3.77903e-20)
(0.660053 -0.135553 1.00163e-19)
(0.596901 -0.171111 -3.34399e-20)
(0.534209 -0.199392 2.51783e-19)
(0.473559 -0.221185 -1.55273e-19)
(0.416187 -0.237548 2.21368e-19)
(0.362968 -0.249744 -1.50594e-19)
(0.314395 -0.25914 -7.68408e-20)
(1.01834 0.0667943 -2.77881e-20)
(0.95496 -0.000906521 4.0783e-21)
(0.882666 -0.0602872 -1.20604e-19)
(0.804127 -0.110418 9.27725e-20)
(0.722084 -0.150911 -9.38057e-20)
(0.639202 -0.181927 -1.75563e-19)
(0.557908 -0.204155 -5.68829e-20)
(0.48026 -0.21877 -4.85541e-20)
(0.407867 -0.227353 1.53755e-19)
(0.34189 -0.231757 7.93385e-20)
(1.16829 0.116738 1.26923e-20)
(1.10423 0.0439603 -2.22123e-20)
(1.0281 -0.0211742 -3.00804e-20)
(0.942521 -0.077174 -1.17957e-19)
(0.850443 -0.123078 6.87775e-20)
(0.754938 -0.158528 1.98853e-19)
(0.659009 -0.183811 8.56159e-20)
(0.565379 -0.199886 1.65827e-20)
(0.476359 -0.208352 4.5326e-20)
(0.393852 -0.211361 -1.43553e-21)
(1.28285 0.159293 -1.49653e-20)
(1.22434 0.0851216 -5.87971e-20)
(1.15131 0.0171351 7.88852e-21)
(1.06593 -0.0427676 1.02126e-19)
(0.970914 -0.0931065 1.04914e-19)
(0.86935 -0.132947 -6.9157e-20)
(0.764468 -0.162024 -1.28706e-19)
(0.659389 -0.180866 -6.20795e-20)
(0.556908 -0.190881 7.27557e-20)
(0.459536 -0.194443 9.92551e-20)
(1.3656 0.19262 3.13206e-21)
(1.31611 0.119916 4.99815e-20)
(1.25058 0.051657 -1.17043e-19)
(1.1705 -0.0100484 1.46561e-19)
(1.07804 -0.0633378 8.64273e-20)
(0.975948 -0.106751 1.56805e-19)
(0.867317 -0.139413 -3.3525e-20)
(0.75532 -0.161276 -8.92318e-20)
(0.642855 -0.173385 2.11315e-19)
(0.532597 -0.178331 -1.71639e-19)
(1.42164 0.216668 7.69101e-21)
(1.38253 0.147377 -6.00541e-20)
(1.32684 0.080837 -3.73714e-20)
(1.2553 0.019179 -7.9802e-20)
(1.16936 -0.0355224 -1.12706e-20)
(1.07115 -0.0813885 -1.17328e-19)
(0.963346 -0.116939 -7.25904e-20)
(0.848824 -0.141428 -1.50223e-20)
(0.730067 -0.155328 -1.31099e-19)
(0.608953 -0.161475 1.86164e-19)
(1.45628 0.232421 -6.80054e-21)
(1.42749 0.167633 5.022e-20)
(1.38243 0.104138 -2.23519e-20)
(1.32112 0.0439322 4.99489e-20)
(1.24425 -0.0108657 1.22536e-19)
(1.15324 -0.0580984 1.99425e-19)
(1.05016 -0.0957181 -5.73005e-20)
(0.937345 -0.122122 -1.9635e-19)
(0.816355 -0.136797 5.33972e-20)
(0.686612 -0.142586 -3.06149e-19)
(1.47428 0.241489 9.90352e-21)
(1.45487 0.181521 -1.18113e-20)
(1.42014 0.121672 -1.21192e-19)
(1.36954 0.0636916 3.70196e-20)
(1.30306 0.00958385 -8.59169e-20)
(1.22144 -0.0383781 -3.56394e-20)
(1.1261 -0.0776666 -2.83964e-20)
(1.01892 -0.105636 8.16853e-20)
(0.900471 -0.119889 9.40568e-20)
(0.765785 -0.121478 5.74143e-20)
(1.47937 0.245461 -2.40343e-20)
(1.46796 0.190432 4.30947e-20)
(1.44262 0.134503 2.0123e-20)
(1.40237 0.0790842 6.13212e-20)
(1.34663 0.0259202 -7.04498e-21)
(1.27551 -0.0228001 -4.69497e-21)
(1.18994 -0.0643007 -1.5894e-19)
(1.09167 -0.0950418 2.0284e-19)
(0.981429 -0.110215 -1.25555e-19)
(0.848539 -0.105106 2.62485e-20)
(0.537586 0.499557 -5.47203e-20)
(0.57742 0.460167 6.33327e-20)
(0.610909 0.415337 1.14139e-21)
(0.637382 0.36603 -1.58155e-19)
(0.656333 0.313332 1.17741e-19)
(0.667529 0.258435 -8.85251e-20)
(0.671015 0.202558 -2.16148e-20)
(0.667107 0.146878 -2.06419e-20)
(0.656376 0.0924607 3.42074e-20)
(0.639597 0.040189 2.37679e-21)
(0.752194 0.673734 8.04782e-20)
(0.81253 0.631391 2.15587e-20)
(0.863501 0.578925 -1.1239e-19)
(0.903563 0.517881 -1.38357e-19)
(0.931468 0.450056 1.0967e-19)
(0.946399 0.377474 -9.86795e-20)
(0.948035 0.302296 1.17928e-19)
(0.936568 0.226713 -3.09253e-20)
(0.912711 0.152826 -1.03681e-19)
(0.87765 0.0825152 -7.79672e-21)
(0.886086 0.754086 -6.08519e-21)
(0.958292 0.717759 2.12259e-21)
(1.02107 0.6691 7.47481e-20)
(1.07233 0.609587 7.58206e-20)
(1.11025 0.541009 1.74541e-19)
(1.13347 0.465457 6.27948e-20)
(1.1411 0.385253 -4.23239e-20)
(1.13284 0.302858 -9.34951e-20)
(1.10896 0.220761 7.58865e-20)
(1.07035 0.141351 5.22852e-21)
(0.967631 0.773767 2.11282e-20)
(1.04568 0.745747 -5.05096e-20)
(1.11553 0.704897 -2.51333e-20)
(1.1748 0.65238 -1.43583e-19)
(1.22137 0.589677 -8.81151e-20)
(1.25348 0.518597 1.69518e-19)
(1.26979 0.441237 1.15671e-19)
(1.26943 0.35991 -9.74333e-20)
(1.25211 0.277074 4.53317e-21)
(1.21812 0.195216 -4.35745e-21)
(1.0158 0.757397 -5.65116e-20)
(1.09557 0.73714 9.70741e-20)
(1.16875 0.704608 -2.53487e-20)
(1.23286 0.660583 7.76687e-20)
(1.28569 0.606157 -5.42283e-20)
(1.32532 0.542759 -1.0212e-19)
(1.35012 0.472114 5.44681e-20)
(1.35883 0.396201 -5.76415e-20)
(1.35065 0.317207 -5.76724e-20)
(1.32526 0.237452 2.53027e-20)
(1.04362 0.72187 -1.02403e-20)
(1.12256 0.707883 1.75793e-20)
(1.19637 0.682772 -1.67927e-20)
(1.26259 0.646896 -1.46659e-19)
(1.31909 0.600982 8.46804e-20)
(1.36402 0.546103 1.70255e-20)
(1.39569 0.483608 -9.36475e-20)
(1.41267 0.4151 -3.45978e-20)
(1.41378 0.342406 3.2478e-20)
(1.39823 0.267538 -9.21286e-21)
(1.05969 0.677883 -1.14799e-20)
(1.13664 0.668614 4.93259e-21)
(1.20936 0.649635 2.31523e-20)
(1.2755 0.62081 8.26831e-20)
(1.33332 0.582575 2.10313e-20)
(1.3812 0.53574 5.36344e-20)
(1.4176 0.481357 1.14345e-19)
(1.44106 0.420695 -4.89263e-20)
(1.45026 0.355229 4.59123e-20)
(1.44408 0.286618 -1.73038e-20)
(1.06953 0.631857 -1.26253e-20)
(1.14416 0.626382 1.83568e-20)
(1.21465 0.612408 1.76783e-20)
(1.27908 0.589325 -4.27588e-20)
(1.33627 0.557468 -2.81685e-20)
(1.38504 0.517533 -5.86287e-20)
(1.42406 0.470384 8.33372e-21)
(1.452 0.417045 -1.38573e-20)
(1.46751 0.358696 -9.7715e-20)
(1.46933 0.296665 1.37563e-20)
(1.07729 0.58813 -1.93365e-21)
(1.14893 0.586205 -1.19679e-20)
(1.21601 0.576239 -1.52836e-20)
(1.27734 0.557507 9.34765e-21)
(1.33245 0.530547 -3.90492e-21)
(1.38054 0.496098 5.19851e-20)
(1.42051 0.454926 2.35661e-20)
(1.45115 0.407881 3.80938e-20)
(1.47119 0.35591 4.68967e-20)
(1.47933 0.300061 -2.01956e-20)
(1.0891 0.548303 -1.014e-21)
(1.15584 0.547836 2.00968e-20)
(1.21745 0.540339 -5.78853e-20)
(1.27401 0.524676 -4.33532e-21)
(1.32561 0.501537 7.7242e-20)
(1.37158 0.471676 3.77216e-21)
(1.41094 0.435737 4.69518e-20)
(1.4426 0.39439 -1.04182e-19)
(1.46539 0.348359 -1.27732e-21)
(1.47809 0.298431 1.07154e-20)
(0.596847 0.192076 -8.29248e-21)
(0.556084 0.207558 2.92008e-21)
(0.509395 0.226051 9.65513e-22)
(0.456001 0.248707 -1.56208e-20)
(0.394978 0.277019 6.95915e-21)
(0.325819 0.312543 2.06214e-20)
(0.248949 0.356264 -1.92266e-20)
(0.166638 0.407231 -4.94931e-21)
(0.0870984 0.459987 -5.95203e-21)
(0.032336 0.500146 -2.18923e-20)
(0.619263 0.249744 -2.2825e-20)
(0.58039 0.270043 4.80658e-20)
(0.535628 0.293797 -4.42946e-20)
(0.484519 0.321895 -7.52437e-21)
(0.42619 0.355358 1.25282e-20)
(0.360119 0.394772 -1.47665e-20)
(0.286621 0.439367 -4.17654e-20)
(0.207603 0.485266 4.85083e-20)
(0.130353 0.52224 -7.40818e-23)
(0.0748447 0.528234 2.21605e-20)
(0.649163 0.304593 -7.61032e-20)
(0.612897 0.329475 8.10273e-20)
(0.570755 0.358257 2.82395e-20)
(0.52268 0.391506 1.54626e-21)
(0.467804 0.429765 1.81611e-20)
(0.405456 0.472658 7.15088e-21)
(0.335615 0.517688 -1.18992e-20)
(0.259425 0.558138 -2.63364e-20)
(0.182521 0.57926 -1.92895e-20)
(0.121483 0.551937 2.8454e-20)
(0.686177 0.355633 -6.30533e-20)
(0.653151 0.384753 5.92604e-20)
(0.614258 0.418199 4.75866e-20)
(0.569903 0.45614 -3.26088e-20)
(0.51916 0.498641 -1.20354e-19)
(0.461084 0.544389 3.8928e-20)
(0.395095 0.589225 -2.80224e-20)
(0.321201 0.623771 7.6723e-20)
(0.242733 0.629196 6.77764e-20)
(0.171663 0.570285 -5.99778e-20)
(0.729789 0.401976 -4.52836e-20)
(0.700517 0.434881 2.05638e-20)
(0.665414 0.472496 -5.71961e-20)
(0.625371 0.514506 4.49188e-20)
(0.579328 0.560503 -2.17001e-20)
(0.525941 0.608278 -1.82556e-20)
(0.463867 0.652116 -1.83229e-20)
(0.391646 0.680247 -3.16741e-21)
(0.309753 0.670357 -2.69604e-20)
(0.224573 0.582416 -1.61052e-20)
(0.779317 0.442861 1.13865e-19)
(0.754173 0.479007 2.31968e-20)
(0.723291 0.520165 -7.80614e-20)
(0.688034 0.565455 7.32043e-20)
(0.647112 0.614019 3.35574e-20)
(0.598664 0.662808 5.46605e-20)
(0.540396 0.7047 -3.23509e-21)
(0.469114 0.725873 3.37217e-20)
(0.382017 0.701283 8.26744e-21)
(0.27923 0.587631 3.28854e-20)
(0.833888 0.477697 -1.23793e-19)
(0.813091 0.516441 1.43438e-19)
(0.78674 0.560377 -6.95082e-20)
(0.75661 0.607995 -3.89862e-20)
(0.721065 0.658031 6.73164e-22)
(0.67761 0.706669 -5.34647e-20)
(0.622849 0.745558 3.6318e-20)
(0.55165 0.759239 4.16159e-20)
(0.457691 0.720805 5.68605e-21)
(0.334512 0.58542 -2.46899e-20)
(0.892376 0.506153 -8.96386e-21)
(0.875988 0.546683 -5.60625e-20)
(0.854367 0.592454 2.381e-20)
(0.82959 0.641289 -5.48027e-21)
(0.799512 0.691568 -1.89002e-20)
(0.760894 0.738779 9.91567e-21)
(0.709131 0.773555 -4.02679e-21)
(0.637046 0.779267 -7.35717e-21)
(0.534731 0.728096 4.21089e-21)
(0.389209 0.575488 -7.9645e-21)
(0.953373 0.528369 1.96515e-20)
(0.941321 0.569645 6.42032e-21)
(0.924636 0.61602 -4.07012e-20)
(0.905363 0.664743 3.19915e-20)
(0.88064 0.713891 -1.54641e-20)
(0.846459 0.758323 -2.14546e-21)
(0.796962 0.787875 -6.31261e-21)
(0.722916 0.78525 -2.01164e-21)
(0.610976 0.722706 -4.77814e-20)
(0.442089 0.557785 3.03201e-20)
(1.01353 0.542042 -2.71138e-20)
(1.00549 0.583222 1.97618e-20)
(0.994827 0.629532 -6.90128e-21)
(0.981673 0.677304 -2.79326e-21)
(0.962265 0.724221 -9.00639e-21)
(0.932021 0.764665 -4.53402e-21)
(0.883906 0.788014 6.40237e-21)
(0.80678 0.776865 3.46543e-20)
(0.68424 0.704553 4.64658e-20)
(0.491978 0.532474 7.21201e-21)
(0.769922 -0.318737 1.40433e-19)
(0.740743 -0.340068 -8.77782e-20)
(0.703648 -0.359466 3.33399e-20)
(0.658008 -0.371842 -7.60171e-20)
(0.599058 -0.372486 -4.98588e-20)
(0.520762 -0.353868 -7.72885e-20)
(0.415526 -0.305068 -9.39159e-20)
(0.273814 -0.211709 -4.30301e-20)
(0.084322 -0.0555611 -5.97089e-20)
(-0.167397 0.186194 2.96471e-20)
(0.727269 -0.285413 -8.40551e-20)
(0.696998 -0.305318 -6.97275e-20)
(0.658074 -0.323866 1.205e-19)
(0.610772 -0.336503 5.92752e-20)
(0.551345 -0.338406 8.81134e-20)
(0.474492 -0.322011 -1.48528e-19)
(0.373601 -0.276251 5.12237e-20)
(0.240547 -0.186261 1.0502e-19)
(0.0664006 -0.0326437 7.16037e-20)
(-0.158661 0.209778 -7.64573e-20)
(0.687312 -0.245823 3.95969e-20)
(0.655116 -0.263714 -1.60987e-20)
(0.614587 -0.280676 1.70706e-19)
(0.565738 -0.292591 -1.02975e-19)
(0.505546 -0.294685 -8.39169e-20)
(0.429565 -0.27957 4.84066e-20)
(0.332304 -0.236371 -7.09366e-22)
(0.207263 -0.150254 -2.10728e-19)
(0.0482356 -0.00150797 -8.5639e-21)
(-0.149373 0.236009 6.72431e-20)
(0.65236 -0.201886 2.61719e-19)
(0.617822 -0.216996 -1.22382e-19)
(0.575435 -0.231303 4.11613e-20)
(0.524873 -0.241235 -7.03315e-20)
(0.463624 -0.242251 1.83957e-19)
(0.388052 -0.227304 -9.7985e-21)
(0.29381 -0.185987 -3.47374e-20)
(0.176103 -0.104011 5.44046e-21)
(0.0316231 0.0377559 1.73863e-20)
(-0.138705 0.264889 -8.75488e-20)
(0.6232 -0.153513 -2.2615e-19)
(0.586298 -0.165277 -2.46615e-21)
(0.542008 -0.176152 9.19548e-20)
(0.48972 -0.183104 -4.47264e-21)
(0.427313 -0.181934 -1.05743e-20)
(0.35189 -0.166097 1.2106e-19)
(0.260211 -0.12594 -2.26373e-20)
(0.149167 -0.0482329 2.79279e-20)
(0.0183425 0.0846716 5.39259e-21)
(-0.125852 0.296198 1.16752e-19)
(0.600443 -0.101087 8.33415e-21)
(0.561423 -0.109038 -1.32547e-19)
(0.515421 -0.115878 1.19564e-19)
(0.461593 -0.11904 -1.05075e-20)
(0.39814 -0.114736 2.02603e-20)
(0.322823 -0.0970578 -1.02155e-19)
(0.233421 -0.0573678 -1.52854e-20)
(0.128407 0.0160223 -7.67356e-21)
(0.0100748 0.138403 -5.35003e-20)
(-0.110048 0.329512 -2.54063e-20)
(0.584614 -0.0453331 1.16497e-19)
(0.543912 -0.0490601 -1.11125e-19)
(0.496571 -0.0513703 -5.27871e-21)
(0.441575 -0.0500836 -1.31954e-19)
(0.37739 -0.0418549 7.2084e-20)
(0.302342 -0.0215199 -4.56468e-20)
(0.215108 0.0183166 3.83194e-20)
(0.115548 0.0873713 -7.35539e-20)
(0.00832221 0.197791 -6.89831e-20)
(-0.0906145 0.36423 -4.94459e-20)
(0.57612 0.0128733 7.29822e-20)
(0.534316 0.0137057 -7.41766e-20)
(0.486151 0.0163104 3.28965e-20)
(0.430513 0.0225571 2.31921e-20)
(0.366084 0.0353341 -4.28333e-20)
(0.291657 0.0589774 7.36529e-20)
(0.206643 0.0994543 4.48913e-20)
(0.112028 0.164149 -1.3648e-19)
(0.0143434 0.261397 2.29898e-20)
(-0.0669924 0.399589 5.95558e-20)
(0.575244 0.0725507 7.74594e-20)
(0.533024 0.0781794 -1.17528e-20)
(0.484652 0.0859707 -6.73605e-21)
(0.42902 0.0975375 -5.36887e-22)
(0.364978 0.115306 2.87746e-20)
(0.291674 0.142723 -8.50279e-20)
(0.209069 0.184183 7.01234e-20)
(0.118948 0.244456 5.45943e-21)
(0.029106 0.327555 -2.57425e-21)
(-0.0387755 0.434707 4.35488e-20)
(0.582143 0.132646 -2.24804e-20)
(0.540261 0.143197 -2.36273e-21)
(0.492369 0.156325 6.24867e-21)
(0.43747 0.173415 6.94552e-21)
(0.374546 0.196428 1.75076e-20)
(0.302979 0.227877 -1.26601e-20)
(0.22307 0.270485 -7.43089e-21)
(0.137042 0.326212 -1.15819e-20)
(0.0532601 0.394417 1.07161e-20)
(-0.00571183 0.468608 -7.83683e-21)
(0.829515 -0.352315 1.39207e-19)
(0.879222 -0.374544 -5.13463e-20)
(0.924876 -0.391378 1.34339e-20)
(0.96666 -0.400931 5.54628e-20)
(1.00469 -0.403379 2.86459e-20)
(1.03806 -0.39913 2.36964e-21)
(1.06543 -0.388391 3.42877e-21)
(1.08526 -0.371375 -1.91751e-21)
(1.09589 -0.348421 -1.04912e-21)
(1.0956 -0.32006 9.18169e-22)
(0.793173 -0.369733 6.42266e-20)
(0.844959 -0.391511 5.20263e-20)
(0.893465 -0.4068 4.84802e-20)
(0.937406 -0.414318 -1.42591e-20)
(0.976098 -0.414052 -1.26918e-20)
(1.00854 -0.40635 -1.07853e-20)
(1.03336 -0.391562 2.20276e-21)
(1.04901 -0.370158 1.21434e-21)
(1.05388 -0.342805 1.60733e-21)
(1.04643 -0.310419 -1.84547e-21)
(0.754513 -0.38667 -1.88925e-19)
(0.806266 -0.406026 1.9018e-20)
(0.855226 -0.418119 -9.18798e-20)
(0.899149 -0.422175 -1.45647e-20)
(0.936662 -0.418065 4.69992e-20)
(0.96644 -0.406103 1.50892e-20)
(0.987016 -0.386808 -7.59491e-22)
(0.996876 -0.360925 -1.43916e-21)
(0.994589 -0.32946 -6.40261e-21)
(0.978978 -0.293709 1.29573e-21)
(0.708048 -0.39751 -4.9917e-20)
(0.758348 -0.414215 -7.279e-20)
(0.805685 -0.422527 -6.98444e-21)
(0.84749 -0.422224 -2.36349e-20)
(0.881873 -0.413397 -2.46723e-20)
(0.907196 -0.39654 -2.31141e-21)
(0.921922 -0.372442 -3.56187e-21)
(0.924672 -0.342179 -1.88492e-23)
(0.914333 -0.307124 6.482e-21)
(0.89022 -0.268938 -1.53517e-21)
(0.647791 -0.3961 -1.08225e-19)
(0.695501 -0.409675 1.13513e-19)
(0.73945 -0.413794 6.31729e-21)
(0.777086 -0.408723 -5.43806e-21)
(0.80631 -0.394945 1.31654e-20)
(0.825372 -0.373291 4.99151e-21)
(0.83282 -0.344912 -3.80689e-21)
(0.827549 -0.311258 7.47284e-21)
(0.808902 -0.274057 -1.21541e-21)
(0.776785 -0.235263 -6.41936e-22)
(0.56669 -0.37461 1.55607e-19)
(0.610204 -0.38459 -8.62229e-20)
(0.648866 -0.38449 -2.62222e-20)
(0.680308 -0.374996 -6.07852e-21)
(0.702508 -0.357026 -1.05642e-20)
(0.713855 -0.331815 5.22528e-21)
(0.713175 -0.300898 -4.16498e-21)
(0.699792 -0.266068 -3.21807e-21)
(0.673597 -0.229322 2.09337e-21)
(0.635116 -0.192762 2.81891e-21)
(0.456009 -0.322566 2.5349e-20)
(0.49291 -0.329205 1.57109e-20)
(0.524045 -0.325862 3.17221e-21)
(0.547339 -0.313591 -9.82441e-21)
(0.56107 -0.293706 3.02753e-20)
(0.563979 -0.267803 1.29627e-21)
(0.555334 -0.237715 -5.23929e-22)
(0.534976 -0.205447 6.10938e-22)
(0.503355 -0.173078 2.97425e-21)
(0.461533 -0.142648 -2.14507e-21)
(0.304934 -0.226618 7.32992e-20)
(0.331912 -0.231606 5.24115e-20)
(0.352907 -0.227757 -8.82137e-20)
(0.36627 -0.216381 -1.65033e-20)
(0.370737 -0.199032 -2.90789e-20)
(0.365542 -0.177479 -1.65719e-21)
(0.350453 -0.153632 -7.19032e-21)
(0.325803 -0.129447 9.41385e-21)
(0.292474 -0.10682 -7.98739e-23)
(0.251843 -0.0874703 4.5688e-21)
(0.100215 -0.0705077 -1.33991e-20)
(0.112614 -0.0780935 -8.73271e-20)
(0.120207 -0.0794362 6.60389e-20)
(0.121918 -0.0758187 -2.21864e-20)
(0.117049 -0.0686822 2.86173e-20)
(0.105335 -0.0595802 -1.61876e-21)
(0.0869594 -0.0500966 -5.78265e-21)
(0.0625426 -0.0417527 1.85501e-22)
(0.0330962 -0.0359166 -4.39871e-22)
(-6.10656e-05 -0.0337287 -2.33984e-21)
(-0.176414 0.16497 -1.34536e-20)
(-0.185984 0.146076 4.57405e-20)
(-0.196693 0.128861 -1.90114e-20)
(-0.208867 0.112683 5.83201e-21)
(-0.222624 0.096889 -5.57674e-21)
(-0.237876 0.080819 -1.25513e-21)
(-0.254331 0.0638467 9.83163e-22)
(-0.271519 0.0454232 4.75347e-21)
(-0.288832 0.0251134 -2.26151e-21)
(-0.305581 0.00260626 -8.13653e-22)
(1.08278 -0.287088 1.51732e-21)
(1.05612 -0.250706 -7.46742e-21)
(1.01494 -0.212563 4.13e-20)
(0.959372 -0.174791 -3.00936e-20)
(0.890606 -0.139947 3.56183e-21)
(0.810844 -0.110847 -3.08218e-20)
(0.722984 -0.090272 1.54697e-19)
(0.629764 -0.0805566 7.84e-21)
(0.529838 -0.0836017 -4.62292e-20)
(0.411805 -0.0958381 1.04386e-19)
(1.02537 -0.274221 5.03222e-21)
(0.989932 -0.235847 -1.5135e-20)
(0.940081 -0.197299 -1.54043e-20)
(0.876698 -0.160902 -1.14286e-20)
(0.801633 -0.129158 -3.3002e-20)
(0.717519 -0.104508 -7.81829e-22)
(0.627264 -0.089007 -1.01316e-20)
(0.53303 -0.0838297 2.85431e-20)
(0.433673 -0.0888003 9.21513e-20)
(0.323601 -0.0974008 -2.0326e-20)
(0.949242 -0.255277 -3.41437e-21)
(0.905271 -0.216124 3.04524e-20)
(0.847763 -0.178445 8.03096e-21)
(0.778291 -0.144556 -1.69187e-21)
(0.69924 -0.116697 3.59784e-20)
(0.613516 -0.0967606 1.56349e-20)
(0.524004 -0.0859441 3.03629e-20)
(0.432744 -0.084271 -3.29463e-20)
(0.339681 -0.0899991 -6.57717e-20)
(0.243566 -0.0966572 -1.54663e-19)
(0.85215 -0.229535 4.20529e-21)
(0.800729 -0.191076 -1.34081e-20)
(0.737363 -0.155776 1.96293e-20)
(0.664208 -0.125763 -4.46593e-20)
(0.58402 -0.102858 -2.64993e-20)
(0.499819 -0.0883246 -1.25446e-20)
(0.414414 -0.0825651 -6.37293e-20)
(0.329857 -0.0847838 -2.95007e-20)
(0.247009 -0.0926262 3.56689e-21)
(0.166767 -0.100929 4.79427e-20)
(0.731683 -0.196974 2.09542e-21)
(0.674881 -0.161377 -3.11498e-23)
(0.608371 -0.130523 1.29543e-20)
(0.534704 -0.106179 3.99781e-20)
(0.456783 -0.0896391 -6.77167e-21)
(0.377551 -0.0815261 -5.93001e-20)
(0.299615 -0.0815874 1.00005e-19)
(0.22493 -0.0885211 -3.05203e-20)
(0.154741 -0.099855 -2.2998e-20)
(0.0904996 -0.111629 -1.08615e-20)
(0.585446 -0.158484 -5.76748e-21)
(0.526404 -0.128499 6.14075e-21)
(0.460354 -0.104508 2.03487e-20)
(0.389977 -0.0877898 -1.95809e-20)
(0.318076 -0.0790709 3.90207e-20)
(0.247314 -0.0783957 -4.75748e-21)
(0.179949 -0.0850303 3.73972e-21)
(0.117681 -0.0974132 2.52107e-20)
(0.0617084 -0.113186 1.97699e-20)
(0.0132791 -0.129279 6.39291e-21)
(0.411046 -0.116033 8.54536e-22)
(0.353992 -0.0948595 -1.16462e-21)
(0.292817 -0.0803366 2.90928e-20)
(0.230047 -0.0731999 -3.48497e-20)
(0.168142 -0.07364 -6.6526e-20)
(0.109305 -0.0812527 3.21394e-20)
(0.0553316 -0.0950187 -1.70214e-20)
(0.00754417 -0.113326 1.82578e-20)
(-0.0331222 -0.134063 5.1394e-20)
(-0.0658459 -0.154817 -5.56267e-20)
(0.205604 -0.0728403 -9.10944e-22)
(0.15581 -0.0639944 -1.82028e-20)
(0.104663 -0.0615916 2.58686e-20)
(0.0542582 -0.0658521 1.60185e-20)
(0.00650751 -0.0765451 -4.88697e-20)
(-0.0369683 -0.0929982 -3.84865e-20)
(-0.0749063 -0.114119 -2.73849e-21)
(-0.106406 -0.138439 5.98836e-21)
(-0.130861 -0.1642 7.83929e-21)
(-0.147838 -0.189529 -2.16811e-20)
(-0.035454 -0.0360376 1.53968e-21)
(-0.0714583 -0.0432281 2.52352e-20)
(-0.106463 -0.0554661 1.04666e-20)
(-0.139046 -0.0725889 -3.4317e-20)
(-0.167995 -0.0941365 3.4087e-20)
(-0.192351 -0.119396 -4.48085e-20)
(-0.211405 -0.147432 5.87281e-20)
(-0.224676 -0.177114 -7.06738e-20)
(-0.231866 -0.20717 -3.74478e-20)
(-0.232803 -0.236279 -1.00899e-19)
(-0.321017 -0.0223103 -4.44186e-22)
(-0.33442 -0.0492893 -7.38578e-21)
(-0.345173 -0.0782469 5.48722e-21)
(-0.352753 -0.108896 6.54609e-21)
(-0.356775 -0.140835 -1.48003e-20)
(-0.356984 -0.173593 1.46302e-20)
(-0.353227 -0.206649 -1.79229e-20)
(-0.34543 -0.239428 1.3913e-20)
(-0.333576 -0.271322 -3.53259e-20)
(-0.317669 -0.301722 3.89827e-20)
(-0.297627 -0.330011 5.58193e-20)
(-0.227472 -0.263243 -4.18618e-20)
(-0.157061 -0.212846 -4.34305e-20)
(-0.0896992 -0.173583 5.8392e-20)
(-0.0255502 -0.14296 -5.34098e-21)
(0.0359524 -0.119606 6.94379e-20)
(0.0950079 -0.102222 7.8738e-21)
(0.151869 -0.0899173 -6.2282e-20)
(0.207874 -0.0827613 1.14804e-19)
(0.262255 -0.0776213 -1.58249e-20)
(-0.274108 -0.355309 -5.89751e-20)
(-0.216386 -0.287085 1.61434e-19)
(-0.158705 -0.233272 -6.77415e-21)
(-0.104147 -0.189857 -5.33155e-20)
(-0.0527984 -0.154653 4.22906e-20)
(-0.00399678 -0.126245 -9.62836e-20)
(0.042665 -0.103244 1.10921e-19)
(0.0878187 -0.0846643 -9.36625e-20)
(0.132975 -0.0707421 1.69359e-20)
(0.176466 -0.0608878 7.31274e-20)
(-0.247508 -0.37751 3.38593e-20)
(-0.200285 -0.307368 -1.01717e-19)
(-0.153651 -0.250371 3.53288e-20)
(-0.110195 -0.203483 -1.95525e-20)
(-0.069795 -0.164808 3.61355e-20)
(-0.0316476 -0.13302 -2.70531e-20)
(0.00481104 -0.106916 -2.56733e-20)
(0.0402609 -0.0857605 3.48142e-20)
(0.0757001 -0.0698143 -8.1199e-20)
(0.10912 -0.058939 1.21918e-19)
(-0.218305 -0.396413 -7.23249e-20)
(-0.180094 -0.323817 7.92929e-21)
(-0.143127 -0.263849 3.70126e-20)
(-0.109369 -0.214176 5.02183e-20)
(-0.07847 -0.173084 -7.67998e-20)
(-0.049545 -0.139296 6.3624e-21)
(-0.0220028 -0.111714 -4.28692e-20)
(0.004726 -0.0896856 -8.9893e-20)
(0.0312565 -0.073269 1.71373e-19)
(0.0558897 -0.0621567 6.56318e-20)
(-0.187029 -0.411883 5.06943e-20)
(-0.156784 -0.336291 1.15974e-20)
(-0.128397 -0.273545 4.52027e-20)
(-0.103173 -0.221679 -5.50757e-21)
(-0.080549 -0.178998 5.98314e-20)
(-0.0596077 -0.144144 2.94201e-20)
(-0.0397892 -0.115967 7.51479e-20)
(-0.0206539 -0.0936985 -7.63651e-20)
(-0.00182642 -0.0770751 -7.88014e-21)
(0.0153919 -0.0655971 -8.58892e-20)
(-0.154206 -0.423866 3.36456e-20)
(-0.131277 -0.34481 -3.96378e-20)
(-0.110628 -0.279478 -8.88788e-21)
(-0.0929496 -0.225931 -1.55013e-20)
(-0.0775111 -0.182307 -1.70012e-20)
(-0.0634098 -0.147039 -2.16343e-20)
(-0.0501518 -0.118806 3.53366e-20)
(-0.0374211 -0.096636 -4.71971e-20)
(-0.0250059 -0.0799492 4.26039e-20)
(-0.0138767 -0.0680897 5.59611e-21)
(-0.120329 -0.432386 -5.8489e-20)
(-0.104389 -0.349546 -2.95117e-20)
(-0.0908144 -0.281871 5.12769e-20)
(-0.079796 -0.227121 -1.911e-20)
(-0.0705089 -0.183091 2.83252e-20)
(-0.0621131 -0.147902 -8.57825e-20)
(-0.0542122 -0.11999 6.55632e-20)
(-0.0466135 -0.0981547 -2.45839e-20)
(-0.0392382 -0.081552 4.44506e-20)
(-0.032834 -0.0694068 -5.36995e-20)
(-0.0858404 -0.437542 2.69679e-20)
(-0.0768037 -0.350819 -1.1605e-20)
(-0.0697479 -0.281142 -1.78984e-20)
(-0.0645445 -0.225682 -7.18519e-21)
(-0.0603709 -0.181745 3.97585e-21)
(-0.0565074 -0.147061 1.19494e-20)
(-0.0526928 -0.119782 -2.94528e-20)
(-0.0488707 -0.0984842 1.7964e-20)
(-0.0450908 -0.0821151 5.51201e-20)
(-0.0419938 -0.0698065 -5.33374e-20)
(-0.0511242 -0.439505 2.02276e-20)
(-0.049054 -0.349071 5.32216e-23)
(-0.0480092 -0.277865 2.78354e-20)
(-0.0477706 -0.22224 -2.40367e-20)
(-0.0476377 -0.178902 7.44447e-21)
(-0.0470804 -0.145136 -8.32937e-21)
(-0.0460182 -0.118793 -4.73033e-21)
(-0.0445544 -0.0982347 -2.75484e-20)
(-0.0428738 -0.0822422 3.00529e-20)
(-0.041623 -0.0698738 3.13499e-20)
(-0.0164746 -0.438503 -3.56973e-21)
(-0.0215058 -0.344821 -3.048e-21)
(-0.0259659 -0.272712 -2.74333e-21)
(-0.0298063 -0.217547 -1.05235e-20)
(-0.0325907 -0.175346 1.13717e-20)
(-0.0340597 -0.142927 4.15208e-21)
(-0.0343663 -0.117832 -8.91431e-21)
(-0.0338021 -0.0982172 5.47933e-22)
(-0.0326967 -0.082726 -5.40166e-21)
(-0.0318104 -0.0703563 -3.67859e-22)
(-0.0113721 -0.0396301 -1.11285e-21)
(-0.00272231 -0.0428113 -1.1083e-21)
(0.0484602 -0.0437251 2.48398e-21)
(0.0959794 -0.0452816 -1.6513e-21)
(0.155373 -0.0432144 -5.17701e-22)
(0.213199 -0.0367801 -1.0093e-21)
(0.271879 -0.0270337 3.51718e-22)
(0.328731 -0.0158635 -4.35868e-22)
(0.384219 -0.00622199 2.25466e-22)
(0.437858 -0.00213756 4.95128e-23)
(0.489438 -0.00648228 -2.51782e-22)
(0.537893 -0.0205439 6.27923e-23)
(0.579041 -0.0403949 -5.94747e-23)
(0.612799 -0.0559887 -1.16488e-22)
(0.6344 -0.0566101 1.89388e-23)
(0.660865 -0.0241132 -2.99994e-23)
(0.676852 0.0116019 1.21092e-23)
(0.719045 0.0516456 7.74521e-24)
(0.743427 0.0319218 -1.45665e-23)
(0.805542 -0.0159532 -3.96218e-24)
(0.0235933 -0.0416197 5.20114e-21)
(0.0341823 -0.053172 3.89283e-21)
(0.0878697 -0.0563188 -3.67819e-21)
(0.134869 -0.0585905 1.9921e-21)
(0.191958 -0.0562056 -3.83446e-21)
(0.246732 -0.0488167 -1.70377e-22)
(0.302061 -0.0380088 -3.52248e-22)
(0.355886 -0.0257493 -6.69032e-22)
(0.40896 -0.0150898 4.42402e-22)
(0.46097 -0.0100141 1.38831e-22)
(0.511422 -0.0133571 5.60273e-23)
(0.558812 -0.0261712 5.14174e-22)
(0.598272 -0.0446741 -5.46359e-22)
(0.629138 -0.0588645 -9.05354e-23)
(0.646817 -0.058885 6.95004e-23)
(0.668188 -0.0260617 4.56511e-23)
(0.681863 0.0091454 -9.07867e-23)
(0.722546 0.048882 1.13379e-22)
(0.750736 0.0287746 3.51963e-23)
(0.812186 -0.0181303 1.24203e-23)
(0.0715743 -0.0458123 -1.80062e-20)
(0.0846323 -0.0641983 2.47719e-21)
(0.14078 -0.0689268 1.72278e-20)
(0.18655 -0.0714019 -8.54483e-21)
(0.240155 -0.0685067 -1.07587e-21)
(0.290707 -0.0601608 -3.75014e-21)
(0.341516 -0.0483736 7.85659e-25)
(0.391207 -0.0351478 -1.35659e-21)
(0.440799 -0.0235834 -4.3632e-22)
(0.490146 -0.0175858 -3.72425e-22)
(0.538497 -0.0199372 -8.48673e-23)
(0.583937 -0.0314675 4.84392e-23)
(0.621044 -0.0485668 5.39764e-22)
(0.648586 -0.061327 -2.21925e-22)
(0.662192 -0.0607598 -1.2546e-22)
(0.678306 -0.0277508 1.29264e-22)
(0.6895 0.00679054 -2.75449e-23)
(0.728235 0.0460346 -6.21945e-23)
(0.759788 0.0255532 -1.32828e-22)
(0.81994 -0.0202604 3.39742e-23)
(0.132637 -0.0526352 -4.90026e-21)
(0.148288 -0.0757936 1.90498e-20)
(0.206122 -0.0813097 -8.96225e-21)
(0.249686 -0.0834318 -4.73063e-21)
(0.298577 -0.0798412 3.74865e-21)
(0.343806 -0.0705678 -6.79089e-22)
(0.389058 -0.0579123 1.55418e-21)
(0.433648 -0.0438666 -5.88259e-22)
(0.478819 -0.0315298 1.41692e-21)
(0.524576 -0.0247008 7.33229e-22)
(0.56994 -0.0260968 -1.58747e-21)
(0.612626 -0.0363428 2.20929e-22)
(0.646791 -0.0520215 -3.33292e-23)
(0.67067 -0.063357 3.66775e-22)
(0.680156 -0.0622256 7.44814e-23)
(0.690986 -0.0291638 -8.56596e-23)
(0.699612 0.0045702 -7.38906e-23)
(0.736025 0.043145 -1.53391e-22)
(0.77047 0.022296 2.08134e-22)
(0.828713 -0.0223242 -7.11927e-23)
(0.206867 -0.0623005 -2.12174e-21)
(0.224703 -0.087727 -1.14655e-21)
(0.282542 -0.0931333 -2.77878e-21)
(0.322594 -0.0943786 6.94407e-21)
(0.365504 -0.0899533 6.77154e-21)
(0.404408 -0.0798284 5.39396e-21)
(0.443238 -0.0664471 -3.06163e-21)
(0.481938 -0.0517475 9.98676e-22)
(0.521917 -0.0387836 7.13397e-22)
(0.5633 -0.0312277 8.31612e-22)
(0.604916 -0.0317255 -2.44055e-22)
(0.644156 -0.040718 -1.17099e-21)
(0.674896 -0.0549967 -2.03163e-24)
(0.694877 -0.064946 6.29811e-22)
(0.700296 -0.0632888 2.87747e-22)
(0.705942 -0.0303011 -1.31001e-22)
(0.71199 0.00250433 2.9305e-22)
(0.745765 0.0402517 4.76737e-23)
(0.78261 0.0190486 8.01066e-23)
(0.838376 -0.0242978 -1.12031e-23)
(0.294299 -0.0746883 -2.20112e-20)
(0.313218 -0.0995572 -3.13001e-21)
(0.368382 -0.10393 1.54709e-20)
(0.403271 -0.103897 -1.71301e-20)
(0.438947 -0.0985926 -1.6012e-20)
(0.470666 -0.0877571 -1.53273e-20)
(0.502418 -0.0738307 3.11716e-21)
(0.534657 -0.0586621 1.01702e-21)
(0.568876 -0.0452275 -1.86601e-21)
(0.605279 -0.0370606 -7.4607e-22)
(0.642537 -0.0367359 -3.38821e-22)
(0.677775 -0.0445345 1.21614e-21)
(0.704716 -0.0574667 -3.92077e-22)
(0.720666 -0.0660973 -3.1041e-22)
(0.722159 -0.0639637 -2.01208e-22)
(0.72284 -0.0311662 1.91907e-22)
(0.726377 0.000612641 1.6571e-23)
(0.757277 0.0373935 8.12538e-23)
(0.796026 0.015852 -1.52151e-22)
(0.848802 -0.0261617 3.14278e-23)
(0.394774 -0.089377 1.94452e-20)
(0.41278 -0.110713 1.03311e-20)
(0.461633 -0.113183 -7.08754e-21)
(0.489434 -0.111654 2.5681e-20)
(0.516725 -0.105558 -8.81181e-21)
(0.540599 -0.0942251 2.92291e-22)
(0.564861 -0.0799695 9.66653e-21)
(0.590304 -0.0645292 -1.08416e-21)
(0.618416 -0.0507825 -4.89596e-21)
(0.649432 -0.042124 3.54585e-22)
(0.681892 -0.0410642 -8.58197e-22)
(0.712721 -0.0477508 1.46294e-21)
(0.735609 -0.0594196 -6.88704e-22)
(0.747494 -0.0668257 1.75e-21)
(0.745276 -0.0642774 2.20319e-22)
(0.741312 -0.0317752 -3.74406e-22)
(0.742481 -0.00109396 -1.04918e-22)
(0.770344 0.0346056 -2.86131e-22)
(0.810517 0.0127474 8.14534e-23)
(0.859856 -0.0278967 -4.18647e-23)
(0.507749 -0.106054 3.54568e-20)
(0.521704 -0.121051 1.30086e-20)
(0.559896 -0.12077 -9.36616e-21)
(0.578588 -0.117667 3.48569e-21)
(0.596565 -0.110951 -1.04983e-20)
(0.612198 -0.0993513 6.62154e-21)
(0.628821 -0.0849626 -8.40076e-21)
(0.647382 -0.0694092 1.53163e-21)
(0.669267 -0.0554684 4.27208e-22)
(0.694691 -0.0464075 2.47715e-21)
(0.722093 -0.0446882 -4.44454e-22)
(0.748258 -0.0503541 -1.23056e-22)
(0.766956 -0.0608671 -7.22667e-22)
(0.774834 -0.0671691 -7.12583e-23)
(0.769181 -0.0642835 -8.24782e-22)
(0.760976 -0.0321659 -7.97495e-23)
(0.759979 -0.00261846 1.26488e-22)
(0.784725 0.0319192 2.88138e-22)
(0.825867 0.00977477 -1.01669e-22)
(0.871399 -0.0294854 4.84052e-23)
(0.631803 -0.123837 -7.90669e-21)
(0.637382 -0.130673 4.5462e-20)
(0.66041 -0.127001 -1.3272e-20)
(0.668153 -0.122392 -1.66443e-20)
(0.676241 -0.11524 1.23634e-21)
(0.683546 -0.103551 5.01007e-21)
(0.692652 -0.0891426 -3.06207e-21)
(0.704479 -0.0735433 2.05506e-21)
(0.720231 -0.0594409 1.03859e-21)
(0.740054 -0.0500002 -9.28343e-22)
(0.762306 -0.0476573 -3.05723e-21)
(0.783698 -0.0523815 1.29389e-21)
(0.798183 -0.0618532 -5.93599e-22)
(0.802193 -0.067185 -1.22065e-22)
(0.793429 -0.0640473 9.45454e-22)
(0.781444 -0.0323854 -4.56553e-23)
(0.778538 -0.0039723 -3.4225e-22)
(0.800161 0.0293589 3.51353e-23)
(0.841857 0.00696977 -5.39013e-23)
(0.883292 -0.0309133 3.30713e-23)
(0.76424 -0.135718 -5.14134e-21)
(0.755846 -0.135256 4.67816e-20)
(0.760069 -0.129666 -4.98805e-21)
(0.75561 -0.124478 -1.72847e-20)
(0.753712 -0.117462 1.36513e-20)
(0.752933 -0.106139 1.67544e-20)
(0.754893 -0.0920428 -1.08e-20)
(0.760345 -0.0766466 1.21764e-20)
(0.770245 -0.0625629 -6.91545e-21)
(0.784627 -0.0528713 5.44898e-21)
(0.80179 -0.0500021 -1.29943e-21)
(0.818433 -0.0538749 -1.74551e-21)
(0.828779 -0.0623917 -1.75134e-21)
(0.829124 -0.0668398 9.41539e-22)
(0.8176 -0.063486 8.85323e-23)
(0.802339 -0.0323482 -2.34257e-22)
(0.797818 -0.00509433 2.46683e-22)
(0.816391 0.0269501 -3.07812e-23)
(0.858273 0.00433654 2.67945e-23)
(0.895401 -0.0321807 -1.65826e-23)
(0.941857 -0.127069 0)
(0.901882 -0.122682 0)
(0.881671 -0.121242 0)
(0.86235 -0.11814 0)
(0.848972 -0.113175 0)
(0.839107 -0.103808 0)
(0.833121 -0.0913978 0)
(0.831467 -0.0773942 0)
(0.834753 -0.0643059 0)
(0.842827 -0.0550526 0)
(0.853914 -0.0520251 0)
(0.864753 -0.0550569 0)
(0.870021 -0.0623717 0)
(0.865927 -0.0655875 0)
(0.85125 -0.0618156 0)
(0.832194 -0.0315201 0)
(0.825889 -0.00609548 0)
(0.84029 0.0237899 0)
(0.881889 0.000780565 0)
(0.912558 -0.0337667 0)
(1.13617 -0.0859773 0)
(1.08013 -0.0957655 0)
(1.038 -0.104802 0)
(1.00242 -0.107436 0)
(0.975324 -0.105371 0)
(0.954103 -0.0983347 0)
(0.938098 -0.0879247 0)
(0.927389 -0.0758061 0)
(0.922153 -0.0643896 0)
(0.921956 -0.0563016 0)
(0.924952 -0.0536842 0)
(0.92797 -0.0560526 0)
(0.926429 -0.0618652 0)
(0.916574 -0.0632139 0)
(0.89824 -0.0582756 0)
(0.875071 -0.0289571 0)
(0.866978 -0.00627013 0)
(0.875689 0.019956 0)
(0.915691 -0.00376799 0)
(0.936704 -0.0355619 0)
(1.2801 -0.0414566 0)
(1.22453 -0.0629665 0)
(1.17553 -0.0807751 0)
(1.13281 -0.0901172 0)
(1.09738 -0.0923466 0)
(1.06789 -0.0887067 0)
(1.04384 -0.0810959 0)
(1.02536 -0.071431 0)
(1.01244 -0.0620915 0)
(1.00446 -0.0554501 0)
(0.999587 -0.0534516 0)
(0.994838 -0.0553192 0)
(0.986537 -0.0597908 0)
(0.971135 -0.059448 0)
(0.949804 -0.0534965 0)
(0.923622 -0.0255127 0)
(0.914626 -0.00583861 0)
(0.917479 0.0161656 0)
(0.954636 -0.00805121 0)
(0.964284 -0.0368619 0)
(1.3551 -0.00334485 0)
(1.31308 -0.0316532 0)
(1.27031 -0.0536318 0)
(1.23105 -0.0676379 0)
(1.19585 -0.0741342 0)
(1.16442 -0.0743934 0)
(1.13704 -0.0702272 0)
(1.11431 -0.0635786 0)
(1.09635 -0.0567339 0)
(1.08259 -0.0518026 0)
(1.0714 -0.0506041 0)
(1.06008 -0.0521622 0)
(1.04601 -0.0555788 0)
(1.02603 -0.0539656 0)
(1.00288 -0.0474428 0)
(0.975351 -0.0213252 0)
(0.966807 -0.00479447 0)
(0.964233 0.0126759 0)
(0.997428 -0.0115453 0)
(0.994446 -0.0372765 0)
(1.36892 0.0219875 0)
(1.34458 -0.00786924 0)
(1.31431 -0.0301205 0)
(1.28468 -0.0455812 0)
(1.25637 -0.0546021 0)
(1.22926 -0.0578934 0)
(1.20406 -0.0568187 0)
(1.18174 -0.0530735 0)
(1.16267 -0.0487134 0)
(1.14645 -0.0455058 0)
(1.13179 -0.045145 0)
(1.11637 -0.0465288 0)
(1.09869 -0.0491668 0)
(1.07601 -0.0467778 0)
(1.05275 -0.0402193 0)
(1.02591 -0.0165656 0)
(1.01951 -0.00313259 0)
(1.01268 0.0097626 0)
(1.04131 -0.0137215 0)
(1.02543 -0.0363843 0)
(1.34587 0.0338734 0)
(1.33581 0.00679094 0)
(1.31782 -0.0134669 0)
(1.29835 -0.0280219 0)
(1.27863 -0.0375582 0)
(1.25856 -0.0424191 0)
(1.23871 -0.0434299 0)
(1.2201 -0.0418703 0)
(1.20319 -0.0394705 0)
(1.18777 -0.0376088 0)
(1.17281 -0.0378251 0)
(1.1564 -0.0389734 0)
(1.13798 -0.0409646 0)
(1.11513 -0.0382585 0)
(1.09376 -0.0322293 0)
(1.06957 -0.0117074 0)
(1.0669 -0.00113763 0)
(1.05763 0.00754407 0)
(1.08195 -0.0141488 0)
(1.05445 -0.0337677 0)
(1.30821 0.0357621 0)
(1.30708 0.0139624 0)
(1.29847 -0.00308484 0)
(1.28704 -0.0156004 0)
(1.27435 -0.0243193 0)
(1.26056 -0.0295235 0)
(1.24608 -0.0316432 0)
(1.23175 -0.0314877 0)
(1.21806 -0.0303972 0)
(1.20493 -0.0293693 0)
(1.19166 -0.0297558 0)
(1.17656 -0.0304908 0)
(1.15984 -0.0318213 0)
(1.13909 -0.0291468 0)
(1.12125 -0.0241147 0)
(1.10094 -0.00742084 0)
(1.10282 0.00061936 0)
(1.09303 0.00586731 0)
(1.11418 -0.0127257 0)
(1.07814 -0.0291584 0)
(1.26957 0.0306674 0)
(1.27323 0.0151715 0)
(1.27102 0.00228429 0)
(1.26537 -0.00747719 0)
(1.25763 -0.014526 0)
(1.24828 -0.019134 0)
(1.23771 -0.0215363 0)
(1.22659 -0.0221424 0)
(1.21544 -0.0218587 0)
(1.2043 -0.0213242 0)
(1.19289 -0.0216254 0)
(1.17971 -0.0219056 0)
(1.16562 -0.0225959 0)
(1.14793 -0.0202499 0)
(1.13417 -0.0164979 0)
(1.11769 -0.00423852 0)
(1.12358 0.00153287 0)
(1.11458 0.00434736 0)
(1.13402 -0.00982997 0)
(1.09366 -0.0225978 0)
(1.2376 0.0207301 0)
(1.24352 0.0115617 0)
(1.24526 0.0035204 0)
(1.24353 -0.00278785 0)
(1.23912 -0.0074566 0)
(1.23264 -0.0106689 0)
(1.22456 -0.0125698 0)
(1.21544 -0.0133216 0)
(1.20581 -0.0134218 0)
(1.1958 -0.0132007 0)
(1.18554 -0.0133697 0)
(1.17374 -0.0133747 0)
(1.16176 -0.0136089 0)
(1.14664 -0.0119401 0)
(1.1362 -0.00960841 0)
(1.12244 -0.00216461 0)
(1.13069 0.00139366 0)
(1.12271 0.00266911 0)
(1.14142 -0.00613041 0)
(1.10053 -0.01443 0)
(1.21813 0.00737893 0)
(1.22491 0.0043402 0)
(1.2286 0.0015975 0)
(1.229 -0.000602272 0)
(1.22645 -0.00225238 0)
(1.2215 -0.00341322 0)
(1.21473 -0.00413971 0)
(1.20664 -0.00447217 0)
(1.19775 -0.00456553 0)
(1.18821 -0.00451601 0)
(1.17845 -0.00457055 0)
(1.16727 -0.00453643 0)
(1.15641 -0.00457019 0)
(1.14266 -0.00395165 0)
(1.13404 -0.00315146 0)
(1.12156 -0.000674627 0)
(1.13055 0.000538052 0)
(1.12312 0.000875586 0)
(1.14151 -0.00208412 0)
(1.10168 -0.00499418 0)
(1.47179 0.245107 3.03776e-21)
(1.47092 0.200702 -3.30187e-21)
(1.45935 0.154178 -3.54371e-20)
(1.43583 0.106336 -6.17522e-21)
(1.39934 0.0582853 2.32521e-20)
(1.34934 0.0115888 2.43502e-20)
(1.28617 -0.0315445 6.71099e-20)
(1.21188 -0.0679756 -4.19838e-20)
(1.13075 -0.093196 5.53376e-21)
(1.0248 -0.1026 -2.79583e-20)
(1.44017 0.227875 -6.3282e-22)
(1.44817 0.198279 -8.5911e-21)
(1.45018 0.167028 2.53435e-20)
(1.44526 0.134263 2.15729e-20)
(1.4324 0.100207 2.93751e-20)
(1.4106 0.0652309 4.92491e-20)
(1.37892 0.0299479 2.68682e-20)
(1.33664 -0.00463555 -8.11504e-21)
(1.28516 -0.0371479 -5.62941e-20)
(1.20422 -0.0663854 6.85473e-20)
(1.39864 0.203678 1.56784e-21)
(1.41008 0.183688 -2.7537e-21)
(1.41874 0.162853 9.20799e-21)
(1.424 0.141022 8.78075e-22)
(1.425 0.117996 -5.10665e-21)
(1.42072 0.0935682 -4.21045e-20)
(1.40997 0.0676059 1.97994e-20)
(1.39145 0.0401891 -1.67761e-20)
(1.36641 0.0117612 7.8176e-20)
(1.32044 -0.0184063 5.69683e-20)
(1.35644 0.175825 4.13594e-21)
(1.36749 0.161844 2.20001e-21)
(1.37735 0.147502 -3.80898e-21)
(1.38574 0.132691 -1.55375e-20)
(1.39229 0.11726 2.75245e-21)
(1.39647 0.101028 6.31294e-21)
(1.3977 0.083814 -1.82981e-20)
(1.39513 0.0654632 2.10047e-21)
(1.38912 0.0459589 -3.82121e-20)
(1.37171 0.0233959 -5.3597e-20)
(1.31659 0.147776 -2.06991e-21)
(1.32623 0.137898 4.28631e-22)
(1.33535 0.127915 1.74758e-21)
(1.34389 0.117798 9.42379e-21)
(1.35175 0.107493 1.46115e-22)
(1.35875 0.0969091 -1.20431e-20)
(1.36464 0.0859166 -2.60038e-21)
(1.36898 0.074346 1.90824e-20)
(1.37168 0.0620577 1.03314e-21)
(1.36996 0.047585 1.77609e-20)
(1.27956 0.120247 -3.31077e-22)
(1.28773 0.113377 -8.66023e-22)
(1.29563 0.106479 -1.05833e-21)
(1.30324 0.0995491 4.69558e-21)
(1.31054 0.0925731 3.93518e-21)
(1.31748 0.0855203 9.92941e-21)
(1.324 0.0783439 1.9569e-20)
(1.32996 0.0709786 -2.69698e-20)
(1.33528 0.0633481 2.26061e-20)
(1.33948 0.054666 -6.22634e-21)
(1.24575 0.0933173 1.31519e-21)
(1.2526 0.0886936 -2.88362e-22)
(1.25926 0.0840663 -2.14322e-21)
(1.26572 0.0794379 -4.41691e-21)
(1.27199 0.0748077 -1.74151e-20)
(1.27805 0.0701713 4.12135e-21)
(1.28389 0.0655195 -8.45609e-21)
(1.28949 0.0608363 5.51321e-21)
(1.29481 0.0560863 -1.41441e-21)
(1.29993 0.0508919 -8.11719e-21)
(1.2164 0.0669366 -2.65534e-22)
(1.22213 0.064018 -2.26797e-21)
(1.2277 0.0611049 9.50577e-22)
(1.2331 0.0581991 -1.258e-21)
(1.23832 0.0553013 -4.15118e-22)
(1.24336 0.0524112 -2.53007e-21)
(1.24821 0.0495271 -7.33724e-22)
(1.25288 0.0466455 -3.7428e-21)
(1.25735 0.0437514 4.53768e-21)
(1.26173 0.0406713 -3.38091e-21)
(1.19337 0.0407564 4.21302e-22)
(1.19826 0.0391575 -8.69778e-22)
(1.20297 0.0375629 1.93865e-21)
(1.20751 0.0359727 -5.12959e-21)
(1.21186 0.0343867 3.86058e-21)
(1.21602 0.0328045 4.6611e-22)
(1.21999 0.0312254 -9.59786e-22)
(1.22376 0.0296484 1.65444e-21)
(1.22734 0.0280668 -1.09621e-21)
(1.23076 0.0264074 2.67938e-22)
(1.17955 0.0136857 -5.61929e-22)
(1.18391 0.0131996 5.60536e-22)
(1.18809 0.0127165 7.25066e-22)
(1.19209 0.0122344 -5.72371e-22)
(1.1959 0.0117511 -4.04453e-21)
(1.19951 0.0112646 1.02834e-21)
(1.20293 0.0107733 6.63558e-22)
(1.20615 0.0102755 2.7595e-21)
(1.20917 0.00976851 -6.69522e-21)
(1.212 0.0092336 -2.1463e-21)
(1.13152 0.474126 4.07313e-21)
(1.18235 0.472874 -2.855e-21)
(1.2308 0.467115 1.02157e-20)
(1.27581 0.455872 -2.44468e-20)
(1.31833 0.439165 -1.8961e-20)
(1.35765 0.417396 -9.01273e-21)
(1.39272 0.390932 9.04427e-21)
(1.42264 0.360103 3.13001e-20)
(1.44648 0.325259 3.04831e-21)
(1.46324 0.286787 -5.59409e-21)
(1.16014 0.410755 -6.14735e-21)
(1.20079 0.40339 1.02567e-20)
(1.23858 0.393216 3.73676e-21)
(1.27275 0.380471 -1.06871e-20)
(1.30494 0.365236 -2.98366e-20)
(1.33526 0.347617 8.82962e-21)
(1.36308 0.327751 -1.35915e-20)
(1.38793 0.305748 -2.29009e-20)
(1.4094 0.281702 5.08737e-21)
(1.42701 0.255712 2.20635e-21)
(1.18236 0.347822 -9.73878e-21)
(1.21303 0.340256 -1.86828e-20)
(1.24046 0.330484 1.34325e-21)
(1.26526 0.318927 2.2099e-20)
(1.28874 0.305865 2.62732e-20)
(1.3111 0.291425 -2.18785e-20)
(1.33207 0.275756 8.5894e-21)
(1.35142 0.259023 -6.5094e-21)
(1.36906 0.24137 -3.06845e-21)
(1.38487 0.222902 6.82138e-22)
(1.1934 0.289151 9.19761e-21)
(1.21598 0.281713 1.19845e-20)
(1.23531 0.272868 -8.80243e-22)
(1.25308 0.262943 -1.496e-20)
(1.27026 0.252176 -4.31984e-21)
(1.28683 0.240683 -4.46636e-22)
(1.30257 0.228564 1.1962e-20)
(1.31741 0.21593 7.50878e-22)
(1.33134 0.202885 -1.68014e-21)
(1.34436 0.189503 -2.42263e-21)
(1.19289 0.234524 -6.87932e-21)
(1.20918 0.227783 3.75595e-21)
(1.22285 0.220303 -9.18861e-21)
(1.23571 0.212309 -3.4237e-21)
(1.2485 0.2039 3.7957e-22)
(1.26106 0.19513 6.08534e-21)
(1.27316 0.186053 -6.58833e-21)
(1.28475 0.176729 3.92675e-21)
(1.29585 0.167214 -3.09643e-21)
(1.30646 0.157552 2.05099e-21)
(1.18367 0.18355 -4.17754e-23)
(1.19542 0.178099 -5.24909e-21)
(1.20544 0.172307 5.8484e-21)
(1.21512 0.166309 1.853e-21)
(1.22491 0.160122 1.42284e-21)
(1.23465 0.153755 -3.3573e-21)
(1.24417 0.147237 1.99435e-21)
(1.25342 0.140601 -7.67489e-21)
(1.2624 0.133875 3.68018e-21)
(1.27111 0.127084 -6.91383e-22)
(1.16932 0.137081 2.9484e-21)
(1.17804 0.133123 2.41435e-21)
(1.1858 0.129004 -2.5182e-21)
(1.19344 0.124798 2.76573e-21)
(1.2012 0.120498 -9.94661e-22)
(1.20897 0.116104 5.51978e-21)
(1.21663 0.111632 7.46518e-22)
(1.22415 0.107102 -7.06232e-22)
(1.23152 0.102531 -1.23462e-21)
(1.23872 0.097932 9.66211e-22)
(1.15314 0.0950845 -5.60978e-22)
(1.16002 0.092481 5.08593e-22)
(1.16642 0.0897945 2.12103e-21)
(1.17278 0.0870629 -3.15161e-21)
(1.17921 0.084282 5.3413e-21)
(1.18566 0.0814518 -1.1765e-21)
(1.19203 0.0785828 -1.77925e-21)
(1.19831 0.0756877 3.80055e-21)
(1.20447 0.0727767 -1.04547e-21)
(1.21051 0.0698575 1.17185e-22)
(1.1384 0.0564002 9.58332e-22)
(1.14428 0.0549276 -1.06137e-21)
(1.14994 0.0534164 -1.02434e-21)
(1.15556 0.0518847 -4.6783e-22)
(1.16119 0.0503308 8.16033e-22)
(1.1668 0.0487558 1.30545e-21)
(1.17234 0.0471655 -3.54349e-21)
(1.17779 0.0455661 2.30022e-21)
(1.18312 0.0439626 -1.04398e-21)
(1.18831 0.0423585 -9.9682e-24)
(1.12883 0.0187904 -5.98069e-22)
(1.13435 0.0182845 -1.27931e-21)
(1.13972 0.0177674 -3.0562e-21)
(1.14503 0.0172473 -4.22326e-22)
(1.15028 0.0167259 3.05352e-21)
(1.15546 0.0162053 -1.26783e-21)
(1.16054 0.0156885 2.26588e-22)
(1.1655 0.0151775 4.54865e-22)
(1.17033 0.0146735 4.15968e-22)
(1.17502 0.0141765 -4.90147e-22)
(0.999968 0.00819182 0)
(0.99851 0.0248991 0)
(0.996152 0.0430908 0)
(0.991762 0.0641142 0)
(0.987698 0.0894438 0)
(0.980527 0.122791 0)
(0.978792 0.164777 0)
(0.973598 0.230127 0)
(0.996431 0.303357 0)
(1.0345 0.467956 0)
(1.00001 0.00843471 0)
(0.999124 0.0256148 0)
(0.99786 0.0442001 0)
(0.995274 0.0655493 0)
(0.993959 0.0908446 0)
(0.990833 0.123801 0)
(0.99546 0.163319 0)
(0.998725 0.225221 0)
(1.03512 0.282145 0)
(1.07706 0.423333 0)
(1.00004 0.00856219 0)
(0.99978 0.0259864 0)
(0.999731 0.0446859 0)
(0.999215 0.0660233 0)
(1.00077 0.0906865 0)
(1.00206 0.122455 0)
(1.01196 0.157854 0)
(1.0233 0.213705 0)
(1.06327 0.252844 0)
(1.11251 0.362605 0)
(1.00007 0.00851021 0)
(1.00048 0.0258313 0)
(1.00169 0.0442388 0)
(1.00339 0.065067 0)
(1.00767 0.0884049 0)
(1.01342 0.118096 0)
(1.02695 0.14846 0)
(1.04531 0.196721 0)
(1.08312 0.222476 0)
(1.13713 0.304632 0)
(1.0001 0.00819979 0)
(1.00119 0.024893 0)
(1.00361 0.0424177 0)
(1.00747 0.0620411 0)
(1.0141 0.0832353 0)
(1.02379 0.109805 0)
(1.03949 0.134698 0)
(1.06269 0.174204 0)
(1.09692 0.19118 0)
(1.14982 0.249239 0)
(1.00013 0.00756317 0)
(1.00184 0.022956 0)
(1.00531 0.0388942 0)
(1.01101 0.0565004 0)
(1.01948 0.0748152 0)
(1.03198 0.0972415 0)
(1.04888 0.11682 0)
(1.07394 0.146853 0)
(1.10466 0.158277 0)
(1.15173 0.195941 0)
(1.00015 0.0065524 0)
(1.00234 0.0198711 0)
(1.00665 0.0334791 0)
(1.01363 0.0482415 0)
(1.02337 0.0631226 0)
(1.03727 0.0806644 0)
(1.05458 0.0953743 0)
(1.07891 0.116258 0)
(1.1062 0.123976 0)
(1.14554 0.146338 0)
(1.00017 0.00514707 0)
(1.00266 0.0155836 0)
(1.0075 0.0261293 0)
(1.01515 0.0373239 0)
(1.02555 0.0483584 0)
(1.03967 0.0607487 0)
(1.05663 0.0709798 0)
(1.07882 0.08411 0)
(1.10285 0.0890563 0)
(1.13466 0.10126 0)
(1.00018 0.00335096 0)
(1.0028 0.0101264 0)
(1.00787 0.0169187 0)
(1.01572 0.0239817 0)
(1.02623 0.0308405 0)
(1.03989 0.0381955 0)
(1.05607 0.044237 0)
(1.07587 0.0513111 0)
(1.09723 0.0540358 0)
(1.12299 0.0598976 0)
(1.00019 0.00117845 0)
(1.00284 0.00355686 0)
(1.00795 0.00593134 0)
(1.01574 0.00836873 0)
(1.02613 0.0107161 0)
(1.03926 0.0131627 0)
(1.05474 0.0151641 0)
(1.07288 0.0173861 0)
(1.09263 0.0182351 0)
(1.1148 0.0199667 0)
(0.999881 0.00422059 -4.84673e-22)
(0.996896 0.0126884 8.20803e-22)
(0.990938 0.0215172 -1.11491e-21)
(0.980742 0.0311534 1.4165e-21)
(0.966577 0.0419008 7.56774e-23)
(0.945055 0.0545826 7.3145e-22)
(0.915644 0.0701031 -2.18901e-22)
(0.871248 0.0895653 -1.32443e-21)
(0.806064 0.117741 3.53277e-21)
(0.7026 0.153011 -1.24968e-21)
(0.999874 0.00465077 1.05738e-21)
(0.996959 0.0140217 -3.09439e-21)
(0.991199 0.0238838 5.90474e-22)
(0.981322 0.0348575 -6.79852e-21)
(0.967685 0.0472771 2.72842e-21)
(0.946957 0.0625652 1.06183e-21)
(0.918769 0.0814891 -1.36047e-20)
(0.876557 0.107165 5.26799e-21)
(0.814311 0.144381 -5.84746e-21)
(0.718363 0.198391 1.37466e-20)
(0.999867 0.00507589 -1.51119e-21)
(0.99703 0.0153409 9.3643e-21)
(0.991494 0.0262233 -4.58199e-21)
(0.981977 0.0385107 -1.30008e-21)
(0.968966 0.0525673 -4.08285e-21)
(0.949152 0.0704073 -7.095e-21)
(0.922506 0.0925976 9.26787e-21)
(0.882964 0.124352 1.29578e-20)
(0.824692 0.170049 -3.07928e-20)
(0.739103 0.24183 1.37252e-20)
(0.99986 0.00549516 5.3272e-21)
(0.99711 0.0166424 -1.01316e-20)
(0.991826 0.0285297 6.43674e-21)
(0.982711 0.0420992 1.23267e-20)
(0.970423 0.0577553 -4.0741e-21)
(0.951636 0.0780725 1.14624e-20)
(0.92686 0.103373 -1.13093e-20)
(0.890417 0.141029 -9.86498e-21)
(0.837216 0.194454 7.38322e-21)
(0.764684 0.282729 1.38531e-20)
(0.999856 0.00590773 -1.32368e-21)
(0.997203 0.0179219 1.12703e-21)
(0.992199 0.0307963 -2.21925e-21)
(0.983529 0.0456087 -2.82436e-21)
(0.972057 0.0628254 -5.95787e-21)
(0.954409 0.0855229 -9.03429e-21)
(0.931836 0.11377 1.19675e-20)
(0.898856 0.157094 -5.54451e-21)
(0.851923 0.217301 -8.14917e-21)
(0.79491 0.32058 9.20282e-21)
(0.999855 0.00631257 3.28665e-23)
(0.997312 0.0191747 4.84441e-21)
(0.992616 0.0330145 1.14493e-22)
(0.98444 0.049023 -2.49221e-21)
(0.973875 0.0677586 -1.25783e-20)
(0.957481 0.0927144 2.99228e-20)
(0.937443 0.123746 -1.67519e-20)
(0.90823 0.17243 6.95221e-21)
(0.868892 0.238291 1.00157e-20)
(0.829483 0.354992 -3.46685e-20)
(0.999858 0.00670883 -7.60532e-21)
(0.997441 0.020397 -2.7316e-21)
(0.993084 0.0351785 -4.54543e-21)
(0.985455 0.0523316 -2.92319e-21)
(0.975886 0.0725449 -8.78185e-21)
(0.960869 0.0996153 1.34166e-20)
(0.943688 0.133284 -1.00888e-20)
(0.918503 0.186915 -6.94464e-21)
(0.888242 0.257184 -3.51589e-20)
(0.867952 0.385807 5.45698e-20)
(0.999867 0.00709716 5.69107e-21)
(0.997597 0.0215932 5.51314e-21)
(0.993612 0.0373012 5.30081e-21)
(0.98659 0.0555606 7.57429e-21)
(0.978104 0.0772345 6.80453e-22)
(0.964606 0.10629 -1.63714e-20)
(0.950586 0.142513 8.34654e-21)
(0.929686 0.200571 4.44262e-20)
(0.910125 0.274016 -8.2426e-21)
(0.909556 0.413295 6.36839e-21)
(0.999883 0.00747806 -2.19316e-21)
(0.997794 0.022768 4.88265e-21)
(0.994225 0.0394001 5.30964e-21)
(0.987879 0.0587492 9.4172e-22)
(0.980572 0.0819014 6.36748e-21)
(0.968755 0.112854 -2.00269e-20)
(0.958181 0.15164 2.70343e-20)
(0.941858 0.213454 -3.27228e-20)
(0.934658 0.288974 -3.95106e-21)
(0.952905 0.437183 1.0728e-20)
(0.999913 0.00783076 3.30974e-21)
(0.998054 0.0238423 -1.12273e-21)
(0.994955 0.0413096 -1.73716e-21)
(0.989372 0.0616174 -1.47571e-20)
(0.983356 0.0860807 2.27599e-21)
(0.973417 0.118612 1.44124e-20)
(0.966554 0.159613 1.22804e-20)
(0.955143 0.224008 -4.4463e-20)
(0.961641 0.300124 1.12717e-20)
(0.995431 0.453609 1.82875e-20)
(0.999857 -0.000140197 -4.85953e-22)
(0.996683 -0.000545721 -2.80138e-22)
(0.990464 -0.00207156 -2.26995e-21)
(0.979936 -0.0054693 1.09273e-20)
(0.966167 -0.012048 1.31754e-21)
(0.945239 -0.0244347 -1.18182e-20)
(0.921636 -0.0447915 -2.50562e-20)
(0.885222 -0.0839143 6.69812e-20)
(0.854862 -0.14126 -6.89528e-21)
(0.817065 -0.266068 -5.97395e-20)
(0.99986 0.000281568 -9.10684e-22)
(0.99662 0.00069921 -2.27328e-21)
(0.990226 0.000136929 -4.25166e-21)
(0.979378 -0.00209566 7.61878e-21)
(0.964991 -0.00703038 -1.3838e-20)
(0.943041 -0.0172595 1.7168e-20)
(0.917144 -0.0342131 -4.51011e-20)
(0.877297 -0.068892 4.17425e-20)
(0.83675 -0.11989 6.75387e-22)
(0.786551 -0.235562 -1.25765e-20)
(0.999868 0.000712903 4.68419e-21)
(0.996601 0.00198864 1.11285e-20)
(0.990104 0.00244939 -6.96551e-21)
(0.979059 0.00147203 1.56104e-21)
(0.96424 -0.00169352 -4.39784e-22)
(0.941575 -0.00953691 2.56982e-20)
(0.913871 -0.022797 2.15824e-20)
(0.87133 -0.0522116 -3.90247e-20)
(0.822367 -0.0959017 1.35531e-20)
(0.758573 -0.199979 -7.2714e-21)
(0.999876 0.00114737 -6.39864e-21)
(0.996606 0.00329244 -1.09965e-20)
(0.990061 0.00477712 -4.02486e-21)
(0.978911 0.00505549 1.69962e-21)
(0.963804 0.00362066 1.32491e-20)
(0.940672 -0.00184628 -2.18266e-20)
(0.911568 -0.0115407 -1.03176e-20)
(0.866942 -0.0354847 -1.10881e-20)
(0.811298 -0.0715931 4.63283e-20)
(0.734503 -0.16226 -9.64619e-20)
(0.999883 0.00158522 2.48932e-21)
(0.996626 0.00461241 -2.33864e-21)
(0.990072 0.00713099 1.22712e-20)
(0.978894 0.00868909 -4.27728e-23)
(0.963617 0.0089874 1.15409e-20)
(0.940225 0.00596007 -3.32171e-20)
(0.910088 -0.000172145 3.00461e-20)
(0.863915 -0.0183513 7.48222e-21)
(0.80319 -0.0463016 -1.29023e-20)
(0.714971 -0.121959 5.17716e-20)
(0.999889 0.0020256 -2.5597e-21)
(0.996656 0.00594721 -5.20522e-22)
(0.990129 0.00951262 -2.80833e-21)
(0.978987 0.0123828 -1.12389e-20)
(0.963648 0.0144333 9.85285e-21)
(0.940181 0.0139332 9.12086e-21)
(0.909357 0.0114147 -4.66111e-21)
(0.862152 -0.0007204 -2.44128e-20)
(0.797778 -0.019917 9.80102e-21)
(0.700259 -0.0791298 -1.65183e-20)
(0.999892 0.00246711 2.54337e-21)
(0.996694 0.00729225 -5.55832e-21)
(0.990224 0.0119125 1.31902e-21)
(0.979175 0.0161198 3.24811e-21)
(0.963876 0.0199312 1.64323e-20)
(0.940502 0.0220244 -6.50951e-22)
(0.909326 0.0231526 4.2185e-21)
(0.861603 0.0172447 1.28229e-20)
(0.794864 0.0072544 -3.97424e-22)
(0.690522 -0.0342732 -4.58137e-21)
(0.999893 0.00290846 -1.83604e-21)
(0.996737 0.00864292 6.29339e-21)
(0.990353 0.0143206 1.09933e-21)
(0.97945 0.0198809 -7.42725e-21)
(0.964288 0.0254504 -1.50311e-21)
(0.941164 0.030178 -6.10634e-21)
(0.90996 0.0349596 -7.26171e-21)
(0.862247 0.0353805 8.85186e-21)
(0.794312 0.0348916 2.85449e-20)
(0.685856 0.0120227 -2.30695e-20)
(0.999891 0.0033485 6.82792e-22)
(0.996786 0.0099951 -3.10156e-21)
(0.990516 0.0167289 1.31127e-21)
(0.979805 0.0236502 -9.03947e-22)
(0.964878 0.0309663 -1.17339e-20)
(0.94215 0.0383491 2.30678e-21)
(0.911234 0.0467666 7.75418e-21)
(0.864074 0.0535578 -1.45743e-20)
(0.796031 0.0627071 7.39372e-21)
(0.686312 0.0591245 -1.70846e-20)
(0.999887 0.0037862 -6.95541e-22)
(0.996838 0.0113449 3.27667e-22)
(0.990711 0.01913 -1.57829e-22)
(0.980236 0.0274126 1.07228e-21)
(0.965642 0.0364568 1.20621e-21)
(0.94345 0.0464972 -7.27283e-22)
(0.913131 0.0585047 1.25708e-22)
(0.867079 0.0716579 3.04707e-21)
(0.799962 0.0904185 -3.73245e-21)
(0.6919 0.106354 3.70448e-21)
(1.00012 -0.000732045 0)
(1.00181 -0.00223292 0)
(1.00509 -0.00381371 0)
(1.01015 -0.00556576 0)
(1.01713 -0.00744405 0)
(1.02628 -0.00961402 0)
(1.03771 -0.0117239 0)
(1.05174 -0.0143129 0)
(1.06828 -0.0160629 0)
(1.08753 -0.0189874 0)
(1.00011 -0.00200701 0)
(1.00156 -0.00612661 0)
(1.00443 -0.0104934 0)
(1.00892 -0.0153959 0)
(1.01528 -0.0207307 0)
(1.02385 -0.0270297 0)
(1.0349 -0.0332583 0)
(1.04895 -0.0411167 0)
(1.06599 -0.0465426 0)
(1.08669 -0.0557591 0)
(1.00008 -0.00287786 0)
(1.00111 -0.00880335 0)
(1.0032 -0.0151705 0)
(1.00659 -0.0224868 0)
(1.01168 -0.030672 0)
(1.01892 -0.0406939 0)
(1.02897 -0.0509034 0)
(1.04243 -0.0644148 0)
(1.06012 -0.0739815 0)
(1.08249 -0.0910806 0)
(1.00004 -0.00332604 0)
(1.00049 -0.0102011 0)
(1.0015 -0.0177365 0)
(1.00325 -0.0266515 0)
(1.00641 -0.0370171 0)
(1.01132 -0.0502451 0)
(1.01949 -0.0643345 0)
(1.03109 -0.0839664 0)
(1.04916 -0.0985031 0)
(1.07232 -0.125918 0)
(0.999999 -0.003389 0)
(0.999761 -0.0104207 0)
(0.999491 -0.0183244 0)
(0.999172 -0.0279857 0)
(0.999846 -0.0397666 0)
(1.00137 -0.0554322 0)
(1.00667 -0.073151 0)
(1.01453 -0.0989731 0)
(1.03227 -0.119559 0)
(1.05419 -0.160065 0)
(0.999959 -0.0031383 0)
(0.999005 -0.00967087 0)
(0.997371 -0.0172447 0)
(0.994759 -0.0268487 0)
(0.992575 -0.0392131 0)
(0.989871 -0.0563408 0)
(0.991318 -0.0771545 0)
(0.993269 -0.108613 0)
(1.00956 -0.136416 0)
(1.02708 -0.192404 0)
(0.999923 -0.00266103 0)
(0.998292 -0.00821344 0)
(0.995333 -0.0149123 0)
(0.990439 -0.0237844 0)
(0.985259 -0.0359019 0)
(0.977904 -0.0534467 0)
(0.974623 -0.0764388 0)
(0.968827 -0.112483 0)
(0.982119 -0.148383 0)
(0.991115 -0.22142 0)
(0.999892 -0.00204366 0)
(0.997675 -0.0063115 0)
(0.993524 -0.0117633 0)
(0.986568 -0.0193954 0)
(0.978498 -0.0305278 0)
(0.966588 -0.0474902 0)
(0.957895 -0.0714257 0)
(0.943408 -0.11072 0)
(0.951415 -0.155123 0)
(0.947842 -0.247037 0)
(0.99987 -0.00136367 0)
(0.997184 -0.00420332 0)
(0.992052 -0.00821076 0)
(0.983405 -0.0142863 0)
(0.972791 -0.0239044 0)
(0.956876 -0.0394775 0)
(0.94246 -0.0631485 0)
(0.919322 -0.10417 0)
(0.918162 -0.157143 0)
(0.900138 -0.271013 0)
(0.999858 -0.000682057 0)
(0.996842 -0.00210956 0)
(0.990991 -0.00467374 0)
(0.981102 -0.00916171 0)
(0.968477 -0.0170912 0)
(0.949371 -0.0309354 0)
(0.929496 -0.0534428 0)
(0.898371 -0.0945898 0)
(0.882499 -0.154076 0)
(0.852809 -0.286205 0)
(1.10098 -0.0188486 -2.46697e-21)
(1.10654 -0.018764 -5.82499e-21)
(1.11217 -0.0186578 -1.01904e-20)
(1.11785 -0.0185408 6.32229e-22)
(1.12358 -0.0184194 4.36155e-21)
(1.12936 -0.0182967 -3.14559e-21)
(1.13518 -0.0181751 -3.85209e-22)
(1.14101 -0.0180564 5.24297e-22)
(1.14684 -0.0179417 3.64563e-22)
(1.15264 -0.0178313 -3.68282e-22)
(1.1013 -0.0556202 3.54044e-22)
(1.10733 -0.0554938 -8.65784e-22)
(1.11346 -0.0552981 8.05851e-23)
(1.11963 -0.0550586 -7.58998e-22)
(1.12589 -0.0547894 3.24941e-21)
(1.13225 -0.0544943 1.76536e-21)
(1.13869 -0.0541751 -3.44185e-21)
(1.14516 -0.0538349 1.27957e-21)
(1.15166 -0.0534769 -5.48914e-22)
(1.15815 -0.0531038 2.2016e-22)
(1.09941 -0.0912401 -3.20314e-21)
(1.10663 -0.0911678 3.46377e-21)
(1.11394 -0.0909452 -1.37512e-21)
(1.12119 -0.0906249 -7.09639e-22)
(1.12851 -0.0902389 -1.31575e-21)
(1.13596 -0.0897935 7.17261e-22)
(1.14352 -0.0892904 -7.12903e-22)
(1.15113 -0.0887345 6.93593e-22)
(1.15877 -0.0881324 -1.12519e-21)
(1.16642 -0.0874902 -1.29518e-22)
(1.09277 -0.126958 -7.12889e-21)
(1.10199 -0.127137 -9.90485e-22)
(1.11127 -0.127032 9.02998e-21)
(1.12027 -0.126741 5.17133e-22)
(1.12924 -0.126327 2.55431e-21)
(1.13835 -0.125798 -5.55698e-21)
(1.14758 -0.125153 -2.03306e-21)
(1.15687 -0.124399 -5.17791e-22)
(1.16617 -0.123548 -7.15601e-23)
(1.17547 -0.122609 4.0343e-22)
(1.07936 -0.163016 -4.57164e-21)
(1.0915 -0.163801 1.39832e-20)
(1.10374 -0.164074 -1.50929e-20)
(1.11525 -0.164007 -2.80907e-21)
(1.12654 -0.163717 4.96825e-21)
(1.13795 -0.163218 2.92412e-21)
(1.14949 -0.162504 1.72163e-21)
(1.16106 -0.161587 -2.62231e-22)
(1.17258 -0.160489 -9.32127e-23)
(1.18405 -0.159224 -1.08014e-22)
(1.05777 -0.198953 1.55869e-20)
(1.07386 -0.200956 1.63487e-22)
(1.09018 -0.202072 1.37995e-20)
(1.10509 -0.202587 6.3094e-21)
(1.11946 -0.202702 -4.52733e-21)
(1.13393 -0.202432 -4.15976e-22)
(1.14849 -0.201771 2.60917e-21)
(1.16299 -0.200746 4.32215e-22)
(1.17733 -0.199387 1.1863e-22)
(1.19147 -0.197702 -1.02031e-22)
(1.02732 -0.233863 -4.41967e-20)
(1.04838 -0.23795 -2.18203e-20)
(1.07006 -0.240611 2.99455e-21)
(1.08937 -0.242299 1.43098e-20)
(1.10771 -0.243279 2.49909e-21)
(1.12612 -0.243542 1.11706e-21)
(1.14453 -0.243087 -3.53102e-21)
(1.16262 -0.241952 -4.13592e-22)
(1.18022 -0.240145 2.09902e-22)
(1.19716 -0.237614 4.85552e-23)
(0.988407 -0.267838 4.63903e-20)
(1.01538 -0.274876 4.42675e-20)
(1.04353 -0.279903 -7.01221e-21)
(1.06812 -0.283522 -1.70425e-20)
(1.09139 -0.285861 -1.32894e-20)
(1.11463 -0.286829 5.08363e-21)
(1.1375 -0.286432 7.57169e-22)
(1.15938 -0.284671 7.97059e-22)
(1.17985 -0.281455 -1.9904e-22)
(1.19843 -0.276615 -1.33115e-22)
(0.943227 -0.300796 5.76919e-20)
(0.976738 -0.310925 -3.16171e-20)
(1.01144 -0.319027 -9.6574e-21)
(1.04169 -0.325182 1.05048e-20)
(1.0706 -0.328972 1.55984e-20)
(1.09899 -0.330251 -1.76748e-21)
(1.12585 -0.328987 3.12789e-21)
(1.15017 -0.325026 6.98556e-22)
(1.17105 -0.318124 2.34287e-22)
(1.18742 -0.308023 4.37949e-23)
(0.895543 -0.32446 -9.44472e-20)
(0.933979 -0.339542 -1.33668e-20)
(0.972781 -0.353794 2.65911e-20)
(1.00809 -0.364385 -4.78117e-20)
(1.04203 -0.370178 -7.77343e-21)
(1.07392 -0.371097 -5.39365e-21)
(1.10221 -0.367091 4.87207e-22)
(1.1255 -0.358013 -1.42039e-21)
(1.14231 -0.343758 -9.23219e-22)
(1.15101 -0.324331 1.03692e-21)
(1.15841 -0.0177246 -2.81119e-22)
(1.16412 -0.0176198 2.43442e-22)
(1.16976 -0.0175147 2.18369e-22)
(1.17531 -0.0174066 5.47474e-23)
(1.18076 -0.0172922 -1.98794e-22)
(1.18611 -0.0171682 8.05556e-22)
(1.19133 -0.017031 -2.02121e-22)
(1.19643 -0.016877 -1.41014e-22)
(1.20138 -0.0167 -2.25671e-22)
(1.20619 -0.0164683 6.30487e-23)
(1.16461 -0.0527175 5.44696e-24)
(1.17103 -0.0523184 -4.29195e-22)
(1.17737 -0.0519061 8.31638e-22)
(1.18363 -0.0514797 -1.12732e-21)
(1.18979 -0.0510373 -8.72932e-22)
(1.19582 -0.0505765 2.55018e-22)
(1.20172 -0.0500943 -1.40614e-23)
(1.20747 -0.049586 -2.44497e-23)
(1.21305 -0.0490372 2.65975e-22)
(1.21847 -0.0483354 -4.63175e-22)
(1.17405 -0.0868125 6.08411e-23)
(1.18163 -0.0861013 -2.49148e-22)
(1.18915 -0.0853577 6.44547e-22)
(1.19658 -0.084581 -2.51444e-22)
(1.20391 -0.0837687 -5.43803e-23)
(1.21111 -0.0829158 -7.78144e-22)
(1.21817 -0.0820143 9.09409e-22)
(1.22505 -0.0810516 -8.1308e-22)
(1.23169 -0.0799943 -3.77779e-22)
(1.23809 -0.0786026 5.27899e-23)
(1.18473 -0.12159 1.88184e-22)
(1.19394 -0.120496 -2.14738e-22)
(1.20308 -0.119325 -4.14474e-22)
(1.2121 -0.118073 4.19418e-24)
(1.22097 -0.116727 -7.43605e-22)
(1.22965 -0.115265 6.22593e-23)
(1.23806 -0.113651 -3.3735e-21)
(1.24611 -0.111838 3.94618e-21)
(1.25362 -0.109737 -2.30902e-21)
(1.26024 -0.106893 -4.34395e-21)
(1.19544 -0.157801 -1.50473e-23)
(1.2067 -0.156215 -7.76359e-23)
(1.21779 -0.154446 6.0126e-22)
(1.22862 -0.152457 -3.55298e-22)
(1.23906 -0.15018 8.09372e-22)
(1.24892 -0.147522 -1.10056e-21)
(1.25796 -0.14436 5.97075e-21)
(1.26586 -0.140549 -6.47545e-21)
(1.27223 -0.135899 7.65803e-21)
(1.27527 -0.129624 -2.37622e-21)
(1.20534 -0.195676 -6.85554e-23)
(1.21881 -0.193255 2.51909e-22)
(1.2317 -0.190343 -8.37907e-22)
(1.2437 -0.1868 2.21593e-21)
(1.25442 -0.182432 -4.74982e-21)
(1.26332 -0.177006 -8.46211e-22)
(1.26974 -0.170267 -2.58119e-21)
(1.27298 -0.161972 1.33879e-20)
(1.27239 -0.151858 -4.91875e-21)
(1.26263 -0.138927 1.2474e-20)
(1.21319 -0.234248 1.62602e-22)
(1.2279 -0.22986 2.6379e-22)
(1.24069 -0.224197 -4.04154e-22)
(1.25081 -0.216957 -5.04552e-21)
(1.25736 -0.20782 -1.02154e-21)
(1.25929 -0.196505 3.06743e-21)
(1.25553 -0.182834 -8.67121e-21)
(1.24521 -0.166787 4.22563e-21)
(1.22763 -0.148333 -2.64766e-20)
(1.19258 -0.127009 -3.26669e-20)
(1.2144 -0.269912 -6.32262e-23)
(1.22684 -0.261039 8.74823e-22)
(1.23461 -0.249662 2.49923e-21)
(1.2364 -0.235468 -4.80723e-21)
(1.23082 -0.218267 -3.72852e-21)
(1.21653 -0.198091 -2.3846e-20)
(1.19247 -0.175314 4.42997e-21)
(1.15849 -0.15067 -1.25554e-21)
(1.11401 -0.124818 5.12216e-20)
(1.04637 -0.0984114 3.34369e-20)
(1.198 -0.294488 -4.05095e-22)
(1.20135 -0.277355 -1.4852e-21)
(1.19601 -0.256614 9.37657e-21)
(1.18062 -0.232513 7.21338e-21)
(1.15409 -0.205666 1.12468e-20)
(1.11584 -0.177146 2.73003e-20)
(1.06606 -0.148526 1.36217e-20)
(1.00626 -0.121667 -1.28745e-20)
(0.93551 -0.0976016 -3.12755e-20)
(0.841209 -0.0748206 5.3694e-20)
(1.14986 -0.299898 -9.9862e-22)
(1.1372 -0.270915 3.75772e-21)
(1.11168 -0.238245 -1.08516e-20)
(1.07247 -0.203283 -1.07836e-21)
(1.01964 -0.168039 -1.03788e-20)
(0.954316 -0.135121 -1.40896e-20)
(0.878918 -0.107578 -7.00405e-20)
(0.797556 -0.0884914 3.55464e-20)
(0.711371 -0.0797203 -7.81233e-21)
(0.6094 -0.0751522 -8.33469e-20)
(1.21731 -0.0150054 0)
(1.23297 -0.0121907 0)
(1.2464 -0.00914302 0)
(1.25667 -0.00613365 0)
(1.26342 -0.00335204 0)
(1.26627 -0.000967174 0)
(1.26592 0.000917382 0)
(1.26204 0.00218473 0)
(1.25682 0.00286796 0)
(1.24898 0.00283081 0)
(1.24353 0.00237885 0)
(1.23593 0.00131858 0)
(1.23614 0.000479102 0)
(1.23166 -4.57633e-05 0)
(1.23698 0.000990432 0)
(1.22568 0.00316532 0)
(1.21752 0.00534536 0)
(1.18767 0.00714538 0)
(1.16245 0.00357141 0)
(1.15722 0.00059191 0)
(1.23085 -0.0438074 0)
(1.24711 -0.0351666 0)
(1.26001 -0.0259535 0)
(1.26902 -0.0169544 0)
(1.27407 -0.00873044 0)
(1.27494 -0.00175925 0)
(1.27244 0.00369744 0)
(1.26641 0.00734342 0)
(1.259 0.00926945 0)
(1.24914 0.00910277 0)
(1.24165 0.00767121 0)
(1.23253 0.00442102 0)
(1.23107 0.00177838 0)
(1.22605 2.4244e-05 0)
(1.23001 0.00305874 0)
(1.21861 0.00939314 0)
(1.20762 0.0160602 0)
(1.17713 0.0210274 0)
(1.14861 0.0112892 0)
(1.13964 0.0022852 0)
(1.25249 -0.0703586 0)
(1.26897 -0.0551574 0)
(1.28002 -0.039337 0)
(1.28591 -0.0241923 0)
(1.28705 -0.0107034 0)
(1.28358 0.000466889 0)
(1.27659 0.00904654 0)
(1.26607 0.014694 0)
(1.2542 0.0175444 0)
(1.24009 0.017098 0)
(1.22832 0.0144886 0)
(1.21562 0.00893601 0)
(1.21047 0.00419462 0)
(1.20381 0.000835231 0)
(1.20556 0.00544418 0)
(1.19515 0.0153483 0)
(1.18128 0.0263635 0)
(1.15222 0.0337752 0)
(1.11843 0.0198879 0)
(1.10535 0.00470042 0)
(1.27587 -0.0938494 0)
(1.28994 -0.0710539 0)
(1.29585 -0.0477287 0)
(1.29493 -0.0260558 0)
(1.28847 -0.00752839 0)
(1.27737 0.00731106 0)
(1.26306 0.0183821 0)
(1.24572 0.0254498 0)
(1.22746 0.02872 0)
(1.2075 0.0276987 0)
(1.19003 0.023601 0)
(1.17247 0.015575 0)
(1.1627 0.00824198 0)
(1.15438 0.00263551 0)
(1.15514 0.00777887 0)
(1.14887 0.0203356 0)
(1.13508 0.0351827 0)
(1.11129 0.0449054 0)
(1.07221 0.0288212 0)
(1.05795 0.00726549 0)
(1.28764 -0.110739 0)
(1.29305 -0.0794074 0)
(1.28794 -0.0476561 0)
(1.27468 -0.0196765 0)
(1.25636 0.00288139 0)
(1.23503 0.0201104 0)
(1.21227 0.0323319 0)
(1.18817 0.0396248 0)
(1.16446 0.0423846 0)
(1.14006 0.0402169 0)
(1.11854 0.0342356 0)
(1.09776 0.0235168 0)
(1.08538 0.0130062 0)
(1.0779 0.00436335 0)
(1.0811 0.00870487 0)
(1.08307 0.023076 0)
(1.07336 0.0412745 0)
(1.05829 0.053886 0)
(1.01574 0.037055 0)
(1.0047 0.00923934 0)
(1.26171 -0.114232 0)
(1.25045 -0.0741649 0)
(1.22889 -0.0347642 0)
(1.1999 -0.0030313 0)
(1.16955 0.0207124 0)
(1.14045 0.0376434 0)
(1.11336 0.0487126 0)
(1.08756 0.0545482 0)
(1.06374 0.0557907 0)
(1.04006 0.0520472 0)
(1.01925 0.0440821 0)
(0.999612 0.0306856 0)
(0.98879 0.0166747 0)
(0.985889 0.00451172 0)
(0.995017 0.00708317 0)
(1.00797 0.0229074 0)
(1.00494 0.0442287 0)
(1.00031 0.0605199 0)
(0.957013 0.0437518 0)
(0.953069 0.010189 0)
(1.16649 -0.0985538 0)
(1.13718 -0.0519953 0)
(1.10122 -0.00987613 0)
(1.0616 0.0201243 0)
(1.02737 0.0409299 0)
(0.999494 0.0545129 0)
(0.976792 0.0625164 0)
(0.957225 0.0660048 0)
(0.940184 0.0655914 0)
(0.92311 0.0605653 0)
(0.908058 0.051074 0)
(0.894007 0.0354048 0)
(0.88862 0.0180415 0)
(0.893067 0.00242547 0)
(0.909786 0.00287838 0)
(0.93398 0.0201744 0)
(0.938187 0.0444769 0)
(0.943968 0.0649362 0)
(0.902628 0.0485364 0)
(0.908076 0.0100584 0)
(0.990225 -0.067498 0)
(0.955936 -0.0199606 0)
(0.918244 0.0169788 0)
(0.881221 0.0402872 0)
(0.855413 0.0557944 0)
(0.838455 0.0649406 0)
(0.82766 0.0698417 0)
(0.820062 0.071524 0)
(0.814217 0.070251 0)
(0.807296 0.0647697 0)
(0.801081 0.0545135 0)
(0.795354 0.037218 0)
(0.797528 0.0170233 0)
(0.810205 -0.00156132 0)
(0.834197 -0.00314769 0)
(0.867968 0.0157145 0)
(0.878543 0.0427833 0)
(0.89364 0.0674517 0)
(0.856355 0.0514587 0)
(0.871856 0.00903625 0)
(0.760837 -0.0344169 0)
(0.741861 0.00739331 0)
(0.718046 0.0342149 0)
(0.695817 0.0504499 0)
(0.686273 0.0614568 0)
(0.684773 0.0672193 0)
(0.688658 0.0702728 0)
(0.694663 0.0713099 0)
(0.701059 0.0702037 0)
(0.705133 0.0651343 0)
(0.708618 0.0548675 0)
(0.712006 0.036644 0)
(0.722101 0.0142961 0)
(0.742356 -0.00663266 0)
(0.77213 -0.0100467 0)
(0.812971 0.0103444 0)
(0.828485 0.0398544 0)
(0.851326 0.0684492 0)
(0.819413 0.0528299 0)
(0.844431 0.00741024 0)
(0.53002 -0.0120379 0)
(0.537058 0.0208013 0)
(0.536537 0.0401306 0)
(0.533579 0.052434 0)
(0.541213 0.0606446 0)
(0.554627 0.0643308 0)
(0.572176 0.0665534 0)
(0.590549 0.0676787 0)
(0.608026 0.0672831 0)
(0.622167 0.0630322 0)
(0.634706 0.0531268 0)
(0.646625 0.0344265 0)
(0.663846 0.0105346 0)
(0.690215 -0.0120678 0)
(0.72393 -0.0169262 0)
(0.769328 0.00491364 0)
(0.788355 0.0364356 0)
(0.817312 0.0684049 0)
(0.791356 0.0530091 0)
(0.824685 0.00543652 0)
(0.372348 -0.0130409 6.8336e-21)
(0.400845 0.0255347 -3.92648e-20)
(0.418925 0.0440217 2.98013e-21)
(0.429336 0.0545405 1.41208e-20)
(0.448379 0.0602569 -1.44993e-20)
(0.471584 0.0622609 -1.79212e-20)
(0.498116 0.0637098 2.11469e-21)
(0.524615 0.0646971 4.29782e-21)
(0.549446 0.0644978 8.44592e-22)
(0.570408 0.0604203 -5.7422e-21)
(0.589211 0.0503495 8.96981e-22)
(0.607056 0.0311042 1.43133e-21)
(0.629023 0.00634601 3.72568e-22)
(0.659017 -0.0167586 1.94877e-22)
(0.694514 -0.0218546 -1.23583e-22)
(0.741834 0.00142196 5.09591e-22)
(0.762688 0.034174 -3.29688e-22)
(0.795392 0.068063 6.64668e-23)
(0.774345 0.0523237 4.44138e-23)
(0.813339 0.00358616 1.20779e-23)
(0.266766 -0.0186838 6.49979e-21)
(0.299577 0.0242445 -4.08304e-20)
(0.330307 0.0422647 1.39122e-20)
(0.350764 0.0513706 1.95317e-20)
(0.378947 0.0558154 -3.94714e-22)
(0.410055 0.0573 -2.62056e-21)
(0.44384 0.0588688 4.36916e-21)
(0.476874 0.0603126 5.49676e-21)
(0.507635 0.0606556 -6.34792e-21)
(0.534106 0.0569621 1.40068e-22)
(0.557976 0.0469549 4.10293e-21)
(0.580557 0.0275337 -5.69384e-22)
(0.606232 0.00248493 5.15631e-22)
(0.638858 -0.0205174 -2.05962e-22)
(0.675413 -0.0253734 -4.7981e-23)
(0.723674 -0.000924845 -8.90157e-23)
(0.745626 0.0325597 -1.25039e-23)
(0.78081 0.0675836 -1.72219e-22)
(0.763577 0.0514537 6.87272e-24)
(0.806428 0.00208352 -2.21248e-23)
(0.17925 -0.0275166 -3.11061e-20)
(0.210049 0.0196108 -1.29923e-20)
(0.249233 0.0376346 5.84898e-21)
(0.27782 0.0457916 -1.70788e-21)
(0.314237 0.0494368 1.29563e-20)
(0.352627 0.0508229 -8.7776e-21)
(0.393194 0.0528011 8.45818e-21)
(0.432394 0.0549111 -9.44728e-21)
(0.468848 0.0559389 4.71606e-21)
(0.500726 0.0527338 1.30558e-21)
(0.529661 0.0428857 -5.36009e-22)
(0.556998 0.0234192 -3.86475e-22)
(0.586308 -0.00175248 3.11241e-22)
(0.621289 -0.0244804 -4.62786e-22)
(0.658432 -0.0290028 -6.69046e-22)
(0.707006 -0.00337649 -5.46899e-23)
(0.729762 0.0307751 4.23557e-22)
(0.767229 0.0668428 2.91327e-22)
(0.754196 0.0502899 -9.02314e-24)
(0.800768 0.00043593 -3.05184e-23)
(0.107914 -0.0345391 -1.2286e-20)
(0.133854 0.0137279 -7.75413e-21)
(0.177885 0.0311863 -1.39741e-20)
(0.212668 0.038548 -6.57815e-21)
(0.256181 0.0416433 5.81824e-21)
(0.301011 0.0431584 1.19642e-21)
(0.347676 0.0457105 -9.66465e-21)
(0.392492 0.0486292 8.96876e-21)
(0.434242 0.050464 -1.2853e-21)
(0.471276 0.0478635 -1.87835e-21)
(0.50513 0.0382923 2.5286e-22)
(0.537097 0.0189199 -1.07775e-21)
(0.569833 -0.00623637 8.52814e-22)
(0.606772 -0.0285886 4.26196e-23)
(0.643966 -0.0327673 5.3116e-22)
(0.692167 -0.00599823 -1.69576e-23)
(0.715391 0.0287737 -3.78779e-22)
(0.75488 0.0658269 -2.97622e-22)
(0.746361 0.0488624 1.69619e-23)
(0.796437 -0.00133374 2.99937e-23)
(0.0512344 -0.0388435 1.79897e-20)
(0.0715953 0.00716906 4.20759e-21)
(0.117904 0.0231514 -1.6871e-20)
(0.15721 0.0295875 1.63894e-20)
(0.206581 0.0322935 1.37627e-20)
(0.256847 0.034149 1.59616e-20)
(0.308745 0.0374566 -4.21696e-21)
(0.358455 0.0413466 -1.62679e-21)
(0.404939 0.0441284 1.23409e-21)
(0.446721 0.0422653 -1.11458e-21)
(0.485193 0.0331104 8.95647e-22)
(0.521501 0.014002 -1.35452e-21)
(0.557312 -0.010962 6.78167e-22)
(0.595706 -0.0327979 -7.16619e-22)
(0.632364 -0.0365964 -6.23689e-22)
(0.679472 -0.00873083 4.22725e-22)
(0.7028 0.0265846 -5.66736e-24)
(0.743989 0.0645323 2.46092e-22)
(0.740218 0.047165 -1.34696e-22)
(0.793491 -0.00321494 -1.67111e-23)
(0.00823708 -0.0409725 -2.78851e-21)
(0.0235245 5.12699e-05 -1.47121e-20)
(0.0705694 0.0138115 1.56013e-20)
(0.113068 0.0191077 -5.83316e-21)
(0.167044 0.0215248 -5.61098e-21)
(0.22163 0.023901 -9.4948e-21)
(0.277741 0.0281234 1.5776e-21)
(0.331466 0.0331244 1.20232e-21)
(0.381964 0.0369698 -1.34344e-21)
(0.427925 0.0359606 1.23595e-21)
(0.470548 0.0273573 2.58975e-22)
(0.51075 0.0086923 1.13606e-21)
(0.549154 -0.0158813 -4.51867e-22)
(0.588415 -0.0370382 -5.85542e-22)
(0.623927 -0.040405 3.11221e-22)
(0.669208 -0.0115056 4.35605e-22)
(0.692252 0.024247 1.57627e-22)
(0.734764 0.0629649 1.95727e-23)
(0.735884 0.045198 4.9129e-23)
(0.791968 -0.00519527 1.34716e-23)
(-0.0215864 -0.0414688 1.17086e-20)
(-0.0102489 -0.00753902 -1.64378e-20)
(0.0368697 0.0034813 8.10976e-21)
(0.0815586 0.0074353 5.97157e-21)
(0.138917 0.00962679 -1.83706e-21)
(0.196633 0.012659 4.48811e-21)
(0.255815 0.0179102 4.50224e-23)
(0.312537 0.0241182 9.46464e-22)
(0.366181 0.0291069 -2.17458e-21)
(0.415598 0.0290421 -1.33651e-21)
(0.461748 0.0211132 9.87537e-22)
(0.505243 0.00306871 -4.31695e-23)
(0.545646 -0.0209137 1.04874e-22)
(0.585129 -0.0412292 -1.63724e-22)
(0.618888 -0.044115 3.09632e-22)
(0.661618 -0.0142651 -3.4792e-22)
(0.683984 0.021796 6.47653e-23)
(0.727393 0.0611363 -1.79731e-22)
(0.733451 0.0429725 1.00636e-22)
(0.791886 -0.00725851 3.09374e-23)
(-0.0384415 -0.0409032 1.56242e-20)
(-0.0296966 -0.0155674 -4.25535e-21)
(0.0175216 -0.00759285 -1.66539e-20)
(0.0636664 -0.00511981 8.33313e-21)
(0.123225 -0.00309893 1.94377e-21)
(0.182841 0.00068873 1.62264e-21)
(0.243858 0.00704096 1.02716e-21)
(0.302451 0.0145087 -1.55096e-21)
(0.358247 0.0206833 -3.5494e-22)
(0.410256 0.0216274 9.58965e-22)
(0.459168 0.0144812 5.84118e-23)
(0.505222 -0.00277442 -3.40179e-22)
(0.546941 -0.025971 -1.24896e-22)
(0.58597 -0.0452916 8.02343e-22)
(0.617396 -0.0476533 -5.306e-22)
(0.656894 -0.0169543 1.21446e-22)
(0.67819 0.0192685 5.77857e-23)
(0.722034 0.0590643 -1.5259e-22)
(0.732981 0.0405057 -9.1262e-23)
(0.793241 -0.00938693 -1.5236e-23)
(-0.0423698 -0.0399401 -6.40562e-21)
(-0.0348511 -0.0240708 -3.65348e-21)
(0.012962 -0.0192367 3.72195e-21)
(0.0600141 -0.0182734 -3.69156e-21)
(0.120633 -0.0163525 3.37269e-21)
(0.180899 -0.0117348 1.5422e-21)
(0.242454 -0.00424533 5.08484e-23)
(0.301713 0.00449469 2.02497e-21)
(0.358567 0.0118628 -3.67867e-22)
(0.41219 0.0138535 -5.1243e-22)
(0.462978 0.00758105 2.95917e-22)
(0.510753 -0.00873196 -3.32935e-22)
(0.553048 -0.030962 2.26085e-22)
(0.590951 -0.0491494 -3.64855e-22)
(0.619521 -0.050953 3.27684e-23)
(0.655166 -0.0195232 -1.18205e-23)
(0.675017 0.0167005 -8.44494e-23)
(0.718807 0.0567719 1.27451e-22)
(0.734495 0.0378225 4.26181e-23)
(0.795999 -0.0115592 1.24093e-25)
(-0.0333542 -0.0392844 1.07346e-21)
(-0.0258072 -0.0331259 3.54889e-22)
(0.0233304 -0.0313196 -2.23666e-21)
(0.0708384 -0.0317509 1.65711e-21)
(0.131401 -0.0298271 -2.57405e-22)
(0.191067 -0.0243221 7.40657e-22)
(0.25184 -0.0156914 -3.36923e-22)
(0.310519 -0.0057053 -1.02461e-22)
(0.367278 0.00282899 -2.44051e-22)
(0.421458 0.00587554 -3.6904e-23)
(0.473151 0.000544751 -4.64676e-23)
(0.521736 -0.0146945 7.33106e-23)
(0.563837 -0.0357995 4.73518e-23)
(0.599962 -0.0527352 -5.46507e-23)
(0.625226 -0.0539537 -6.46838e-24)
(0.656492 -0.021921 -1.65233e-23)
(0.674561 0.0141343 -1.96527e-23)
(0.717803 0.0542884 1.53159e-23)
(0.738 0.0349483 -1.96388e-23)
(0.800129 -0.0137568 -7.26095e-25)
)
;

boundaryField
{
    inlet
    {
        type            freestream;
        freestreamValue uniform (1 0 0);
        value           uniform (1 0 0);
    }
    outlet
    {
        type            freestream;
        freestreamValue uniform (1 0 0);
        value           nonuniform List<vector> 
40
(
(0.912558 -0.0337667 0)
(0.936704 -0.0355619 0)
(0.964284 -0.0368619 0)
(0.994446 -0.0372765 0)
(1.02543 -0.0363843 0)
(1.05445 -0.0337677 0)
(1.07814 -0.0291584 0)
(1.09366 -0.0225978 0)
(1.10053 -0.01443 0)
(1.10168 -0.00499418 0)
(0.805542 -0.0159532 -3.96218e-24)
(0.812186 -0.0181303 1.24203e-23)
(0.81994 -0.0202604 3.39742e-23)
(0.828713 -0.0223242 -7.11927e-23)
(0.838376 -0.0242978 -1.12031e-23)
(0.848802 -0.0261617 3.14278e-23)
(0.859856 -0.0278967 -4.18647e-23)
(0.871399 -0.0294854 4.84052e-23)
(0.883292 -0.0309133 3.30713e-23)
(0.895401 -0.0321807 -1.65826e-23)
(0.813339 0.00358616 1.20779e-23)
(0.806428 0.00208352 -2.21248e-23)
(0.800768 0.00043593 -3.05184e-23)
(0.796437 -0.00133374 2.99937e-23)
(0.793491 -0.00321494 -1.67111e-23)
(0.791968 -0.00519527 1.34716e-23)
(0.791886 -0.00725851 3.09374e-23)
(0.793241 -0.00938693 -1.5236e-23)
(0.795999 -0.0115592 1.24093e-25)
(0.800129 -0.0137568 -7.26095e-25)
(1.15722 0.00059191 0)
(1.13964 0.0022852 0)
(1.10535 0.00470042 0)
(1.05795 0.00726549 0)
(1.0047 0.00923934 0)
(0.953069 0.010189 0)
(0.908076 0.0100584 0)
(0.871856 0.00903625 0)
(0.844431 0.00741024 0)
(0.824685 0.00543652 0)
)
;
    }
    top
    {
        type            symmetryPlane;
    }
    bottom
    {
        type            symmetryPlane;
    }
    cylinder
    {
        type            rotatingWallVelocity;
        origin          (0 0 0);
        axis            (0 0 1);
        omega           constant -1;
        value           nonuniform List<vector> 
80
(
(0.019816 -0.499213 4.33076e-25)
(0.0588591 -0.496114 3.04002e-24)
(0.0975394 -0.48997 -8.93124e-26)
(0.13562 -0.480821 1.77911e-24)
(0.172869 -0.468721 -9.5477e-24)
(0.209058 -0.453746 3.29352e-24)
(0.243965 -0.435985 4.05625e-23)
(0.277377 -0.415548 1.40054e-22)
(0.30909 -0.39256 -8.79813e-23)
(0.338909 -0.367161 -8.99035e-23)
(0.499213 -0.019816 -4.33076e-25)
(0.496114 -0.0588591 -3.04002e-24)
(0.48997 -0.0975394 8.93124e-26)
(0.480821 -0.13562 1.84427e-24)
(0.468721 -0.172869 -2.77228e-23)
(0.453746 -0.209058 -3.29352e-24)
(0.435985 -0.243965 -4.05625e-23)
(0.415548 -0.277377 2.83102e-23)
(0.39256 -0.30909 -1.22366e-22)
(0.367161 -0.338909 8.99035e-23)
(0.367161 0.338909 8.99035e-23)
(0.39256 0.30909 -1.22366e-22)
(0.415548 0.277377 2.83102e-23)
(0.435985 0.243965 -4.05625e-23)
(0.453746 0.209058 -3.29352e-24)
(0.468721 0.172869 -2.77228e-23)
(0.480821 0.13562 1.84427e-24)
(0.48997 0.0975394 8.93124e-26)
(0.496114 0.0588591 -3.04002e-24)
(0.499213 0.019816 -4.33076e-25)
(0.019816 0.499213 4.33076e-25)
(0.0588591 0.496114 3.04002e-24)
(0.0975394 0.48997 -8.93124e-26)
(0.13562 0.480821 1.77911e-24)
(0.172869 0.468721 -9.5477e-24)
(0.209058 0.453746 3.29352e-24)
(0.243965 0.435985 4.05625e-23)
(0.277377 0.415548 -2.83102e-23)
(0.30909 0.39256 -8.79813e-23)
(0.338909 0.367161 -8.99035e-23)
(-0.338909 0.367161 -8.99035e-23)
(-0.30909 0.39256 -8.79813e-23)
(-0.277377 0.415548 1.40054e-22)
(-0.243965 0.435985 4.05625e-23)
(-0.209058 0.453746 3.29352e-24)
(-0.172869 0.468721 -9.5477e-24)
(-0.13562 0.480821 1.77911e-24)
(-0.0975394 0.48997 -8.93124e-26)
(-0.0588591 0.496114 3.04002e-24)
(-0.019816 0.499213 4.33076e-25)
(-0.367161 0.338909 8.99035e-23)
(-0.39256 0.30909 -1.22366e-22)
(-0.415548 0.277377 2.83102e-23)
(-0.435985 0.243965 -4.05625e-23)
(-0.453746 0.209058 -3.29352e-24)
(-0.468721 0.172869 -2.77228e-23)
(-0.480821 0.13562 1.84427e-24)
(-0.48997 0.0975394 8.93124e-26)
(-0.496114 0.0588591 -3.04002e-24)
(-0.499213 0.019816 -4.33076e-25)
(-0.499213 -0.019816 -4.33076e-25)
(-0.496114 -0.0588591 -3.04002e-24)
(-0.48997 -0.0975394 8.93124e-26)
(-0.480821 -0.13562 -1.77911e-24)
(-0.468721 -0.172869 -2.77228e-23)
(-0.453746 -0.209058 -3.29352e-24)
(-0.435985 -0.243965 -4.05625e-23)
(-0.415548 -0.277377 2.83102e-23)
(-0.39256 -0.30909 -1.22366e-22)
(-0.367161 -0.338909 8.99035e-23)
(-0.338909 -0.367161 -8.99035e-23)
(-0.30909 -0.39256 -8.79813e-23)
(-0.277377 -0.415548 -2.83102e-23)
(-0.243965 -0.435985 4.05625e-23)
(-0.209058 -0.453746 3.29352e-24)
(-0.172869 -0.468721 -9.5477e-24)
(-0.13562 -0.480821 1.77911e-24)
(-0.0975394 -0.48997 -8.93124e-26)
(-0.0588591 -0.496114 3.04002e-24)
(-0.019816 -0.499213 4.33076e-25)
)
;
    }
    frontandback
    {
        type            empty;
    }
}


// ************************************************************************* //
