/*--------------------------------*- C++ -*----------------------------------*\
  =========                 |
  \\      /  F ield         | OpenFOAM: The Open Source CFD Toolbox
   \\    /   O peration     | Website:  https://openfoam.org
    \\  /    A nd           | Version:  6.0
     \\/     M anipulation  |
\*---------------------------------------------------------------------------*/
FoamFile
{
    version     2.0;
    format      ascii;
    class       volScalarField;
    location    "12.999";
    object      p;
}
// * * * * * * * * * * * * * * * * * * * * * * * * * * * * * * * * * * * * * //

dimensions      [0 2 -2 0 0 0 0];

internalField   nonuniform List<scalar> 
2400
(
-196.204
-164.71
-142.371
-124.296
-108.774
-95.5791
-84.3521
-74.6668
-66.1661
-58.6961
-199.596
-167.641
-144.878
-126.498
-110.777
-97.4532
-86.1336
-76.3677
-67.7901
-60.2789
-202.777
-170.382
-147.213
-128.54
-112.628
-99.1783
-87.7669
-77.9197
-69.2672
-61.724
-205.692
-172.89
-149.345
-130.4
-114.31
-100.737
-89.2303
-79.3
-70.5924
-63.0699
-208.286
-175.113
-151.227
-132.043
-115.806
-102.131
-90.5334
-80.5133
-71.76
-64.3
-210.523
-177.003
-152.799
-133.405
-117.062
-103.339
-91.6966
-81.6076
-72.7994
-65.3589
-212.398
-178.531
-154.005
-134.394
-117.956
-104.227
-92.6211
-82.5619
-73.7648
-66.3131
-213.942
-179.712
-154.832
-134.955
-118.349
-104.545
-92.9614
-83.0403
-74.5265
-67.4635
-215.201
-180.595
-155.338
-135.135
-118.24
-104.159
-92.3452
-82.4125
-74.4201
-68.6033
-216.199
-181.243
-155.624
-135.081
-117.831
-103.326
-91.0011
-80.5876
-72.4501
-67.0761
-222.13
-221.854
-221.386
-220.808
-220.174
-219.519
-218.867
-218.228
-217.599
-216.947
-184.285
-184.209
-183.998
-183.704
-183.369
-183.021
-182.683
-182.365
-182.054
-181.706
-157.198
-157.135
-156.974
-156.754
-156.512
-156.281
-156.088
-155.95
-155.857
-155.774
-136.154
-136.001
-135.767
-135.49
-135.211
-134.969
-134.805
-134.742
-134.791
-134.932
-118.714
-118.448
-118.11
-117.735
-117.379
-117.081
-116.902
-116.87
-117.027
-117.375
-104.083
-103.712
-103.276
-102.797
-102.356
-101.977
-101.763
-101.734
-101.991
-102.529
-91.6318
-91.1694
-90.6471
-90.0707
-89.5463
-89.0498
-88.7674
-88.6926
-89.0851
-89.8042
-80.8509
-80.3116
-79.7229
-79.0698
-78.4821
-77.8386
-77.4277
-77.18
-77.7761
-78.7883
-71.36
-70.7498
-70.1142
-69.4273
-68.8271
-68.0633
-67.4673
-66.8501
-67.5176
-69.1971
-63.0123
-62.2768
-61.5516
-60.8375
-60.2324
-59.4092
-58.5786
-57.4601
-57.5039
-59.8653
-207.615
-210.527
-213.153
-215.483
-217.483
-219.119
-220.381
-221.282
-221.854
-222.128
-170.575
-173.214
-175.631
-177.78
-179.62
-181.13
-182.316
-183.199
-183.808
-184.164
-145.302
-147.661
-149.825
-151.725
-153.319
-154.6
-155.593
-156.327
-156.825
-157.109
-126.23
-128.385
-130.333
-131.993
-133.33
-134.366
-135.143
-135.69
-136.028
-136.175
-110.526
-112.579
-114.377
-115.817
-116.906
-117.712
-118.291
-118.665
-118.849
-118.857
-97.2658
-99.3298
-101.054
-102.3
-103.156
-103.76
-104.17
-104.394
-104.444
-104.332
-85.8329
-87.9672
-89.6666
-90.7473
-91.4152
-91.8645
-92.1366
-92.2352
-92.1755
-91.9677
-76.0565
-78.1111
-79.6626
-80.5894
-81.1472
-81.4975
-81.6587
-81.6604
-81.5249
-81.2525
-68.5111
-70.0447
-70.9139
-71.6051
-72.1139
-72.365
-72.3946
-72.3093
-72.1269
-71.8168
-63.7287
-64.7356
-63.8925
-64.1305
-64.5905
-64.6395
-64.428
-64.1984
-63.9412
-63.5716
-48.2951
-55.0934
-62.8335
-71.4959
-81.2939
-92.5702
-105.748
-121.483
-142.646
-175.777
-48.5884
-55.6026
-63.5197
-72.3701
-82.3861
-93.9174
-107.401
-123.511
-145.129
-178.721
-49.0307
-56.2386
-64.3068
-73.3327
-83.561
-95.3444
-109.133
-125.62
-147.683
-181.698
-49.632
-56.9772
-65.1761
-74.3785
-84.8245
-96.8628
-110.957
-127.823
-150.327
-184.75
-50.4635
-57.9299
-66.2254
-75.5783
-86.221
-98.4973
-112.886
-130.125
-153.069
-187.891
-51.3044
-58.9079
-67.3465
-76.8858
-87.7369
-100.248
-114.923
-132.528
-155.904
-191.115
-52.3181
-60.1338
-68.705
-78.388
-89.4055
-102.123
-117.066
-135.023
-158.82
-194.411
-53.3451
-61.4508
-70.1925
-80.0189
-91.1945
-104.108
-119.304
-137.593
-161.794
-197.752
-55.2219
-63.4904
-72.084
-81.854
-93.1163
-106.195
-121.612
-140.202
-164.788
-201.108
-58.3344
-65.9411
-74.0379
-83.7715
-95.1503
-108.361
-123.947
-142.798
-167.744
-204.423
-44.6757
-48.2279
-53.7261
-60.8511
-69.1526
-78.6323
-89.5291
-102.228
-119.168
-147.145
-46.3928
-50.3812
-55.9798
-62.9368
-71.0282
-80.3816
-91.2686
-104.084
-121.301
-149.715
-46.1087
-51.1923
-57.3859
-64.5496
-72.6895
-82.0788
-93.0527
-106.044
-123.574
-152.44
-46.0482
-51.5822
-58.1542
-65.6091
-73.984
-83.5811
-94.7657
-108.017
-125.922
-155.283
-46.3659
-52.0317
-58.781
-66.4421
-75.0566
-84.9137
-96.3759
-109.951
-128.289
-158.188
-46.7327
-52.5675
-59.47
-67.282
-76.0865
-86.18
-97.9247
-111.848
-130.651
-161.109
-47.0338
-53.0966
-60.1796
-68.1484
-77.1315
-87.4448
-99.4623
-113.737
-133.01
-164.026
-47.3372
-53.6055
-60.8639
-69.0012
-78.1762
-88.7162
-101.01
-115.638
-135.381
-166.942
-47.6668
-54.105
-61.5221
-69.8318
-79.2105
-89.9901
-102.571
-117.56
-137.776
-169.868
-47.9965
-54.5961
-62.1685
-70.6526
-80.2407
-91.2682
-104.146
-119.508
-140.199
-172.813
-38.5295
-36.0641
-35.3842
-35.6067
-35.9109
-36.3333
-36.8284
-37.4962
-38.3427
-39.3056
-45.0045
-43.0556
-41.8822
-41.7862
-41.8884
-42.2656
-42.7396
-43.4032
-44.215
-45.1393
-51.5047
-50.0369
-48.9103
-48.583
-48.5313
-48.8269
-49.2742
-49.9281
-50.7236
-51.638
-58.9772
-57.6345
-56.6337
-56.174
-56.0192
-56.2157
-56.6184
-57.2444
-58.0247
-58.9388
-67.4589
-66.1361
-65.1851
-64.6527
-64.439
-64.5577
-64.9209
-65.5199
-66.2953
-67.2231
-77.0425
-75.7365
-74.7818
-74.196
-73.94
-74.0057
-74.3415
-74.9256
-75.7111
-76.6704
-87.9566
-86.6366
-85.6397
-84.9902
-84.6801
-84.6959
-85.0051
-85.581
-86.3864
-87.3918
-100.556
-99.1329
-98.0239
-97.2615
-96.8536
-96.7908
-97.0505
-97.6067
-98.4275
-99.4812
-117.232
-115.559
-114.224
-113.261
-112.684
-112.487
-112.653
-113.157
-113.968
-115.043
-144.754
-142.687
-141.012
-139.761
-138.94
-138.545
-138.558
-138.955
-139.696
-140.721
-40.299
-41.2627
-42.2402
-43.2609
-44.3583
-45.3966
-46.1684
-46.8686
-48.1518
-48.5931
-46.1183
-47.1101
-48.1281
-49.1689
-50.2336
-51.2515
-52.1504
-52.8687
-53.3162
-53.2738
-52.6238
-53.6522
-54.7193
-55.8064
-56.9001
-57.9683
-58.982
-59.7945
-60.1456
-60.0889
-59.9418
-61.0091
-62.1245
-63.2656
-64.4154
-65.5547
-66.6492
-67.5586
-68.1044
-68.3831
-68.2601
-69.3795
-70.5582
-71.7737
-73.0067
-74.2348
-75.4109
-76.4363
-77.241
-77.9167
-77.7622
-78.9556
-80.2244
-81.5459
-82.8978
-84.2501
-85.5534
-86.7506
-87.8349
-88.8824
-88.5569
-89.8462
-91.2329
-92.6932
-94.201
-95.7227
-97.2162
-98.6529
-100.049
-101.463
-100.725
-102.119
-103.638
-105.257
-106.946
-108.673
-110.406
-112.133
-113.875
-115.671
-116.333
-117.801
-119.426
-121.179
-123.03
-124.948
-126.916
-128.933
-131.017
-133.185
-141.955
-143.403
-145.04
-146.831
-148.742
-150.752
-152.853
-155.059
-157.382
-159.811
-162.319
-135.442
-117.549
-102.949
-89.9965
-78.678
-68.818
-60.2252
-52.8566
-46.1401
-165.004
-137.815
-119.531
-104.547
-91.2498
-79.6435
-69.5636
-60.7601
-52.9694
-45.6052
-167.9
-140.342
-121.648
-106.295
-92.6888
-80.8378
-70.5537
-61.5339
-53.518
-46.1474
-171.01
-143.037
-123.917
-108.205
-94.3168
-82.2549
-71.8227
-62.7207
-54.7067
-47.4613
-174.321
-145.894
-126.333
-110.27
-96.1151
-83.8558
-73.2835
-64.0924
-56.0299
-48.7932
-177.808
-148.895
-128.88
-112.471
-98.0638
-85.625
-74.9323
-65.6649
-57.5403
-50.2554
-181.438
-152.01
-131.531
-114.779
-100.13
-87.5203
-76.7045
-67.3368
-59.105
-51.7214
-185.166
-155.204
-134.25
-117.159
-102.28
-89.5135
-78.5879
-69.1344
-60.8176
-53.3722
-188.931
-158.428
-136.997
-119.571
-104.469
-91.5534
-80.5228
-70.9887
-62.6028
-55.1338
-192.644
-161.621
-139.725
-121.969
-106.653
-93.5954
-82.4661
-72.8595
-64.4233
-56.9668
-38.4481
-16.2379
-6.33515
-3.26772
-1.47206
-0.603374
-0.315145
-0.233996
-0.238567
-0.263801
-0.282205
-0.287694
-0.2626
-0.220624
-0.156758
-0.0933955
-0.0444349
0.00673043
-0.0160773
-0.0466487
-40.0636
-17.8372
-7.15393
-3.55429
-1.67836
-0.717511
-0.374712
-0.271186
-0.262293
-0.278763
-0.291279
-0.292735
-0.26542
-0.22231
-0.158585
-0.0959245
-0.0474165
0.00273592
-0.0175183
-0.0454211
-41.6023
-19.4036
-8.04241
-3.88043
-1.87996
-0.834022
-0.434357
-0.307086
-0.28488
-0.292916
-0.299876
-0.297597
-0.268288
-0.224181
-0.160641
-0.098607
-0.0504695
-0.00118287
-0.0188599
-0.0441116
-43.2232
-20.9104
-8.84597
-4.14484
-2.03809
-0.940669
-0.492343
-0.34166
-0.306459
-0.306377
-0.308077
-0.302331
-0.271227
-0.226238
-0.162911
-0.101422
-0.053578
-0.00501253
-0.0201252
-0.0427364
-44.858
-22.1193
-9.36898
-4.2652
-2.13365
-1.0329
-0.548065
-0.374823
-0.327058
-0.31921
-0.315933
-0.306969
-0.274252
-0.228478
-0.165378
-0.104349
-0.0567236
-0.00874725
-0.0213298
-0.0413123
-46.048
-22.8523
-9.71132
-4.37306
-2.24897
-1.14001
-0.608555
-0.407859
-0.346897
-0.331489
-0.323481
-0.311524
-0.277359
-0.230886
-0.168016
-0.107368
-0.059888
-0.0123827
-0.0224874
-0.0398545
-46.9232
-24.0538
-10.6495
-4.90104
-2.5769
-1.32661
-0.691194
-0.445203
-0.367173
-0.343612
-0.330891
-0.316082
-0.280584
-0.233468
-0.170813
-0.110464
-0.0630591
-0.0159171
-0.0236113
-0.0383781
-49.5845
-27.604
-13.0648
-6.19148
-3.21732
-1.62127
-0.807869
-0.491933
-0.389856
-0.356453
-0.338631
-0.320933
-0.284101
-0.236323
-0.173813
-0.113656
-0.0662477
-0.0193563
-0.0247165
-0.0368993
-55.2126
-32.7541
-16.204
-7.69888
-3.84352
-1.89848
-0.927926
-0.541306
-0.413213
-0.369586
-0.346624
-0.326087
-0.287957
-0.239497
-0.177054
-0.116968
-0.0694628
-0.0227106
-0.025809
-0.035425
-54.7059
-32.9002
-16.7525
-7.77284
-3.74632
-1.8962
-0.965442
-0.563773
-0.425687
-0.377653
-0.351814
-0.329422
-0.290724
-0.242062
-0.18
-0.120113
-0.0725009
-0.0259341
-0.0268442
-0.0339192
-42.5312
-27.7744
-14.7812
-6.53707
-3.05619
-1.65546
-0.922207
-0.555154
-0.422756
-0.377033
-0.351252
-0.328279
-0.290565
-0.243125
-0.182795
-0.123907
-0.076295
-0.030284
-0.0281379
-0.0317094
-30.9907
-22.1622
-12.4867
-5.6438
-2.5769
-1.4734
-0.915144
-0.583562
-0.443847
-0.391834
-0.360855
-0.333263
-0.293595
-0.245338
-0.185921
-0.128129
-0.0808166
-0.0356778
-0.0301396
-0.0290362
-22.5175
-17.1468
-10.3442
-5.01672
-2.28177
-1.31198
-0.885386
-0.605712
-0.4641
-0.406416
-0.371126
-0.338962
-0.296955
-0.247527
-0.188928
-0.132368
-0.0855259
-0.0413053
-0.0324116
-0.0262195
-15.3404
-12.6294
-8.30776
-4.42935
-2.109
-1.20211
-0.851126
-0.623491
-0.484435
-0.419706
-0.380202
-0.34401
-0.300021
-0.249736
-0.192225
-0.136972
-0.0906036
-0.0472047
-0.0348499
-0.023275
-10.4564
-9.16324
-6.45746
-3.72334
-1.90585
-1.10821
-0.810373
-0.629223
-0.501134
-0.431249
-0.387844
-0.348364
-0.30284
-0.252034
-0.195813
-0.14187
-0.0959528
-0.0532526
-0.0373804
-0.0203492
-7.17082
-6.29338
-4.64042
-2.97696
-1.76402
-1.0983
-0.796001
-0.627909
-0.511562
-0.440071
-0.393529
-0.351701
-0.305257
-0.254324
-0.199519
-0.146868
-0.101383
-0.0592609
-0.0398941
-0.017633
-4.86523
-4.30022
-3.43309
-2.47834
-1.62278
-1.04087
-0.749681
-0.607413
-0.512625
-0.44511
-0.396759
-0.353588
-0.307
-0.256438
-0.203133
-0.15174
-0.106655
-0.0649881
-0.0422436
-0.0153154
-3.51887
-3.14407
-2.60623
-1.97294
-1.38951
-0.978565
-0.743334
-0.609447
-0.516351
-0.447656
-0.39745
-0.35385
-0.307909
-0.258212
-0.206409
-0.156192
-0.111451
-0.070115
-0.0442663
-0.013553
-2.85577
-2.53346
-2.14141
-1.71761
-1.31894
-0.988303
-0.751211
-0.601933
-0.508048
-0.443751
-0.395675
-0.353054
-0.308188
-0.259542
-0.209048
-0.159817
-0.115334
-0.0742216
-0.045783
-0.0124414
-2.57294
-2.27105
-1.94352
-1.59649
-1.25313
-0.955279
-0.737374
-0.598626
-0.510442
-0.447442
-0.397741
-0.353642
-0.308584
-0.260409
-0.210678
-0.162057
-0.117692
-0.0767442
-0.0465666
-0.0119833
-51.2246
-50.075
-48.9353
-48.0023
-47.0851
-46.0616
-44.5487
-42.7874
-41.0225
-42.0665
-36.4296
-34.8878
-33.3533
-32.0749
-30.7491
-29.4366
-27.8696
-26.8949
-26.6986
-29.0137
-23.7762
-22.4741
-21.2726
-20.3419
-19.6015
-19.1667
-19.0522
-19.4723
-20.1968
-21.5474
-15.5316
-14.8871
-14.4134
-14.1789
-14.1431
-14.2676
-14.3867
-14.3645
-14.1503
-14.3384
-10.8865
-10.6732
-10.5454
-10.4598
-10.336
-10.1143
-9.76217
-9.39173
-9.21026
-9.50465
-7.66198
-7.50929
-7.35609
-7.17314
-6.96092
-6.76018
-6.62788
-6.60646
-6.68783
-6.85572
-5.40085
-5.2979
-5.20597
-5.12396
-5.05844
-5.01314
-4.97998
-4.93865
-4.8863
-4.84897
-4.16395
-4.1157
-4.06653
-4.01307
-3.95278
-3.88415
-3.80828
-3.72898
-3.65668
-3.59877
-3.50842
-3.47122
-3.42744
-3.37752
-3.32233
-3.26313
-3.20123
-3.13733
-3.07233
-3.00607
-3.22404
-3.1924
-3.15434
-3.11028
-3.06067
-3.00593
-2.94653
-2.88295
-2.81585
-2.74588
-56.3488
-60.4102
-55.7233
-54.6376
-54.9719
-54.6093
-53.8473
-53.2331
-52.7175
-52.1363
-50.2731
-50.4203
-44.3928
-41.7067
-41.7021
-41.4342
-40.472
-39.4922
-38.6368
-37.7188
-40.2774
-37.8405
-31.0186
-28.0945
-28.1743
-28.4237
-27.8507
-26.9092
-25.9573
-24.9688
-28.4789
-25.8268
-19.9854
-17.4323
-17.6916
-18.4169
-18.4015
-17.7915
-17.0152
-16.2603
-18.7281
-16.9535
-12.9559
-11.0024
-11.183
-11.9878
-12.333
-12.1086
-11.6479
-11.2134
-11.7997
-10.9941
-8.73942
-7.4492
-7.43076
-7.95401
-8.31645
-8.31452
-8.09854
-7.85539
-7.20061
-7.00171
-6.05644
-5.41647
-5.32327
-5.52598
-5.71088
-5.74148
-5.65093
-5.52127
-4.5677
-4.62293
-4.40275
-4.21435
-4.16731
-4.21511
-4.27072
-4.28539
-4.25924
-4.21335
-3.42359
-3.53399
-3.55229
-3.53994
-3.53823
-3.55141
-3.56585
-3.5698
-3.55996
-3.53853
-3.04363
-3.16859
-3.22971
-3.24917
-3.25774
-3.26656
-3.27343
-3.27381
-3.26555
-3.24869
1.14205
1.05949
0.853676
0.430562
-0.386268
-1.83227
-4.05829
-8.81105
-17.0767
-35.9048
0.881297
0.79259
0.579183
0.145475
-0.679421
-2.18615
-4.55203
-9.27552
-17.1932
-33.1998
0.603483
0.514216
0.308427
-0.106377
-0.861726
-2.32204
-4.49847
-8.67318
-15.1618
-27.1431
0.316086
0.225988
0.0385446
-0.345802
-0.973382
-2.27112
-4.05727
-7.34251
-12.2413
-20.5231
0.0289986
-0.0631402
-0.227555
-0.572888
-1.05724
-2.106
-3.44991
-5.77045
-9.15349
-14.2422
-0.243433
-0.341173
-0.476578
-0.775836
-1.12788
-1.89217
-2.8525
-4.2934
-6.33275
-9.16664
-0.490098
-0.589801
-0.695732
-0.933261
-1.19724
-1.70053
-2.34102
-3.15274
-4.28463
-5.81135
-0.711286
-0.789738
-0.877605
-1.04424
-1.2537
-1.56815
-1.98285
-2.46548
-3.11778
-3.92184
-0.887941
-0.934012
-1.00745
-1.12279
-1.2886
-1.50219
-1.79251
-2.12509
-2.55399
-3.05259
-0.988126
-1.01608
-1.07721
-1.16965
-1.30707
-1.47956
-1.70765
-1.97047
-2.2956
-2.69757
2.87095
2.82743
2.69244
2.36757
1.73068
0.601533
-1.32408
-4.61982
-12.5016
-30.5797
2.67847
2.63047
2.48707
2.15235
1.50267
0.378249
-1.57491
-4.7548
-12.0818
-30.0571
2.49127
2.43903
2.28769
1.94423
1.27889
0.158106
-1.83755
-4.98348
-11.7868
-29.6642
2.30963
2.25346
2.09465
1.74353
1.06003
-0.0572668
-2.09661
-5.30551
-11.7199
-29.6297
2.13375
2.07403
1.90826
1.5504
0.84701
-0.269604
-2.33556
-5.69273
-11.7301
-29.7203
1.96378
1.9009
1.72876
1.36474
0.641066
-0.48443
-2.54747
-6.14237
-11.8835
-29.8543
1.79976
1.73417
1.55635
1.18608
0.443782
-0.707101
-2.72619
-6.61541
-12.1066
-29.6332
1.64177
1.57391
1.39113
1.01394
0.256573
-0.94209
-2.89462
-7.0831
-12.7647
-29.4043
1.48977
1.42026
1.23317
0.846755
0.0773197
-1.18678
-3.09431
-7.47594
-13.7199
-29.4302
1.34305
1.27191
1.08201
0.685327
-0.100577
-1.44572
-3.42017
-7.97453
-15.3979
-31.8456
4.94627
4.95034
4.93473
4.75287
4.19163
3.12355
0.702642
-5.65098
-18.1011
-35.6487
4.73916
4.7335
4.69438
4.47037
3.80437
2.54965
0.0696187
-6.1308
-18.9924
-36.9291
4.52978
4.51915
4.4644
4.2269
3.56806
2.37278
0.303862
-4.73924
-15.8621
-33.0654
4.31862
4.30481
4.23958
4.00135
3.39301
2.32005
0.613558
-3.52502
-13.5824
-31.5021
4.10654
4.08941
4.01485
3.77376
3.19977
2.17744
0.553534
-3.3348
-13.2518
-31.6628
3.89465
3.87371
3.7891
3.53744
2.96622
1.91429
0.176168
-3.77705
-13.5989
-31.7527
3.68399
3.65887
3.56351
3.2957
2.70897
1.60348
-0.26776
-4.22835
-13.6939
-31.476
3.4755
3.44594
3.33978
3.05472
2.45056
1.3122
-0.619475
-4.45129
-13.5108
-31.2202
3.27003
3.23584
3.11939
2.81883
2.20192
1.05797
-0.874687
-4.51998
-13.2319
-31.0793
3.0683
3.02942
2.90338
2.58971
1.96308
0.826347
-1.09472
-4.55496
-12.9155
-30.9521
8.44071
8.47714
8.54572
8.63773
8.738
8.83249
8.9123
8.9718
9.0047
9.00143
8.2988
8.34459
8.43103
8.5473
8.67557
8.79974
8.91321
9.01438
9.08297
9.09362
8.04981
8.10915
8.22037
8.36841
8.53196
8.69582
8.8526
8.9924
9.09562
9.1528
7.71556
7.78843
7.9255
8.10817
8.30267
8.46378
8.56411
8.62168
8.61774
8.58331
7.31899
7.39903
7.546
7.73545
7.93432
8.09297
8.10428
7.83257
7.28972
6.89886
6.88623
6.96664
7.11247
7.29615
7.4795
7.55484
7.23584
6.23851
4.77916
3.90229
6.44299
6.51603
6.6414
6.77731
6.88492
6.8337
6.13972
4.23502
1.41477
-0.679362
6.01034
6.07014
6.16541
6.23279
6.2368
6.05365
4.96425
1.88805
-2.95649
-7.30618
5.60376
5.64539
5.70241
5.68357
5.5307
5.15212
3.68078
-0.668911
-7.87587
-15.0924
5.23127
5.25482
5.27368
5.16609
4.81447
4.13389
2.20704
-3.38763
-13.2938
-25.2937
8.97478
8.95936
8.93895
8.91454
8.88617
8.85361
8.81675
8.77554
8.72997
8.68001
9.07761
9.05814
9.03108
9.0009
8.96729
8.92971
8.88812
8.84258
8.79311
8.7397
9.20276
9.17995
9.14639
9.10754
9.06335
9.01428
8.96044
8.90166
8.83765
8.76793
8.73895
8.73801
8.72314
8.69803
8.66469
8.61921
8.55813
8.48128
8.3898
8.28341
7.24689
7.34525
7.38901
7.3859
7.33244
7.23572
7.10901
6.96756
6.815
6.64313
4.6825
4.96027
4.95746
4.84365
4.68614
4.54357
4.40392
4.25375
4.05483
3.78468
0.289499
0.668713
0.624861
0.603299
0.570974
0.527389
0.379118
0.107357
-0.344983
-0.952653
-6.43476
-5.42305
-5.11888
-5.00107
-5.19813
-5.52886
-6.04878
-6.72706
-7.66168
-8.76406
-14.1203
-12.5624
-12.7658
-13.278
-14.1649
-14.9182
-15.7745
-16.7109
-17.9259
-19.2742
-25.3738
-24.1948
-24.9708
-25.6592
-26.4545
-27.0239
-27.7109
-28.5026
-29.5609
-30.7337
8.62566
8.56697
8.50397
8.43675
8.36537
8.28997
8.21066
8.12754
8.04063
7.9474
8.68231
8.62084
8.55506
8.48469
8.40968
8.33039
8.24774
8.16307
8.073
7.95175
8.69169
8.60794
8.5165
8.41922
8.31858
8.21269
8.09099
7.93818
7.75039
7.56434
8.15779
8.00918
7.84611
7.69727
7.58896
7.48855
7.27441
6.82619
6.23892
5.98292
6.43142
6.1647
5.86531
5.625
5.5467
5.5561
5.26057
4.20283
2.58803
1.9894
3.4222
2.95595
2.40722
1.9186
1.72158
1.80482
1.47814
-0.32831
-3.54605
-4.95191
-1.66499
-2.45219
-3.33988
-4.23393
-4.82262
-4.91469
-5.31898
-7.81817
-12.7343
-14.8908
-9.88375
-10.9471
-12.0721
-13.3134
-14.4256
-14.9642
-15.5059
-18.3109
-24.1328
-26.2696
-20.5652
-21.7014
-22.8554
-24.1781
-25.6083
-26.6248
-27.2445
-29.6248
-35.0071
-35.9645
-31.873
-32.8878
-33.9132
-35.0501
-36.3767
-37.5815
-38.2177
-39.3874
-43.2828
-42.9156
7.65159
7.07437
6.58675
5.79425
4.85171
3.89251
2.99003
2.18282
1.50164
0.956325
0.54321
0.258146
0.072505
-0.014084
-0.0458836
-0.021092
0.0295931
0.0674117
0.108652
0.0468143
7.4989
6.87742
6.44217
5.47419
4.54789
3.62781
2.75175
1.97071
1.32404
0.814016
0.435817
0.178052
0.0150079
-0.0546469
-0.0746026
-0.0359852
0.0170849
0.0672715
0.111709
0.0384782
7.13641
6.4838
5.96259
5.02658
4.14054
3.25426
2.42345
1.6958
1.10539
0.646224
0.31407
0.0887506
-0.0462932
-0.0975059
-0.102314
-0.0495285
0.00644388
0.073469
0.110368
0.023889
6.07299
5.58723
5.0656
4.50856
3.59909
2.80255
2.06969
1.42447
0.902137
0.498473
0.21097
0.0159051
-0.0930033
-0.12974
-0.11916
-0.0567413
0.00141152
0.0801928
0.099194
0.0068933
3.27122
3.73226
3.62626
3.71239
2.93992
2.316
1.72028
1.17206
0.720367
0.370512
0.123226
-0.0439559
-0.130137
-0.154284
-0.129767
-0.0621349
-0.0017591
0.0829121
0.0812954
-0.00933846
-1.93858
0.717293
1.60156
2.51891
2.2306
1.84091
1.39652
0.947126
0.563193
0.262347
0.0501512
-0.0924091
-0.159664
-0.172815
-0.137122
-0.0663592
-0.00463887
0.0810127
0.0620366
-0.0231098
-9.05496
-3.27952
-0.768805
1.1119
1.49171
1.39393
1.10391
0.750201
0.429547
0.172455
-0.00946435
-0.130916
-0.18263
-0.186342
-0.142232
-0.0696831
-0.00801916
0.0755784
0.0449695
-0.0336506
-17.0882
-7.7507
-3.11479
-0.212715
0.804866
0.992644
0.846773
0.579826
0.316185
0.0976724
-0.0581254
-0.161576
-0.200443
-0.196178
-0.146006
-0.0727067
-0.011937
0.0683291
0.0313197
-0.041009
-24.0735
-11.3781
-4.78569
-1.10604
0.287397
0.670827
0.633676
0.435704
0.220187
0.0348514
-0.0984068
-0.186425
-0.214529
-0.203568
-0.149061
-0.0756319
-0.0160317
0.0606712
0.0209049
-0.045759
-26.8054
-12.3537
-5.30123
-1.29706
0.0324134
0.463394
0.483755
0.325709
0.144732
-0.0150301
-0.130087
-0.205451
-0.224821
-0.208612
-0.151245
-0.0782217
-0.0199675
0.0533324
0.0130179
-0.0486116
-23.8395
-10.8759
-5.10933
-1.03527
0.0225663
0.379844
0.422452
0.274967
0.109183
-0.0384796
-0.144406
-0.213133
-0.228149
-0.209749
-0.151931
-0.0801138
-0.0232473
0.0473759
0.00799194
-0.0498231
-22.6053
-9.22825
-5.14146
-1.07519
-0.0250437
0.252164
0.333208
0.207994
0.0631184
-0.0681531
-0.162441
-0.22291
-0.232488
-0.210824
-0.151721
-0.0805922
-0.024688
0.0435131
0.00454845
-0.0505112
-23.9862
-8.37803
-5.22261
-1.37017
-0.0691101
0.137461
0.248602
0.145597
0.0182182
-0.0980665
-0.18115
-0.23323
-0.237093
-0.21181
-0.151231
-0.0808501
-0.0259038
0.0396846
0.0013081
-0.0509732
-25.85
-8.14206
-5.11986
-1.77605
-0.157277
0.0324045
0.163545
0.087555
-0.0225099
-0.124751
-0.197664
-0.242244
-0.241112
-0.212724
-0.151024
-0.0814769
-0.0274523
0.0357056
-0.0016426
-0.051165
-27.6379
-8.53261
-4.93194
-2.15468
-0.29206
-0.0562189
0.0824506
0.0332089
-0.0602285
-0.149227
-0.212633
-0.250298
-0.244689
-0.213612
-0.1511
-0.0824493
-0.029312
0.0316113
-0.00432322
-0.051103
-29.1277
-9.19477
-4.76395
-2.44758
-0.471652
-0.138489
0.00595221
-0.0179279
-0.0953297
-0.171965
-0.22649
-0.257709
-0.248006
-0.214524
-0.151413
-0.0836907
-0.0314007
0.027456
-0.00676222
-0.0508118
-30.6241
-10.1279
-4.71192
-2.6514
-0.674681
-0.22062
-0.0654248
-0.0661209
-0.127991
-0.193073
-0.23933
-0.264566
-0.251131
-0.2155
-0.151966
-0.0851804
-0.0336869
0.0232729
-0.00898078
-0.0503125
-32.3117
-11.2898
-4.81377
-2.79097
-0.881826
-0.306988
-0.132169
-0.111589
-0.158423
-0.212669
-0.251224
-0.270923
-0.254107
-0.216572
-0.152775
-0.0869111
-0.0361541
0.019087
-0.0109992
-0.0496253
-34.3451
-12.8014
-5.12482
-2.9114
-1.08184
-0.398933
-0.195187
-0.154543
-0.186849
-0.230893
-0.262269
-0.27685
-0.25698
-0.217769
-0.153845
-0.0888696
-0.0387821
0.0149211
-0.0128391
-0.0487716
-36.5073
-14.5194
-5.64182
-3.05716
-1.27527
-0.497241
-0.255699
-0.195237
-0.213491
-0.24789
-0.272564
-0.282419
-0.259798
-0.219114
-0.155175
-0.0910381
-0.0415486
0.0107949
-0.0145228
-0.047773
)
;

boundaryField
{
    inlet
    {
        type            freestreamPressure;
        freestreamValue uniform 0;
        supersonic      false;
        value           nonuniform List<scalar> 
40
(
1.14205
0.881297
0.603483
0.316086
0.0289986
-0.243433
-0.490098
-0.711286
-0.887941
-0.988126
2.87095
2.67847
2.49127
2.30963
2.13375
1.96378
1.79976
1.64177
1.48977
1.34305
4.94627
4.73916
4.52978
4.31862
4.10654
3.89465
3.68399
3.4755
3.27003
3.0683
8.44071
8.2988
8.04981
7.71556
7.31899
6.88623
6.44299
6.01034
5.60376
5.23127
)
;
    }
    outlet
    {
        type            freestreamPressure;
        freestreamValue uniform 0;
        supersonic      false;
        value           nonuniform List<scalar> 
40
(
-0.00106525
-0.000965724
-0.000829332
-0.0006656
-0.000494966
-0.00033752
-0.000206733
-0.000108074
-4.11044e-05
-4.86072e-06
-0.000692746
-0.000796407
-0.00089464
-0.000982329
-0.00105497
-0.00110918
-0.001143
-0.00115606
-0.00114913
-0.00112344
-4.89802e-05
-7.07252e-05
-9.98245e-05
-0.000137567
-0.000185313
-0.000244172
-0.000314704
-0.00039667
-0.000488813
-0.000588709
2.37263e-07
1.25101e-06
6.02191e-07
2.52185e-08
-1.57185e-10
-4.82509e-09
-4.48843e-07
-3.32884e-06
-1.17457e-05
-2.83387e-05
)
;
    }
    top
    {
        type            symmetryPlane;
    }
    bottom
    {
        type            symmetryPlane;
    }
    cylinder
    {
        type            zeroGradient;
    }
    frontandback
    {
        type            empty;
    }
}


// ************************************************************************* //
