/*--------------------------------*- C++ -*----------------------------------*\
  =========                 |
  \\      /  F ield         | OpenFOAM: The Open Source CFD Toolbox
   \\    /   O peration     | Website:  https://openfoam.org
    \\  /    A nd           | Version:  6.0
     \\/     M anipulation  |
\*---------------------------------------------------------------------------*/
FoamFile
{
    version     2.0;
    format      ascii;
    class       volScalarField;
    location    "18.6";
    object      p;
}
// * * * * * * * * * * * * * * * * * * * * * * * * * * * * * * * * * * * * * //

dimensions      [0 2 -2 0 0 0 0];

internalField   nonuniform List<scalar> 
9600
(
-171.06
-150.56
-135.733
-123.421
-112.179
-102.058
-93.0204
-84.9443
-77.7209
-71.2529
-65.4502
-60.2316
-55.5254
-51.2693
-47.4091
-43.8984
-40.6971
-37.7688
-35.0801
-32.6276
-172.375
-151.836
-136.93
-124.527
-113.197
-103
-93.8963
-85.7643
-78.4932
-71.9842
-66.1458
-60.8955
-56.1609
-51.8789
-47.9952
-44.4627
-41.2413
-38.2936
-35.5858
-33.119
-173.685
-153.089
-138.103
-125.61
-114.195
-103.922
-94.7545
-86.568
-79.2506
-72.7017
-66.8284
-61.5471
-56.7847
-52.4775
-48.5705
-45.0167
-41.7753
-38.8083
-36.0813
-33.6005
-174.983
-154.323
-139.252
-126.67
-115.171
-104.825
-95.5939
-87.3543
-79.9918
-73.4041
-67.4968
-62.1855
-57.396
-53.0642
-49.1345
-45.5597
-42.2987
-39.3126
-36.5666
-34.0724
-176.262
-155.535
-140.376
-127.705
-116.123
-105.705
-96.4129
-88.1217
-80.7154
-74.09
-68.15
-62.8096
-57.9939
-53.6382
-49.6866
-46.0914
-42.8112
-39.8063
-37.0419
-34.5354
-177.519
-156.722
-141.475
-128.715
-117.051
-106.562
-97.21
-88.8685
-81.4198
-74.7582
-68.7865
-63.4181
-58.5773
-54.1987
-50.226
-46.6113
-43.3128
-40.2898
-37.5076
-34.9901
-178.748
-157.881
-142.546
-129.696
-117.952
-107.394
-97.9834
-89.5932
-82.1037
-75.4071
-69.4052
-64.0101
-59.1453
-54.7449
-50.7523
-47.1192
-43.8034
-40.7632
-37.9644
-35.4375
-179.946
-159.01
-143.586
-130.648
-118.824
-108.198
-98.7313
-90.2941
-82.7651
-76.0352
-70.0044
-64.5839
-59.6965
-55.2758
-51.2646
-47.6145
-44.2827
-41.2268
-38.4129
-35.8786
-181.111
-160.106
-144.594
-131.568
-119.666
-108.974
-99.452
-90.9693
-83.4024
-76.6405
-70.5823
-65.138
-60.2295
-55.7899
-51.7618
-48.0963
-44.7504
-41.6804
-38.8535
-36.3145
-182.24
-161.166
-145.567
-132.455
-120.476
-109.719
-100.143
-91.6167
-84.0135
-77.2212
-71.1371
-65.6704
-60.7425
-56.2857
-52.2424
-48.5635
-45.2053
-42.1233
-39.2859
-36.7455
-183.332
-162.188
-146.503
-133.306
-121.252
-110.431
-100.803
-92.2341
-84.5961
-77.7748
-71.6663
-66.1789
-61.2331
-56.7611
-52.7045
-49.0142
-45.646
-42.5542
-39.7091
-37.1705
-184.385
-163.172
-147.402
-134.12
-121.991
-111.108
-101.43
-92.8195
-85.1477
-78.2985
-72.1669
-66.6602
-61.6984
-57.213
-53.1456
-49.4464
-46.0709
-42.9722
-40.1221
-37.5877
-185.399
-164.116
-148.26
-134.896
-122.693
-111.749
-102.021
-93.3704
-85.6658
-78.7897
-72.6358
-67.1108
-62.1342
-57.6372
-53.5611
-49.8563
-46.4771
-43.3755
-40.5244
-37.9986
-186.373
-165.019
-149.079
-135.631
-123.356
-112.352
-102.575
-93.8849
-86.148
-79.2453
-73.0696
-67.5266
-62.5357
-58.0279
-53.9446
-50.2362
-46.8568
-43.7568
-40.9118
-38.4067
-187.305
-165.879
-149.855
-136.326
-123.98
-112.916
-103.091
-94.3609
-86.5917
-79.6626
-73.465
-67.9042
-62.8991
-58.3805
-54.2898
-50.5777
-47.1985
-44.1027
-41.272
-38.8021
-188.2
-166.697
-150.589
-136.98
-124.562
-113.439
-103.565
-94.796
-86.9942
-80.0379
-73.8179
-68.239
-63.2198
-58.691
-54.5937
-50.8786
-47.4995
-44.4079
-41.5915
-39.1498
-189.068
-167.479
-151.282
-137.591
-125.102
-113.92
-103.998
-95.1883
-87.3528
-80.3676
-74.1229
-68.5237
-63.4888
-58.9498
-54.8488
-51.137
-47.767
-44.6862
-41.8795
-39.4408
-189.925
-168.234
-151.935
-138.159
-125.6
-114.359
-104.389
-95.5386
-87.6675
-80.6502
-74.3763
-68.7505
-63.6925
-59.136
-55.0267
-51.3199
-47.9694
-44.9178
-42.1496
-39.7808
-190.769
-168.959
-152.549
-138.687
-126.06
-114.762
-104.744
-95.8523
-87.9436
-80.8908
-74.5819
-68.9207
-63.8266
-59.2339
-55.0908
-51.3566
-47.9898
-44.9501
-42.282
-40.1955
-191.528
-169.631
-153.125
-139.182
-126.489
-115.137
-105.072
-96.1384
-88.1908
-81.1001
-74.7524
-69.0496
-63.9093
-59.2627
-55.0538
-51.2343
-47.7588
-44.6151
-41.9414
-39.991
-198.125
-198.103
-198.006
-197.882
-197.735
-197.558
-197.346
-197.1
-196.822
-196.514
-196.177
-195.812
-195.421
-195.005
-194.565
-194.103
-193.62
-193.12
-192.607
-192.086
-175.306
-175.339
-175.32
-175.265
-175.177
-175.055
-174.897
-174.704
-174.478
-174.222
-173.936
-173.623
-173.283
-172.918
-172.529
-172.116
-171.681
-171.222
-170.738
-170.216
-157.771
-157.849
-157.885
-157.883
-157.843
-157.767
-157.655
-157.511
-157.336
-157.131
-156.898
-156.639
-156.355
-156.047
-155.715
-155.36
-154.98
-154.574
-154.136
-153.657
-142.989
-143.086
-143.148
-143.172
-143.159
-143.111
-143.031
-142.921
-142.782
-142.616
-142.424
-142.209
-141.97
-141.71
-141.428
-141.123
-140.796
-140.443
-140.06
-139.643
-129.709
-129.807
-129.873
-129.906
-129.905
-129.871
-129.807
-129.716
-129.599
-129.457
-129.293
-129.107
-128.901
-128.676
-128.432
-128.168
-127.885
-127.579
-127.248
-126.887
-117.977
-118.066
-118.127
-118.158
-118.157
-118.127
-118.069
-117.986
-117.879
-117.75
-117.601
-117.433
-117.249
-117.048
-116.831
-116.599
-116.351
-116.084
-115.797
-115.483
-107.669
-107.746
-107.796
-107.819
-107.813
-107.78
-107.721
-107.639
-107.535
-107.412
-107.271
-107.114
-106.942
-106.757
-106.56
-106.352
-106.132
-105.897
-105.646
-105.373
-98.5727
-98.6362
-98.6752
-98.6882
-98.6743
-98.6348
-98.5716
-98.4869
-98.3825
-98.2602
-98.122
-97.97
-97.8062
-97.6323
-97.4501
-97.2602
-97.0625
-96.8556
-96.6363
-96.3998
-90.5051
-90.5556
-90.5829
-90.5855
-90.5629
-90.5163
-90.4475
-90.3585
-90.2512
-90.1275
-89.9895
-89.8397
-89.6804
-89.5139
-89.3425
-89.1675
-88.9892
-88.8067
-88.6169
-88.4145
-83.3142
-83.3529
-83.3693
-83.3622
-83.3312
-83.2775
-83.2028
-83.109
-82.9979
-82.8715
-82.7322
-82.5826
-82.4254
-82.2637
-82.1004
-81.9376
-81.7766
-81.6168
-81.4555
-81.2866
-76.8743
-76.9025
-76.9092
-76.8933
-76.8547
-76.7944
-76.7141
-76.6154
-76.5001
-76.3704
-76.2287
-76.0778
-75.921
-75.762
-75.6045
-75.4516
-75.306
-75.1679
-75.0349
-74.9003
-71.0818
-71.1009
-71.099
-71.0754
-71.03
-70.9638
-70.8782
-70.7748
-70.6554
-70.5219
-70.377
-70.2237
-70.0656
-69.9072
-69.7531
-69.6078
-69.4758
-69.3584
-69.2543
-69.1562
-65.8519
-65.8628
-65.8535
-65.8231
-65.7717
-65.7002
-65.6099
-65.5021
-65.3785
-65.2411
-65.0924
-64.9353
-64.7745
-64.6143
-64.4612
-64.3205
-64.1998
-64.1018
-64.0279
-63.9694
-61.114
-61.1179
-61.102
-61.0657
-61.0091
-60.9329
-60.8383
-60.7265
-60.5988
-60.4572
-60.3041
-60.1424
-59.9771
-59.8127
-59.6575
-59.5178
-59.4055
-59.3245
-59.2826
-59.2682
-56.8092
-56.8069
-56.7853
-56.7438
-56.6827
-56.6025
-56.5041
-56.3885
-56.257
-56.1111
-55.9532
-55.786
-55.6146
-55.4433
-55.2826
-55.1393
-55.0314
-54.9633
-54.9549
-54.9899
-52.8882
-52.8803
-52.8535
-52.8075
-52.7424
-52.6586
-52.5569
-52.438
-52.3029
-52.1528
-51.9898
-51.8162
-51.637
-51.4561
-51.286
-51.133
-51.0244
-50.9627
-50.9891
-51.076
-49.309
-49.2959
-49.2644
-49.2144
-49.1457
-49.0589
-48.9541
-48.8321
-48.6934
-48.539
-48.3706
-48.1898
-48.0013
-47.8079
-47.6233
-47.4528
-47.3349
-47.2707
-47.3352
-47.4703
-46.0335
-46.0165
-45.9815
-45.9285
-45.8574
-45.7683
-45.6614
-45.5369
-45.3952
-45.237
-45.0633
-44.8754
-44.6765
-44.4686
-44.2643
-44.067
-43.9253
-43.8427
-43.9548
-44.1478
-43.0263
-43.0074
-42.9713
-42.9181
-42.8475
-42.7594
-42.6534
-42.53
-42.3888
-42.2305
-42.0552
-41.8641
-41.6584
-41.4394
-41.2159
-40.9883
-40.8048
-40.6738
-40.8196
-41.1463
-40.2731
-40.2478
-40.2071
-40.1513
-40.08
-39.9924
-39.8882
-39.7673
-39.6292
-39.4743
-39.302
-39.113
-38.9067
-38.6842
-38.447
-38.1957
-37.9547
-37.736
-37.7725
-38.2583
-186.393
-187.446
-188.404
-189.341
-190.261
-191.145
-191.98
-192.762
-193.49
-194.164
-194.783
-195.347
-195.855
-196.309
-196.709
-197.057
-197.356
-197.61
-197.823
-197.999
-163.36
-164.413
-165.409
-166.371
-167.3
-168.186
-169.022
-169.806
-170.538
-171.218
-171.844
-172.419
-172.94
-173.41
-173.828
-174.197
-174.518
-174.792
-175.02
-175.195
-145.993
-147.018
-148.004
-148.95
-149.853
-150.71
-151.52
-152.281
-152.994
-153.657
-154.272
-154.838
-155.355
-155.823
-156.245
-156.619
-156.947
-157.228
-157.462
-157.645
-131.743
-132.715
-133.654
-134.553
-135.408
-136.218
-136.984
-137.705
-138.38
-139.01
-139.595
-140.134
-140.628
-141.078
-141.483
-141.845
-142.163
-142.437
-142.668
-142.852
-119.193
-120.103
-120.983
-121.825
-122.625
-123.382
-124.097
-124.769
-125.398
-125.985
-126.53
-127.032
-127.493
-127.912
-128.29
-128.628
-128.925
-129.182
-129.399
-129.575
-108.251
-109.1
-109.922
-110.708
-111.454
-112.158
-112.821
-113.443
-114.025
-114.566
-115.067
-115.529
-115.952
-116.336
-116.683
-116.991
-117.263
-117.497
-117.695
-117.855
-98.7075
-99.5036
-100.273
-101.007
-101.702
-102.357
-102.971
-103.545
-104.081
-104.578
-105.038
-105.46
-105.846
-106.195
-106.51
-106.789
-107.033
-107.244
-107.42
-107.562
-90.315
-91.0656
-91.7888
-92.4773
-93.1265
-93.7354
-94.3048
-94.8357
-95.329
-95.7855
-96.2061
-96.5916
-96.9427
-97.2602
-97.5445
-97.7961
-98.0153
-98.2025
-98.3579
-98.4816
-82.8793
-83.5915
-84.2751
-84.9232
-85.5315
-86.0994
-86.6282
-87.1194
-87.5741
-87.9936
-88.3789
-88.7311
-89.051
-89.3393
-89.5966
-89.8231
-90.0193
-90.1855
-90.3218
-90.4286
-76.2508
-76.9312
-77.5812
-78.1939
-78.7655
-79.2964
-79.7883
-80.2433
-80.663
-81.0489
-81.4024
-81.7246
-82.0165
-82.2788
-82.512
-82.7163
-82.8921
-83.0397
-83.1592
-83.251
-70.3117
-70.9663
-71.5881
-72.1696
-72.708
-73.2047
-73.6628
-74.0845
-74.4721
-74.8273
-75.1519
-75.4473
-75.7142
-75.9534
-76.1653
-76.3501
-76.5081
-76.6394
-76.7442
-76.8227
-64.9676
-65.6024
-66.2007
-66.7542
-67.2617
-67.7267
-68.153
-68.5438
-68.9015
-69.2286
-69.5269
-69.7979
-70.0424
-70.2611
-70.4542
-70.6219
-70.7643
-70.8815
-70.9734
-71.0404
-60.1425
-60.7632
-61.3421
-61.8698
-62.3479
-62.7826
-63.1788
-63.5402
-63.8699
-64.1709
-64.4451
-64.694
-64.9184
-65.1188
-65.2953
-65.448
-65.5767
-65.6816
-65.7624
-65.8193
-55.7751
-56.3874
-56.9495
-57.4522
-57.9015
-58.3067
-58.6738
-59.0069
-59.3101
-59.5865
-59.8385
-60.0672
-60.2735
-60.4576
-60.6195
-60.759
-60.8758
-60.9699
-61.041
-61.0891
-51.8163
-52.4275
-52.9731
-53.4483
-53.8682
-54.2445
-54.5827
-54.8881
-55.1657
-55.4192
-55.6504
-55.8607
-56.0507
-56.2202
-56.3692
-56.4971
-56.6035
-56.6882
-56.7507
-56.7912
-48.2196
-48.8448
-49.3731
-49.8155
-50.204
-50.5507
-50.8596
-51.1374
-51.3903
-51.6219
-51.8338
-52.0271
-52.2022
-52.3588
-52.4963
-52.614
-52.7112
-52.7876
-52.8427
-52.8763
-44.9261
-45.5893
-46.1058
-46.5118
-46.8665
-47.1824
-47.4612
-47.7118
-47.9411
-48.1521
-48.3463
-48.5244
-48.6864
-48.8317
-48.9592
-49.068
-49.1574
-49.2266
-49.2751
-49.3026
-41.8964
-42.5895
-43.1026
-43.4807
-43.8023
-44.0852
-44.3345
-44.5601
-44.7681
-44.9611
-45.1403
-45.3061
-45.4579
-45.5946
-45.7147
-45.8171
-45.9008
-45.9648
-46.0084
-46.0314
-39.2807
-39.8624
-40.3253
-40.7009
-40.9946
-41.2356
-41.4533
-41.6559
-41.8436
-42.0188
-42.1841
-42.3392
-42.4826
-42.6122
-42.7266
-42.8245
-42.9044
-42.9652
-43.0061
-43.0265
-37.5302
-37.7866
-37.9621
-38.3443
-38.6216
-38.7913
-38.955
-39.1241
-39.2805
-39.4252
-39.5643
-39.6979
-39.8224
-39.9351
-40.0344
-40.1189
-40.187
-40.2373
-40.2689
-40.2809
-26.3771
-28.5981
-31.0495
-33.7143
-36.6206
-39.8011
-43.2883
-47.1195
-51.3385
-55.9974
-61.1586
-66.8986
-73.3142
-80.5307
-88.72
-98.1206
-108.967
-121.449
-137.183
-159.05
-26.8442
-29.088
-31.5548
-34.2382
-37.1661
-40.3706
-43.8842
-47.7444
-51.9958
-56.6909
-61.8928
-67.679
-74.1472
-81.4243
-89.6838
-99.1655
-110.103
-122.678
-138.495
-160.416
-27.3155
-29.5815
-32.0636
-34.7659
-37.7161
-40.945
-44.4856
-48.3756
-52.6601
-57.3921
-62.6355
-68.4687
-74.9905
-82.3291
-90.6594
-100.222
-111.25
-123.918
-139.808
-161.762
-27.7905
-30.0775
-32.5746
-35.2962
-38.2689
-41.5228
-45.0907
-49.011
-53.3291
-58.0987
-63.3841
-69.2648
-75.8408
-83.2414
-91.6427
-101.287
-112.405
-125.166
-141.135
-163.131
-28.2677
-30.5747
-33.0867
-35.8278
-38.8234
-42.1026
-45.6982
-49.6492
-54.0014
-58.8088
-64.1368
-70.0654
-76.6959
-84.1587
-92.6313
-102.356
-113.565
-126.421
-142.476
-164.523
-28.7456
-31.072
-33.5988
-36.3599
-39.379
-42.6838
-46.3076
-50.2897
-54.6763
-59.522
-64.8928
-70.8697
-77.5549
-85.0803
-93.6244
-103.431
-114.73
-127.682
-143.825
-165.928
-29.2229
-31.5681
-34.1099
-36.8917
-39.9348
-43.2658
-46.9182
-50.9319
-55.3534
-60.2378
-65.6517
-71.6772
-78.4175
-86.0057
-94.6216
-104.509
-115.899
-128.946
-145.178
-167.338
-29.6988
-32.0622
-34.6193
-37.4225
-40.4903
-43.8481
-47.5297
-51.5755
-56.0322
-60.9557
-66.4132
-72.4875
-79.2831
-86.9343
-95.6223
-105.592
-117.072
-130.213
-146.531
-168.749
-30.1725
-32.5535
-35.1264
-37.9519
-41.0452
-44.4304
-48.1418
-52.2201
-56.7125
-61.6754
-67.1766
-73.2999
-80.151
-87.8653
-96.6253
-106.676
-118.246
-131.481
-147.885
-170.16
-30.6437
-33.042
-35.6311
-38.48
-41.5996
-45.0128
-48.7545
-52.8657
-57.3941
-62.3965
-67.9416
-74.114
-81.0204
-88.7978
-97.6295
-107.762
-119.421
-132.748
-149.237
-171.569
-31.1119
-33.5275
-36.1337
-39.0071
-42.154
-45.596
-49.3683
-53.5127
-58.0772
-63.1191
-68.7078
-74.9291
-81.8906
-89.7307
-98.6339
-108.847
-120.595
-134.014
-150.585
-172.974
-31.5782
-34.011
-36.6351
-39.5341
-42.7092
-46.1805
-49.9839
-54.1615
-58.762
-63.8431
-69.4751
-75.7447
-82.7609
-90.663
-99.6371
-109.93
-121.766
-135.275
-151.929
-174.372
-32.043
-34.494
-37.1375
-40.0637
-43.2678
-46.7686
-50.6028
-54.8132
-59.449
-64.5687
-70.2432
-76.5604
-83.6302
-91.5936
-100.638
-111.01
-122.932
-136.531
-153.264
-175.761
-32.5096
-34.9794
-37.6433
-40.5978
-43.8314
-47.3617
-51.2263
-55.4687
-60.1389
-65.2959
-71.0118
-77.3752
-84.4976
-92.5211
-101.634
-112.084
-124.092
-137.778
-154.59
-177.139
-32.9828
-35.4748
-38.1608
-41.144
-44.4061
-47.9641
-51.8571
-56.1296
-60.8321
-66.0246
-71.78
-78.1881
-85.3616
-93.4437
-102.624
-113.151
-125.243
-139.016
-155.905
-178.505
-33.4702
-35.9848
-38.6928
-41.7039
-44.9929
-48.5768
-52.496
-56.7962
-61.5286
-66.7542
-72.5469
-78.9976
-86.2201
-94.3591
-103.605
-114.207
-126.382
-140.24
-157.206
-179.856
-33.9968
-36.5395
-39.2642
-42.2947
-45.6028
-49.2061
-53.1461
-57.4692
-62.2276
-67.4831
-73.3103
-79.8013
-87.0708
-95.2647
-104.575
-115.249
-127.506
-141.449
-158.492
-181.192
-34.5763
-37.1369
-39.865
-42.9066
-46.2297
-49.8484
-53.8046
-58.1462
-62.9267
-68.2086
-74.0675
-80.5961
-87.9103
-96.157
-105.529
-116.275
-128.61
-142.638
-159.76
-182.515
-35.3248
-37.8633
-40.5399
-43.564
-46.8862
-50.5076
-54.4701
-58.8235
-63.6215
-68.9264
-74.814
-81.3778
-88.7345
-97.0319
-106.463
-117.278
-129.69
-143.8
-161.006
-183.826
-36.2319
-38.5828
-41.1924
-44.2248
-47.5511
-51.1687
-55.1316
-59.4929
-64.3051
-69.6303
-75.5444
-82.1413
-89.5385
-97.8846
-107.373
-118.253
-130.737
-144.922
-162.215
-185.13
-19.3474
-20.675
-22.5678
-24.8304
-27.3398
-30.0981
-33.1376
-36.4887
-40.1845
-44.2647
-48.7778
-53.7826
-59.353
-65.5855
-72.6167
-80.6479
-89.8886
-100.555
-114.431
-134.835
-19.8395
-21.2894
-23.2311
-25.4582
-27.9182
-30.6415
-33.6599
-36.9996
-40.6911
-44.7731
-49.2935
-54.3112
-59.9003
-66.1583
-73.2237
-81.2999
-90.5976
-101.329
-115.268
-135.719
-19.9149
-21.5962
-23.6475
-25.9162
-28.3957
-31.1308
-34.1564
-37.5016
-41.1998
-45.2915
-49.8252
-54.8606
-60.4727
-66.7603
-73.8633
-81.9874
-91.3448
-102.142
-116.135
-136.604
-20.1008
-21.8623
-23.9677
-26.2817
-28.8012
-31.5688
-34.6194
-37.9848
-41.7011
-45.8111
-50.3649
-55.4235
-61.0633
-67.3844
-74.5284
-82.7033
-92.1231
-102.992
-117.051
-137.557
-20.3645
-22.1516
-24.2897
-26.6368
-29.1889
-31.9868
-35.0649
-38.4556
-42.1963
-46.3305
-50.9098
-55.9964
-61.6681
-68.0265
-75.2152
-83.444
-92.9296
-103.877
-118.016
-138.578
-20.6167
-22.4438
-24.6186
-26.9961
-29.5764
-32.4017
-35.5066
-38.9238
-42.6911
-46.8528
-51.461
-56.5791
-62.2862
-68.6855
-75.9224
-84.2088
-93.7639
-104.794
-119.021
-139.647
-20.8628
-22.7371
-24.9475
-27.3547
-29.9638
-32.8172
-35.9498
-39.3946
-43.1901
-47.3811
-52.0207
-57.1729
-62.9183
-69.3616
-76.6499
-84.9974
-94.6254
-105.741
-120.058
-140.755
-21.1317
-23.0441
-25.2834
-27.7176
-30.3545
-33.2363
-36.3972
-39.8706
-43.6956
-47.9176
-52.5903
-57.7789
-63.565
-70.0548
-77.3975
-85.8092
-95.5128
-106.716
-121.126
-141.894
-21.4305
-23.3726
-25.6354
-28.093
-30.7555
-33.6641
-36.8527
-40.3549
-44.21
-48.464
-53.1713
-58.3979
-64.2266
-70.7652
-78.1648
-86.6432
-96.4252
-107.718
-122.222
-143.065
-21.7541
-23.723
-26.0064
-28.485
-31.1708
-34.1045
-37.3197
-40.8501
-44.7354
-49.0219
-53.7647
-59.0306
-64.9036
-71.4928
-78.9512
-87.4988
-97.3615
-108.746
-123.346
-144.266
-22.0989
-24.0937
-26.3961
-28.894
-31.6016
-34.5592
-37.8001
-41.3582
-45.2735
-49.5928
-54.3716
-59.6777
-65.5961
-72.2376
-79.7567
-88.3754
-98.3211
-109.799
-124.496
-145.493
-22.4642
-24.4841
-26.8038
-29.3196
-32.048
-35.0287
-38.2947
-41.88
-45.8251
-50.1772
-54.9926
-60.3396
-66.3045
-72.9995
-80.5809
-89.2725
-99.303
-110.876
-125.671
-146.746
-22.8495
-24.893
-27.2287
-29.7615
-32.5099
-35.5129
-38.8034
-42.4157
-46.3905
-50.7757
-55.6278
-61.0164
-67.0287
-73.7783
-81.4234
-90.1896
-100.307
-111.977
-126.87
-148.024
-23.2528
-25.3191
-27.6697
-30.2187
-32.9865
-36.0114
-39.326
-42.9651
-46.9696
-51.3879
-56.2772
-61.708
-67.7684
-74.5737
-82.2837
-91.1259
-101.331
-113.099
-128.092
-149.323
-23.6717
-25.7601
-28.125
-30.6899
-33.4767
-36.5232
-39.8619
-43.5276
-47.5619
-52.0134
-56.9404
-62.4137
-68.5231
-75.385
-83.1611
-92.0806
-102.375
-114.242
-129.336
-150.645
-24.1035
-26.2138
-28.5927
-31.1733
-33.9792
-37.0472
-40.4099
-44.1024
-48.1666
-52.6517
-57.6166
-63.1331
-69.2921
-76.2114
-84.0547
-93.0526
-103.438
-115.406
-130.601
-151.988
-24.5458
-26.6779
-29.0707
-31.6672
-34.4923
-37.582
-40.9688
-44.6883
-48.7827
-53.3017
-58.305
-63.8653
-70.0745
-77.0521
-84.9633
-94.0408
-104.518
-116.589
-131.887
-153.353
-24.9964
-27.1502
-29.5571
-32.1698
-35.0144
-38.1262
-41.5375
-45.2843
-49.4092
-53.9626
-59.0046
-64.6092
-70.8693
-77.9059
-85.886
-95.0437
-105.614
-117.789
-133.193
-154.742
-25.453
-27.6288
-30.0501
-32.6796
-35.5441
-38.6784
-42.1145
-45.889
-50.0448
-54.633
-59.7144
-65.3637
-71.6753
-78.7715
-86.8211
-96.0596
-106.723
-119.003
-134.517
-156.156
-25.9137
-28.1119
-30.548
-33.1949
-36.08
-39.2372
-42.6987
-46.5013
-50.6886
-55.3119
-60.433
-66.1276
-72.4911
-79.6474
-87.7669
-97.0866
-107.842
-120.225
-135.852
-157.598
-17.6591
-16.8672
-16.4468
-16.1902
-16.0045
-15.8539
-15.7361
-15.6419
-15.572
-15.5235
-15.4967
-15.4905
-15.5051
-15.5402
-15.596
-15.6724
-15.7696
-15.8878
-16.0274
-16.1885
-19.6924
-19.0363
-18.5326
-18.2215
-17.9921
-17.8187
-17.6839
-17.5789
-17.5013
-17.4476
-17.4173
-17.4092
-17.4229
-17.4581
-17.5147
-17.5925
-17.6918
-17.8124
-17.9545
-18.1184
-21.7875
-21.2325
-20.7462
-20.4091
-20.1484
-19.9529
-19.8007
-19.684
-19.5977
-19.5384
-19.5044
-19.4944
-19.5078
-19.5439
-19.6026
-19.6836
-19.7867
-19.912
-20.0594
-20.229
-24.1567
-23.6281
-23.1633
-22.8117
-22.5285
-22.3107
-22.1392
-22.0075
-21.9092
-21.8409
-21.8003
-21.7857
-21.7963
-21.8312
-21.89
-21.9723
-22.0779
-22.2065
-22.3581
-22.5328
-26.7452
-26.2323
-25.7811
-25.42
-25.1217
-24.8857
-24.6972
-24.551
-24.4408
-24.3631
-24.3154
-24.2957
-24.3029
-24.3361
-24.3947
-24.478
-24.5858
-24.7176
-24.8732
-25.053
-29.5551
-29.061
-28.621
-28.2535
-27.9449
-27.6943
-27.4916
-27.3323
-27.211
-27.1244
-27.0697
-27.0451
-27.0491
-27.0807
-27.1392
-27.2238
-27.334
-27.4693
-27.6295
-27.8149
-32.6243
-32.1463
-31.7153
-31.344
-31.0273
-30.7648
-30.5497
-30.3786
-30.247
-30.1517
-30.0903
-30.0609
-30.0618
-30.092
-30.1506
-30.2368
-30.3499
-30.4893
-30.6547
-30.8465
-35.9915
-35.5243
-35.099
-34.7247
-34.4011
-34.1283
-33.9023
-33.7203
-33.579
-33.4755
-33.4077
-33.3736
-33.3716
-33.4007
-33.4598
-33.548
-33.6645
-33.8086
-33.98
-34.1792
-39.6949
-39.233
-38.8097
-38.432
-38.1018
-37.8196
-37.5835
-37.3915
-37.241
-37.1298
-37.0558
-37.0173
-37.0128
-37.0411
-37.1011
-37.1919
-37.3126
-37.4622
-37.6407
-37.8484
-43.7763
-43.3151
-42.8902
-42.5076
-42.1701
-41.8788
-41.633
-41.4313
-41.272
-41.1533
-41.0734
-41.0308
-41.0241
-41.0521
-41.1136
-41.2077
-41.3334
-41.4896
-41.6761
-41.8937
-48.2849
-47.8195
-47.3893
-46.9997
-46.6536
-46.3525
-46.0966
-45.8852
-45.7171
-45.591
-45.5053
-45.4588
-45.4502
-45.4782
-45.5418
-45.6399
-45.7714
-45.9351
-46.1311
-46.3599
-53.2798
-52.8052
-52.3656
-51.9658
-51.6088
-51.2965
-51.0295
-50.8076
-50.6301
-50.4961
-50.4044
-50.3538
-50.3432
-50.3715
-50.4375
-50.5402
-50.6783
-50.8507
-51.0572
-51.2987
-58.8344
-58.3449
-57.891
-57.4769
-57.1057
-56.7795
-56.4992
-56.265
-56.0767
-55.9337
-55.8349
-55.7795
-55.7665
-55.7947
-55.8631
-55.9706
-56.1157
-56.2974
-56.5154
-56.7709
-65.044
-64.5328
-64.0582
-63.6243
-63.2342
-62.8899
-62.5928
-62.3432
-62.1414
-61.9869
-61.8791
-61.8172
-61.8002
-61.8271
-61.8971
-62.0088
-62.1608
-62.3517
-62.5817
-62.8517
-72.0437
-71.5022
-70.9989
-70.5377
-70.1219
-69.7535
-69.434
-69.1642
-68.9444
-68.7744
-68.6539
-68.5821
-68.5582
-68.5814
-68.6507
-68.7648
-68.9223
-69.1216
-69.3627
-69.6467
-80.0324
-79.4499
-78.9075
-78.4091
-77.9581
-77.5569
-77.207
-76.9095
-76.6649
-76.4731
-76.334
-76.2469
-76.2111
-76.2259
-76.2903
-76.4032
-76.563
-76.7677
-77.017
-77.3121
-89.2186
-88.5819
-87.9866
-87.4373
-86.9381
-86.4919
-86.1003
-85.7647
-85.4853
-85.2624
-85.0957
-84.9848
-84.9291
-84.9278
-84.9799
-85.0845
-85.2399
-85.444
-85.6959
-85.9967
-99.817
-99.1076
-98.4394
-97.821
-97.2573
-96.7513
-96.3043
-95.9172
-95.5904
-95.324
-95.1178
-94.9714
-94.8843
-94.8557
-94.8844
-94.9696
-95.1103
-95.3057
-95.5543
-95.8547
-113.596
-112.783
-112.018
-111.313
-110.671
-110.093
-109.578
-109.128
-108.742
-108.42
-108.163
-107.969
-107.839
-107.771
-107.766
-107.82
-107.938
-108.12
-108.366
-108.661
-133.845
-132.905
-132.045
-131.259
-130.545
-129.899
-129.321
-128.811
-128.368
-127.992
-127.685
-127.445
-127.272
-127.167
-127.127
-127.154
-127.251
-127.427
-127.679
-127.966
-16.3704
-16.5717
-16.7926
-17.033
-17.2931
-17.5729
-17.8724
-18.1915
-18.5298
-18.8865
-19.2609
-19.6506
-20.0497
-20.4522
-20.858
-21.2576
-21.5985
-21.8479
-22.115
-22.3698
-18.3036
-18.5088
-18.7339
-18.9789
-19.2438
-19.5283
-19.8324
-20.1558
-20.4977
-20.8573
-21.233
-21.6223
-22.0207
-22.4224
-22.8218
-23.211
-23.5714
-23.8688
-24.0774
-24.2766
-20.4207
-20.6329
-20.8658
-21.119
-21.3924
-21.6857
-21.9987
-22.3307
-22.6809
-23.0483
-23.4309
-23.8259
-24.2295
-24.6366
-25.0407
-25.434
-25.8084
-26.1455
-26.4139
-26.6573
-22.7303
-22.9492
-23.1894
-23.4505
-23.7323
-24.0344
-24.3563
-24.6972
-25.0561
-25.4318
-25.8222
-26.2244
-26.6347
-27.0485
-27.46
-27.8623
-28.2489
-28.6101
-28.9358
-29.2537
-25.2565
-25.4821
-25.7297
-25.999
-26.2894
-26.6005
-26.9316
-27.2818
-27.6501
-28.0349
-28.4341
-28.8449
-29.2638
-29.6867
-30.1086
-30.5238
-30.9265
-31.3107
-31.6785
-32.0527
-28.0251
-28.2581
-28.514
-28.7921
-29.092
-29.413
-29.7544
-30.1151
-30.494
-30.8895
-31.2993
-31.7209
-32.151
-32.586
-33.0217
-33.4536
-33.8769
-34.2881
-34.6928
-35.1088
-31.0642
-31.3056
-31.5707
-31.8588
-32.1693
-32.5016
-32.8547
-33.2275
-33.6187
-34.0268
-34.4495
-34.8844
-35.3285
-35.7786
-36.2314
-36.6832
-37.1305
-37.5718
-38.0128
-38.4661
-34.4054
-34.6564
-34.9319
-35.2314
-35.5541
-35.8991
-36.2656
-36.6524
-37.0581
-37.481
-37.9191
-38.37
-38.8312
-39.2998
-39.7729
-40.2478
-40.7221
-41.1954
-41.6727
-42.163
-38.0844
-38.3463
-38.6338
-38.9462
-39.2828
-39.6426
-40.0246
-40.4275
-40.8501
-41.2905
-41.7469
-42.2171
-42.6986
-43.1892
-43.6864
-44.1879
-44.6921
-45.1993
-45.7137
-46.242
-42.1411
-42.4155
-42.7167
-43.044
-43.3965
-43.7732
-44.1731
-44.5949
-45.0371
-45.4982
-45.9762
-46.4691
-46.9748
-47.4913
-48.0164
-48.5484
-49.0861
-49.6298
-50.1831
-50.7514
-46.6203
-46.909
-47.2259
-47.5702
-47.941
-48.3372
-48.7578
-49.2014
-49.6665
-50.1517
-50.6551
-51.1748
-51.7089
-52.2556
-52.8131
-53.3799
-53.955
-54.5387
-55.1339
-55.7454
-51.5737
-51.8786
-52.2132
-52.5768
-52.9683
-53.3868
-53.8311
-54.2998
-54.7915
-55.3046
-55.8375
-56.3884
-56.9555
-57.5372
-58.1319
-58.7384
-59.3555
-59.9834
-60.6246
-61.2836
-57.062
-57.3847
-57.7389
-58.1239
-58.5387
-58.9822
-59.4532
-59.9504
-60.4723
-61.0175
-61.5843
-62.171
-62.776
-63.3978
-64.035
-64.6864
-65.3508
-66.0279
-66.7201
-67.4317
-63.1598
-63.5012
-63.8764
-64.2844
-64.7244
-65.1953
-65.6958
-66.2247
-66.7804
-67.3614
-67.9663
-68.5934
-69.2412
-69.9082
-70.5933
-71.2951
-72.0123
-72.7442
-73.4931
-74.2631
-69.9712
-70.3312
-70.7274
-71.1591
-71.6253
-72.1249
-72.6567
-73.2193
-73.8114
-74.4314
-75.0779
-75.7493
-76.4441
-77.161
-77.8988
-78.6563
-79.4318
-80.2244
-81.0356
-81.8696
-77.6505
-78.027
-78.4424
-78.8961
-79.3873
-79.915
-80.4778
-81.0746
-81.7039
-82.3642
-83.054
-83.7719
-84.5163
-85.2861
-86.0801
-86.8972
-87.7356
-88.5933
-89.4714
-90.3736
-86.3441
-86.7316
-87.1606
-87.631
-88.1423
-88.6937
-89.284
-89.9118
-90.5756
-91.274
-92.0055
-92.7687
-93.5622
-94.3845
-95.2347
-96.1116
-97.0134
-97.9379
-98.8848
-99.8576
-96.202
-96.589
-97.0194
-97.4954
-98.0168
-98.5829
-99.1922
-99.8431
-100.534
-101.263
-102.029
-102.831
-103.667
-104.536
-105.436
-106.366
-107.327
-108.316
-109.334
-110.379
-108.986
-109.349
-109.761
-110.227
-110.745
-111.312
-111.928
-112.589
-113.294
-114.041
-114.828
-115.656
-116.521
-117.424
-118.361
-119.334
-120.344
-121.399
-122.496
-123.613
-128.223
-128.536
-128.918
-129.364
-129.867
-130.425
-131.034
-131.692
-132.397
-133.147
-133.942
-134.78
-135.661
-136.583
-137.545
-138.549
-139.603
-140.721
-141.901
-143.075
-144.133
-124.717
-111.444
-100.853
-91.2975
-82.7241
-75.0527
-68.1621
-61.9607
-56.3746
-51.3373
-46.788
-42.672
-38.9403
-35.5494
-32.4585
-29.6239
-27.0138
-24.6763
-22.6368
-145.223
-125.825
-112.519
-101.864
-92.236
-83.5927
-75.8564
-68.9069
-62.6527
-57.0194
-51.9397
-47.3521
-43.201
-39.4367
-36.0148
-32.8945
-30.0372
-27.4206
-25.0783
-22.9736
-146.368
-126.957
-113.611
-102.892
-93.192
-84.4781
-76.6766
-69.6683
-63.3618
-57.6822
-52.5613
-47.937
-43.753
-39.959
-36.5101
-33.3659
-30.4891
-27.8545
-25.4783
-23.3242
-147.56
-128.122
-114.725
-103.939
-94.1662
-85.3809
-77.5138
-70.4468
-64.0885
-58.3633
-53.2026
-48.5431
-44.3282
-40.5069
-37.0343
-33.8703
-30.978
-28.3307
-25.9396
-23.773
-148.792
-129.318
-115.863
-105.007
-95.1586
-86.301
-78.3678
-71.2422
-64.8325
-59.0626
-53.863
-49.1698
-44.9255
-41.0788
-37.5844
-34.4021
-31.4948
-28.8352
-26.4307
-24.2533
-150.058
-130.543
-117.025
-106.094
-96.1686
-87.2376
-79.2379
-72.0537
-65.5929
-59.7789
-54.5412
-49.8152
-45.5426
-41.6718
-38.157
-34.9577
-32.037
-29.3676
-26.9532
-24.7652
-151.355
-131.794
-118.209
-107.199
-97.1951
-88.1896
-80.123
-72.88
-66.3684
-60.5107
-55.2354
-50.4771
-46.1769
-42.2824
-38.7473
-35.531
-32.5964
-29.9161
-27.4897
-25.2883
-152.678
-133.069
-119.412
-108.322
-98.2367
-89.1556
-81.0215
-73.7196
-67.1572
-61.256
-55.9434
-51.1531
-46.8254
-42.9072
-39.3519
-36.1182
-33.1692
-30.4769
-28.0372
-25.8201
-154.026
-134.365
-120.634
-109.46
-99.2917
-90.134
-81.9317
-74.5706
-67.9575
-62.0127
-56.6628
-51.8405
-47.4852
-43.5431
-39.9669
-36.715
-33.7504
-31.0444
-28.5894
-26.3549
-155.394
-135.679
-121.871
-110.611
-100.358
-91.1227
-82.8517
-75.4312
-68.7671
-62.7787
-57.3914
-52.5369
-48.1536
-44.187
-40.5893
-37.3184
-34.3371
-31.6162
-29.1445
-26.8913
-156.781
-137.009
-123.12
-111.773
-101.434
-92.1197
-83.7795
-76.2992
-69.5839
-63.5518
-58.1269
-53.2398
-48.8281
-44.8366
-41.2167
-37.9258
-34.9267
-32.1895
-29.6998
-27.4274
-158.185
-138.352
-124.38
-112.943
-102.517
-93.1229
-84.7129
-77.1726
-70.406
-64.3298
-58.8671
-53.9472
-49.5066
-45.4895
-41.8467
-38.5352
-35.5174
-32.7628
-30.2543
-27.9621
-159.602
-139.705
-125.648
-114.119
-103.604
-94.13
-85.6499
-78.0493
-71.2311
-65.1109
-59.6101
-54.6569
-50.1871
-46.144
-42.4777
-39.1449
-36.1075
-33.3348
-30.8067
-28.4945
-161.029
-141.065
-126.921
-115.298
-104.694
-95.1388
-86.5883
-78.9273
-72.0575
-65.8929
-60.3539
-55.3673
-50.868
-46.7984
-43.1081
-39.7534
-36.696
-33.9043
-31.3561
-29.0241
-162.464
-142.43
-128.196
-116.479
-105.783
-96.1472
-87.526
-79.8045
-72.883
-66.6742
-61.0968
-56.0766
-51.5475
-47.4512
-43.7367
-40.3596
-37.2817
-34.4707
-31.9019
-29.5502
-163.904
-143.796
-129.47
-117.657
-106.871
-97.1524
-88.4605
-80.6786
-73.7057
-67.4528
-61.8371
-56.7833
-52.2243
-48.1011
-44.3621
-40.9626
-37.8639
-35.0331
-32.4437
-30.0727
-165.353
-145.163
-130.741
-118.83
-107.952
-98.1517
-89.3892
-81.5473
-74.5233
-68.2265
-62.5728
-57.4856
-52.8969
-48.7468
-44.9833
-41.5613
-38.4418
-35.5912
-32.9811
-30.5915
-166.817
-146.533
-132.006
-119.995
-109.024
-99.1424
-90.3098
-82.4084
-75.3339
-68.9938
-63.3024
-58.1821
-53.5638
-49.387
-45.5992
-42.1548
-39.0147
-36.1445
-33.514
-31.1069
-168.29
-147.902
-133.262
-121.149
-110.086
-100.124
-91.222
-83.2618
-76.1372
-69.7541
-64.0254
-58.8721
-54.2244
-50.0211
-46.2091
-42.7425
-39.582
-36.6923
-34.0421
-31.6189
-169.728
-149.252
-134.507
-122.293
-111.139
-101.097
-92.1269
-84.1082
-76.9338
-70.508
-64.742
-59.5559
-54.8788
-50.649
-46.8129
-43.3242
-40.1432
-37.2342
-34.5647
-32.1266
-25.686
-17.585
-12.3524
-8.60432
-5.95818
-4.08361
-2.74216
-1.79409
-1.13584
-0.691038
-0.401018
-0.220563
-0.115521
-0.060778
-0.0384175
-0.0360095
-0.0451568
-0.060328
-0.0779978
-0.0959889
-0.113057
-0.128541
-0.142165
-0.153881
-0.163703
-0.171718
-0.177867
-0.182166
-0.184296
-0.184249
-0.181395
-0.175895
-0.166825
-0.154624
-0.138542
-0.118901
-0.0966527
-0.0697649
-0.0444757
-0.01038
-26.1811
-17.9819
-12.6598
-8.84465
-6.1413
-4.22467
-2.85208
-1.88028
-1.20415
-0.745702
-0.445145
-0.256408
-0.144746
-0.0846449
-0.0579064
-0.0519013
-0.0580852
-0.0708143
-0.0864722
-0.102809
-0.118518
-0.132891
-0.145608
-0.156585
-0.165807
-0.173332
-0.17908
-0.183046
-0.184896
-0.184606
-0.181547
-0.175863
-0.16665
-0.154322
-0.138175
-0.11848
-0.0962631
-0.069407
-0.044235
-0.0102636
-26.6692
-18.3808
-12.9742
-9.09268
-6.33047
-4.36994
-2.96486
-1.96822
-1.27333
-0.800633
-0.489131
-0.291866
-0.173462
-0.107961
-0.0768554
-0.0672947
-0.0705718
-0.0809199
-0.0946259
-0.109363
-0.123763
-0.137067
-0.148911
-0.159178
-0.167823
-0.174877
-0.18024
-0.183883
-0.185464
-0.184939
-0.181681
-0.175819
-0.166467
-0.154017
-0.137809
-0.118063
-0.0958796
-0.0690582
-0.0440035
-0.0101583
-27.1522
-18.7816
-13.2948
-9.34851
-6.52608
-4.51973
-3.08076
-2.05814
-1.34358
-0.855975
-0.533089
-0.327031
-0.201742
-0.130786
-0.0953136
-0.0822293
-0.0826479
-0.0906698
-0.102478
-0.115668
-0.128803
-0.141076
-0.152081
-0.161665
-0.169755
-0.176356
-0.181347
-0.184681
-0.186001
-0.185249
-0.181799
-0.175763
-0.166278
-0.153711
-0.137443
-0.117653
-0.0955031
-0.0687191
-0.0437796
-0.0100637
-27.6319
-19.1842
-13.6211
-9.61236
-6.72871
-4.6745
-3.20008
-2.15029
-1.4151
-0.911882
-0.577143
-0.361999
-0.229665
-0.153182
-0.113329
-0.0967433
-0.094344
-0.100088
-0.110048
-0.121736
-0.13365
-0.144928
-0.155125
-0.164051
-0.171607
-0.177772
-0.182406
-0.18544
-0.186509
-0.185538
-0.181902
-0.175698
-0.166084
-0.153403
-0.137081
-0.117248
-0.0951341
-0.0683903
-0.0435634
-0.00997959
-28.1099
-19.5896
-13.9531
-9.88478
-6.9392
-4.83483
-3.32322
-2.24496
-1.48811
-0.968525
-0.621422
-0.396872
-0.257309
-0.175211
-0.130952
-0.110876
-0.10569
-0.109197
-0.117354
-0.127583
-0.138313
-0.148631
-0.158049
-0.166341
-0.173383
-0.179128
-0.183418
-0.186164
-0.18699
-0.185807
-0.18199
-0.175624
-0.165886
-0.153096
-0.136722
-0.116851
-0.0947733
-0.0680721
-0.0433551
-0.00990591
-28.588
-19.9995
-14.2916
-10.1664
-7.15829
-5.00128
-3.45054
-2.34245
-1.56284
-1.02609
-0.666066
-0.431757
-0.284757
-0.196938
-0.148232
-0.124665
-0.116717
-0.118022
-0.124414
-0.133222
-0.142804
-0.152193
-0.160858
-0.168541
-0.175087
-0.180427
-0.184385
-0.186853
-0.187445
-0.186057
-0.182067
-0.175543
-0.165685
-0.15279
-0.136367
-0.116462
-0.0944212
-0.067765
-0.0431548
-0.00984245
-29.0687
-20.4168
-14.6367
-10.4565
-7.38575
-5.17388
-3.58217
-2.44294
-1.63951
-1.08475
-0.711217
-0.466763
-0.312094
-0.218427
-0.165219
-0.138151
-0.127455
-0.126586
-0.131246
-0.138667
-0.147134
-0.155623
-0.16356
-0.170653
-0.176721
-0.181672
-0.185309
-0.18751
-0.187876
-0.18629
-0.182132
-0.175456
-0.165482
-0.152487
-0.136017
-0.116082
-0.0940784
-0.0674693
-0.0429627
-0.00978897
-29.5551
-20.8423
-14.9858
-10.752
-7.61989
-5.35208
-3.718
-2.54652
-1.71827
-1.14466
-0.757006
-0.501997
-0.339404
-0.239744
-0.181964
-0.151372
-0.137934
-0.134913
-0.137869
-0.143932
-0.151313
-0.158928
-0.166161
-0.172684
-0.17829
-0.182865
-0.186194
-0.188136
-0.188285
-0.186508
-0.182188
-0.175365
-0.165279
-0.152188
-0.135674
-0.115711
-0.0937453
-0.0671854
-0.0427787
-0.00974518
-30.0481
-21.2727
-15.333
-11.049
-7.85986
-5.53609
-3.85828
-2.65339
-1.79928
-1.20597
-0.803562
-0.537563
-0.366768
-0.260954
-0.198517
-0.164368
-0.148184
-0.143024
-0.144299
-0.149032
-0.155351
-0.162116
-0.168666
-0.174637
-0.179797
-0.184009
-0.18704
-0.188734
-0.188673
-0.186712
-0.182235
-0.175271
-0.165077
-0.151893
-0.135338
-0.115351
-0.0934224
-0.0669135
-0.0426028
-0.00971074
-30.5434
-21.7043
-15.68
-11.3525
-8.11069
-5.72952
-4.00504
-2.76457
-1.88312
-1.26901
-0.851079
-0.57359
-0.394279
-0.282123
-0.214928
-0.177175
-0.158234
-0.150942
-0.150553
-0.153977
-0.159258
-0.165196
-0.171081
-0.176517
-0.181246
-0.185106
-0.187851
-0.189305
-0.189041
-0.186903
-0.182275
-0.175174
-0.164877
-0.151604
-0.135011
-0.115002
-0.09311
-0.0666538
-0.0424351
-0.00968529
-31.0372
-22.1514
-16.0491
-11.6807
-8.38431
-5.93935
-4.1621
-2.88216
-1.97094
-1.33444
-0.899936
-0.610301
-0.422076
-0.303344
-0.231261
-0.18984
-0.168117
-0.158692
-0.156651
-0.158783
-0.163046
-0.168174
-0.173412
-0.178329
-0.18264
-0.18616
-0.188628
-0.18985
-0.189392
-0.187082
-0.182309
-0.175076
-0.164679
-0.151322
-0.134691
-0.114665
-0.0928085
-0.0664064
-0.0422754
-0.00966843
-31.5462
-22.6532
-16.4691
-12.0454
-8.68423
-6.16708
-4.33063
-3.00716
-2.06356
-1.40284
-0.95054
-0.647967
-0.450337
-0.324735
-0.247596
-0.202418
-0.177872
-0.166302
-0.162613
-0.163465
-0.166724
-0.171059
-0.175666
-0.180078
-0.183982
-0.187174
-0.189373
-0.190372
-0.189727
-0.187252
-0.182339
-0.174979
-0.164486
-0.151047
-0.134382
-0.114339
-0.0925182
-0.0661714
-0.0421237
-0.00965973
-32.1041
-23.216
-16.9089
-12.406
-8.97947
-6.39452
-4.50111
-3.13481
-2.15874
-1.47329
-1.00255
-0.686495
-0.479066
-0.34633
-0.263972
-0.214944
-0.187528
-0.173794
-0.168455
-0.168036
-0.170304
-0.173859
-0.177848
-0.181767
-0.185276
-0.188149
-0.190089
-0.190873
-0.190047
-0.187413
-0.182365
-0.174883
-0.164298
-0.150781
-0.134082
-0.114026
-0.0922393
-0.0659489
-0.0419797
-0.00965876
-32.6781
-23.72
-17.2422
-12.67
-9.21366
-6.5897
-4.65522
-3.25449
-2.25051
-1.54252
-1.05423
-0.724977
-0.507785
-0.367877
-0.280254
-0.227346
-0.197046
-0.181148
-0.174168
-0.17249
-0.173782
-0.176573
-0.179958
-0.183397
-0.186522
-0.189086
-0.190776
-0.191352
-0.190353
-0.187566
-0.182388
-0.174788
-0.164115
-0.150523
-0.133793
-0.113725
-0.0919716
-0.0657387
-0.0418433
-0.00966503
-33.1116
-24.029
-17.4192
-12.8367
-9.39904
-6.76191
-4.79713
-3.36733
-2.33875
-1.61005
-1.10507
-0.762989
-0.536186
-0.389163
-0.296299
-0.239526
-0.206361
-0.188321
-0.179722
-0.176808
-0.177146
-0.179192
-0.181991
-0.184964
-0.187719
-0.189984
-0.191433
-0.191809
-0.190643
-0.18771
-0.182408
-0.174695
-0.163936
-0.150274
-0.133514
-0.113437
-0.0917149
-0.0655403
-0.0417139
-0.00967798
-33.4281
-24.4287
-17.7751
-13.176
-9.71804
-7.02463
-4.99544
-3.51404
-2.44702
-1.68926
-1.16262
-0.80481
-0.566734
-0.411641
-0.312986
-0.252033
-0.215823
-0.19554
-0.18527
-0.181094
-0.180467
-0.181767
-0.183982
-0.186495
-0.188884
-0.190857
-0.192071
-0.192253
-0.190926
-0.187852
-0.18243
-0.174608
-0.163767
-0.150036
-0.133247
-0.113162
-0.0914702
-0.0653541
-0.0415919
-0.00969715
-34.267
-25.6353
-18.8316
-14.0196
-10.375
-7.50989
-5.33783
-3.75165
-2.61145
-1.80276
-1.24099
-0.859302
-0.605056
-0.438949
-0.332716
-0.266481
-0.226537
-0.203574
-0.19135
-0.185729
-0.184017
-0.18449
-0.18607
-0.188088
-0.190092
-0.191763
-0.192738
-0.192726
-0.191238
-0.188024
-0.182484
-0.174553
-0.163629
-0.149828
-0.133007
-0.112912
-0.0912455
-0.0651848
-0.0414802
-0.00972274
-35.8438
-27.3771
-20.2015
-15.0083
-11.1063
-8.05197
-5.72485
-4.02027
-2.7965
-1.92996
-1.32834
-0.919576
-0.647096
-0.468666
-0.354022
-0.281971
-0.237944
-0.212069
-0.197737
-0.190565
-0.187697
-0.187296
-0.188208
-0.189713
-0.191321
-0.192683
-0.193417
-0.193212
-0.191567
-0.188217
-0.182561
-0.174525
-0.163519
-0.14965
-0.132796
-0.112689
-0.091043
-0.0650344
-0.0413794
-0.00975539
-35.5178
-27.2048
-20.0188
-14.8173
-11.0092
-8.04238
-5.74904
-4.05071
-2.82677
-1.95722
-1.35076
-0.937083
-0.66047
-0.478795
-0.361689
-0.287805
-0.242422
-0.215542
-0.200456
-0.192714
-0.189403
-0.188652
-0.189277
-0.19054
-0.191939
-0.19312
-0.193695
-0.193351
-0.191587
-0.188132
-0.182393
-0.174284
-0.163234
-0.149334
-0.132481
-0.112398
-0.0907905
-0.0648633
-0.0412586
-0.00978964
-31.9723
-24.8881
-18.214
-13.4493
-10.0878
-7.46297
-5.38005
-3.81013
-2.67102
-1.8565
-1.28389
-0.891033
-0.627666
-0.454724
-0.343635
-0.274103
-0.231989
-0.207627
-0.194509
-0.188304
-0.186184
-0.186331
-0.187605
-0.189302
-0.190959
-0.192259
-0.192861
-0.192483
-0.19067
-0.187159
-0.181392
-0.173272
-0.162259
-0.148423
-0.131674
-0.111733
-0.0902469
-0.0645269
-0.0410184
-0.00982909
-28.2514
-22.4705
-16.5249
-12.2264
-9.26434
-6.95971
-5.08437
-3.63802
-2.5777
-1.81408
-1.27137
-0.894386
-0.638569
-0.468364
-0.357374
-0.286667
-0.242886
-0.216778
-0.202031
-0.194394
-0.191055
-0.190182
-0.190608
-0.191599
-0.192665
-0.193461
-0.193631
-0.19287
-0.190724
-0.186914
-0.1809
-0.172567
-0.161413
-0.147491
-0.130735
-0.110874
-0.0895009
-0.0640155
-0.0406705
-0.00984432
-24.971
-20.3336
-15.1292
-11.2193
-8.5468
-6.49834
-4.80728
-3.47247
-2.48185
-1.76512
-1.2522
-0.892443
-0.64592
-0.480138
-0.370587
-0.299613
-0.254693
-0.227073
-0.210734
-0.201584
-0.196883
-0.194828
-0.194249
-0.194397
-0.19476
-0.194962
-0.194628
-0.193426
-0.190897
-0.186741
-0.180435
-0.171853
-0.160523
-0.146492
-0.129714
-0.10993
-0.0886793
-0.0634451
-0.0402923
-0.0098476
-21.8123
-18.1766
-13.7667
-10.2903
-7.87818
-6.04958
-4.53253
-3.3099
-2.38802
-1.71655
-1.23271
-0.889721
-0.652018
-0.490365
-0.382179
-0.311019
-0.265127
-0.236203
-0.218481
-0.208006
-0.202105
-0.198998
-0.197517
-0.196898
-0.196609
-0.196253
-0.195436
-0.193806
-0.190901
-0.186406
-0.179818
-0.170997
-0.159507
-0.145388
-0.128608
-0.108926
-0.0878131
-0.0628561
-0.0398992
-0.00985363
-18.8792
-16.0727
-12.4214
-9.37835
-7.20875
-5.57901
-4.23211
-3.12854
-2.28112
-1.65813
-1.20624
-0.882505
-0.655289
-0.49879
-0.392594
-0.321618
-0.274975
-0.244885
-0.225874
-0.214143
-0.207095
-0.202976
-0.200623
-0.199257
-0.198332
-0.197425
-0.196128
-0.194069
-0.190787
-0.185953
-0.179086
-0.170034
-0.158394
-0.144201
-0.127436
-0.107877
-0.0869113
-0.0622544
-0.0394921
-0.00986025
-16.171
-14.0151
-11.0528
-8.46338
-6.55208
-5.10951
-3.92173
-2.93727
-2.16725
-1.59402
-1.17497
-0.871653
-0.655953
-0.50537
-0.401741
-0.331368
-0.284261
-0.253196
-0.23302
-0.220111
-0.211963
-0.206861
-0.20365
-0.201545
-0.199984
-0.198523
-0.196742
-0.19425
-0.190586
-0.185411
-0.178263
-0.168982
-0.157199
-0.142943
-0.126204
-0.106784
-0.0859749
-0.0616375
-0.0390691
-0.00986176
-13.7248
-12.0811
-9.72085
-7.56091
-5.90203
-4.63516
-3.59752
-2.73239
-2.04388
-1.52317
-1.13848
-0.856943
-0.653891
-0.510015
-0.409508
-0.340142
-0.292857
-0.261016
-0.239813
-0.225822
-0.216638
-0.210596
-0.206556
-0.203728
-0.201539
-0.19953
-0.197264
-0.194337
-0.19029
-0.184773
-0.177346
-0.167842
-0.155924
-0.141617
-0.124916
-0.10565
-0.085006
-0.0610054
-0.0386296
-0.00985296
-11.5544
-10.297
-8.43424
-6.66811
-5.26448
-4.17263
-3.276
-2.52402
-1.91614
-1.44839
-1.09828
-0.838988
-0.649284
-0.512738
-0.415838
-0.347852
-0.300667
-0.268252
-0.246167
-0.231198
-0.221053
-0.214124
-0.209291
-0.205766
-0.202966
-0.200418
-0.197674
-0.194316
-0.189888
-0.184032
-0.176332
-0.166614
-0.154572
-0.140229
-0.123578
-0.104481
-0.0840095
-0.0603591
-0.0381737
-0.0098285
-9.65
-8.68613
-7.23292
-5.81694
-4.65377
-3.7266
-2.95959
-2.31364
-1.78477
-1.37038
-1.05509
-0.818266
-0.642346
-0.513607
-0.420719
-0.354445
-0.307625
-0.274836
-0.252019
-0.236181
-0.225157
-0.217401
-0.211819
-0.207629
-0.204241
-0.201169
-0.197958
-0.194176
-0.189375
-0.183189
-0.175224
-0.165303
-0.153152
-0.138785
-0.122199
-0.103283
-0.0829912
-0.0597001
-0.0377019
-0.0097826
-8.00243
-7.26272
-6.13862
-5.02039
-4.07608
-3.30513
-2.65933
-2.11089
-1.65567
-1.29222
-1.01057
-0.795655
-0.633482
-0.512784
-0.424195
-0.359906
-0.313686
-0.280715
-0.257314
-0.240723
-0.228908
-0.220391
-0.21411
-0.209292
-0.205343
-0.201768
-0.198104
-0.193913
-0.188748
-0.182245
-0.174029
-0.16392
-0.151674
-0.1373
-0.12079
-0.102065
-0.081958
-0.0590296
-0.037215
-0.00970952
-6.60062
-6.03218
-5.17006
-4.30067
-3.54895
-2.91902
-2.38145
-1.9195
-1.531
-1.21524
-0.965732
-0.7719
-0.623143
-0.510496
-0.426364
-0.364257
-0.318833
-0.285853
-0.262013
-0.244784
-0.232267
-0.22306
-0.216136
-0.210733
-0.206256
-0.202204
-0.198108
-0.193524
-0.188013
-0.181208
-0.172757
-0.162478
-0.150153
-0.135785
-0.119366
-0.100836
-0.0809181
-0.0583495
-0.0367149
-0.0096043
-5.43348
-4.99603
-4.34014
-3.67245
-3.08214
-2.57407
-2.13127
-1.7451
-1.41548
-1.14251
-0.922368
-0.748051
-0.611922
-0.507057
-0.42738
-0.367562
-0.32308
-0.290239
-0.266091
-0.248336
-0.235209
-0.225386
-0.217878
-0.211936
-0.20697
-0.20247
-0.197968
-0.193015
-0.187177
-0.180091
-0.171425
-0.160995
-0.148608
-0.134261
-0.11794
-0.0996084
-0.0798814
-0.057663
-0.0362044
-0.00946372
-4.48888
-4.15011
-3.65335
-3.14416
-2.6839
-2.27671
-1.91347
-1.59108
-1.31138
-1.07549
-0.881444
-0.724827
-0.600338
-0.502799
-0.427436
-0.369925
-0.326473
-0.293884
-0.269544
-0.251365
-0.237719
-0.227355
-0.219324
-0.212895
-0.20748
-0.20257
-0.197691
-0.192395
-0.186256
-0.178914
-0.170054
-0.159494
-0.147062
-0.132746
-0.116534
-0.0983964
-0.0788598
-0.0569753
-0.0356879
-0.00928733
-3.74926
-3.4828
-3.10552
-2.7165
-2.35643
-2.02874
-1.72951
-1.45915
-1.22069
-1.01596
-0.8443
-0.703151
-0.589007
-0.49811
-0.426764
-0.371479
-0.329084
-0.296824
-0.272385
-0.253877
-0.239795
-0.228964
-0.220474
-0.213612
-0.207794
-0.202512
-0.197291
-0.191685
-0.185273
-0.177701
-0.168671
-0.158003
-0.145542
-0.131268
-0.115167
-0.0972176
-0.0778673
-0.0562946
-0.0351719
-0.00907861
-3.18985
-2.97469
-2.68413
-2.3827
-2.09655
-1.82889
-1.57921
-1.34981
-1.14424
-0.96477
-0.811653
-0.683597
-0.57838
-0.493328
-0.425599
-0.372377
-0.33101
-0.299118
-0.274649
-0.255891
-0.241452
-0.230226
-0.22134
-0.2141
-0.207929
-0.202318
-0.196794
-0.190911
-0.184259
-0.176487
-0.167313
-0.156557
-0.144081
-0.129855
-0.113867
-0.0960936
-0.0769214
-0.0556332
-0.034665
-0.00884594
-2.78054
-2.60078
-2.37097
-2.13095
-1.89722
-1.67318
-1.46042
-1.26215
-1.08198
-0.922333
-0.784056
-0.66669
-0.568897
-0.488791
-0.424184
-0.372788
-0.332364
-0.300841
-0.276389
-0.257445
-0.24272
-0.231166
-0.221948
-0.214387
-0.207913
-0.202019
-0.196233
-0.190114
-0.183255
-0.175314
-0.16602
-0.155197
-0.142718
-0.128543
-0.112663
-0.0950508
-0.0760432
-0.0550084
-0.034179
-0.00860318
-2.49041
-2.33468
-2.14599
-1.94746
-1.74961
-1.55618
-1.36998
-1.19453
-1.03326
-0.888602
-0.761739
-0.652746
-0.560868
-0.484767
-0.422733
-0.372871
-0.333262
-0.302078
-0.277666
-0.25859
-0.24364
-0.231824
-0.222336
-0.214512
-0.207788
-0.201659
-0.195657
-0.18934
-0.182311
-0.174234
-0.164845
-0.153972
-0.141498
-0.127374
-0.111593
-0.0941215
-0.0752589
-0.0544429
-0.03373
-0.0083695
-2.2928
-2.15299
-1.99108
-1.81949
-1.64528
-1.47247
-1.30454
-1.14504
-0.997168
-0.863289
-0.744753
-0.641961
-0.554529
-0.481481
-0.421433
-0.372776
-0.333819
-0.302917
-0.278552
-0.259382
-0.244264
-0.232248
-0.222551
-0.214523
-0.207604
-0.201293
-0.195121
-0.188651
-0.18149
-0.173307
-0.163848
-0.152941
-0.140475
-0.126397
-0.1107
-0.093345
-0.0746009
-0.0539658
-0.0333375
-0.00817023
-2.16803
-2.03823
-1.89261
-1.73735
-1.57763
-1.4177
-1.26137
-1.11211
-0.972938
-0.846128
-0.733117
-0.634487
-0.550071
-0.479115
-0.420443
-0.372628
-0.334134
-0.303436
-0.279109
-0.259878
-0.244646
-0.232491
-0.222649
-0.214478
-0.207423
-0.200983
-0.194691
-0.188114
-0.180861
-0.172606
-0.163099
-0.15217
-0.139714
-0.125672
-0.110037
-0.0927689
-0.0741074
-0.0536152
-0.033015
-0.00804163
-2.10579
-1.9809
-1.84322
-1.69593
-1.54332
-1.38977
-1.23924
-1.09515
-0.960393
-0.837194
-0.727025
-0.630549
-0.547705
-0.477844
-0.419896
-0.372527
-0.334279
-0.30369
-0.279384
-0.260121
-0.244828
-0.2326
-0.22268
-0.214433
-0.207305
-0.200796
-0.194441
-0.187806
-0.180504
-0.17221
-0.162678
-0.15174
-0.139289
-0.125269
-0.109667
-0.0924505
-0.0738247
-0.0534373
-0.0327735
-0.00801927
-36.1603
-36.0931
-36.0147
-35.9259
-35.8258
-35.7132
-35.5871
-35.4472
-35.2925
-35.1231
-34.9369
-34.7348
-34.5115
-34.2706
-33.9973
-33.704
-33.3462
-32.9892
-32.5691
-32.6976
-31.1316
-31.0388
-30.9393
-30.8346
-30.7235
-30.6052
-30.4788
-30.3445
-30.2016
-30.0503
-29.8887
-29.7175
-29.5312
-29.3334
-29.1098
-28.8792
-28.6141
-28.4164
-28.2602
-28.6087
-26.706
-26.6036
-26.4994
-26.3946
-26.2885
-26.1807
-26.0708
-25.9591
-25.8454
-25.7301
-25.612
-25.4924
-25.3684
-25.2456
-25.118
-25.0049
-24.8872
-24.8225
-24.7655
-25.0329
-22.8062
-22.7084
-22.6116
-22.5167
-22.4234
-22.3313
-22.2404
-22.1511
-22.0635
-21.9779
-21.8941
-21.8134
-21.7344
-21.6605
-21.5854
-21.5163
-21.4344
-21.3781
-21.3393
-21.5818
-19.4008
-19.3133
-19.2279
-19.1452
-19.0651
-18.9875
-18.9126
-18.8406
-18.7717
-18.7063
-18.6441
-18.5857
-18.5297
-18.477
-18.4241
-18.3773
-18.3312
-18.3181
-18.3381
-18.5662
-16.4446
-16.3689
-16.2956
-16.2252
-16.1576
-16.093
-16.0314
-15.9732
-15.9186
-15.8676
-15.8205
-15.7775
-15.7385
-15.7051
-15.6766
-15.6577
-15.6444
-15.6532
-15.6834
-15.8614
-13.8884
-13.8248
-13.7635
-13.7048
-13.6488
-13.5956
-13.5454
-13.4985
-13.4551
-13.4155
-13.3799
-13.3489
-13.3225
-13.3015
-13.2852
-13.2752
-13.2689
-13.2775
-13.3052
-13.4419
-11.6854
-11.6333
-11.5831
-11.5351
-11.4893
-11.4458
-11.4049
-11.3668
-11.3318
-11.3
-11.2718
-11.2473
-11.2265
-11.21
-11.1974
-11.1903
-11.188
-11.1976
-11.2228
-11.3229
-9.79401
-9.75224
-9.71186
-9.67298
-9.63571
-9.60018
-9.56657
-9.53508
-9.50591
-9.47924
-9.4553
-9.43432
-9.41651
-9.40223
-9.39165
-9.38548
-9.38347
-9.38928
-9.40602
-9.4728
-8.18171
-8.14889
-8.11681
-8.08558
-8.05528
-8.02604
-7.99801
-7.97137
-7.94629
-7.92296
-7.90158
-7.88236
-7.86548
-7.85118
-7.83959
-7.8311
-7.82576
-7.82561
-7.83339
-7.8732
-6.8255
-6.80013
-6.77487
-6.7498
-6.72499
-6.70057
-6.67666
-6.65342
-6.63099
-6.60953
-6.58922
-6.57022
-6.55271
-6.53686
-6.52287
-6.51099
-6.50141
-6.49509
-6.49416
-6.5121
-5.70817
-5.68871
-5.66877
-5.64843
-5.62776
-5.60686
-5.58583
-5.56481
-5.54393
-5.52332
-5.50313
-5.48351
-5.46462
-5.44661
-5.42964
-5.41388
-5.39954
-5.38702
-5.37791
-5.37881
-4.81214
-4.79709
-4.7811
-4.76422
-4.74651
-4.72807
-4.70899
-4.68938
-4.66934
-4.64899
-4.62846
-4.60787
-4.58737
-4.56707
-4.54712
-4.52765
-4.50884
-4.49086
-4.47474
-4.46328
-4.11424
-4.10232
-4.08912
-4.07468
-4.05906
-4.04234
-4.02459
-4.00591
-3.98638
-3.96611
-3.9452
-3.92377
-3.90191
-3.87976
-3.85741
-3.83499
-3.81262
-3.79043
-3.76892
-3.7493
-3.58524
-3.57547
-3.56421
-3.55149
-3.53737
-3.5219
-3.50516
-3.48723
-3.46817
-3.44808
-3.42705
-3.40516
-3.38252
-3.35922
-3.33537
-3.31105
-3.28637
-3.26142
-3.23638
-3.21207
-3.19374
-3.18543
-3.17553
-3.16406
-3.15106
-3.1366
-3.12072
-3.1035
-3.085
-3.0653
-3.04447
-3.0226
-2.99977
-2.97607
-2.95157
-2.92638
-2.90057
-2.87423
-2.84736
-2.82075
-2.91079
-2.90349
-2.89455
-2.88401
-2.8719
-2.85827
-2.84316
-2.82665
-2.80878
-2.78963
-2.76926
-2.74774
-2.72515
-2.70158
-2.67708
-2.65175
-2.62567
-2.5989
-2.57143
-2.54392
-2.71364
-2.70703
-2.69879
-2.68895
-2.67754
-2.66461
-2.65019
-2.63433
-2.6171
-2.59855
-2.57873
-2.55773
-2.53559
-2.51239
-2.48821
-2.46311
-2.43718
-2.41046
-2.38298
-2.35518
-2.58638
-2.58021
-2.57245
-2.56311
-2.55221
-2.53981
-2.52592
-2.5106
-2.4939
-2.47586
-2.45655
-2.43602
-2.41432
-2.39153
-2.36771
-2.34292
-2.31723
-2.29071
-2.26339
-2.23549
-2.52238
-2.51649
-2.50904
-2.50004
-2.48952
-2.47751
-2.46403
-2.44912
-2.43283
-2.41519
-2.39625
-2.37605
-2.35466
-2.33211
-2.30847
-2.2838
-2.25814
-2.23156
-2.20412
-2.1759
-35.8984
-36.2027
-35.2845
-35.4661
-35.7506
-35.7677
-35.7685
-35.8343
-35.9067
-35.9646
-36.0209
-36.0801
-36.1366
-36.1849
-36.223
-36.2496
-36.2633
-36.2625
-36.2459
-36.2122
-32.9765
-33.11
-31.4196
-31.1011
-31.4228
-31.4615
-31.3376
-31.2997
-31.3316
-31.36
-31.3744
-31.3882
-31.4026
-31.4111
-31.4093
-31.3959
-31.3704
-31.3321
-31.28
-31.2132
-29.4572
-29.4111
-27.4667
-26.8888
-27.2559
-27.444
-27.3359
-27.2396
-27.2415
-27.2633
-27.2594
-27.2385
-27.2135
-27.1841
-27.1459
-27.0971
-27.038
-26.9693
-26.8909
-26.8029
-25.7493
-25.7102
-23.8171
-23.1351
-23.4912
-23.7904
-23.739
-23.6049
-23.5559
-23.5536
-23.5336
-23.4871
-23.4304
-23.3715
-23.3088
-23.2396
-23.1636
-23.0816
-22.9943
-22.9023
-22.2432
-22.2898
-20.6268
-19.9122
-20.1811
-20.5017
-20.4967
-20.3478
-20.2493
-20.212
-20.1766
-20.1179
-20.0456
-19.9714
-19.8975
-19.8217
-19.7424
-19.6601
-19.5753
-19.4887
-19.0756
-19.1742
-17.8051
-17.1186
-17.2672
-17.538
-17.557
-17.4183
-17.295
-17.2299
-17.1829
-17.1229
-17.0498
-16.9737
-16.8993
-16.8256
-16.7511
-16.6753
-16.5986
-16.5216
-16.2311
-16.3293
-15.2458
-14.6399
-14.6889
-14.8822
-14.9055
-14.7924
-14.6721
-14.5956
-14.543
-14.4871
-14.4215
-14.3522
-14.284
-14.2176
-14.1517
-14.0856
-14.0194
-13.9535
-13.6652
-13.7388
-12.9067
-12.4116
-12.4039
-12.5272
-12.5445
-12.4599
-12.3596
-12.2872
-12.2358
-12.1865
-12.1316
-12.0733
-12.0153
-11.9588
-11.9033
-11.8481
-11.7932
-11.7389
-11.3621
-11.4132
-10.7968
-10.4192
-10.3904
-10.4642
-10.4738
-10.414
-10.3388
-10.2796
-10.2351
-10.1941
-10.1504
-10.1044
-10.0581
-10.0127
-9.96816
-9.92401
-9.88018
-9.83679
-9.3323
-9.3727
-8.93834
-8.66857
-8.63839
-8.68155
-8.68617
-8.64615
-8.59443
-8.55121
-8.51708
-8.48565
-8.45298
-8.41883
-8.38427
-8.35
-8.31606
-8.28228
-8.24859
-8.21503
-7.59116
-7.63013
-7.3439
-7.16468
-7.14172
-7.16745
-7.17058
-7.14649
-7.11457
-7.08687
-7.06404
-7.04268
-7.02053
-6.99731
-6.97351
-6.94947
-6.92523
-6.90073
-6.87591
-6.85082
-6.14727
-6.18823
-6.01619
-5.90819
-5.89549
-5.91273
-5.91731
-5.9062
-5.89019
-5.87589
-5.8637
-5.85182
-5.83911
-5.82536
-5.81076
-5.79546
-5.77946
-5.76274
-5.74526
-5.72707
-4.99856
-5.04096
-4.95047
-4.89452
-4.89225
-4.90675
-4.9144
-4.91345
-4.90942
-4.90561
-4.90218
-4.89824
-4.89321
-4.887
-4.87964
-4.87119
-4.86163
-4.85094
-4.83912
-4.82618
-4.1254
-4.16707
-4.12923
-4.10779
-4.11418
-4.12897
-4.13998
-4.14628
-4.15049
-4.15406
-4.15702
-4.15894
-4.15955
-4.15878
-4.15663
-4.15309
-4.14815
-4.14179
-4.13401
-4.12482
-3.48818
-3.52683
-3.51939
-3.51857
-3.53104
-3.54715
-3.56093
-3.57192
-3.58124
-3.58949
-3.59662
-3.60241
-3.60674
-3.60955
-3.61082
-3.61053
-3.60866
-3.60519
-3.60013
-3.59347
-3.0369
-3.0713
-3.07975
-3.09019
-3.10639
-3.12373
-3.13937
-3.15306
-3.16526
-3.17617
-3.18573
-3.19382
-3.20037
-3.20532
-3.20866
-3.21036
-3.21039
-3.20874
-3.20541
-3.20041
-2.72476
-2.75498
-2.7711
-2.78722
-2.80538
-2.82342
-2.84003
-2.85505
-2.86866
-2.88089
-2.89168
-2.90096
-2.90867
-2.91478
-2.91926
-2.92207
-2.9232
-2.92264
-2.92038
-2.91643
-2.51565
-2.54255
-2.56209
-2.58081
-2.59977
-2.61802
-2.63496
-2.65048
-2.66462
-2.67736
-2.68865
-2.69844
-2.70667
-2.71332
-2.71834
-2.72173
-2.72346
-2.72351
-2.72189
-2.7186
-2.38533
-2.41001
-2.43088
-2.45061
-2.46973
-2.48788
-2.50477
-2.52033
-2.53454
-2.54736
-2.55874
-2.56864
-2.57702
-2.58384
-2.58908
-2.59271
-2.59472
-2.59509
-2.59382
-2.59092
-2.32104
-2.34481
-2.36623
-2.38634
-2.40549
-2.42354
-2.44035
-2.45585
-2.46998
-2.48272
-2.49403
-2.50387
-2.51221
-2.51901
-2.52425
-2.52792
-2.53001
-2.5305
-2.52939
-2.52668
0.915762
0.903405
0.872877
0.819653
0.73832
0.620422
0.45383
0.221948
-0.0968007
-0.52923
-1.10715
-1.86841
-2.85897
-4.14135
-5.81144
-8.0023
-10.9689
-14.9423
-20.5485
-29.0454
0.809441
0.796474
0.765569
0.711634
0.629399
0.51063
0.343452
0.111592
-0.206245
-0.636746
-1.21188
-1.96967
-2.95638
-4.2324
-5.88947
-8.04925
-10.9284
-14.7951
-19.8753
-27.5108
0.699704
0.687055
0.65698
0.604292
0.524109
0.408781
0.247171
0.0239494
-0.281088
-0.693428
-1.24369
-1.96789
-2.90906
-4.11962
-5.67777
-7.68409
-10.2788
-13.7803
-17.9711
-24.45
0.586645
0.574146
0.544643
0.493093
0.415057
0.303623
0.148662
-0.0637962
-0.352261
-0.740243
-1.2561
-1.93276
-2.80861
-3.92734
-5.3463
-7.15693
-9.38072
-12.4312
-15.8112
-21.1473
0.470844
0.458424
0.429367
0.378841
0.302798
0.19505
0.0465014
-0.155359
-0.427123
-0.789975
-1.26956
-1.89549
-2.70073
-3.72428
-4.99471
-6.62041
-8.49198
-11.1008
-13.935
-18.2087
0.352993
0.34073
0.312263
0.263007
0.189276
0.0855783
-0.0561706
-0.247049
-0.501685
-0.838848
-1.28111
-1.85533
-2.58718
-3.51845
-4.64078
-6.09822
-7.68976
-9.87677
-12.3518
-15.7312
0.233873
0.221872
0.194197
0.146559
0.0756434
-0.023344
-0.157464
-0.336366
-0.572654
-0.882717
-1.28548
-1.80627
-2.46045
-3.29982
-4.27886
-5.56626
-6.95179
-8.73846
-10.8989
-13.5892
0.114377
0.102732
0.0760395
0.0303421
-0.037296
-0.13097
-0.2567
-0.422714
-0.639504
-0.921237
-1.2824
-1.74821
-2.3217
-3.06498
-3.9124
-5.01437
-6.23573
-7.66675
-9.49157
-11.6487
-0.00448725
-0.0156874
-0.0412184
-0.0846879
-0.148655
-0.236543
-0.353348
-0.505948
-0.702678
-0.95575
-1.27482
-1.68493
-2.17998
-2.82027
-3.55206
-4.45958
-5.52145
-6.6627
-8.14402
-9.85829
-0.121603
-0.132276
-0.156479
-0.197466
-0.257431
-0.339178
-0.446736
-0.585744
-0.762524
-0.987368
-1.26616
-1.62059
-2.04486
-2.57832
-3.20636
-3.93102
-4.82216
-5.73573
-6.89974
-8.22879
-0.235763
-0.245834
-0.268567
-0.306861
-0.362573
-0.437944
-0.536143
-0.661658
-0.819227
-1.01676
-1.2589
-1.5592
-1.92159
-2.35358
-2.88249
-3.45349
-4.17164
-4.89933
-5.7927
-6.79231
-0.345683
-0.355094
-0.376246
-0.411701
-0.463007
-0.531911
-0.620863
-0.733251
-0.872823
-1.04458
-1.25411
-1.50483
-1.81188
-2.15746
-2.59076
-3.04122
-3.6021
-4.17128
-4.84521
-5.57721
-0.450021
-0.458733
-0.478238
-0.510782
-0.557647
-0.620151
-0.700182
-0.800125
-0.923139
-1.07153
-1.25194
-1.46055
-1.7172
-1.99544
-2.34219
-2.69934
-3.1303
-3.56677
-4.06925
-4.59615
-0.547396
-0.555392
-0.573235
-0.602884
-0.645395
-0.70174
-0.773359
-0.861853
-0.969844
-1.09797
-1.25245
-1.42734
-1.63954
-1.86713
-2.14206
-2.42657
-2.75711
-3.08939
-3.46288
-3.84132
-0.636389
-0.643678
-0.659901
-0.686761
-0.725134
-0.775727
-0.839621
-0.917897
-1.01255
-1.12366
-1.25573
-1.4042
-1.57963
-1.76868
-1.98815
-2.21683
-2.47313
-2.72906
-3.00937
-3.28551
-0.715529
-0.72215
-0.736853
-0.761129
-0.795708
-0.841114
-0.89814
-0.96757
-1.05078
-1.14788
-1.26148
-1.38917
-1.53596
-1.69525
-1.87389
-2.06092
-2.26416
-2.46669
-2.68203
-2.88987
-0.783254
-0.789275
-0.802622
-0.824614
-0.855873
-0.896801
-0.947979
-1.01002
-1.08383
-1.16965
-1.26876
-1.38018
-1.50567
-1.64227
-1.79183
-1.94872
-2.1151
-2.28109
-2.45229
-2.61529
-0.837824
-0.843342
-0.85556
-0.875666
-0.904205
-0.941505
-0.988006
-1.04421
-1.11074
-1.18789
-1.27622
-1.37539
-1.48574
-1.60578
-1.73533
-1.87118
-2.0128
-2.15423
-2.29635
-2.43058
-0.87717
-0.882314
-0.893696
-0.912413
-0.938967
-0.97364
-1.01679
-1.06886
-1.13029
-1.20139
-1.28243
-1.37324
-1.47364
-1.58267
-1.69942
-1.82166
-1.94775
-2.0737
-2.19797
-2.31487
-0.898646
-0.903583
-0.914501
-0.932443
-0.957897
-0.991126
-1.03245
-1.08227
-1.14098
-1.20885
-1.28604
-1.37244
-1.46771
-1.57103
-1.68127
-1.79657
-1.9149
-2.03306
-2.14859
-2.25719
2.29026
2.28503
2.27128
2.24487
2.20126
2.13287
2.02981
1.87949
1.66678
1.374
0.980658
0.462034
-0.215007
-1.1021
-2.28239
-3.89542
-6.11531
-9.30339
-13.7794
-20.4467
2.21449
2.20879
2.19376
2.16564
2.11977
2.0486
1.94215
1.78772
1.56993
1.27079
0.869399
0.340648
-0.34877
-1.25054
-2.44671
-4.07829
-6.31855
-9.53035
-14.0531
-20.7914
2.13942
2.13326
2.11699
2.08719
2.03912
1.9652
1.85542
1.6969
1.47405
1.16852
0.759046
0.22005
-0.481955
-1.39881
-2.61153
-4.26241
-6.5246
-9.7617
-14.3317
-21.1402
2.06509
2.05848
2.04101
2.00958
1.95935
1.88275
1.76968
1.60711
1.37921
1.0673
0.649674
0.100316
-0.614481
-1.54681
-2.77674
-4.44768
-6.73325
-9.99738
-14.6158
-21.4937
1.99153
1.9845
1.96587
1.93286
1.88053
1.8013
1.68499
1.51841
1.28549
0.967167
0.541348
-0.0184921
-0.746286
-1.69445
-2.94225
-4.63399
-6.9442
-10.2369
-14.9046
-21.8505
1.91879
1.91135
1.89162
1.85709
1.80272
1.72092
1.60141
1.43086
1.19293
0.868188
0.434114
-0.136333
-0.877339
-1.8417
-3.10799
-4.82126
-7.15726
-10.4798
-15.1973
-22.2086
1.8469
1.83908
1.8183
1.7823
1.72595
1.64164
1.519
1.34452
1.10159
0.770407
0.328009
-0.25318
-1.00762
-1.98854
-3.27396
-5.0095
-7.37233
-10.726
-15.4935
-22.5664
1.77589
1.76771
1.74596
1.70855
1.65029
1.56352
1.4378
1.25943
1.01152
0.673863
0.223064
-0.369014
-1.13714
-2.13497
-3.44016
-5.19874
-7.58936
-10.9752
-15.7934
-22.9228
1.70579
1.69728
1.67461
1.63587
1.57576
1.48661
1.35786
1.17564
0.922746
0.578588
0.119298
-0.483828
-1.26589
-2.28102
-3.60661
-5.38902
-7.80837
-11.2273
-16.0971
-23.2767
1.63661
1.62781
1.60431
1.56429
1.50241
1.41094
1.27923
1.09318
0.835314
0.484608
0.0167237
-0.597625
-1.3939
-2.42673
-3.77335
-5.58042
-8.02943
-11.4821
-16.4051
-23.6275
1.56839
1.55933
1.53508
1.49386
1.43027
1.33656
1.20192
1.01209
0.749245
0.39194
-0.0846547
-0.710421
-1.52122
-2.57216
-3.94046
-5.77302
-8.25269
-11.7393
-16.7175
-23.9739
1.50114
1.49187
1.46695
1.42459
1.35938
1.26348
1.12598
0.932388
0.664564
0.300597
-0.184842
-0.822238
-1.64789
-2.71738
-4.10804
-5.96691
-8.47844
-11.9984
-17.0353
-24.3161
1.43488
1.42545
1.39993
1.35653
1.28976
1.19174
1.05144
0.854109
0.581286
0.210584
-0.28385
-0.933111
-1.77397
-2.86247
-4.2762
-6.16213
-8.70699
-12.2589
-17.358
-24.6515
1.36962
1.36007
1.33407
1.28969
1.22144
1.12137
0.978305
0.777268
0.499423
0.1219
-0.381699
-1.04308
-1.89953
-3.00754
-4.44514
-6.35878
-8.93902
-12.5205
-17.6881
-24.9833
1.30537
1.29577
1.26937
1.2241
1.15444
1.05239
0.906611
0.701881
0.418981
0.0345402
-0.478415
-1.1522
-2.02467
-3.15268
-4.61501
-6.55677
-9.17474
-12.7817
-18.0221
-25.305
1.24213
1.23253
1.20584
1.15976
1.08878
0.984805
0.836362
0.627955
0.339963
-0.0515089
-0.574031
-1.26053
-2.14948
-3.29804
-4.78614
-6.75647
-9.4157
-13.0452
-18.3669
-25.6339
1.17991
1.1704
1.14352
1.0967
1.02446
0.918633
0.767565
0.55549
0.262359
-0.136266
-0.668587
-1.36813
-2.27405
-3.44367
-4.95857
-6.95747
-9.66035
-13.3077
-18.7057
-25.9565
1.11875
1.10947
1.08255
1.03512
0.961711
0.854067
0.700377
0.484583
0.186207
-0.219744
-0.762138
-1.47513
-2.39867
-3.59022
-5.13373
-7.16326
-9.91541
-13.5897
-19.0678
-26.3638
1.05861
1.0497
1.02296
0.975106
0.900702
0.791386
0.63514
0.41558
0.111769
-0.301835
-0.854747
-1.5817
-2.52351
-3.73781
-5.31142
-7.3737
-10.1761
-13.8885
-19.4109
-26.86
0.999157
0.990065
0.963101
0.914485
0.838856
0.72778
0.569067
0.346
0.0370566
-0.38411
-0.948067
-1.69059
-2.65395
-3.89691
-5.51083
-7.62598
-10.5076
-14.3364
-19.9691
-27.9152
3.87081
3.87196
3.87973
3.8883
3.89207
3.88305
3.85152
3.78615
3.67411
3.50064
3.24703
2.88575
2.37221
1.62995
0.541196
-1.00707
-3.09407
-6.01898
-10.4589
-16.3074
3.79217
3.79257
3.79894
3.80483
3.80495
3.79125
3.75388
3.68124
3.55998
3.37453
3.10511
2.72269
2.18089
1.40258
0.264421
-1.37007
-3.58067
-6.57337
-11.0111
-16.9595
3.71353
3.71421
3.72029
3.72485
3.7229
3.70645
3.66584
3.58962
3.46469
3.27594
3.0046
2.62362
2.09009
1.33384
0.241145
-1.32428
-3.43671
-6.23253
-10.3484
-16.2366
3.63451
3.63542
3.64115
3.64452
3.64075
3.62193
3.57851
3.49924
3.37127
3.18002
2.90785
2.5299
2.00673
1.27456
0.23024
-1.25968
-3.28518
-5.97079
-9.94462
-16.0098
3.55512
3.55604
3.56115
3.56309
3.55726
3.53577
3.48913
3.40613
3.27401
3.07833
2.8019
2.42092
1.89742
1.17008
0.140244
-1.33034
-3.36266
-6.08819
-10.0744
-16.2162
3.47547
3.47627
3.48061
3.48097
3.47291
3.44856
3.39843
3.31129
3.17433
2.97305
2.69028
2.30252
1.77211
1.03785
0.00171464
-1.48087
-3.55707
-6.35346
-10.327
-16.3949
3.39561
3.39624
3.39972
3.39845
3.38812
3.36086
3.3072
3.21587
3.07398
2.86691
2.57746
2.1823
1.64412
0.901786
-0.1418
-1.63242
-3.73188
-6.56047
-10.4825
-16.4923
3.31562
3.31602
3.31855
3.31562
3.30299
3.27283
3.21566
3.12017
2.97339
2.76062
2.46462
2.06235
1.51723
0.768966
-0.277238
-1.7639
-3.86237
-6.70333
-10.5983
-16.6158
3.23555
3.23567
3.23718
3.23253
3.21758
3.18449
3.12381
3.02415
2.87248
2.65399
2.3514
1.94197
1.39
0.636461
-0.410977
-1.89091
-3.98441
-6.84767
-10.7552
-16.7989
3.15546
3.15525
3.15567
3.14927
3.13196
3.09593
3.0317
2.92785
2.77123
2.5469
2.23749
1.82047
1.26096
0.501019
-0.550058
-2.02817
-4.12333
-7.02083
-10.9587
-17.0189
3.07542
3.07484
3.0741
3.06591
3.04621
3.00722
2.93943
2.83136
2.66973
2.43944
2.12297
1.69789
1.12991
0.362023
-0.695785
-2.17761
-4.27898
-7.21204
-11.1836
-17.2588
2.99548
2.9945
2.99255
2.98255
2.96044
2.91846
2.84711
2.7348
2.56811
2.33177
2.00806
1.57452
0.997368
0.220344
-0.846193
-2.33485
-4.44281
-7.40732
-11.4165
-17.5176
2.91569
2.91429
2.91109
2.89926
2.87472
2.82976
2.75484
2.63827
2.4665
2.22404
1.89294
1.45067
0.863806
0.076881
-0.9994
-2.49643
-4.61054
-7.60334
-11.6571
-17.7968
2.83614
2.83428
2.8298
2.81612
2.78915
2.74121
2.66271
2.54189
2.36501
2.11637
1.77777
1.32654
0.729532
-0.0679049
-1.15465
-2.66147
-4.78249
-7.80239
-11.9069
-18.095
2.75686
2.75454
2.74875
2.73322
2.70382
2.65289
2.57082
2.44575
2.26375
2.00889
1.66268
1.20228
0.594746
-0.213818
-1.31179
-2.83008
-4.95983
-8.00614
-12.1649
-18.4086
2.67792
2.67513
2.66801
2.65062
2.6188
2.5649
2.47928
2.34995
2.16283
1.9017
1.5478
1.07805
0.459623
-0.360696
-1.47071
-3.00212
-5.14263
-8.21442
-12.4287
-18.7343
2.59938
2.5961
2.58765
2.56842
2.53419
2.47733
2.38816
2.2546
2.06234
1.79492
1.43325
0.953984
0.324344
-0.508329
-1.63114
-3.17705
-5.33021
-8.42637
-12.6962
-19.0691
2.52129
2.51752
2.50773
2.48667
2.45005
2.39026
2.29757
2.15978
1.9624
1.68866
1.31915
0.830229
0.189088
-0.656487
-1.79277
-3.35426
-5.52178
-8.64142
-12.9659
-19.4106
2.44371
2.43945
2.42832
2.40545
2.36647
2.30377
2.20759
2.0656
1.8631
1.58302
1.20562
0.70691
0.0540178
-0.804955
-1.95532
-3.53328
-5.71676
-8.85931
-13.2367
-19.7559
2.36668
2.36193
2.34948
2.32483
2.28351
2.21795
2.11831
1.97214
1.76453
1.4781
1.09275
0.58414
-0.0807257
-0.953551
-2.11859
-3.71376
-5.91474
-9.07997
-13.5079
-20.1021
6.81658
6.82455
6.84152
6.86787
6.90221
6.94235
6.98596
7.03087
7.07508
7.11691
7.15502
7.18854
7.21704
7.24044
7.25899
7.27305
7.28298
7.28899
7.29101
7.28882
6.78091
6.78932
6.80724
6.83509
6.87144
6.91403
6.9605
7.00863
7.05636
7.10194
7.14395
7.18144
7.21385
7.24101
7.26299
7.28003
7.29235
7.30003
7.30267
7.30044
6.71524
6.7244
6.74394
6.77433
6.81409
6.86086
6.91219
6.96578
7.01948
7.07141
7.12004
7.16425
7.20332
7.23685
7.26469
7.2868
7.30322
7.3137
7.31701
7.3146
6.62358
6.63367
6.65522
6.68877
6.73275
6.78468
6.84199
6.90226
6.96323
7.02287
7.07951
7.13186
7.17897
7.22018
7.25501
7.28311
7.30425
7.31746
7.31994
7.31635
6.5092
6.5203
6.54399
6.58091
6.62936
6.68669
6.75022
6.81739
6.88578
6.95325
7.01797
7.07844
7.13352
7.18219
7.22353
7.2568
7.28139
7.29479
7.29211
7.28423
6.37516
6.38721
6.41294
6.45306
6.50571
6.56806
6.63726
6.7106
6.78554
6.85977
6.93131
6.99852
7.05992
7.11407
7.15945
7.1948
7.21872
7.22621
7.21053
7.193
6.22447
6.23734
6.26483
6.30767
6.36382
6.43024
6.50389
6.58191
6.66159
6.74047
6.81643
6.8876
6.95216
7.00797
7.05269
7.08434
7.10008
7.09152
7.05126
7.01657
6.06026
6.07374
6.10254
6.14739
6.20601
6.27514
6.35153
6.43212
6.51401
6.59459
6.67156
6.74277
6.80585
6.85771
6.89489
6.91432
6.91092
6.87189
6.79125
6.7293
5.88565
5.89949
5.92907
5.97506
6.03493
6.10513
6.1822
6.26284
6.34392
6.42264
6.49645
6.56282
6.61857
6.65933
6.68015
6.67636
6.63943
6.55098
6.40883
6.30591
5.70374
5.71768
5.74747
5.79366
5.85343
5.92295
5.99849
6.07646
6.15345
6.22639
6.29243
6.34845
6.39014
6.41136
6.4053
6.36509
6.27709
6.11526
5.88367
5.72045
5.51749
5.53125
5.56067
5.60613
5.66447
5.73157
5.80337
5.87592
5.94547
6.00858
6.06198
6.10171
6.12192
6.11429
6.06985
5.97873
5.81944
5.55464
5.1969
4.94594
5.3296
5.34293
5.37146
5.41531
5.47098
5.53403
5.6
5.66454
5.72345
5.77284
5.80886
5.82653
5.81789
5.77171
5.67632
5.51813
5.26481
4.86242
4.33255
3.95584
5.14246
5.15515
5.18232
5.22379
5.27571
5.33326
5.39157
5.44576
5.4911
5.52312
5.53721
5.527
5.48182
5.38676
5.22759
4.98729
4.61825
4.03963
3.28021
2.72657
4.95812
4.97
4.99544
5.0339
5.08115
5.132
5.1811
5.22298
5.25226
5.26374
5.25194
5.20897
5.12097
4.9681
4.73252
4.39355
3.88492
3.08869
2.03564
1.24198
4.77827
4.78921
4.81263
4.84759
4.88947
4.93269
4.97137
4.99935
5.01051
4.99877
4.95752
4.8771
4.73977
4.51919
4.19311
3.74071
3.07778
2.03101
0.611599
-0.50689
4.60424
4.61413
4.63535
4.66646
4.70248
4.73741
4.76479
4.77774
4.76929
4.73235
4.65902
4.53783
4.34727
4.05318
3.626
3.04506
2.20982
0.87702
-0.984413
-2.52368
4.43701
4.44579
4.4647
4.49177
4.52162
4.54785
4.56336
4.56048
4.53128
4.46755
4.35982
4.19441
3.94586
3.57095
3.02884
2.30059
1.28438
-0.338369
-2.70063
-4.78681
4.27734
4.28501
4.30159
4.32446
4.34797
4.36533
4.36879
4.34982
4.29948
4.20831
4.06519
3.85421
3.54637
3.08938
2.42632
1.53414
0.318313
-1.61079
-4.53728
-7.32132
4.12575
4.13253
4.14702
4.16563
4.18256
4.19065
4.18153
4.14584
4.07357
3.95383
3.77341
3.51324
3.14021
2.59371
1.79726
0.712844
-0.734642
-2.95741
-6.43326
-10.0712
3.98191
3.98741
3.99994
4.01465
4.02563
4.02521
4.00426
3.95243
3.85844
3.70991
3.4916
3.18103
2.73959
2.09731
1.15461
-0.158828
-1.91133
-4.48943
-8.53413
-13.3041
7.28543
7.28354
7.28118
7.27843
7.27533
7.27183
7.26792
7.2636
7.25885
7.25367
7.24803
7.24194
7.23537
7.22832
7.22077
7.21271
7.20412
7.19499
7.18531
7.17505
7.29996
7.2981
7.29511
7.29177
7.28813
7.28411
7.27967
7.27481
7.26952
7.2638
7.25763
7.25101
7.2439
7.23631
7.22821
7.2196
7.21045
7.20075
7.19048
7.17963
7.32092
7.31928
7.3153
7.31105
7.30664
7.30186
7.29666
7.29103
7.28496
7.27846
7.27151
7.26409
7.25618
7.24778
7.23885
7.22939
7.21937
7.20878
7.19758
7.18577
7.33397
7.33301
7.32824
7.3233
7.31831
7.31291
7.30702
7.30064
7.29378
7.28641
7.27854
7.27013
7.26117
7.25164
7.24153
7.2308
7.21944
7.20742
7.19472
7.18131
7.31602
7.31632
7.31162
7.30677
7.30179
7.29623
7.29002
7.28319
7.27571
7.26758
7.25879
7.24932
7.23916
7.22828
7.21666
7.20428
7.19111
7.17713
7.1623
7.14661
7.24044
7.24292
7.23981
7.23633
7.23237
7.22751
7.22173
7.21503
7.20741
7.19888
7.18943
7.17904
7.16769
7.15538
7.14208
7.12777
7.11241
7.09599
7.07847
7.0598
7.08139
7.08745
7.0878
7.08726
7.08566
7.0827
7.07837
7.07271
7.06572
7.0574
7.04776
7.03678
7.02447
7.01079
6.99574
6.9793
6.96142
6.94209
6.92126
6.89889
6.81491
6.8266
6.8325
6.83675
6.83917
6.8396
6.83805
6.83457
6.82916
6.82185
6.81263
6.80151
6.78849
6.77356
6.7567
6.73788
6.71708
6.69427
6.6694
6.64241
6.41775
6.43794
6.45178
6.46298
6.47139
6.47697
6.47975
6.47979
6.4771
6.47171
6.46365
6.45291
6.43951
6.42345
6.40469
6.38323
6.35904
6.33206
6.30226
6.26957
5.86556
5.89807
5.92254
5.94316
5.95983
5.97257
5.98146
5.98654
5.98787
5.9855
5.97944
5.96971
5.95634
5.93932
5.91864
5.89427
5.86619
5.83436
5.7987
5.75914
5.13147
5.18123
5.2192
5.2519
5.27918
5.30121
5.31806
5.32983
5.33658
5.33836
5.33522
5.32719
5.3143
5.29655
5.27393
5.24641
5.21397
5.17655
5.13407
5.08644
4.18711
4.25999
4.31407
4.36134
4.40134
4.43457
4.46106
4.48095
4.49432
4.50124
4.50179
4.49599
4.48388
4.46547
4.44075
4.40969
4.37226
4.3284
4.278
4.22094
3.00575
3.10833
3.18048
3.24425
3.2983
3.34394
3.38108
3.40994
3.4306
3.44315
3.44765
3.44415
3.43269
3.41328
3.3859
3.35052
3.30711
3.25556
3.19575
3.12753
1.56746
1.70592
1.7964
1.87726
1.9454
2.00369
2.05157
2.08943
2.11724
2.13515
2.1432
2.14145
2.12992
2.1086
2.07748
2.03651
1.98562
1.92469
1.85354
1.772
-0.145204
0.0351618
0.143558
0.24174
0.323132
0.393287
0.450892
0.496765
0.530778
0.553094
0.563699
0.562616
0.549826
0.525301
0.488996
0.440846
0.380754
0.308551
0.223987
0.126865
-2.13807
-1.91034
-1.7875
-1.67533
-1.58489
-1.50571
-1.44066
-1.38842
-1.3497
-1.32437
-1.31259
-1.31437
-1.32977
-1.35885
-1.40169
-1.45842
-1.52917
-1.6142
-1.71386
-1.82839
-4.42115
-4.15023
-4.02415
-3.90258
-3.80632
-3.71973
-3.6493
-3.59273
-3.55134
-3.52469
-3.51312
-3.51665
-3.53552
-3.56987
-3.61992
-3.68583
-3.76784
-3.86632
-3.98178
-4.11445
-7.05898
-6.73113
-6.59763
-6.46394
-6.36628
-6.2775
-6.20674
-6.14908
-6.10705
-6.08018
-6.06947
-6.07516
-6.09776
-6.13751
-6.1947
-6.26953
-6.36229
-6.47346
-6.6037
-6.75318
-9.98111
-9.59518
-9.48693
-9.36768
-9.28707
-9.20471
-9.13809
-9.08225
-9.04257
-9.01868
-9.01219
-9.02324
-9.05241
-9.09991
-9.16602
-9.25091
-9.35493
-9.47864
-9.62276
-9.78734
-13.4592
-13.0314
-12.9477
-12.8162
-12.726
-12.6335
-12.5626
-12.5053
-12.467
-12.446
-12.4436
-12.4597
-12.4949
-12.5492
-12.623
-12.7166
-12.8304
-12.9648
-13.1206
-13.2979
7.16421
7.15278
7.14073
7.12804
7.11472
7.10073
7.08606
7.07071
7.05466
7.03788
7.02038
7.00215
6.98316
6.96341
6.94289
6.9216
6.89953
6.87664
6.85296
6.82878
7.16817
7.1561
7.14339
7.13004
7.11603
7.10133
7.08595
7.06987
7.05307
7.03555
7.0173
6.99832
6.97859
6.95812
6.9369
6.91495
6.89224
6.86866
6.84423
6.82033
7.17332
7.16021
7.14642
7.13193
7.11673
7.10079
7.0841
7.06664
7.04841
7.02937
7.00954
6.98891
6.96745
6.94517
6.92207
6.89817
6.87339
6.84745
6.82043
6.79554
7.16716
7.15225
7.13657
7.12007
7.10275
7.08457
7.06552
7.04557
7.02472
7.00293
6.9802
6.95652
6.93187
6.90623
6.87964
6.85211
6.8235
6.79315
6.7613
6.73376
7.13
7.11247
7.09398
7.07449
7.05398
7.03243
7.00979
6.98604
6.96117
6.93513
6.90792
6.8795
6.84985
6.81895
6.78686
6.75364
6.71895
6.68144
6.64145
6.60915
7.03996
7.01892
6.99663
6.97306
6.94817
6.92191
6.89425
6.86515
6.83457
6.80248
6.76884
6.73359
6.6967
6.65813
6.61805
6.57664
6.53307
6.48456
6.43149
6.39223
6.87494
6.84937
6.82214
6.79318
6.76246
6.72991
6.69548
6.65913
6.62079
6.58041
6.53795
6.49332
6.4464
6.39722
6.34619
6.29372
6.23797
6.17316
6.09979
6.05132
6.61325
6.5819
6.54828
6.51233
6.47398
6.43316
6.38981
6.34384
6.29519
6.2438
6.18959
6.1324
6.072
6.00855
5.94308
5.87643
5.80461
5.71615
5.61198
5.5519
6.23393
6.1953
6.15359
6.10873
6.06063
6.0092
5.95434
5.89596
5.834
5.76838
5.69898
5.62545
5.54741
5.46534
5.38157
5.29772
5.20559
5.08364
4.93401
4.85958
5.71561
5.66807
5.61642
5.56057
5.50039
5.43578
5.36661
5.29276
5.2142
5.13088
5.04257
4.94856
4.84813
4.74257
4.63674
4.53344
4.41675
4.24822
4.03289
3.94102
5.03358
4.97547
4.91197
4.84296
4.76833
4.6879
4.60151
4.50904
4.41051
4.30599
4.19503
4.07616
3.948
3.81342
3.68196
3.55822
3.41261
3.17946
2.8703
2.75886
4.15716
4.08664
4.00923
3.92479
3.83317
3.73417
3.62752
3.51307
3.39101
3.26165
3.12426
2.97587
2.81372
2.64324
2.4822
2.33849
2.16013
1.839
1.39973
1.27162
3.05086
2.96576
2.87204
2.76956
2.65816
2.53755
2.40733
2.26724
2.11764
1.9594
1.79166
1.60924
1.40645
1.19172
0.996131
0.835228
0.625016
0.193619
-0.415061
-0.550406
1.68009
1.57787
1.46516
1.34177
1.20754
1.06214
0.905
0.735572
0.554323
0.362965
0.16135
-0.0578849
-0.305553
-0.572035
-0.808156
-0.981139
-1.21141
-1.76165
-2.57489
-2.71191
0.0173157
-0.10449
-0.238792
-0.385787
-0.545655
-0.718677
-0.905512
-1.10702
-1.32296
-1.55072
-1.78846
-2.04396
-2.33454
-2.65499
-2.93863
-3.12175
-3.3511
-4.00568
-5.04885
-5.20617
-1.95748
-2.10079
-2.25856
-2.43101
-2.6183
-2.82055
-3.03823
-3.27228
-3.52302
-3.78769
-4.0618
-4.35028
-4.67538
-5.04403
-5.38325
-5.58943
-5.80562
-6.53079
-7.80825
-8.03547
-4.26374
-4.42897
-4.61031
-4.80791
-5.02188
-5.25218
-5.49889
-5.76267
-6.04445
-6.34274
-6.65194
-6.97167
-7.32352
-7.73065
-8.13453
-8.39851
-8.62025
-9.37766
-10.8462
-11.1857
-6.92079
-7.10538
-7.30703
-7.5259
-7.76217
-8.01586
-8.28696
-8.57583
-8.8838
-9.21167
-9.55599
-9.91219
-10.2936
-10.7335
-11.2074
-11.5718
-11.8409
-12.5859
-14.1217
-14.5272
-9.97073
-10.1715
-10.3898
-10.6262
-10.8809
-11.1545
-11.4471
-11.7593
-12.0921
-12.4477
-12.8264
-13.2234
-13.6395
-14.1002
-14.617
-15.082
-15.4085
-16.0341
-17.412
-17.7304
-13.495
-13.7106
-13.9454
-14.1996
-14.4737
-14.7681
-15.083
-15.4187
-15.775
-16.1528
-16.5526
-16.9718
-17.4025
-17.8461
-18.3209
-18.7915
-19.127
-19.4677
-20.3355
-20.4796
6.76948
6.65024
6.50697
6.33889
6.14304
5.91615
5.65722
5.36753
5.0495
4.70643
4.3428
3.96424
3.57733
3.18918
2.807
2.4376
2.08711
1.76048
1.46146
1.1923
0.95406
0.746409
0.568273
0.417552
0.292036
0.188823
0.10551
0.039142
-0.0122267
-0.0512128
-0.0789688
-0.0977076
-0.107703
-0.110961
-0.106945
-0.0978636
-0.0825031
-0.0638426
-0.0401026
-0.0153888
6.76667
6.64118
6.49094
6.31711
6.11504
5.8801
5.61319
5.31671
4.99303
4.64538
4.27836
3.89778
3.51027
3.12293
2.74287
2.37677
2.03053
1.70886
1.41524
1.15165
0.918912
0.716503
0.54321
0.396829
0.275115
0.175142
0.0945445
0.030387
-0.0191993
-0.0567935
-0.0834638
-0.101379
-0.110744
-0.113517
-0.109116
-0.099704
-0.0840326
-0.0650619
-0.0408916
-0.0157053
6.74651
6.60996
6.45001
6.26736
6.0551
5.80687
5.5284
5.2226
4.89117
4.53737
4.16614
3.78348
3.39611
3.01107
2.63536
2.27541
1.93677
1.62374
1.33936
1.08517
0.861646
0.66794
0.502628
0.363369
0.247855
0.153154
0.0769475
0.016366
-0.0303601
-0.0657094
-0.0906523
-0.107235
-0.115612
-0.117579
-0.112599
-0.102606
-0.0864934
-0.0669476
-0.0421682
-0.0161487
6.6858
6.53632
6.36778
6.17564
5.95274
5.68993
5.40165
5.0882
4.75032
4.39184
4.01809
3.63525
3.25011
2.86973
2.50093
2.14983
1.82155
1.5199
1.24738
1.00507
0.793
0.610003
0.454415
0.323766
0.215697
0.12729
0.0562987
-5.29696e-05
-0.0434047
-0.0761173
-0.0990279
-0.114052
-0.121266
-0.122288
-0.11663
-0.105933
-0.08933
-0.0690657
-0.0436408
-0.0166463
6.56063
6.3999
6.22645
6.02624
5.79718
5.523
5.23089
4.91405
4.57351
4.21406
3.84132
3.46163
3.08192
2.70922
2.35015
2.01052
1.69497
1.4068
1.14798
0.919104
0.719775
0.548538
0.403512
0.282134
0.182015
0.10029
0.0348054
-0.0170996
-0.0569136
-0.0868751
-0.107657
-0.121065
-0.127052
-0.127096
-0.120716
-0.109282
-0.0921807
-0.0711422
-0.0451269
-0.0171497
6.34647
6.18147
6.00999
5.80526
5.57986
5.30177
5.01408
4.69999
4.36273
4.00784
3.64109
3.26901
2.89866
2.53706
2.19065
1.8649
1.56405
1.29091
1.04696
0.832367
0.646364
0.487263
0.353013
0.241012
0.148869
0.0738115
0.0137867
-0.0337233
-0.0700533
-0.0973134
-0.115999
-0.127832
-0.132595
-0.131694
-0.124579
-0.112428
-0.0948378
-0.0730272
-0.046521
-0.0176076
6.0172
5.86159
5.70409
5.50078
5.29324
5.023
4.7492
4.44631
4.12033
3.77703
3.42233
3.06302
2.70632
2.35928
2.02825
1.71847
1.43382
1.17671
0.948227
0.7482
0.575574
0.428496
0.304808
0.201918
0.117467
0.0488052
-0.00601156
-0.0493399
-0.0823688
-0.107071
-0.123772
-0.134118
-0.137707
-0.135922
-0.128079
-0.115264
-0.0971966
-0.0746542
-0.047764
-0.0179772
5.54454
5.41842
5.29504
5.10406
4.93079
4.68516
4.4359
4.15507
3.84986
3.52606
3.18996
2.84872
2.50985
2.18058
1.86729
1.5751
1.30765
1.0671
0.854227
0.668623
0.509045
0.373551
0.259934
0.165662
0.0884361
0.0257522
-0.0242221
-0.0636702
-0.0936483
-0.115985
-0.130851
-0.139823
-0.142313
-0.139715
-0.131168
-0.117751
-0.0992171
-0.0760061
-0.0488259
-0.0182307
4.90046
4.82754
4.76847
4.61137
4.48832
4.28875
4.07639
3.82998
3.55573
3.25962
2.94864
2.63052
2.3133
2.00455
1.71087
1.4374
1.18772
0.963833
0.766343
0.594715
0.447604
0.323049
0.218856
0.132587
0.0620259
0.00483117
-0.0407164
-0.0766233
-0.103827
-0.124008
-0.137206
-0.144923
-0.146401
-0.14306
-0.133842
-0.119885
-0.100897
-0.0770912
-0.0496958
-0.0183563
4.05984
4.06643
4.10983
4.02412
3.96555
3.83575
3.67503
3.47589
3.24285
2.98247
2.70271
2.41226
2.11992
1.83388
1.56113
1.30705
1.07529
0.867827
0.685228
0.526918
0.391537
0.277167
0.181674
0.102738
0.038252
-0.0139619
-0.0555078
-0.0882186
-0.112926
-0.131161
-0.142857
-0.149434
-0.149991
-0.14597
-0.136123
-0.121681
-0.102256
-0.0779291
-0.0503754
-0.0183546
3.00269
3.12534
3.30907
3.34632
3.36748
3.32962
3.23769
3.09839
2.9164
2.69918
2.45609
2.19714
1.93224
1.67049
1.41948
1.18502
0.970975
0.779441
0.611045
0.465264
0.340794
0.235806
0.148265
0.0759908
0.0169961
-0.0307339
-0.0686886
-0.0985353
-0.12101
-0.137499
-0.14785
-0.153396
-0.153119
-0.148474
-0.138044
-0.123162
-0.103322
-0.0785443
-0.050875
-0.0182357
1.71878
2.01817
2.3679
2.58275
2.7052
2.77691
2.77158
2.70399
2.58182
2.41417
2.21222
1.98776
1.75216
1.51566
1.28673
1.07175
0.87494
0.698646
0.543643
0.409531
0.295121
0.19871
0.11839
0.0521295
-0.00192973
-0.0456439
-0.0803902
-0.107681
-0.128166
-0.143095
-0.152243
-0.156856
-0.155826
-0.150607
-0.139641
-0.124357
-0.104128
-0.0789628
-0.0512106
-0.0180156
0.209385
0.780005
1.30423
1.74004
1.9944
2.18886
2.28592
2.30047
2.24516
2.13195
1.97434
1.7863
1.58104
1.37018
1.16323
0.967271
0.787027
0.62516
0.482674
0.35935
0.254155
0.165544
0.0917488
0.0308956
-0.0187428
-0.0588712
-0.0907582
-0.115774
-0.134487
-0.148023
-0.156096
-0.159866
-0.158157
-0.152407
-0.140951
-0.125296
-0.104711
-0.0792103
-0.0514019
-0.0177137
-1.53041
-0.559278
0.143479
0.824265
1.24909
1.57907
1.7911
1.89636
1.913
1.85725
1.74568
1.59487
1.42011
1.23464
1.04911
0.871444
0.706914
0.558568
0.42769
0.31428
0.217488
0.135939
0.0680236
0.0120202
-0.0336657
-0.0705974
-0.0999387
-0.122931
-0.140067
-0.152358
-0.15947
-0.162477
-0.160153
-0.153911
-0.142009
-0.126009
-0.105101
-0.0793119
-0.0514701
-0.0173503
-3.54914
-2.02462
-1.10895
-0.170482
0.470229
0.955228
1.29392
1.49765
1.5903
1.5939
1.52901
1.4153
1.27047
1.10956
0.944507
0.784116
0.634279
0.498464
0.378255
0.273892
0.184721
0.109545
0.0469114
-0.00475078
-0.0469079
-0.080992
-0.108067
-0.12926
-0.14499
-0.15617
-0.16242
-0.164734
-0.161855
-0.155156
-0.142849
-0.126526
-0.105331
-0.0792912
-0.0514364
-0.0169451
-5.95508
-3.73666
-2.49658
-1.27153
-0.361996
0.30969
0.790606
1.10232
1.27619
1.34164
1.32435
1.24771
1.13221
0.994932
0.849276
0.705041
0.568799
0.444476
0.333986
0.237815
0.155513
0.0860583
0.0281505
-0.0196374
-0.0586509
-0.0902022
-0.115263
-0.134854
-0.149332
-0.159518
-0.164993
-0.166678
-0.163295
-0.156171
-0.1435
-0.126875
-0.105428
-0.0791698
-0.0513208
-0.0165158
-8.83813
-5.85356
-4.0858
-2.50375
-1.27121
-0.37387
0.269034
0.700524
0.962872
1.0944
1.12703
1.08856
1.00267
0.888776
0.76193
0.633079
0.509579
0.395889
0.294297
0.205567
0.129464
0.0651489
0.0114716
-0.0328582
-0.0690706
-0.0983683
-0.121636
-0.139803
-0.153163
-0.162459
-0.167237
-0.16835
-0.164509
-0.156991
-0.143991
-0.127082
-0.105417
-0.078969
-0.0511422
-0.0160777
-12.0789
-8.34642
-5.8317
-3.80796
-2.22466
-1.07936
-0.263633
0.2934
0.647951
0.847978
0.932151
0.932906
0.877287
0.787106
0.679138
0.56553
0.454476
0.351025
0.257887
0.176142
0.105801
0.0462221
-0.00358244
-0.0447634
-0.0784358
-0.105696
-0.127346
-0.144229
-0.156581
-0.165071
-0.169216
-0.169806
-0.165546
-0.157659
-0.144359
-0.127184
-0.105329
-0.0787124
-0.0509194
-0.0156439
-15.1149
-10.7381
-7.40239
-4.94274
-3.05651
-1.69745
-0.734529
-0.070967
0.362381
0.621621
0.750986
0.786744
0.758654
0.690457
0.600282
0.501222
0.402135
0.308555
0.22356
0.14852
0.0836829
0.0286019
-0.0175449
-0.0557684
-0.0870663
-0.112432
-0.132581
-0.148276
-0.159696
-0.167442
-0.171
-0.171101
-0.166449
-0.158213
-0.144635
-0.127207
-0.105183
-0.0784155
-0.0506662
-0.0152223
-16.937
-12.1968
-8.23491
-5.53689
-3.49694
-2.03532
-1.00441
-0.290051
0.182077
0.471944
0.62594
0.681854
0.670542
0.616514
0.538428
0.449726
0.359513
0.273502
0.194923
0.125279
0.0649461
0.0135948
-0.0294874
-0.0652116
-0.0944874
-0.118227
-0.137079
-0.15174
-0.162338
-0.169422
-0.172451
-0.172109
-0.1671
-0.158548
-0.144726
-0.127074
-0.104926
-0.0780397
-0.0503706
-0.0148086
-16.7407
-12.308
-8.14259
-5.4694
-3.456
-2.01359
-1.00173
-0.297557
0.168703
0.456095
0.60956
0.665973
0.655655
0.602814
0.525963
0.438487
0.349466
0.264601
0.187113
0.118496
0.059114
0.00863372
-0.0336602
-0.0686789
-0.097328
-0.120517
-0.138884
-0.153125
-0.163357
-0.170123
-0.172878
-0.172298
-0.167097
-0.158374
-0.144445
-0.12669
-0.104532
-0.0776152
-0.050076
-0.014483
-16.5529
-12.2454
-8.11033
-5.447
-3.47759
-2.04902
-1.05063
-0.352616
0.110952
0.398334
0.553904
0.614031
0.608562
0.561202
0.490014
0.408021
0.324059
0.243697
0.170107
0.104795
0.0481696
-4.11968e-05
-0.0404867
-0.074013
-0.101466
-0.123701
-0.14131
-0.154944
-0.164691
-0.171062
-0.173497
-0.172646
-0.167229
-0.158317
-0.144258
-0.126393
-0.104199
-0.0772611
-0.0498144
-0.0142391
-16.8389
-12.3668
-8.24514
-5.50885
-3.55137
-2.11447
-1.11523
-0.415854
0.049448
0.338873
0.497203
0.560888
0.559765
0.517354
0.451443
0.374759
0.295884
0.220206
0.150791
0.0891035
0.0355594
-0.0100785
-0.0484071
-0.0802124
-0.106282
-0.127409
-0.144139
-0.15707
-0.166256
-0.172168
-0.174234
-0.173067
-0.167401
-0.158271
-0.144059
-0.126069
-0.103829
-0.0768753
-0.0495234
-0.0139884
-17.2478
-12.5019
-8.41365
-5.59635
-3.64002
-2.19232
-1.18709
-0.483733
-0.0144292
0.278747
0.441172
0.50941
0.513286
0.476155
0.415578
0.344059
0.270003
0.198683
0.133108
0.074731
0.0239907
-0.0193084
-0.0557115
-0.0859484
-0.110752
-0.130864
-0.146782
-0.15906
-0.167723
-0.173203
-0.17492
-0.173452
-0.167548
-0.158208
-0.143851
-0.125739
-0.103459
-0.0764894
-0.0492336
-0.01374
-17.7268
-12.676
-8.60247
-5.7058
-3.7364
-2.27691
-1.26215
-0.553364
-0.0789921
0.218654
0.385678
0.458839
0.467974
0.436285
0.381109
0.31474
0.245422
0.178333
0.116448
0.0612253
0.0131385
-0.0279582
-0.0625543
-0.0913223
-0.114942
-0.134102
-0.14926
-0.160925
-0.169094
-0.174166
-0.17555
-0.173796
-0.167664
-0.158122
-0.143628
-0.1254
-0.103086
-0.0761015
-0.0489447
-0.0134943
-18.2144
-12.8661
-8.79107
-5.82881
-3.8373
-2.36638
-1.33999
-0.624488
-0.144121
0.158701
0.330791
0.409159
0.423686
0.397461
0.347638
0.286327
0.221639
0.15867
0.100366
0.048199
0.00267833
-0.0362915
-0.0691443
-0.0964963
-0.118975
-0.137219
-0.151643
-0.162716
-0.170407
-0.175082
-0.176144
-0.17411
-0.167757
-0.158016
-0.14339
-0.125047
-0.102706
-0.0757083
-0.0486539
-0.013251
-18.7099
-13.0816
-8.98302
-5.96469
-3.94324
-2.45989
-1.42026
-0.696784
-0.209622
0.0990121
0.276594
0.360437
0.380486
0.359743
0.315213
0.258856
0.198671
0.139693
0.0848509
0.0356332
-0.00741234
-0.0443313
-0.0755033
-0.10149
-0.122867
-0.140227
-0.153941
-0.164441
-0.171669
-0.175958
-0.176705
-0.174396
-0.167827
-0.157892
-0.143138
-0.124683
-0.102319
-0.0753104
-0.0483613
-0.0130108
-19.2041
-13.3151
-9.17659
-6.11016
-4.05416
-2.5568
-1.50279
-0.770086
-0.275367
0.0396779
0.223152
0.312714
0.338397
0.32315
0.283853
0.232348
0.176542
0.121427
0.0699257
0.0235482
-0.0171165
-0.0520639
-0.0816206
-0.106294
-0.126613
-0.143121
-0.156153
-0.166099
-0.172878
-0.176793
-0.177232
-0.174656
-0.167875
-0.157749
-0.142872
-0.124309
-0.101926
-0.0749087
-0.0480678
-0.0127747
-19.6993
-13.5674
-9.3747
-6.26407
-4.17041
-2.65678
-1.5874
-0.844259
-0.34125
-0.0192288
0.17051
0.266013
0.297425
0.287672
0.253544
0.206784
0.155235
0.103858
0.0555787
0.0119351
-0.0264407
-0.0594942
-0.0874994
-0.110913
-0.130214
-0.145903
-0.158277
-0.167689
-0.174034
-0.177585
-0.177726
-0.174889
-0.167902
-0.15759
-0.142594
-0.123924
-0.101528
-0.0745043
-0.0477743
-0.0125435
-20.1942
-13.835
-9.57798
-6.42497
-4.29191
-2.75961
-1.67392
-0.919208
-0.40719
-0.0776557
0.1187
0.220345
0.257566
0.253298
0.224265
0.182144
0.134729
0.0869648
0.0417911
0.000777675
-0.0353986
-0.066633
-0.0931483
-0.115351
-0.133675
-0.148577
-0.160317
-0.169213
-0.175139
-0.178337
-0.178188
-0.175096
-0.167907
-0.157413
-0.142303
-0.123531
-0.101125
-0.0740981
-0.0474813
-0.0123179
-20.6895
-14.1173
-9.78781
-6.59225
-4.41861
-2.86519
-1.76223
-0.994867
-0.47313
-0.13557
0.0677378
0.17571
0.218811
0.220008
0.195995
0.158403
0.115
0.0707274
0.0285457
-0.00993854
-0.044002
-0.07349
-0.0985751
-0.119615
-0.137001
-0.151145
-0.162275
-0.170674
-0.176194
-0.17905
-0.178618
-0.175277
-0.167892
-0.157221
-0.142001
-0.12313
-0.10072
-0.0736909
-0.0471895
-0.0120987
-21.185
-14.4128
-10.0048
-6.76542
-4.55038
-2.9735
-1.85223
-1.0712
-0.539037
-0.192955
0.0176239
0.132099
0.181138
0.187777
0.168707
0.135537
0.096026
0.0551262
0.015826
-0.0202273
-0.0522622
-0.0800742
-0.103787
-0.123711
-0.140194
-0.153611
-0.164153
-0.172072
-0.1772
-0.179724
-0.179017
-0.175434
-0.167858
-0.157014
-0.141688
-0.122721
-0.100311
-0.0732838
-0.0468997
-0.0118865
-21.6808
-14.7209
-10.2296
-6.94435
-4.68706
-3.08455
-1.94387
-1.14819
-0.604901
-0.249814
-0.0316531
0.0894897
0.144521
0.156578
0.142372
0.113518
0.0777829
0.0401403
0.00361444
-0.0301028
-0.0601905
-0.0863946
-0.108791
-0.127644
-0.143261
-0.155977
-0.165954
-0.173411
-0.178158
-0.18036
-0.179387
-0.175566
-0.167805
-0.156792
-0.141365
-0.122307
-0.0999004
-0.0728775
-0.0466123
-0.011682
-22.1767
-15.0406
-10.4625
-7.12903
-4.82857
-3.1984
-2.03713
-1.22584
-0.670735
-0.306165
-0.080118
0.0478529
0.108928
0.126374
0.116957
0.092317
0.0602445
0.0257477
-0.00810673
-0.0395793
-0.0677983
-0.0924601
-0.113593
-0.131419
-0.146205
-0.158248
-0.167681
-0.174691
-0.179071
-0.180961
-0.179727
-0.175677
-0.167734
-0.156557
-0.141033
-0.121887
-0.0994888
-0.072473
-0.0463281
-0.0114857
-22.673
-15.3713
-10.704
-7.31959
-4.97484
-3.31511
-2.13205
-1.3042
-0.736571
-0.362041
-0.127807
0.00714965
0.0743186
0.0971293
0.0924274
0.0719017
0.0433839
0.0119262
-0.0193559
-0.0486715
-0.0750971
-0.0982798
-0.118202
-0.135042
-0.149029
-0.160426
-0.169335
-0.175914
-0.179939
-0.181526
-0.18004
-0.175765
-0.167647
-0.156309
-0.140693
-0.121464
-0.0990769
-0.0720713
-0.0460476
-0.0112983
-23.1699
-15.7126
-10.9542
-7.51623
-5.12588
-3.4348
-2.22868
-1.38332
-0.80246
-0.417492
-0.174768
-0.0326665
0.0406482
0.0688007
0.0687448
0.0522394
0.0271732
-0.00134745
-0.0301516
-0.0573943
-0.0820986
-0.103863
-0.122624
-0.138518
-0.151739
-0.162515
-0.170919
-0.177083
-0.180764
-0.182058
-0.180326
-0.175832
-0.167543
-0.156051
-0.140346
-0.121037
-0.0986655
-0.0716732
-0.0457714
-0.01112
-23.6685
-16.0647
-11.2135
-7.71924
-5.28178
-3.55759
-2.32712
-1.46328
-0.868472
-0.472578
-0.221058
-0.0716489
0.00786749
0.0413436
0.0458696
0.0332961
0.0115838
-0.0140966
-0.0405126
-0.0657624
-0.0888145
-0.109218
-0.126865
-0.141852
-0.154338
-0.164516
-0.172435
-0.178199
-0.181548
-0.182557
-0.180587
-0.17588
-0.167424
-0.155782
-0.139993
-0.120609
-0.0982556
-0.0712797
-0.0455001
-0.0109514
-24.1701
-16.4283
-11.4827
-7.92909
-5.44269
-3.68364
-2.4275
-1.54419
-0.934693
-0.527375
-0.266743
-0.109857
-0.024077
0.0147108
0.0237609
0.0150368
-0.00341327
-0.0263448
-0.050458
-0.0737909
-0.0952563
-0.114354
-0.130934
-0.14505
-0.15683
-0.166435
-0.173886
-0.179263
-0.182291
-0.183025
-0.180824
-0.175909
-0.167292
-0.155504
-0.139635
-0.12018
-0.0978478
-0.0708914
-0.045234
-0.0107927
-24.6757
-16.8043
-11.7624
-8.14636
-5.60892
-3.8132
-2.53
-1.62618
-1.00124
-0.581976
-0.311902
-0.147359
-0.0552447
-0.0111489
0.0023753
-0.00257452
-0.0178478
-0.0381161
-0.0600068
-0.0814948
-0.101436
-0.119281
-0.134835
-0.148116
-0.159218
-0.168272
-0.175274
-0.180279
-0.182997
-0.183463
-0.181037
-0.175921
-0.167147
-0.155218
-0.139272
-0.119751
-0.0974431
-0.0705094
-0.0449737
-0.0106443
-25.1829
-17.1912
-12.0528
-8.37148
-5.78073
-3.94648
-2.63484
-1.70943
-1.06825
-0.636494
-0.356629
-0.184234
-0.0857025
-0.0362919
-0.0183343
-0.0195766
-0.0317511
-0.0494356
-0.0691788
-0.0888895
-0.107365
-0.124006
-0.138577
-0.151057
-0.161508
-0.170032
-0.176601
-0.181247
-0.183665
-0.183872
-0.181228
-0.175917
-0.166991
-0.154926
-0.138907
-0.119323
-0.0970423
-0.0701343
-0.0447235
-0.0105073
)
;

boundaryField
{
    inlet
    {
        type            freestreamPressure;
        freestreamValue uniform 0;
        supersonic      false;
        value           nonuniform List<scalar> 
80
(
0.915762
0.809441
0.699704
0.586645
0.470844
0.352993
0.233873
0.114377
-0.00448725
-0.121603
-0.235763
-0.345683
-0.450021
-0.547396
-0.636389
-0.715529
-0.783254
-0.837824
-0.87717
-0.898646
2.29026
2.21449
2.13942
2.06509
1.99153
1.91879
1.8469
1.77589
1.70579
1.63661
1.56839
1.50114
1.43488
1.36962
1.30537
1.24213
1.17991
1.11875
1.05861
0.999157
3.87081
3.79217
3.71353
3.63451
3.55512
3.47547
3.39561
3.31562
3.23555
3.15546
3.07542
2.99548
2.91569
2.83614
2.75686
2.67792
2.59938
2.52129
2.44371
2.36668
6.81658
6.78091
6.71524
6.62358
6.5092
6.37516
6.22447
6.06026
5.88565
5.70374
5.51749
5.3296
5.14246
4.95812
4.77827
4.60424
4.43701
4.27734
4.12575
3.98191
)
;
    }
    outlet
    {
        type            freestreamPressure;
        freestreamValue uniform 0;
        supersonic      false;
        value           nonuniform List<scalar> 
80
(
-8.37515e-05
-8.8123e-05
-9.29476e-05
-9.84444e-05
-0.000104622
-0.000111389
-0.000118551
-0.000125743
-0.000132357
-0.000137502
-0.000140017
-0.000138597
-0.000132053
-0.000119699
-0.000101726
-7.94299e-05
-5.51337e-05
-3.18605e-05
-1.28841e-05
-1.56399e-06
-5.11651e-05
-5.21046e-05
-5.30776e-05
-5.40878e-05
-5.51421e-05
-5.62471e-05
-5.74095e-05
-5.86359e-05
-5.99325e-05
-6.13055e-05
-6.27608e-05
-6.43039e-05
-6.59402e-05
-6.76742e-05
-6.951e-05
-7.14507e-05
-7.34993e-05
-7.56629e-05
-7.79497e-05
-8.03211e-05
-3.1981e-05
-3.30816e-05
-3.41567e-05
-3.52242e-05
-3.62799e-05
-3.73193e-05
-3.83402e-05
-3.93419e-05
-4.03239e-05
-4.12861e-05
-4.22291e-05
-4.31541e-05
-4.40628e-05
-4.49578e-05
-4.5842e-05
-4.6719e-05
-4.75932e-05
-4.84688e-05
-4.93513e-05
-5.02509e-05
-2.9708e-08
-2.54437e-07
-6.61684e-07
-1.22367e-06
-1.93391e-06
-2.79912e-06
-3.83224e-06
-5.04823e-06
-6.46053e-06
-8.07727e-06
-9.89756e-06
-1.19088e-05
-1.40856e-05
-1.63914e-05
-1.87814e-05
-2.12073e-05
-2.36222e-05
-2.59845e-05
-2.82572e-05
-3.03985e-05
)
;
    }
    top
    {
        type            symmetryPlane;
    }
    bottom
    {
        type            symmetryPlane;
    }
    cylinder
    {
        type            zeroGradient;
    }
    frontandback
    {
        type            empty;
    }
}


// ************************************************************************* //
