/*--------------------------------*- C++ -*----------------------------------*\
  =========                 |
  \\      /  F ield         | OpenFOAM: The Open Source CFD Toolbox
   \\    /   O peration     | Website:  https://openfoam.org
    \\  /    A nd           | Version:  6.0
     \\/     M anipulation  |
\*---------------------------------------------------------------------------*/
FoamFile
{
    version     2.0;
    format      ascii;
    class       surfaceScalarField;
    location    "22.5015";
    object      phi;
}
// * * * * * * * * * * * * * * * * * * * * * * * * * * * * * * * * * * * * * //

dimensions      [0 3 -1 0 0 0 0];

internalField   nonuniform List<scalar> 
4670
(
0.0119498
-0.782973
0.771024
0.0325395
-0.809635
0.789045
0.0533572
-0.833251
0.812433
0.0722588
-0.831089
0.812187
0.0895385
-0.819134
0.801855
0.105996
-0.805207
0.788749
0.12227
-0.792855
0.776581
0.138672
-0.783067
0.766665
0.155484
-0.775945
0.759133
-0.772977
0.755272
0.17319
0.0121599
-0.795133
0.0320406
-0.829516
0.0516953
-0.852906
0.0693106
-0.848704
0.0853486
-0.835172
0.100662
-0.820521
0.115849
-0.808041
0.131147
-0.798365
0.14679
-0.791588
-0.78938
0.163193
0.0119929
-0.807126
0.0308368
-0.84836
0.0490635
-0.871132
0.0651141
-0.864755
0.0796135
-0.849672
0.0934631
-0.83437
0.107204
-0.821781
0.120946
-0.812108
0.13479
-0.805433
-0.803504
0.148914
0.011452
-0.818578
0.0289822
-0.86589
0.0455764
-0.887727
0.0598857
-0.879064
0.0726408
-0.862427
0.0847753
-0.846505
0.0968555
-0.833861
0.109063
-0.824315
0.121572
-0.817942
-0.816388
0.134455
0.0105546
-0.829133
0.0264963
-0.881832
0.0412961
-0.902526
0.0537661
-0.891534
0.0646667
-0.873327
0.0748389
-0.856677
0.0847794
-0.843802
0.0948265
-0.834362
0.105544
-0.82866
-0.828178
0.117334
0.00935754
-0.83849
0.0234701
-0.895944
0.0362684
-0.915325
0.0467674
-0.902033
0.0558009
-0.882361
0.0640781
-0.864954
0.0718325
-0.851556
0.0793546
-0.841884
0.0877473
-0.837052
-0.839043
0.0986127
0.00799998
-0.84649
0.0201398
-0.908084
0.0307043
-0.925889
0.0388952
-0.910224
0.0457583
-0.889224
0.0521583
-0.871354
0.0582072
-0.857605
0.0636149
-0.847292
0.0687263
-0.842164
-0.844615
0.0742981
0.00671054
-0.853201
0.0169837
-0.918357
0.0252698
-0.934175
0.0308042
-0.915759
0.0347257
-0.893145
0.0383073
-0.874936
0.0423996
-0.861698
0.0467917
-0.851684
0.0490697
-0.844442
-0.837393
0.0418481
0.00571568
-0.858916
0.0144819
-0.927123
0.0208556
-0.940549
0.0239904
-0.918894
0.0246255
-0.89378
0.0235829
-0.873893
0.0220243
-0.860139
0.0218753
-0.851535
0.0235977
-0.846164
-0.832212
0.0184164
0.00519418
-0.86411
0.0128695
-0.934799
0.0179651
-0.945644
0.0197097
-0.920638
0.018443
-0.892514
0.0137421
-0.869193
0.00441316
-0.85081
-0.00903081
-0.838091
-0.0160337
-0.839161
-0.875029
0.0267831
0.920231
0.00843957
-0.928671
0.911831
0.00839965
0.9037
0.00813137
0.89608
0.00761971
0.889109
0.00697102
0.882898
0.00621123
0.877428
0.00547011
0.872608
0.00481959
0.868242
0.004366
0.00413185
0.999819
0.0144019
-1.00578
0.992957
0.0152613
0.98554
0.0155481
0.977873
0.0152873
0.970192
0.0146519
0.962695
0.013708
0.95549
0.0126748
0.948573
0.0117366
0.941769
0.0111699
0.0111022
0.984274
0.0167537
-0.986626
0.980958
0.0185767
0.976928
0.0195784
0.972462
0.0197535
0.967812
0.0193015
0.963176
0.0183436
0.9587
0.0171512
0.954394
0.0160419
0.950168
0.0153968
0.0156253
0.941717
0.0182013
-0.943164
0.939488
0.0208056
0.936664
0.0224024
0.933614
0.0228038
0.930552
0.0223631
0.92775
0.0211459
0.925337
0.0195645
0.923417
0.0179616
0.922014
0.0167999
0.0170011
0.908347
0.0204415
-0.910587
0.905517
0.0236356
0.90213
0.0257888
0.898868
0.0260661
0.895759
0.025472
0.893375
0.0235296
0.891637
0.0213031
0.890893
0.0187047
0.891349
0.0163441
0.0158367
0.885277
0.0239034
-0.888739
0.881453
0.0274592
0.876854
0.0303877
0.872853
0.0300675
0.868791
0.0295336
0.866269
0.0260519
0.864351
0.0232208
0.864327
0.0187288
0.865672
0.0149995
0.0123159
0.867843
0.0285626
-0.872503
0.863224
0.0320787
0.857288
0.036324
0.852762
0.0345932
0.847111
0.0351847
0.844423
0.0287395
0.84137
0.0262737
0.843184
0.0169147
0.844376
0.0138078
0.00588206
0.852632
0.0343978
-0.858467
0.847561
0.0371496
0.840316
0.0435687
0.835913
0.0389963
0.828155
0.0429428
0.825552
0.0313429
0.819128
0.0326974
0.824943
0.0111002
0.826178
0.0125727
-0.00603119
0.838171
0.0416297
-0.845403
0.83284
0.0424807
0.824401
0.0520074
0.820755
0.0426422
0.811103
0.0525952
0.808814
0.0336316
0.796739
0.0447728
0.80459
0.00324927
0.8101
0.00706185
-0.0350919
0.824678
-0.833818
0.0507693
0.818926
0.0482324
0.809583
0.0613505
0.806797
0.0454288
0.796471
0.0629212
0.794282
0.0358207
0.777534
0.0615202
0.77695
0.00383376
0.782503
0.0015089
-0.127618
0.958518
-0.00303568
-0.955483
0.960598
-0.0020795
0.961384
-0.00078598
0.960704
0.000680049
0.958444
0.0022596
0.95469
0.0037542
0.94958
0.00510995
0.943367
0.00621313
0.936274
0.00709327
0.00760315
0.987295
-0.0137423
-0.976588
0.996624
-0.0114091
1.00431
-0.00847337
1.01011
-0.00512
1.01391
-0.00153563
1.01573
0.00192915
1.01568
0.00516219
1.0139
0.00799573
1.01053
0.0104644
0.0123482
0.937876
-0.0274671
-0.924152
0.950371
-0.0239041
0.961234
-0.0193364
0.970199
-0.0140842
0.977239
-0.00857621
0.982442
-0.0032737
0.985887
0.00171733
0.987648
0.00623407
0.987846
0.0102673
0.0135681
0.89039
-0.0417293
-0.876127
0.903414
-0.0369285
0.914617
-0.0305399
0.923793
-0.0232593
0.931064
-0.015848
0.936619
-0.00882796
0.940479
-0.00214298
0.942766
0.00394734
0.943581
0.00945148
0.0139852
0.864735
-0.056293
-0.850171
0.877636
-0.04983
0.888166
-0.0410699
0.896467
-0.0315599
0.902884
-0.0222647
0.90759
-0.0135345
0.910497
-0.00504951
0.911868
0.00257665
0.91177
0.00954854
0.0151685
0.850624
-0.0719611
-0.834955
0.863595
-0.0628011
0.873184
-0.0506592
0.880574
-0.0389504
0.886237
-0.0279271
0.890059
-0.0173562
0.891855
-0.00684565
0.892163
0.00226792
0.890928
0.0107837
0.0173581
0.840655
-0.0895245
-0.823092
0.8538
-0.0759456
0.862228
-0.0590875
0.86899
-0.0457119
0.87422
-0.0331568
0.877289
-0.0204257
0.878142
-0.00769823
0.877653
0.0027571
0.875475
0.0129612
0.0203305
0.831858
-0.107437
-0.813946
0.845021
-0.089108
0.852539
-0.0666059
0.858972
-0.0521448
0.863617
-0.0378022
0.865811
-0.0226191
0.865914
-0.00780138
0.864933
0.00373817
0.862002
0.0158918
0.0238654
0.823761
-0.116183
-0.815015
0.835427
-0.100774
0.845236
-0.0764146
0.851343
-0.0582527
0.85413
-0.040589
0.855033
-0.0235218
0.854537
-0.00730533
0.853226
0.00504956
0.849536
0.0195818
0.0279978
0.817239
-0.843346
-0.0900764
0.815031
-0.0985653
0.842764
-0.104147
0.84843
-0.0639191
0.84625
-0.0384091
0.845417
-0.022689
0.844857
-0.00674467
0.84337
0.00653641
0.838975
0.0239765
0.0331552
0.090544
0.708048
-0.707523
-0.091069
0.0865641
0.71487
-0.71089
0.0800539
0.718223
-0.711713
0.0714791
0.720414
-0.71184
0.0611554
0.723291
-0.712967
0.0491445
0.729554
-0.717543
0.0353278
0.746121
-0.732304
0.0199784
0.788667
-0.773318
0.0058273
0.859253
-0.845102
0.907597
-0.90177
0.0946286
0.713246
-0.0998263
0.0881031
0.721395
0.0801149
0.726211
0.0708386
0.729691
0.0602562
0.733874
0.0482183
0.741592
0.0344993
0.75984
0.0193746
0.803792
0.00563201
0.872995
0.913229
0.0893386
0.715249
-0.0913415
0.0850745
0.725659
0.0785875
0.732698
0.0700504
0.738228
0.0597227
0.744201
0.0477213
0.753593
0.0340137
0.773548
0.019002
0.818804
0.0054992
0.886498
0.918728
0.0999387
0.724429
-0.109119
0.0909995
0.734598
0.0815625
0.742136
0.071396
0.748394
0.0601993
0.755398
0.0477455
0.766047
0.0338372
0.787456
0.0188326
0.833808
0.00545824
0.899873
0.924187
0.0947101
0.726537
-0.0968174
0.0895636
0.739745
0.0820412
0.749658
0.0723069
0.758129
0.060862
0.766843
0.0480235
0.778886
0.0338275
0.801652
0.0187288
0.848907
0.00544578
0.913156
0.929632
0.107734
0.737137
-0.118334
0.0971142
0.750365
0.0860016
0.760771
0.0742553
0.769875
0.0617691
0.779329
0.0483795
0.792275
0.033896
0.816135
0.0186952
0.864108
0.00548632
0.926365
0.935119
0.103116
0.735961
-0.10194
0.0970463
0.756434
0.0872805
0.770536
0.0754161
0.781739
0.062479
0.792266
0.0486474
0.806107
0.0338434
0.830939
0.0185189
0.879432
0.00542499
0.939459
0.940544
0.121354
0.74885
-0.134243
0.105186
0.772602
0.0899
0.785823
0.0762001
0.795439
0.0626953
0.805771
0.0485037
0.820298
0.0334468
0.845996
0.018197
0.894682
0.00531389
0.952342
0.945858
0.1242
0.762224
-0.137573
0.104607
0.792195
0.0899918
0.800438
0.0766633
0.808768
0.062547
0.819887
0.0477182
0.835127
0.0324957
0.861218
0.0174724
0.909705
0.00499853
0.964816
0.950856
0.126519
-0.207641
0.103699
0.0901907
0.0758662
0.0607979
0.0457542
0.0308453
0.0163991
0.0046267
0.181668
0.61066
-0.633757
-0.158571
0.159545
0.613763
-0.59164
0.132704
0.602572
-0.575732
0.10845
0.592412
-0.568158
0.087202
0.584855
-0.563607
0.0677792
0.580284
-0.560861
0.049156
0.584494
-0.565871
0.0305159
0.61486
-0.596219
0.0120695
0.691441
-0.672995
0.817494
-0.805425
0.161144
0.63059
-0.181074
0.144512
0.630395
0.126657
0.620427
0.107659
0.61141
0.0884178
0.604097
0.069281
0.599421
0.0502378
0.603538
0.0309803
0.634117
0.0121077
0.710314
0.829602
0.148948
0.657272
-0.17563
0.133405
0.645938
0.118381
0.635451
0.10258
0.627211
0.0857989
0.620878
0.0681268
0.617093
0.049701
0.621963
0.0305471
0.653271
0.0117012
0.729159
0.841303
0.141139
0.670862
-0.154729
0.127521
0.659556
0.113
0.649971
0.0979473
0.642264
0.0822876
0.636537
0.0657493
0.633631
0.0481398
0.639573
0.0294436
0.671967
0.0109991
0.747604
0.852302
0.132787
0.678054
-0.139979
0.12132
0.671023
0.108013
0.663278
0.0937716
0.656506
0.078861
0.651448
0.0630891
0.649403
0.0461727
0.656489
0.0279952
0.690145
0.0101441
0.765455
0.862446
0.124897
0.685121
-0.131964
0.11477
0.681151
0.102891
0.675157
0.0897853
0.669611
0.0757026
0.66553
0.0605789
0.664527
0.0442049
0.672863
0.0265131
0.707836
0.00929705
0.782671
0.871743
0.115448
0.692026
-0.122354
0.106886
0.689713
0.0966512
0.685392
0.0850201
0.681242
0.0721266
0.678424
0.0579093
0.678744
0.042201
0.688572
0.0250488
0.724989
0.00848304
0.799237
0.880226
0.110338
0.699077
-0.117389
0.101995
0.698057
0.0922101
0.695177
0.0811839
0.692268
0.0689608
0.690647
0.0554082
0.692297
0.0402945
0.703685
0.0236823
0.741601
0.00775528
0.815164
0.887982
0.101275
0.703265
-0.105462
0.0950308
0.7043
0.0868527
0.703355
0.0770413
0.70208
0.0657675
0.701921
0.0529752
0.705089
0.0384703
0.71819
0.022381
0.75769
0.00711284
0.830432
0.895094
0.0992948
-0.103554
0.0927056
0.0843474
0.0745875
0.0635408
0.0510867
0.0369726
0.0213448
0.00667543
-0.545446
0.185099
-0.27341
-0.529447
0.128952
-0.144951
-0.520565
0.121125
-0.130008
-0.522467
0.065818
-0.0639159
-0.520302
0.0568588
-0.0590234
-0.523145
0.0211616
-0.0183192
-0.525535
0.00794682
-0.00555612
-0.532403
-0.0182002
0.0250675
-0.540446
-0.0323552
0.0403987
-0.0494795
-0.55124
0.0602738
-0.553685
0.147144
-0.537298
0.112565
-0.520214
0.104042
-0.519821
0.0654249
-0.516089
0.0531269
-0.518987
0.0240599
-0.521313
0.0102728
-0.527989
-0.0115248
-0.535602
-0.0247424
-0.0395829
-0.545498
-0.549639
0.121052
-0.537219
0.100145
-0.52083
0.0876526
-0.517801
0.0623954
-0.513415
0.048741
-0.515659
0.0263038
-0.517999
0.0126128
-0.524328
-0.00519607
-0.531698
-0.0173717
-0.0301191
-0.541162
-0.547125
0.100019
-0.534198
0.0872173
-0.520814
0.0742691
-0.515577
0.0571581
-0.510932
0.0440964
-0.511902
0.0272734
-0.513996
0.0147065
-0.519691
0.000498837
-0.526741
-0.0103211
-0.0210221
-0.535838
-0.545068
0.0814798
-0.530826
0.0729747
-0.518959
0.0624022
-0.512147
0.0503467
-0.507288
0.0392367
-0.506864
0.0268495
-0.508428
0.0162709
-0.513239
0.00530982
-0.519793
-0.0037674
-0.0124091
-0.528406
-0.54346
0.0640785
-0.528693
0.0582082
-0.51696
0.0506686
-0.508915
0.0423022
-0.503533
0.0338541
-0.501736
0.0250531
-0.502413
0.0169481
-0.50604
0.00893607
-0.511717
0.00190964
-0.00464379
-0.519482
-0.548884
0.0470907
-0.533966
0.0432907
-0.521772
0.0384748
-0.512559
0.0330892
-0.506139
0.0274337
-0.502753
0.0216677
-0.501957
0.0161521
-0.503835
0.0108138
-0.507892
0.00596626
0.00148725
-0.514023
-0.579003
0.0298739
-0.563527
0.0278154
-0.550297
0.0252441
-0.539521
0.0223129
-0.531276
0.0191889
-0.525611
0.0160031
-0.52236
0.0129007
-0.521467
0.00992148
-0.522667
0.00716548
0.00462848
-0.525808
-0.6555
0.0123792
-0.639377
0.0116931
-0.624971
0.0108379
-0.612505
0.00984632
-0.602071
0.00875554
-0.5937
0.00763144
-0.587318
0.00651881
-0.58285
0.00545427
-0.58014
0.00445493
0.00349922
-0.579011
-0.793045
-0.781352
-0.770514
-0.760668
-0.751913
-0.744281
-0.737762
-0.732308
-0.727853
-0.724354
-0.561991
-0.0593712
0.0701215
-0.573158
-0.0693694
0.080537
-0.584409
-0.0762917
0.0875428
-0.5959
-0.081866
0.0933569
-0.607951
-0.0849405
0.0969916
-0.621299
-0.084951
0.0982983
-0.632564
-0.0830266
0.0942916
-0.632191
-0.0797989
0.0794263
-0.639938
-0.0717418
0.0794885
-0.0601857
-0.666653
0.0869012
-0.555705
-0.0491639
-0.566583
-0.0584914
-0.577674
-0.0652008
-0.589059
-0.0704811
-0.600581
-0.0734182
-0.611551
-0.073981
-0.621014
-0.0735641
-0.628551
-0.0722617
-0.634815
-0.0654778
-0.0568956
-0.638105
-0.551256
-0.0390702
-0.562199
-0.0475487
-0.573545
-0.0538542
-0.585231
-0.0587951
-0.596841
-0.0618089
-0.607591
-0.0632306
-0.617478
-0.0636773
-0.627071
-0.062669
-0.633649
-0.0588994
-0.0565128
-0.634032
-0.545866
-0.029043
-0.55691
-0.0365042
-0.568523
-0.0422415
-0.580528
-0.0467904
-0.592455
-0.0498816
-0.603831
-0.0518549
-0.614745
-0.052763
-0.625062
-0.0523521
-0.632671
-0.0512897
-0.0525858
-0.636598
-0.538252
-0.019197
-0.549283
-0.0254729
-0.561052
-0.0304724
-0.573317
-0.0345251
-0.585675
-0.0375235
-0.597858
-0.0396723
-0.609741
-0.0408802
-0.620803
-0.0412899
-0.630092
-0.0420008
-0.0447037
-0.637974
-0.528756
-0.00992332
-0.539383
-0.0148452
-0.550955
-0.0189008
-0.563211
-0.022269
-0.575829
-0.0249056
-0.588595
-0.0269063
-0.60122
-0.0282554
-0.613229
-0.0292804
-0.624395
-0.0308352
-0.0337454
-0.635353
-0.521856
-0.00209048
-0.531176
-0.00552524
-0.541652
-0.00842397
-0.553054
-0.0108673
-0.565122
-0.0128381
-0.577645
-0.014383
-0.590323
-0.0155771
-0.602871
-0.016732
-0.615342
-0.0183651
-0.0208604
-0.628227
-0.530688
0.00278993
-0.537063
0.000849666
-0.544717
-0.000770004
-0.553472
-0.0021126
-0.56313
-0.00317999
-0.573512
-0.00400112
-0.584417
-0.00467258
-0.595724
-0.0054245
-0.607555
-0.00653398
-0.00818281
-0.620233
-0.579286
0.00306476
-0.580823
0.00238722
-0.583461
0.00186773
-0.587075
0.00150206
-0.591517
0.00126115
-0.596658
0.00114061
-0.602416
0.00108481
-0.608826
0.000985479
-0.616059
0.000699139
9.4275e-05
-0.624336
-0.721289
-0.718902
-0.717034
-0.715532
-0.714271
-0.71313
-0.712046
-0.71106
-0.710361
-0.710267
8.7303e-05
-0.710354
0.00966575
-0.633914
0.0235986
-0.634166
0.0374782
-0.642106
0.0493086
-0.647184
0.0583055
-0.646971
0.0642709
-0.642564
0.0669054
-0.636666
0.0608493
-0.632049
-0.624304
0.0185005
0.00115838
-0.711513
0.0123352
-0.645091
0.0276453
-0.649476
0.0427542
-0.657215
0.0559141
-0.660344
0.0669116
-0.657968
0.0763677
-0.65202
0.0844735
-0.644772
0.0889252
-0.636501
-0.626741
0.091362
0.00243201
-0.713945
0.0153692
-0.658028
0.0322029
-0.666309
0.0487353
-0.673748
0.0634957
-0.675104
0.0763086
-0.670781
0.0871054
-0.662817
0.0952929
-0.65296
0.101241
-0.642449
-0.633655
0.108154
0.0038389
-0.717783
0.0186074
-0.672797
0.0369492
-0.684651
0.054847
-0.691645
0.0710526
-0.69131
0.0856071
-0.685336
0.0991333
-0.676343
0.112853
-0.666679
0.128405
-0.658001
-0.652078
0.146828
0.0053646
-0.723148
0.0218825
-0.689315
0.0415925
-0.704361
0.0606581
-0.710711
0.0780142
-0.708666
0.0937802
-0.701102
0.108475
-0.691037
0.122614
-0.680819
0.136464
-0.67185
-0.665159
0.149545
0.00691155
-0.73006
0.0250057
-0.707409
0.0458335
-0.725189
0.0657978
-0.730675
0.084085
-0.726953
0.101033
-0.718049
0.117377
-0.707382
0.133863
-0.697305
0.15091
-0.688897
-0.682931
0.168682
0.00840901
-0.738469
0.0278004
-0.7268
0.0494167
-0.746806
0.0699357
-0.751194
0.0887708
-0.745788
0.106332
-0.735611
0.123209
-0.724259
0.139723
-0.713819
0.155797
-0.704971
-0.698229
0.171095
0.00976703
-0.748236
0.0301142
-0.747147
0.05214
-0.768831
0.0728396
-0.771894
0.0918907
-0.764839
0.109868
-0.753588
0.12748
-0.741871
0.145218
-0.731557
0.163319
-0.723072
-0.717193
0.182284
0.0109267
-0.759162
0.0318294
-0.76805
0.0538452
-0.790847
0.0743041
-0.792353
0.093113
-0.783648
0.110933
-0.771408
0.128443
-0.759381
0.146026
-0.74914
0.163825
-0.740871
-0.735426
0.182058
0.0118611
0.0328563
0.0544424
0.0742771
0.0924836
0.109825
0.127025
0.14455
0.162812
0.182658
0.0957207
-3.82174
3.89921
0.0613634
-3.48984
3.5242
0.0573678
-2.95819
2.96219
0.04187
-2.59122
2.60672
0.0290956
-2.25498
2.26776
0.0305731
-1.75541
1.75394
0.0274144
-1.24619
1.24935
0.0255885
-0.85822
0.860046
0.0240657
-0.572688
0.574211
0.0218878
-0.358515
0.360693
0.0192254
-0.211671
0.214333
0.0172105
-0.129951
0.131966
0.0160722
-0.0907474
0.0918857
0.0153607
-0.0706853
0.0713968
0.0147116
-0.0583264
0.0589755
0.0139156
-0.0454759
0.046272
0.0129197
-0.0291997
0.0301956
0.0112544
-0.00544951
0.00711486
0.00635578
0.0657491
-0.0608505
0.104282
-0.100548
0.0832451
-3.7418
0.0345045
-3.4411
0.0250544
-2.94874
0.0161304
-2.5823
0.00933343
-2.24818
0.0150303
-1.76111
0.0175189
-1.24868
0.0189595
-0.859661
0.0195921
-0.57332
0.0187675
-0.35769
0.0168298
-0.209733
0.0151104
-0.128232
0.0140553
-0.0896922
0.0133299
-0.0699598
0.0126329
-0.0576292
0.0117923
-0.0446352
0.0107956
-0.028203
0.0091098
-0.00376385
0.00446338
0.0703958
0.107666
0.0625255
-3.65541
0.00751611
-3.38609
-0.00611236
-2.93512
-0.00935362
-2.57906
-0.00935014
-2.24819
0.000436345
-1.7709
0.00782509
-1.25607
0.0124397
-0.864275
0.0151855
-0.576066
0.0157218
-0.358227
0.0145148
-0.208526
0.0130808
-0.126798
0.0121031
-0.0887144
0.0113687
-0.0692254
0.0106375
-0.0568981
0.00976935
-0.043767
0.00879024
-0.0272239
0.00710713
-0.00208074
0.00293393
0.074569
0.110666
0.0461935
-3.56715
-0.00941989
-3.33048
-0.0263683
-2.91817
-0.0289671
-2.57646
-0.025378
-2.25178
-0.0130929
-1.78318
-0.00176707
-1.26739
0.00595216
-0.871994
0.0108241
-0.580938
0.0127482
-0.360151
0.0122878
-0.208065
0.0111344
-0.125644
0.0102302
-0.0878102
0.00949243
-0.0684876
0.00873954
-0.0561452
0.00785828
-0.0428858
0.00691166
-0.0262773
0.00524974
-0.000418828
0.00154575
0.078273
0.113195
0.0321155
-3.48193
-0.014598
-3.28377
-0.0378778
-2.89489
-0.0455413
-2.5688
-0.0417814
-2.25554
-0.0274346
-1.79753
-0.0118625
-1.28297
-0.000655289
-0.883202
0.00647599
-0.588069
0.00984062
-0.363515
0.0101538
-0.208379
0.00928236
-0.124773
0.00845017
-0.086978
0.00771468
-0.0677521
0.00695116
-0.0553817
0.00606859
-0.0420032
0.00516565
-0.0253743
0.00353885
0.00120798
0.000306652
0.0815052
0.115228
0.0271524
-3.41047
-0.0234673
-3.23315
-0.0592662
-2.85909
-0.0725103
-2.55555
-0.0672062
-2.26084
-0.0465147
-1.81822
-0.0235271
-1.30595
-0.00759043
-0.899138
0.00209999
-0.59776
0.00698775
-0.368403
0.00811416
-0.209505
0.0075334
-0.124192
0.00677416
-0.0862188
0.00604682
-0.0670248
0.00528216
-0.054617
0.00440742
-0.0411285
0.0035558
-0.0245227
0.00197353
0.00279024
-0.000793743
0.0842725
0.11678
-0.018686
-3.31748
-0.0943608
-3.15747
-0.125867
-2.82758
-0.12776
-2.55366
-0.108346
-2.28026
-0.0720446
-1.85452
-0.0370658
-1.34093
-0.0149152
-0.921289
-0.00233507
-0.61034
0.00417171
-0.37491
0.00616465
-0.211498
0.00589292
-0.12392
0.00521093
-0.0855368
0.00449773
-0.0663116
0.00373979
-0.053859
0.00287947
-0.0402682
0.0020835
-0.0237267
0.000550978
0.00432276
-0.00177293
0.0865964
0.117873
-0.136227
-3.13941
-0.207792
-3.08591
-0.211528
-2.82385
-0.191291
-2.5739
-0.150361
-2.32118
-0.0963495
-1.90853
-0.0500502
-1.38723
-0.0221519
-0.949187
-0.00676276
-0.625729
0.00139252
-0.383065
0.00430154
-0.214407
0.00436427
-0.123983
0.003767
-0.0849395
0.00307387
-0.0656184
0.00232879
-0.053114
0.00148706
-0.0394264
0.000748082
-0.0229877
-0.000733234
0.00580408
-0.00264326
0.0885064
0.118538
-0.151265
-2.96973
-0.200556
-3.03662
-0.211101
-2.8133
-0.194663
-2.59033
-0.154695
-2.36115
-0.10305
-1.96018
-0.0576062
-1.43268
-0.0281781
-0.978615
-0.0108927
-0.643015
-0.00126249
-0.392695
0.00255171
-0.218221
0.0029601
-0.124392
0.00245061
-0.0844301
0.00178103
-0.0649488
0.00105262
-0.0523855
0.000231189
-0.038605
-0.000452278
-0.0223043
-0.00188438
0.00723618
-0.00341482
0.0900368
0.118807
0.409354
-3.3523
0.227187
-2.85445
0.0791978
-2.66531
0.0043697
-2.51551
-0.0468161
-2.30997
-0.0683951
-1.9386
-0.0549463
-1.44613
-0.0319782
-1.00158
-0.0142945
-0.660698
-0.00361828
-0.403371
0.000982312
-0.222822
0.00170935
-0.125119
0.00127442
-0.0839951
0.000627149
-0.0643016
-8.428e-05
-0.0516741
-0.000884456
-0.0378048
-0.00152046
-0.0216682
-0.00289721
0.00861293
-0.0040884
0.091228
0.118722
0.884241
-2.63309
-1.60344
0.67853
-2.64874
0.862901
-2.84968
0.699481
-2.35209
0.475187
-2.08567
0.279923
-1.74333
0.156228
-1.32243
0.0952762
-0.940632
0.0606805
-0.626103
0.0372123
-0.379903
0.0220673
-0.207677
0.0124359
-0.115487
0.0066698
-0.078229
0.00280441
-0.0604362
-0.00033248
-0.0485372
-0.00312453
-0.0350128
-0.00535469
-0.0194381
-0.00864196
0.0119002
-0.009882
0.0924681
0.116709
1.37989
-2.23205
-1.78093
1.13919
-2.40804
0.748232
-2.45873
0.592234
-2.19609
0.426589
-1.92003
0.276434
-1.59318
0.168429
-1.21442
0.107275
-0.879478
0.0702903
-0.589117
0.0423798
-0.351993
0.0236141
-0.188911
0.0117513
-0.103624
0.0045199
-0.0709976
-0.0003406
-0.0555757
-0.00423533
-0.0446425
-0.00755881
-0.0316893
-0.010134
-0.0168628
-0.0135785
0.0153447
-0.0136696
0.0925592
0.113049
1.66171
-1.76906
-2.1247
1.22374
-1.97007
0.876846
-2.11184
0.725456
-2.0447
0.558944
-1.75352
0.364453
-1.39869
0.212378
-1.06235
0.129153
-0.796253
0.0825574
-0.542522
0.0473514
-0.316787
0.0238038
-0.165364
0.00964458
-0.0894652
0.000990425
-0.0623435
-0.00490005
-0.0496852
-0.00959146
-0.0399511
-0.0134432
-0.0278376
-0.0163227
-0.0139833
-0.0197725
0.0187944
-0.018255
0.0910417
0.107289
1.77065
-1.2874
-2.25232
1.42676
-1.62618
1.08122
-1.76629
0.77262
-1.7361
0.571732
-1.55263
0.377563
-1.20452
0.229079
-0.913866
0.143902
-0.711076
0.092199
-0.490819
0.0506373
-0.275225
0.021963
-0.136689
0.00555728
-0.0730594
-0.00435357
-0.0524326
-0.0112119
-0.0428269
-0.0166648
-0.0344981
-0.020971
-0.0235314
-0.0240838
-0.0108705
-0.0272149
0.0219255
-0.0235902
0.0874171
0.0990623
1.92816
-0.997
-2.21856
1.54034
-1.23835
1.12378
-1.34974
0.887366
-1.49968
0.694186
-1.35945
0.464944
-0.975278
0.283847
-0.732769
0.172988
-0.600216
0.101811
-0.419642
0.0502364
-0.223651
0.0167078
-0.103161
-0.00130372
-0.0550479
-0.01201
-0.0417263
-0.0196112
-0.0352257
-0.025674
-0.0284353
-0.0302792
-0.0189262
-0.0334916
-0.00765804
-0.0358414
0.0242752
-0.0296053
0.081181
0.0881284
2.00914
-0.745328
-2.26081
1.60859
-0.837804
1.3513
-1.09245
1.05504
-1.20342
0.625116
-0.929526
0.362244
-0.712406
0.263574
-0.634099
0.18374
-0.520382
0.099998
-0.3359
0.0400488
-0.163701
0.00548666
-0.0685986
-0.0119409
-0.0376204
-0.0224801
-0.0311871
-0.0303729
-0.0273329
-0.0367489
-0.0220593
-0.0414127
-0.0142623
-0.0445085
-0.00456226
-0.0454787
0.0252454
-0.0361734
0.0718758
0.0744521
1.9215
-0.485674
-2.18115
1.64944
-0.565746
1.3115
-0.754511
0.835768
-0.727687
0.525975
-0.619733
0.461928
-0.648359
0.384677
-0.556847
0.224265
-0.35997
0.0837926
-0.195428
0.0139862
-0.0938951
-0.0141427
-0.0404696
-0.0270479
-0.0247152
-0.036038
-0.022197
-0.0436056
-0.0197653
-0.0498818
-0.0157831
-0.0543033
-0.00984078
-0.0569672
-0.0018983
-0.0558539
0.0241321
-0.0431365
0.0591583
0.0582519
1.74232
-0.286257
-1.94173
1.52106
-0.344485
1.17177
-0.405221
0.889482
-0.445403
0.785903
-0.516154
0.560101
-0.422558
0.261226
-0.257972
0.064134
-0.162878
-0.0182885
-0.113006
-0.0364804
-0.0757032
-0.0403606
-0.0365895
-0.0454439
-0.0196319
-0.0522651
-0.0153758
-0.0590973
-0.012933
-0.0648819
-0.00999846
-0.0687658
-0.00595686
-0.0705953
-6.88393e-05
-0.0666575
0.0201943
-0.0503766
0.0428774
0.0399641
1.45761
-0.132538
-1.61133
1.25356
-0.140432
1.01955
-0.171208
0.791321
-0.217175
0.492014
-0.216847
0.162512
-0.0930558
-0.0295054
-0.065955
-0.0458319
-0.146551
-0.0420981
-0.116739
-0.0514712
-0.0663301
-0.0576699
-0.0303908
-0.063296
-0.0140058
-0.0698741
-0.00879761
-0.0761987
-0.00660844
-0.0813379
-0.00485923
-0.0845274
-0.00276732
-0.0851195
0.000523294
-0.0777161
0.0127909
-0.0579245
0.0230858
0.0200698
1.20045
-1.33299
1.06002
0.888809
0.671634
0.454787
0.361732
0.295777
0.149225
0.032486
-0.033844
-0.0642348
-0.0782406
-0.0870382
-0.0936466
-0.0985059
-0.101273
-0.10075
-0.087959
-0.0648731
1.88846
0.014037
-1.85172
1.91754
0.0191523
1.9316
0.0472906
1.94141
0.0356187
1.93458
0.0697522
1.92053
0.0498706
1.87965
0.1024
1.82117
0.0623083
1.71642
0.106263
-0.0146437
2.03273
-0.0154942
-2.0032
2.04939
0.00249271
2.06111
0.0355766
2.05521
0.0415205
2.04389
0.0810657
2.00561
0.0881576
1.96776
0.140248
1.90636
0.123705
1.87236
0.140261
0.0767863
2.16497
-0.0226613
-2.1578
2.16808
-0.000611497
2.16985
0.0338022
2.16206
0.0493121
2.15648
0.0866405
2.14797
0.0966702
2.15676
0.131459
2.162
0.11847
2.17696
0.125301
0.129045
2.09385
-0.0194534
-2.09706
2.09446
-0.00122046
2.10559
0.0226698
2.12025
0.0346519
2.15084
0.0560559
2.18501
0.0624957
2.22913
0.0873439
2.24937
0.0982279
2.24917
0.125507
0.125894
2.06488
-0.0230764
-2.06126
2.07508
-0.0114217
2.09654
0.00120748
2.11996
0.01123
2.14718
0.0288373
2.16251
0.0471655
2.17431
0.0755438
2.17951
0.093027
2.19923
0.105791
0.106563
2.11348
-0.02955
-2.10701
2.12165
-0.0195929
2.13037
-0.00751303
2.13484
0.00676541
2.13895
0.0247267
2.14525
0.0408636
2.16552
0.055273
2.19626
0.0622855
2.23282
0.0692387
0.0785703
1.9871
-0.0277601
-1.98889
1.98652
-0.0190168
1.98865
-0.00964424
1.99615
-0.000732123
2.01327
0.0076038
2.04019
0.0139457
2.07486
0.0205999
2.11028
0.0268711
2.14367
0.0358417
0.0410942
1.80773
-0.0233523
-1.81213
1.80749
-0.018776
1.81218
-0.0143347
1.82163
-0.0101911
1.8352
-0.00596532
1.85091
-0.00175576
1.86845
0.00305197
1.88815
0.00717636
1.91249
0.0114967
0.0118531
1.58042
-0.013165
-1.59061
1.57281
-0.0111608
1.56768
-0.00921329
1.56487
-0.00738104
1.56463
-0.00571648
1.56719
-0.00432302
1.57348
-0.00323131
1.58321
-0.00255652
1.59673
-0.00202723
-0.00274867
1.38135
-1.39451
1.37018
1.36097
1.35359
1.34787
1.34355
1.34032
1.33776
1.33574
1.43951
0.495205
-2.02479
1.53657
-0.195627
1.63934
-0.206922
1.65773
-0.0823037
1.67036
-0.0510438
1.69866
-0.0509872
1.73318
-0.0412618
1.77
-0.0302919
1.80858
-0.0145952
-0.00999349
1.71287
0.338491
-1.55616
1.75905
-0.241802
1.79438
-0.242253
1.83568
-0.123605
1.84979
-0.0651512
1.87127
-0.0724735
1.90309
-0.0730759
1.93717
-0.0643762
1.97215
-0.049571
-0.041047
1.9657
0.337287
-1.9645
2.04345
-0.319553
2.06495
-0.263743
2.07687
-0.135533
2.08741
-0.0756924
2.09702
-0.0820772
2.11248
-0.0885403
2.131
-0.0828972
2.14736
-0.0659276
-0.0514917
2.12842
0.322431
-2.11357
2.12778
-0.31891
2.1247
-0.260665
2.11948
-0.130314
2.11596
-0.0721665
2.11157
-0.0776936
2.10948
-0.0864469
2.10785
-0.0812671
2.10461
-0.0626881
-0.0439431
2.2212
0.31479
-2.21356
2.16463
-0.262342
2.1279
-0.223933
2.12068
-0.123096
2.11309
-0.0645744
2.09855
-0.0631558
2.08468
-0.0725694
2.07341
-0.0700047
2.06612
-0.0553986
-0.0390753
2.3036
0.266473
-2.25528
2.23096
-0.189706
2.1745
-0.167467
2.15458
-0.103183
2.1497
-0.0596862
2.13834
-0.0517954
2.12279
-0.057024
2.11064
-0.0578523
2.10585
-0.0506122
-0.0402329
2.18844
0.182696
-2.10467
2.1161
-0.117363
2.05619
-0.107557
2.0304
-0.0773876
2.02613
-0.0554174
2.02192
-0.0475896
2.01209
-0.0471917
2.00096
-0.0467238
1.99311
-0.0427587
-0.0360132
1.98005
0.111119
-1.90848
1.93004
-0.0673536
1.88823
-0.0657418
1.86693
-0.0560901
1.85841
-0.0468962
1.85187
-0.0410519
1.84247
-0.0377938
1.83097
-0.0352201
1.82021
-0.0320025
-0.0279332
1.777
0.0478266
-1.7137
1.74258
-0.0329405
1.71048
-0.0336443
1.68596
-0.0315642
1.66708
-0.0280186
1.65048
-0.0244527
1.63421
-0.0215259
1.61819
-0.0191999
1.60336
-0.0171663
-0.0151834
1.61821
-1.57038
1.58527
1.55162
1.52006
1.49204
1.46759
1.44606
1.42686
1.40969
0.133811
0.106771
-0.111252
0.173819
0.326586
-0.366595
0.249554
0.688369
-0.764103
0.325874
1.06156
-1.13788
0.410811
1.37311
-1.45804
0.520347
1.70629
-1.81583
0.690813
2.05467
-2.22514
0.881592
2.43573
-2.62651
1.18627
2.49034
-2.79501
2.29936
-3.13788
0.158479
0.101715
0.196133
0.288932
0.285639
0.598862
0.383012
0.964184
0.493515
1.2626
0.619657
1.58015
0.827191
1.84714
1.05409
2.20884
1.31483
2.2296
2.05803
0.188461
0.0930482
0.220999
0.256394
0.326515
0.493346
0.44666
0.844039
0.592521
1.11674
0.758017
1.41465
0.993974
1.61118
1.24981
1.953
1.43158
2.04783
1.5251
0.222166
0.0783678
0.250297
0.228264
0.358955
0.384688
0.510397
0.692597
0.70292
0.924217
0.882476
1.2351
1.13324
1.36041
1.51029
1.57596
1.58271
1.9754
0.994241
0.257933
0.0577447
0.28612
0.200077
0.389305
0.281502
0.535
0.546902
0.769573
0.689644
1.05763
0.947047
1.16785
1.25019
1.71467
1.02914
1.89893
1.79115
0.679608
0.295106
0.0350157
0.338358
0.156825
0.406612
0.213249
0.590889
0.362625
0.680703
0.59983
1.18506
0.442694
1.14785
1.28739
1.62114
0.555853
2.09248
1.31982
0.516803
0.335927
0.0281724
0.407195
0.0855566
0.359595
0.260849
0.584246
0.137974
0.471187
0.712889
0.901083
0.0127971
1.29737
0.891109
1.56428
0.288943
2.30125
0.582842
0.713384
0.403394
0.0515979
0.479332
0.00961796
0.458047
0.282135
0.667682
-0.0716616
0.9528
0.427772
1.00759
-0.0419902
1.51341
0.385284
1.56111
0.241242
1.78635
0.357605
0.59126
0.516618
0.0432515
0.565614
-0.0393778
0.745378
0.102371
0.75294
-0.0792233
1.04779
0.13292
0.978915
0.0268864
1.21726
0.146942
1.30421
0.154291
1.50041
0.1614
0.377968
0.586202
0.546824
0.649195
0.569972
0.702892
0.729778
0.87672
1.03101
1.19241
0.0761492
0.138671
-0.147489
0.0975828
0.491147
-0.512581
0.112732
0.85575
-0.870899
0.122493
1.1351
-1.14486
0.135537
1.41284
-1.42588
0.14762
1.77942
-1.79151
0.152852
2.16553
-2.17077
0.161214
2.51155
-2.51991
0.15786
2.94803
-2.94467
3.48063
-3.41384
0.0748574
0.130897
0.0954814
0.470523
0.110189
0.841042
0.117947
1.12734
0.1283
1.40248
0.137982
1.76974
0.138598
2.16492
0.141793
2.50835
0.149609
2.94021
3.53041
0.0736859
0.124269
0.093108
0.451101
0.107204
0.826946
0.112796
1.12175
0.119844
1.39543
0.12748
1.76211
0.122194
2.1702
0.119458
2.51109
0.118803
2.94087
3.55787
0.0726663
0.118848
0.0905524
0.433215
0.103851
0.813647
0.107344
1.11826
0.110526
1.39225
0.117176
1.75546
0.109187
2.17819
0.102237
2.51804
0.125896
2.91721
3.57465
0.0718083
0.114656
0.087905
0.417119
0.100165
0.801388
0.101662
1.11676
0.0997342
1.39418
0.103809
1.75138
0.0919156
2.19009
0.0753148
2.53464
0.0878369
2.90468
3.56567
0.0711027
0.111687
0.0852488
0.402973
0.0961827
0.790454
0.0961284
1.11682
0.0893738
1.40094
0.0904101
1.75035
0.0814647
2.19903
0.0569086
2.55919
0.0954814
2.86611
3.54282
0.0705293
0.109913
0.0826472
0.390855
0.0919137
0.781187
0.0900816
1.11865
0.0783224
1.41269
0.0714963
1.75717
0.0635666
2.20696
0.0278834
2.59488
0.0280799
2.86592
3.46896
0.0700657
0.109288
0.0801547
0.380766
0.0876504
0.773691
0.0842375
1.12206
0.070353
1.42658
0.0561927
1.77133
0.055314
2.20784
0.0270997
2.62309
0.046367
2.84665
3.38108
0.0696971
0.10975
0.0777128
0.37275
0.0832116
0.768193
0.0767827
1.12849
0.0607427
1.44262
0.0379149
1.79416
0.0335795
2.21217
0.0159571
2.64071
-0.0121109
2.87472
3.2314
0.0694133
0.0755687
0.0796581
0.0702719
0.0548483
0.0331799
0.0202149
0.0344191
0.114124
0.0793096
0.238137
-0.243343
0.0868328
0.682367
-0.68989
0.0921293
1.01175
-1.01704
0.0928692
1.30794
-1.30868
0.0857742
1.64812
-1.64103
0.0637214
2.01685
-1.9948
0.00136692
2.34878
-2.28643
-0.0875788
2.62516
-2.53621
-0.218667
2.85697
-2.72588
2.79785
-3.17509
0.0816871
0.230589
0.0946068
0.669447
0.109052
0.997302
0.1332
1.28379
0.168281
1.61304
0.203971
1.98116
0.236783
2.31597
0.264283
2.59766
0.280994
2.84026
2.89777
0.0827639
0.221668
0.0980962
0.654115
0.11481
0.980588
0.14084
1.25776
0.17854
1.57534
0.221123
1.93858
0.264383
2.27271
0.299024
2.56302
0.291055
2.84823
3.0132
0.0832318
0.211637
0.100523
0.636824
0.117433
0.963677
0.140847
1.23435
0.172197
1.54399
0.203759
1.90701
0.227515
2.24895
0.233147
2.55738
0.206875
2.8745
3.06534
0.0830833
0.200861
0.101813
0.618094
0.117918
0.947573
0.137378
1.21488
0.161803
1.51957
0.182779
1.88604
0.191391
2.24034
0.186595
2.56218
0.173109
2.88799
3.09847
0.0824337
0.189719
0.102252
0.598276
0.117644
0.932181
0.134165
1.19836
0.155017
1.49871
0.173576
1.86748
0.183899
2.23002
0.18717
2.55891
0.179896
2.89526
3.14641
0.0814356
0.178547
0.102134
0.577578
0.117305
0.91701
0.132257
1.18341
0.152142
1.47883
0.172454
1.84717
0.188336
2.21414
0.197217
2.55003
0.181395
2.91108
3.20545
0.0802229
0.167629
0.101606
0.556195
0.116889
0.901727
0.130907
1.16939
0.150259
1.45948
0.171304
1.82612
0.188944
2.1965
0.198079
2.54089
0.1818
2.92736
3.26986
0.0788923
0.157204
0.100681
0.534406
0.116108
0.8863
0.129087
1.15641
0.147001
1.44156
0.166002
1.80712
0.180811
2.18169
0.190973
2.53073
0.175201
2.94314
3.3396
0.0775146
0.0993394
0.114741
0.126293
0.141976
0.15759
0.168512
0.179333
0.177795
0.460592
0.0425972
0.336981
0.12361
0.133293
0.203689
-0.143762
0.277055
-0.385912
0.242149
-0.432494
0.0465827
-0.401335
-0.0311592
-0.433227
0.0318914
-0.46164
0.0284135
0.0623637
-0.524004
0.413999
0.0624715
0.384043
0.153567
0.402935
0.184796
0.454317
0.225673
0.398631
0.297835
0.165822
0.279392
-0.163069
0.297732
-0.46491
0.333732
-0.743669
0.307173
0.281458
-0.962764
0.343402
0.0892753
0.26195
0.235019
0.111858
0.334888
-0.137449
0.47498
-0.477449
0.637835
-0.643205
0.445147
-0.727401
0.381929
-1.05639
0.662723
-1.40747
0.658248
0.572574
-1.69858
0.279514
0.126231
0.180009
0.334524
0.0479452
0.466952
-0.029058
0.551984
-0.00608491
0.614862
-0.209814
0.648876
-0.831777
1.00389
-1.44002
1.27096
-1.78222
1.00045
0.899594
-2.10924
0.238953
0.159829
0.155213
0.418264
0.0459642
0.5762
-0.0927205
0.690668
-0.346496
0.868638
-0.837356
1.13974
-1.22564
1.39218
-1.4232
1.46853
-1.75014
1.32738
1.23618
-2.08672
0.20684
0.188397
0.126411
0.498693
0.00220667
0.700404
-0.163797
0.856672
-0.365151
1.06999
-0.59331
1.36789
-0.836419
1.63529
-1.17487
1.80698
-1.61275
1.76526
1.56926
-1.94583
0.181585
0.210765
0.114657
0.565622
0.0111694
0.803892
-0.120106
0.987947
-0.289116
1.239
-0.536681
1.61546
-0.83837
1.93698
-1.12632
2.09493
-1.43328
2.07222
1.92509
-1.78911
0.160315
0.227322
0.106185
0.619752
0.0155597
0.894517
-0.108224
1.11173
-0.256651
1.38743
-0.402005
1.76081
-0.608828
2.1438
-0.830579
2.31668
-1.14122
2.38286
2.29056
-1.5067
0.142982
0.237535
0.104253
0.65848
0.0380857
0.960685
-0.0519689
1.20179
-0.161884
1.49734
-0.264852
1.86378
-0.557407
2.43635
-0.706082
2.46536
-0.902344
2.57912
2.58961
-1.20139
0.12664
0.0952302
0.0388709
-0.0680193
-0.211703
-0.342716
-0.19279
-0.263644
-0.410408
-0.995884
-0.533216
0.00921225
-0.542135
0.00891867
-0.550966
0.00883101
-0.559767
0.00880111
-0.568602
0.00883523
-0.577536
0.00893438
-0.586628
0.00909163
-0.595921
0.00929308
-0.605435
0.00951352
0.00971002
-0.615145
-0.962539
0.00898767
-0.960123
0.00650308
-0.958514
0.00722207
-0.957418
0.00770459
-0.957273
0.00869045
-0.957845
0.00950598
-0.959176
0.010423
-0.961113
0.0112294
-0.963623
0.0120238
0.0126814
-0.966594
-1.67379
-0.0158047
-1.65088
-0.0164113
-1.63235
-0.0113021
-1.61619
-0.00846163
-1.60358
-0.0039185
-1.59324
-0.00083032
-1.5861
0.0032834
-1.5816
0.00673232
-1.5799
0.0103224
0.0132051
-1.58043
-2.08761
-0.0374334
-2.06917
-0.034851
-2.05126
-0.02921
-2.03224
-0.0274872
-2.01685
-0.0193052
-2.00436
-0.0133201
-1.9962
-0.00487121
-1.9904
0.00093251
-1.98661
0.00652636
0.0104356
-1.98384
-2.08364
-0.0405139
-2.06965
-0.0488427
-2.05519
-0.0436695
-2.04153
-0.0411509
-2.03284
-0.0279905
-2.02508
-0.0210839
-2.01797
-0.0119852
-2.00938
-0.00764928
-2.00085
-0.00200918
0.00228044
-1.99269
-1.95631
-0.030028
-1.95917
-0.045982
-1.96404
-0.0387981
-1.96276
-0.0424375
-1.96125
-0.0294989
-1.95316
-0.0291688
-1.94406
-0.0210935
-1.93206
-0.019642
-1.92174
-0.0123327
-0.00721032
-1.91225
-1.83272
0.0135842
-1.85914
-0.0195632
-1.87893
-0.0190077
-1.88122
-0.0401427
-1.88444
-0.0262848
-1.88145
-0.0321565
-1.88019
-0.0223546
-1.87434
-0.0254892
-1.86848
-0.0181941
-0.0154683
-1.86022
-1.57838
0.0852675
-1.60866
0.010723
-1.6386
0.01093
-1.66033
-0.0184131
-1.68221
-0.00440188
-1.69771
-0.0166632
-1.70813
-0.0119301
-1.71001
-0.0236123
-1.70554
-0.0226659
-0.0264384
-1.69457
-1.28863
0.172502
-1.34194
0.0640338
-1.4056
0.0745942
-1.44876
0.0247474
-1.48731
0.0341433
-1.50791
0.0039399
-1.52051
0.000665501
-1.5208
-0.0233183
-1.51325
-0.0302195
-0.0436334
-1.49605
-1.09679
-1.17771
-1.23312
-1.27229
-1.29717
-1.31155
-1.31644
-1.31469
-1.30451
-1.28787
-0.624982
0.00983703
-0.634845
0.00986353
-0.644722
0.00987643
-0.654824
0.0101021
-0.665625
0.010801
-0.677572
0.0119472
-0.690502
0.0129301
-0.703231
0.0127291
-0.714066
0.0108347
-0.00277282
-0.711293
-0.969929
0.0131716
-0.973292
0.0132271
-0.976056
0.0126403
-0.977468
0.0115145
-0.977466
0.0107983
-0.977461
0.0119427
-0.979925
0.0153939
-0.985831
0.0186355
-0.990643
0.0156462
-0.0583032
-0.935112
-1.58317
0.0159144
-1.58759
0.0176477
-1.59243
0.0174783
-1.59507
0.014156
-1.59391
0.00964234
-1.59239
0.0104221
-1.60085
0.0238465
-1.62772
0.0455078
-1.6612
0.0491309
-0.170717
-1.54879
-1.98267
0.01474
-1.98345
0.0184316
-1.98633
0.0203548
-1.98894
0.0167686
-1.98767
0.00837169
-1.98346
0.0062173
-1.98904
0.02942
-2.01774
0.0742125
-2.05545
0.0868414
-0.272801
-1.95337
-1.98583
0.00787533
-1.98013
0.0127283
-1.976
0.0162281
-1.97214
0.0129075
-1.96458
0.000815985
-1.95113
-0.0072349
-1.94244
0.020733
-1.95544
0.0872123
-1.97851
0.109906
-0.306778
-1.94453
-1.90392
-0.000450402
-1.8939
0.00270668
-1.88273
0.00505447
-1.8707
0.000876347
-1.85562
-0.0142565
-1.83398
-0.0288835
-1.81325
1.06864e-05
-1.80719
0.0811507
-1.80953
0.112248
-0.338425
-1.77789
-1.85016
-0.0105126
-1.83459
-0.0128663
-1.81541
-0.0141281
-1.79575
-0.0187839
-1.77755
-0.0324521
-1.75577
-0.0506676
-1.73046
-0.0252961
-1.70549
0.0561777
-1.67613
0.0828907
-0.369855
-1.6447
-1.67776
-0.0273154
-1.65562
-0.0350074
-1.62948
-0.0402714
-1.60301
-0.04525
-1.58082
-0.0546468
-1.5596
-0.0718888
-1.52941
-0.055485
-1.4942
0.0209703
-1.44511
0.0337935
-0.376406
-1.43855
-1.47389
-0.049483
-1.44881
-0.0600799
-1.42202
-0.0670693
-1.39461
-0.0726535
-1.37161
-0.0776461
-1.35623
-0.0872747
-1.32765
-0.0840627
-1.28369
-0.0229919
-1.24582
-0.00407767
-0.424886
-1.19734
-1.26723
-1.24678
-1.2263
-1.2056
-1.18625
-1.17523
-1.165
-1.10857
-1.03316
-1.37114
-0.491104
-0.220189
-0.48865
-0.00245416
-0.319851
-0.168799
0.429767
-0.749618
1.04374
-0.613975
1.53373
-0.48999
1.89356
-0.359825
2.14241
-0.248857
2.31095
-0.168534
2.42585
-0.114903
2.50372
-0.0778717
2.55321
-0.0494907
2.58014
-0.0269234
2.58813
-0.00798944
2.58232
0.00581013
2.5653
0.0170132
2.54258
0.0227207
2.51069
0.0318953
2.47465
0.036039
0.0383902
-0.543711
-0.611591
-0.270207
-0.275958
-0.252003
-0.187002
0.137814
-1.13944
0.577317
-1.05348
0.914675
-0.827347
1.16352
-0.608674
1.34951
-0.434843
1.48374
-0.302762
1.57621
-0.207379
1.63792
-0.13958
1.6783
-0.0898685
1.70351
-0.0521318
1.7178
-0.0222834
1.72406
-0.000449553
1.7249
0.0161732
1.72156
0.0260623
1.71541
0.0380508
1.70783
0.0436168
0.0558432
-1.15203
-1.00835
-0.537488
-0.890498
-0.250792
-0.473698
-0.125545
-1.26468
0.110971
-1.28999
0.35643
-1.07281
0.572264
-0.824508
0.735836
-0.598415
0.84988
-0.416806
0.925824
-0.283322
0.975174
-0.18893
1.00774
-0.122434
1.03024
-0.0746351
1.04696
-0.0390053
1.06071
-0.0141978
1.07252
0.00436747
1.08328
0.0153009
1.0922
0.0291288
1.09978
0.036039
0.0562804
-1.6014
-1.36032
-1.05111
-1.44079
-0.478613
-1.04619
-0.349341
-1.39395
-0.124588
-1.51475
0.104221
-1.30161
0.290071
-1.01036
0.423894
-0.732238
0.51339
-0.506302
0.569565
-0.339498
0.603047
-0.222412
0.623149
-0.142536
0.636585
-0.088071
0.647961
-0.0503819
0.659722
-0.025958
0.672192
-0.00810287
0.685298
0.00219457
0.697425
0.0170025
0.708105
0.0253583
0.0524413
-1.74213
-1.56272
-1.34514
-1.83778
-0.711581
-1.67975
-0.432007
-1.67353
-0.224086
-1.72267
-0.0196425
-1.50606
0.138644
-1.16864
0.248531
-0.842125
0.319152
-0.576923
0.361213
-0.381559
0.384456
-0.245655
0.397142
-0.155222
0.40546
-0.0963891
0.413627
-0.0585489
0.423225
-0.0355553
0.434348
-0.0192257
0.445965
-0.00942319
0.456977
0.00599114
0.465316
0.0170192
0.0499392
-1.619
-1.72161
-1.25296
-2.20382
-0.776435
-2.15628
-0.443326
-2.00664
-0.228354
-1.93764
-0.0550891
-1.67932
0.0728871
-1.29662
0.157354
-0.926592
0.209685
-0.629254
0.239579
-0.411454
0.254966
-0.261042
0.262631
-0.162886
0.267881
-0.10164
0.273976
-0.0646432
0.281672
-0.0432519
0.290831
-0.0283847
0.299878
-0.0184697
0.308381
-0.0025125
0.312944
0.0124568
0.0499912
-1.30469
-2.06162
-1.04107
-2.46743
-0.695186
-2.50216
-0.39723
-2.30459
-0.200823
-2.13405
-0.0551154
-1.82503
0.0432821
-1.39502
0.105897
-0.989207
0.143872
-0.667229
0.164992
-0.432574
0.1752
-0.27125
0.179878
-0.167564
0.18339
-0.105152
0.188041
-0.0692939
0.19409
-0.0493013
0.20119
-0.035484
0.207691
-0.0249712
0.213622
-0.00844356
0.214772
0.0113066
0.052223
-1.11692
-2.38325
-0.858095
-2.72626
-0.561239
-2.79902
-0.314734
-2.5511
-0.15253
-2.29625
-0.0396299
-1.93793
0.0324797
-1.46713
0.0767157
-1.03344
0.103343
-0.693856
0.117905
-0.447137
0.124508
-0.277852
0.127277
-0.170332
0.129655
-0.10753
0.133163
-0.0728026
0.137779
-0.0539167
0.143011
-0.0407166
0.147411
-0.0293705
0.151212
-0.0122453
0.14984
0.0126787
0.0559019
-0.960622
-2.61996
-0.673488
-3.01339
-0.424754
-3.04775
-0.228208
-2.74764
-0.109504
-2.41496
-0.0245044
-2.02293
0.0277176
-1.51935
0.0582275
-1.06395
0.0769429
-0.712571
0.0869868
-0.45718
0.0911603
-0.282026
0.0926823
-0.171854
0.0942461
-0.109094
0.096821
-0.0753776
0.100229
-0.0573248
0.103927
-0.0444142
0.106746
-0.03219
0.10896
-0.0144588
0.105949
0.0156893
0.060367
-0.786278
-3.20483
-0.522286
-3.27739
-0.330548
-3.23949
-0.170282
-2.90791
-0.081432
-2.50381
-0.0189008
-2.08546
0.0225253
-1.56078
0.0449245
-1.08635
0.0588892
-0.726536
0.0660225
-0.464314
0.0685645
-0.284568
0.0692218
-0.172512
0.0701559
-0.110028
0.071963
-0.0771847
0.0743964
-0.0597582
0.0769074
-0.0469252
0.0786055
-0.0338881
0.0797002
-0.0155534
0.0757576
0.0196318
0.0651141
0.187114
-3.37344
0.280041
-3.37031
0.303329
-3.26278
0.285993
-2.89057
0.245193
-2.46301
0.19578
-2.03605
0.143387
-1.50838
0.101443
-1.04441
0.0736194
-0.698713
0.0556195
-0.446314
0.0445813
-0.27353
0.0385458
-0.166476
0.0360165
-0.107498
0.0355582
-0.0767264
0.0361341
-0.060334
0.0370271
-0.0478182
0.0376915
-0.0345525
0.0381177
-0.0159795
0.0358475
0.021902
0.0672865
0.296332
-3.57841
0.307909
-3.38189
0.28395
-3.23882
0.27776
-2.88438
0.228258
-2.4135
0.177356
-1.98515
0.131212
-1.46224
0.0928793
-1.00607
0.0683143
-0.674148
0.0522584
-0.430258
0.0422253
-0.263497
0.036679
-0.16093
0.034325
-0.105144
0.0338318
-0.0762332
0.03423
-0.0607323
0.0348429
-0.048431
0.0351725
-0.0348822
0.0351902
-0.0159972
0.0323108
0.0247814
0.0699596
0.265118
-3.73537
0.304313
-3.42109
0.256703
-3.19121
0.250431
-2.87811
0.211889
-2.37496
0.158809
-1.93207
0.118936
-1.42237
0.0849128
-0.972052
0.0630921
-0.652327
0.0488015
-0.415967
0.0397138
-0.254409
0.0346582
-0.155874
0.0324941
-0.10298
0.0319809
-0.07572
0.0322174
-0.0609688
0.0325782
-0.0487919
0.0326167
-0.0349207
0.0322814
-0.0156619
0.0288683
0.0281945
0.073062
0.278646
-3.86719
0.312844
-3.45528
0.246241
-3.12461
0.220165
-2.85203
0.194629
-2.34943
0.141598
-1.87904
0.105578
-1.38635
0.0768642
-0.943338
0.0579
-0.633363
0.045362
-0.403429
0.0371714
-0.246218
0.032567
-0.15127
0.0305732
-0.100986
0.0300366
-0.0751834
0.0301205
-0.0610527
0.0302531
-0.0489245
0.0300407
-0.0347083
0.029401
-0.0150222
0.0255252
0.0320703
0.0765199
0.217459
-3.93511
0.26987
-3.50769
0.219371
-3.07411
0.181743
-2.81441
0.170859
-2.33854
0.126096
-1.83427
0.0927308
-1.35298
0.0690571
-0.919664
0.0527917
-0.617097
0.0419192
-0.392557
0.0345987
-0.238898
0.0304221
-0.147093
0.0285827
-0.0991469
0.0280189
-0.0746196
0.0279595
-0.0609933
0.0278875
-0.0488524
0.0274625
-0.0342833
0.0265635
-0.0141231
0.0222954
0.0363384
0.0802621
0.218214
-3.98464
0.249028
-3.53851
0.206146
-3.03123
0.154984
-2.76324
0.145733
-2.32929
0.111348
-1.79989
0.080518
-1.32215
0.0613625
-0.900509
0.0477689
-0.603504
0.0384789
-0.383267
0.0319988
-0.232418
0.0282327
-0.143327
0.0265366
-0.0974509
0.0259448
-0.0740278
0.0257531
-0.0608016
0.0255007
-0.0486001
0.0249001
-0.0336827
0.0237838
-0.0130068
0.0191954
0.0409268
0.0842171
0.181197
-3.99474
0.203701
-3.56101
0.177223
-3.00475
0.128278
-2.7143
0.118044
-2.31906
0.0957151
-1.77756
0.069058
-1.29549
0.0538329
-0.885284
0.0428408
-0.592512
0.03506
-0.375486
0.0293896
-0.226747
0.0260148
-0.139952
0.0244516
-0.0958877
0.023832
-0.0734081
0.0235205
-0.0604901
0.0231122
-0.0481918
0.0223712
-0.0329416
0.0210768
-0.0117124
0.0162443
0.0457594
0.08831
0.18018
-3.99264
0.178519
-3.55935
0.155772
-2.982
0.109469
-2.668
0.0934059
-2.30299
0.0796965
-1.76385
0.058212
-1.27401
0.0464881
-0.87356
0.0380092
-0.584033
0.03168
-0.369157
0.0267908
-0.221858
0.0237865
-0.136948
0.0223451
-0.0944464
0.0216987
-0.0727616
0.0212809
-0.0600723
0.0207412
-0.0476521
0.0198928
-0.0320932
0.0184571
-0.0102767
0.0134635
0.050753
0.0924588
0.144935
-3.95551
0.135027
-3.54944
0.12293
-2.96991
0.0878417
-2.63291
0.0701782
-2.28533
0.0631187
-1.75679
0.0477306
-1.25862
0.0393403
-0.86517
0.0332736
-0.577966
0.0283526
-0.364236
0.0242206
-0.217726
0.0215653
-0.134293
0.0202348
-0.0931159
0.0195635
-0.0720903
0.0190537
-0.0595626
0.0184063
-0.0470046
0.0174814
-0.0311684
0.0159384
-0.00873371
0.010875
0.0558164
0.0965719
0.126356
0.101114
0.0933966
0.0672103
0.0496349
0.0467806
0.0375102
0.0323864
0.028631
0.0250882
0.0216951
0.0193685
0.0181384
0.0174449
0.016858
0.0161255
0.0151525
0.0135337
0.00849965
)
;

boundaryField
{
    inlet
    {
        type            calculated;
        value           nonuniform List<scalar> 
40
(
-0.129329
-0.153423
-0.179793
-0.207486
-0.23731
-0.272377
-0.329084
-0.426819
-0.508272
-0.542951
-0.0673311
-0.0670827
-0.0670583
-0.0672453
-0.0676164
-0.068134
-0.0687552
-0.0694402
-0.0701592
-0.0709157
-0.0741037
-0.0741387
-0.0738434
-0.0732006
-0.0723071
-0.0712917
-0.0702642
-0.0693041
-0.0684681
-0.0677995
-0.503189
-0.433873
-0.370206
-0.316469
-0.272551
-0.235408
-0.203953
-0.176872
-0.153195
-0.132447
)
;
    }
    outlet
    {
        type            calculated;
        value           nonuniform List<scalar> 
40
(
-0.0078684
-0.0100098
-0.0124952
-0.0153635
-0.0186714
-0.022497
-0.0269362
-0.0320888
-0.0380302
-0.0448034
0.00262186
0.00108024
-6.65199e-05
-0.000983077
-0.00172701
-0.00234505
-0.00286626
-0.00330837
-0.00368402
-0.0040033
0.0336752
0.0296377
0.0257659
0.0220672
0.0185532
0.0152404
0.0121514
0.00931461
0.00676194
0.00452337
2.43626
1.69038
1.09934
0.711944
0.467818
0.312892
0.212541
0.146161
0.101484
0.0710105
)
;
    }
    top
    {
        type            symmetryPlane;
        value           uniform 0;
    }
    bottom
    {
        type            symmetryPlane;
        value           uniform 0;
    }
    cylinder
    {
        type            calculated;
        value           nonuniform List<scalar> 
80
(
-4.49913e-18
-4.18647e-18
7.69666e-18
3.0559e-17
-3.01999e-17
3.7102e-17
-8.77247e-18
-1.93923e-17
-2.62867e-18
4.24867e-17
4.25455e-18
-1.71927e-17
1.90676e-17
-2.56896e-17
-1.40944e-17
-2.69122e-17
-9.43811e-17
-7.49584e-18
5.97357e-17
-9.8839e-17
3.51182e-17
-5.97357e-17
7.49584e-18
3.88699e-17
2.97663e-17
-3.41682e-17
2.56896e-17
-1.90676e-17
1.71927e-17
6.21712e-19
4.49913e-18
4.18647e-18
-7.69666e-18
-3.0559e-17
7.40388e-18
1.05814e-17
6.96307e-17
1.93923e-17
-5.28825e-17
-8.94647e-17
4.24867e-17
5.28825e-17
-1.93923e-17
4.13916e-17
3.7102e-17
-7.40388e-18
3.0559e-17
7.69666e-18
-4.18647e-18
-4.49913e-18
-3.51182e-17
4.22452e-18
-7.49584e-18
-8.17832e-17
3.1453e-17
3.41682e-17
-2.56896e-17
1.90676e-17
-1.71927e-17
-6.21712e-19
6.21712e-19
1.71927e-17
-1.90676e-17
2.56896e-17
-3.41682e-17
2.97663e-17
8.17832e-17
7.49584e-18
-4.22452e-18
3.51182e-17
-4.24867e-17
2.62867e-18
1.93923e-17
8.77247e-18
6.60926e-17
3.01999e-17
-3.0559e-17
-7.69666e-18
4.18647e-18
4.49913e-18
)
;
    }
    frontandback
    {
        type            empty;
        value           nonuniform 0();
    }
}


// ************************************************************************* //
