/*--------------------------------*- C++ -*----------------------------------*\
  =========                 |
  \\      /  F ield         | OpenFOAM: The Open Source CFD Toolbox
   \\    /   O peration     | Website:  https://openfoam.org
    \\  /    A nd           | Version:  6.0
     \\/     M anipulation  |
\*---------------------------------------------------------------------------*/
FoamFile
{
    version     2.0;
    format      ascii;
    class       volScalarField;
    location    "6.25";
    object      p;
}
// * * * * * * * * * * * * * * * * * * * * * * * * * * * * * * * * * * * * * //

dimensions      [0 2 -2 0 0 0 0];

internalField   nonuniform List<scalar> 
9600
(
-104.193
-88.4186
-77.1772
-68.148
-60.1331
-53.1055
-46.9847
-41.6435
-36.9761
-32.8936
-29.3181
-26.1818
-23.4259
-20.9998
-18.8597
-16.9684
-15.2938
-13.807
-12.4836
-11.32
-104.636
-88.8654
-77.6041
-68.5444
-60.4988
-53.444
-47.2997
-41.9386
-37.2542
-33.1572
-29.5694
-26.4224
-23.657
-21.2225
-19.0748
-17.1766
-15.4956
-14.0024
-12.6725
-11.5048
-105.09
-89.3077
-78.0245
-68.9356
-60.8603
-53.7788
-47.6114
-42.2308
-37.5299
-33.419
-29.8192
-26.6617
-23.8872
-21.4445
-19.2895
-17.3845
-15.6972
-14.1978
-12.8614
-11.6901
-105.549
-89.7497
-78.4406
-69.322
-61.2174
-54.1095
-47.9196
-42.5199
-37.803
-33.6785
-30.0671
-26.8995
-24.1162
-21.6656
-19.5034
-17.5919
-15.8985
-14.3929
-13.0502
-11.8756
-106.011
-90.1903
-78.8529
-69.7038
-61.5699
-54.436
-48.224
-42.8057
-38.0732
-33.9355
-30.3128
-27.1356
-24.3437
-21.8855
-19.7165
-17.7987
-16.0994
-14.5878
-13.2391
-12.0616
-106.471
-90.6284
-79.2611
-70.0807
-61.9175
-54.7578
-48.5239
-43.0875
-38.3398
-34.1894
-30.5559
-27.3693
-24.5693
-22.1039
-19.9284
-18.0047
-16.2998
-14.7825
-13.428
-12.2482
-106.929
-91.0626
-79.6644
-70.4521
-62.2595
-55.0743
-48.819
-43.3648
-38.6024
-34.4398
-30.7959
-27.6005
-24.7927
-22.3204
-20.1388
-18.2096
-16.4995
-14.9768
-13.6171
-12.4354
-107.382
-91.4916
-80.0619
-70.8173
-62.5953
-55.3849
-49.1085
-43.637
-38.8604
-34.6859
-31.0322
-27.8283
-25.0133
-22.5347
-20.3474
-18.4131
-16.6983
-15.1707
-13.8061
-12.6233
-107.829
-91.9143
-80.4527
-71.1757
-62.9242
-55.6888
-49.3917
-43.9033
-39.113
-34.9272
-31.264
-28.0522
-25.2304
-22.746
-20.5536
-18.6148
-16.8958
-15.3639
-13.9951
-12.8121
-108.269
-92.3298
-80.836
-71.5263
-63.2455
-55.9852
-49.6678
-44.163
-39.3593
-35.1627
-31.4906
-28.2714
-25.4433
-22.9536
-20.7567
-18.814
-17.0915
-15.5559
-14.1837
-13.0013
-108.702
-92.7373
-81.2108
-71.8684
-63.5583
-56.2734
-49.936
-44.415
-39.5985
-35.3915
-31.7109
-28.4847
-25.651
-23.1565
-20.9557
-19.0099
-17.2845
-15.7461
-14.3713
-13.1907
-109.128
-93.1361
-81.5766
-72.2011
-63.8617
-56.5524
-50.1953
-44.6585
-39.8294
-35.6124
-31.9238
-28.6911
-25.8521
-23.3535
-21.1496
-19.2013
-17.474
-15.9336
-14.5572
-13.3793
-109.545
-93.5255
-81.9324
-72.5238
-64.155
-56.8214
-50.4447
-44.8924
-40.051
-35.8242
-32.1278
-28.889
-26.0453
-23.5431
-21.3366
-19.3868
-17.6587
-16.1174
-14.7407
-13.567
-109.955
-93.9049
-82.2776
-72.8357
-64.4374
-57.0795
-50.6835
-45.1158
-40.2622
-36.0257
-32.3216
-29.0768
-26.2285
-23.7231
-21.5146
-19.564
-17.8361
-16.2953
-14.9203
-13.7538
-110.355
-94.2732
-82.6113
-73.1361
-64.7084
-57.3262
-50.9107
-45.3277
-40.4618
-36.2156
-32.5038
-29.2529
-26.3999
-23.8911
-21.6807
-19.7296
-18.0023
-16.4632
-15.0921
-13.9363
-110.748
-94.6304
-82.933
-73.4246
-64.9672
-57.5606
-51.1256
-45.5271
-40.6488
-36.3926
-32.6728
-29.4155
-26.5577
-24.0454
-21.8328
-19.8809
-18.1542
-16.617
-15.2504
-14.1039
-111.14
-94.9796
-83.2427
-73.6999
-65.2126
-57.7813
-51.3268
-45.7128
-40.8219
-36.5554
-32.8269
-29.5627
-26.6994
-24.1833
-21.9688
-20.0169
-18.2923
-16.7582
-15.395
-14.2524
-111.544
-95.326
-83.5403
-73.9604
-65.4433
-57.9879
-51.5141
-45.8844
-40.9806
-36.7029
-32.9647
-29.6918
-26.8212
-24.2995
-22.082
-20.1307
-18.4107
-16.8835
-15.53
-14.4105
-111.959
-95.6685
-83.8251
-74.2064
-65.6606
-58.182
-51.6893
-46.0439
-41.1266
-36.8367
-33.0869
-29.8028
-26.921
-24.3886
-22.1614
-20.2028
-18.4785
-16.9535
-15.6259
-14.5886
-112.329
-95.9882
-84.0968
-74.4418
-65.8687
-58.368
-51.8566
-46.1954
-41.264
-36.9609
-33.1982
-29.9006
-27.0041
-24.4548
-22.2078
-20.2243
-18.468
-16.912
-15.5851
-14.5857
-115.454
-115.44
-115.382
-115.316
-115.242
-115.154
-115.049
-114.927
-114.789
-114.636
-114.469
-114.289
-114.096
-113.892
-113.678
-113.457
-113.229
-112.999
-112.773
-112.556
-98.7391
-98.7565
-98.7448
-98.7163
-98.6727
-98.6115
-98.5318
-98.434
-98.3197
-98.19
-98.0458
-97.8881
-97.7178
-97.5361
-97.3441
-97.1429
-96.9341
-96.7182
-96.4956
-96.2576
-86.4116
-86.4523
-86.4713
-86.4697
-86.4485
-86.4084
-86.3501
-86.2746
-86.1831
-86.0766
-85.956
-85.8223
-85.6764
-85.5192
-85.3514
-85.1738
-84.9865
-84.7887
-84.5785
-84.3502
-76.395
-76.4456
-76.4775
-76.489
-76.4806
-76.4539
-76.4102
-76.3505
-76.2758
-76.187
-76.085
-75.9706
-75.8447
-75.708
-75.5611
-75.4043
-75.2375
-75.0598
-74.8699
-74.6653
-67.5675
-67.6188
-67.6536
-67.6699
-67.6675
-67.6479
-67.6125
-67.5623
-67.498
-67.4206
-67.331
-67.2299
-67.1182
-66.9967
-66.8658
-66.7258
-66.5766
-66.4177
-66.2482
-66.0665
-59.904
-59.9518
-59.9846
-60.0007
-59.9996
-59.9824
-59.9503
-59.9043
-59.8454
-59.7742
-59.6918
-59.599
-59.4966
-59.3854
-59.266
-59.1387
-59.0035
-58.8602
-58.7078
-58.545
-53.2939
-53.3364
-53.365
-53.378
-53.3751
-53.3571
-53.3251
-53.2801
-53.223
-53.1546
-53.0758
-52.9876
-52.8908
-52.7864
-52.675
-52.557
-52.4326
-52.3016
-52.1631
-52.0159
-47.5741
-47.6107
-47.634
-47.6427
-47.6365
-47.616
-47.5824
-47.5365
-47.4791
-47.4113
-47.3338
-47.2478
-47.1542
-47.054
-46.9481
-46.8369
-46.7209
-46.5999
-46.4732
-46.3394
-42.6073
-42.6379
-42.6559
-42.6599
-42.6498
-42.6262
-42.59
-42.5423
-42.4837
-42.4152
-42.3377
-42.2524
-42.1603
-42.0626
-41.9603
-41.8543
-41.745
-41.6325
-41.516
-41.3943
-38.2807
-38.3059
-38.3187
-38.3182
-38.3042
-38.2773
-38.2385
-38.1885
-38.1281
-38.0583
-37.98
-37.8945
-37.8029
-37.7066
-37.6067
-37.5045
-37.4008
-37.2957
-37.1887
-37.0783
-34.4998
-34.5202
-34.5284
-34.5237
-34.5062
-34.4762
-34.4347
-34.3824
-34.3201
-34.2487
-34.1692
-34.0828
-33.991
-33.8951
-33.7968
-33.6975
-33.5983
-33.5
-33.402
-33.3028
-31.1857
-31.2018
-31.206
-31.1977
-31.177
-31.1443
-31.1003
-31.0458
-30.9816
-30.9084
-30.8274
-30.7399
-30.6472
-30.5512
-30.4535
-30.3561
-30.2608
-30.1686
-30.0795
-29.9917
-28.2726
-28.285
-28.2858
-28.2744
-28.2508
-28.2157
-28.1696
-28.1131
-28.047
-27.9722
-27.8896
-27.8005
-27.7066
-27.6096
-27.5118
-27.4154
-27.323
-27.2362
-27.1561
-27.0804
-25.7056
-25.7149
-25.7127
-25.6986
-25.6728
-25.6355
-25.5875
-25.5293
-25.4615
-25.385
-25.3007
-25.21
-25.1143
-25.0158
-24.9169
-24.8203
-24.7298
-24.6475
-24.5766
-24.5139
-23.4387
-23.4453
-23.4406
-23.4243
-23.3964
-23.3574
-23.3078
-23.2481
-23.1788
-23.1007
-23.0147
-22.922
-22.8243
-22.7235
-22.6225
-22.5244
-22.4343
-22.3552
-22.2935
-22.245
-21.4329
-21.4372
-21.4304
-21.4121
-21.3826
-21.3421
-21.2911
-21.23
-21.1593
-21.0797
-20.992
-20.8973
-20.7971
-20.6934
-20.5891
-20.4879
-20.3963
-20.3181
-20.2652
-20.2314
-19.6555
-19.6577
-19.6489
-19.629
-19.5979
-19.5561
-19.5038
-19.4414
-19.3694
-19.2883
-19.1988
-19.1018
-18.9987
-18.8911
-18.7823
-18.6757
-18.5798
-18.4994
-18.454
-18.4329
-18.0773
-18.078
-18.0678
-18.0467
-18.0145
-17.9717
-17.9185
-17.8551
-17.7819
-17.6995
-17.6082
-17.5089
-17.4026
-17.2908
-17.176
-17.0618
-16.9576
-16.8708
-16.8325
-16.8234
-16.6726
-16.6728
-16.6624
-16.6411
-16.6091
-16.5666
-16.5137
-16.4508
-16.378
-16.2957
-16.2043
-16.1044
-15.9966
-15.8821
-15.7624
-15.6406
-15.5249
-15.4258
-15.3917
-15.4129
-15.4262
-15.4233
-15.4105
-15.3875
-15.3545
-15.3114
-15.2585
-15.196
-15.124
-15.0428
-14.9525
-14.8537
-14.7464
-14.6315
-14.5093
-14.3818
-14.252
-14.1303
-14.0642
-14.1242
-109.623
-110.108
-110.54
-110.974
-111.41
-111.836
-112.241
-112.624
-112.984
-113.321
-113.633
-113.92
-114.182
-114.418
-114.63
-114.817
-114.981
-115.124
-115.251
-115.364
-92.8303
-93.3263
-93.7932
-94.2492
-94.6947
-95.1228
-95.5293
-95.913
-96.2738
-96.6112
-96.9249
-97.2144
-97.4795
-97.7203
-97.9371
-98.1302
-98.3007
-98.4489
-98.5753
-98.6752
-80.5976
-81.086
-81.557
-82.01
-82.4445
-82.8593
-83.2533
-83.6259
-83.9769
-84.3059
-84.6125
-84.8966
-85.1579
-85.3964
-85.6122
-85.8054
-85.9762
-86.124
-86.2481
-86.3452
-70.8306
-71.2959
-71.7474
-72.1803
-72.5932
-72.9867
-73.3608
-73.715
-74.0491
-74.3626
-74.6552
-74.9267
-75.177
-75.406
-75.6136
-75.7998
-75.9645
-76.1072
-76.2274
-76.3241
-62.3342
-62.7706
-63.1952
-63.6029
-63.9916
-64.3617
-64.7133
-65.0461
-65.3598
-65.6541
-65.9287
-66.1835
-66.4183
-66.6333
-66.8282
-67.003
-67.1576
-67.2918
-67.4054
-67.498
-55.0247
-55.4335
-55.8316
-56.2143
-56.5791
-56.9258
-57.2547
-57.5655
-57.8581
-58.1321
-58.3875
-58.6242
-58.8421
-59.0413
-59.2217
-59.3833
-59.526
-59.6497
-59.7543
-59.8397
-48.7567
-49.1411
-49.5152
-49.8747
-50.2171
-50.5418
-50.8493
-51.1392
-51.4115
-51.6661
-51.903
-52.1221
-52.3234
-52.507
-52.6729
-52.8211
-52.9516
-53.0643
-53.1592
-53.2361
-43.351
-43.7144
-44.0675
-44.4062
-44.7283
-45.0332
-45.3211
-45.592
-45.8458
-46.0825
-46.3023
-46.5051
-46.6911
-46.8602
-47.0126
-47.1482
-47.2671
-47.3693
-47.4546
-47.5232
-38.665
-39.0105
-39.3453
-39.6659
-39.9701
-40.2573
-40.5278
-40.7815
-41.0187
-41.2394
-41.4438
-41.632
-41.8041
-41.9602
-42.1004
-42.2246
-42.333
-42.4255
-42.5021
-42.563
-34.5861
-34.9164
-35.2358
-35.5408
-35.8293
-36.1008
-36.3557
-36.5942
-36.8165
-37.0229
-37.2135
-37.3887
-37.5486
-37.6931
-37.8225
-37.9367
-38.0357
-38.1197
-38.1885
-38.2424
-31.0227
-31.3403
-31.6468
-31.9383
-32.2131
-32.4707
-32.7116
-32.9364
-33.1453
-33.3389
-33.5173
-33.681
-33.8299
-33.9643
-34.0842
-34.1896
-34.2805
-34.357
-34.4191
-34.4669
-27.8995
-28.2069
-28.5026
-28.7827
-29.0452
-29.2902
-29.5185
-29.7308
-29.9277
-30.1097
-30.2772
-30.4306
-30.57
-30.6955
-30.807
-30.9048
-30.9886
-31.0587
-31.1149
-31.1574
-25.1546
-25.4538
-25.741
-26.0113
-26.2627
-26.496
-26.7127
-26.9135
-27.0994
-27.271
-27.4287
-27.5729
-27.7038
-27.8215
-27.9258
-28.0169
-28.0947
-28.1592
-28.2103
-28.2483
-22.7364
-23.0295
-23.3103
-23.5719
-23.813
-24.0354
-24.2411
-24.4312
-24.607
-24.769
-24.9179
-25.0539
-25.1773
-25.2881
-25.3862
-25.4715
-25.5441
-25.6038
-25.6506
-25.6847
-20.6022
-20.8916
-21.1675
-21.421
-21.6521
-21.864
-22.0592
-22.2392
-22.4054
-22.5587
-22.6996
-22.8284
-22.9452
-23.05
-23.1426
-23.223
-23.291
-23.3467
-23.3898
-23.4206
-18.7147
-19.0053
-19.2778
-19.5227
-19.7435
-19.945
-20.1299
-20.3003
-20.4576
-20.6028
-20.7365
-20.8588
-20.9698
-21.0693
-21.1572
-21.2333
-21.2974
-21.3495
-21.3895
-21.4174
-17.0338
-17.3361
-17.6095
-17.8448
-18.0545
-18.2456
-18.4205
-18.5817
-18.7308
-18.8688
-18.9961
-19.1127
-19.2187
-19.3137
-19.3974
-19.4698
-19.5306
-19.5796
-19.6168
-19.6422
-15.5167
-15.8391
-16.1215
-16.3496
-16.5487
-16.7297
-16.8956
-17.0488
-17.1911
-17.3232
-17.4454
-17.5577
-17.6598
-17.7514
-17.8321
-17.9018
-17.9601
-18.0069
-18.042
-18.0656
-14.1769
-14.4963
-14.7856
-15.0143
-15.2052
-15.3757
-15.533
-15.6793
-15.8154
-15.9423
-16.0602
-16.1689
-16.2679
-16.3568
-16.4353
-16.503
-16.5596
-16.6051
-16.639
-16.6616
-13.2091
-13.4744
-13.7042
-13.9294
-14.1102
-14.2597
-14.3994
-14.532
-14.6557
-14.771
-14.8783
-14.9775
-15.0678
-15.1488
-15.2199
-15.2808
-15.3314
-15.3714
-15.4005
-15.4189
-7.75332
-8.80227
-10.0026
-11.354
-12.8784
-14.6016
-16.5515
-18.7607
-21.268
-24.1193
-27.3695
-31.0852
-35.3478
-40.2584
-45.949
-52.5929
-60.3446
-69.3219
-80.7929
-96.9962
-7.99518
-9.05202
-10.2565
-11.6136
-13.1449
-14.8758
-16.8345
-19.0537
-21.5723
-24.4365
-27.7014
-31.4342
-35.7167
-40.6507
-46.3689
-53.0453
-60.8339
-69.8489
-81.3508
-97.5707
-8.24189
-9.30655
-10.5153
-11.8784
-13.4169
-15.156
-17.1238
-19.3534
-21.8837
-24.7612
-28.0415
-31.792
-36.095
-41.0531
-46.7993
-53.5084
-61.3339
-70.3856
-81.9131
-98.1358
-8.49263
-9.56497
-10.7782
-12.1474
-13.6934
-15.4409
-17.4182
-19.6583
-22.2007
-25.0919
-28.3879
-32.1564
-36.4805
-41.4629
-47.2375
-53.9793
-61.8416
-70.9315
-82.4897
-98.7238
-8.7467
-9.82659
-11.0443
-12.42
-13.9738
-15.7299
-17.7168
-19.9678
-22.5225
-25.4276
-28.7395
-32.5264
-36.8716
-41.8787
-47.682
-54.4567
-62.3561
-71.4859
-83.0803
-99.3342
-9.00353
-10.0908
-11.3132
-12.6957
-14.2575
-16.0225
-18.0193
-20.2814
-22.8485
-25.7678
-29.0959
-32.9013
-37.268
-42.3001
-48.1323
-54.9403
-62.8773
-72.0478
-83.6806
-99.9584
-9.26262
-10.3572
-11.5844
-12.974
-14.5441
-16.3183
-18.3252
-20.5986
-23.1785
-26.1122
-29.4566
-33.2809
-37.6694
-42.7267
-48.5883
-55.43
-63.4049
-72.6162
-84.2877
-100.591
-9.5236
-10.6253
-11.8575
-13.2544
-14.8332
-16.6168
-18.634
-20.919
-23.5118
-26.4601
-29.8212
-33.6645
-38.075
-43.1579
-49.0492
-55.925
-63.9381
-73.1901
-84.9003
-101.23
-9.78617
-10.8948
-12.1321
-13.5368
-15.1245
-16.9176
-18.9454
-21.2421
-23.848
-26.8112
-30.1891
-34.0516
-38.4844
-43.593
-49.5142
-56.4244
-64.4759
-73.7686
-85.5174
-101.874
-10.0502
-11.1655
-12.4081
-13.8208
-15.4177
-17.2206
-19.259
-21.5675
-24.1867
-27.1648
-30.5596
-34.4416
-38.8967
-44.0313
-49.9825
-56.9272
-65.0172
-74.3507
-86.1381
-102.522
-10.3158
-11.4376
-12.6855
-14.1065
-15.7127
-17.5254
-19.5746
-21.895
-24.5275
-27.5205
-30.9323
-34.8336
-39.3112
-44.4718
-50.4532
-57.4325
-65.5612
-74.9354
-86.7612
-103.172
-10.5833
-11.7112
-12.9644
-14.3939
-16.0095
-17.8321
-19.8919
-22.2242
-24.8699
-27.8777
-31.3064
-35.2272
-39.7271
-44.9138
-50.9254
-57.9394
-66.1066
-75.5213
-87.3852
-103.823
-10.8533
-11.9869
-13.2453
-14.6832
-16.3081
-18.1405
-20.2109
-22.5548
-25.2134
-28.236
-31.6814
-35.6214
-40.1436
-45.3563
-51.3981
-58.4466
-66.6523
-76.1075
-88.0091
-104.474
-11.1269
-12.2655
-13.5285
-14.9747
-16.6087
-18.4504
-20.531
-22.8862
-25.5576
-28.5945
-32.0564
-36.0155
-40.5598
-45.7982
-51.87
-58.9531
-67.1972
-76.6925
-88.6316
-105.123
-11.4055
-12.5481
-13.815
-15.2689
-16.9113
-18.7618
-20.8521
-23.2181
-25.9017
-28.9527
-32.4307
-36.4084
-40.9745
-46.2384
-52.34
-59.4574
-67.7398
-77.2754
-89.2518
-105.769
-11.6909
-12.8353
-14.1044
-15.565
-17.2151
-19.0739
-21.1733
-23.5496
-26.245
-29.3094
-32.803
-36.799
-41.3866
-46.6756
-52.8066
-59.958
-68.2787
-77.8547
-89.8688
-106.413
-11.9861
-13.1295
-14.398
-15.8634
-17.5202
-19.3863
-21.4938
-23.8797
-26.5862
-29.6635
-33.1723
-37.186
-41.7946
-47.1083
-53.2683
-60.4532
-68.8119
-78.4289
-90.4822
-107.053
-12.288
-13.4237
-14.6892
-16.1598
-17.8236
-19.6969
-21.8122
-24.2071
-26.924
-30.0137
-33.5371
-37.568
-42.197
-47.535
-53.7233
-60.9411
-69.3371
-78.9955
-91.0908
-107.693
-12.6058
-13.7226
-14.9798
-16.4554
-18.1257
-20.0048
-22.1269
-24.53
-27.2568
-30.3583
-33.8956
-37.9432
-42.592
-47.9535
-54.1696
-61.4194
-69.8514
-79.5509
-91.6932
-108.336
-12.8813
-13.9702
-15.2467
-16.7431
-18.4229
-20.3076
-22.4359
-24.8468
-27.583
-30.6956
-34.2463
-38.31
-42.9779
-48.3621
-54.6049
-61.8855
-70.3511
-80.0878
-92.2791
-108.987
-4.79119
-5.54743
-6.5862
-7.82121
-9.22515
-10.8187
-12.631
-14.6921
-17.0365
-19.7055
-22.7482
-26.2237
-30.204
-34.7782
-40.0641
-46.2199
-53.389
-61.6981
-72.4803
-88.1519
-4.94332
-5.73834
-6.79277
-8.01394
-9.40038
-10.9814
-12.7852
-14.8405
-17.1812
-19.8484
-22.8911
-26.3684
-30.3524
-34.9324
-40.227
-46.3955
-53.5813
-61.9075
-72.7003
-88.3713
-4.96307
-5.83127
-6.91835
-8.15144
-9.54382
-11.1282
-12.9335
-14.9893
-17.3308
-19.9995
-23.0447
-26.5259
-30.5154
-35.1031
-40.408
-46.5902
-53.7935
-62.1369
-72.9332
-88.583
-5.01684
-5.91265
-7.01665
-8.26368
-9.66819
-11.2621
-13.0744
-15.1357
-17.4819
-20.1552
-23.2055
-26.6928
-30.6897
-35.2867
-40.6032
-46.8002
-54.022
-62.386
-73.1959
-88.84
-5.09547
-6.00216
-7.11733
-8.37529
-9.79012
-11.3933
-13.2136
-15.2822
-17.6352
-20.3153
-23.3727
-26.8676
-30.8736
-35.4814
-40.8111
-47.0242
-54.2661
-62.6549
-73.4886
-89.1421
-5.17605
-6.09602
-7.22261
-8.49056
-9.91483
-11.5269
-13.3556
-15.4322
-17.7931
-20.4811
-23.5469
-27.051
-31.0674
-35.6874
-41.0319
-47.2629
-54.527
-62.9429
-73.8053
-89.4761
-5.26168
-6.19589
-7.33285
-8.61016
-10.0438
-11.665
-13.5025
-15.5877
-17.9572
-20.6541
-23.7292
-27.2436
-31.2717
-35.9054
-41.2662
-47.5168
-54.8048
-63.2495
-74.1426
-89.8344
-5.36027
-6.30633
-7.45157
-8.73706
-10.1794
-11.8095
-13.656
-15.7501
-18.1288
-20.8352
-23.9205
-27.4462
-31.4871
-36.1357
-41.5142
-47.7861
-55.0996
-63.5743
-74.4995
-90.2151
-5.47394
-6.4297
-7.58156
-8.87406
-10.3243
-11.9628
-13.8179
-15.921
-18.309
-21.0254
-24.1216
-27.6593
-31.7139
-36.3785
-41.7759
-48.0705
-55.4111
-63.9173
-74.8762
-90.6178
-5.60185
-6.56634
-7.72384
-9.02247
-10.4799
-12.1262
-13.9896
-16.1015
-18.4989
-21.2255
-24.333
-27.8834
-31.9524
-36.6339
-42.0515
-48.3701
-55.7391
-64.2784
-75.2724
-91.0418
-5.74327
-6.71608
-7.87852
-9.18265
-10.6467
-12.3004
-14.1718
-16.2924
-18.6993
-21.4363
-24.5553
-28.1189
-32.203
-36.9023
-42.3409
-48.6847
-56.0836
-64.6573
-75.6877
-91.4863
-5.89788
-6.87864
-8.04548
-9.35464
-10.8249
-12.4857
-14.3649
-16.494
-18.9104
-21.658
-24.7889
-28.366
-32.4659
-37.1837
-42.6443
-49.0144
-56.4444
-65.0537
-76.1215
-91.9503
-6.06516
-7.05359
-8.22441
-9.53826
-11.0145
-12.6821
-14.569
-16.7066
-19.1325
-21.8908
-25.0338
-28.6249
-32.7411
-37.4781
-42.9616
-49.359
-56.8213
-65.4673
-76.5736
-92.4333
-6.24434
-7.24026
-8.4148
-9.73314
-11.2152
-12.8895
-14.7839
-16.9301
-19.3655
-22.1346
-25.2901
-28.8955
-33.0284
-37.7853
-43.2925
-49.7183
-57.2139
-65.8978
-77.0435
-92.935
-6.43448
-7.43783
-8.61593
-9.93867
-11.4264
-13.1074
-15.0093
-17.1641
-19.6092
-22.3893
-25.5575
-29.1776
-33.3278
-38.1051
-43.6368
-50.0918
-57.6219
-66.345
-77.5311
-93.4549
-6.63465
-7.64543
-8.82704
-10.1542
-11.6477
-13.3353
-15.2449
-17.4082
-19.8632
-22.6545
-25.8356
-29.4709
-33.6388
-38.4372
-43.9941
-50.4791
-58.0447
-66.8083
-78.0363
-93.9934
-6.84389
-7.86214
-9.04726
-10.3789
-11.8782
-13.5726
-15.4899
-17.662
-20.127
-22.9298
-26.1242
-29.7748
-33.961
-38.781
-44.3637
-50.8795
-58.4818
-67.2874
-78.5591
-94.5508
-7.06127
-8.08706
-9.27578
-10.6121
-12.1173
-13.8186
-15.7437
-17.9249
-20.4001
-23.2146
-26.4226
-30.089
-34.2938
-39.136
-44.7451
-51.2924
-58.932
-67.781
-79.0992
-95.1287
-7.28586
-8.31927
-9.5117
-10.8528
-12.3642
-14.0726
-16.0058
-18.1961
-20.6818
-23.5083
-26.7301
-30.4127
-34.6365
-39.5013
-45.1373
-51.7166
-59.3939
-68.2873
-79.6561
-95.7295
-7.51686
-8.558
-9.7543
-11.1005
-12.6183
-14.334
-16.2754
-18.4751
-20.9715
-23.8103
-27.0462
-30.7453
-34.9884
-39.8761
-45.5394
-52.1511
-59.8659
-68.8026
-80.2242
-96.3562
-4.235
-4.00346
-3.90357
-3.85619
-3.837
-3.83399
-3.84519
-3.86822
-3.90237
-3.9468
-4.001
-4.06447
-4.13677
-4.21745
-4.30611
-4.40234
-4.50571
-4.61583
-4.73238
-4.85518
-5.2406
-5.05018
-4.92423
-4.85891
-4.8269
-4.81663
-4.82317
-4.84334
-4.87575
-4.91923
-4.97305
-5.03658
-5.10925
-5.19058
-5.28009
-5.37734
-5.48188
-5.59326
-5.71112
-5.83528
-6.33675
-6.17551
-6.05243
-5.97925
-5.93819
-5.92157
-5.92365
-5.94105
-5.97185
-6.01464
-6.06848
-6.1326
-6.20635
-6.28916
-6.38053
-6.47995
-6.58696
-6.70107
-6.82189
-6.94925
-7.60969
-7.45682
-7.33719
-7.2589
-7.21036
-7.18692
-7.18339
-7.1966
-7.22437
-7.26512
-7.31775
-7.38136
-7.45519
-7.53862
-7.63107
-7.73201
-7.8409
-7.95722
-8.08056
-8.2108
-9.04466
-8.89921
-8.78285
-8.70153
-8.64797
-8.61912
-8.61076
-8.6201
-8.64494
-8.68367
-8.73506
-8.79812
-8.87201
-8.95604
-9.04957
-9.15201
-9.2628
-9.38136
-9.50725
-9.64042
-10.6587
-10.5217
-10.4096
-10.3271
-10.2705
-10.2377
-10.2256
-10.2317
-10.2541
-10.2911
-10.3415
-10.4043
-10.4784
-10.5633
-10.6581
-10.7623
-10.8753
-10.9964
-11.1251
-11.2616
-12.4837
-12.354
-12.2461
-12.1636
-12.1052
-12.0696
-12.0546
-12.0581
-12.0784
-12.114
-12.1636
-12.2263
-12.3009
-12.3868
-12.4832
-12.5895
-12.7049
-12.8288
-12.9608
-13.1009
-14.5529
-14.4288
-14.3244
-14.2425
-14.1831
-14.1455
-14.1282
-14.1296
-14.1482
-14.1827
-14.2318
-14.2945
-14.3699
-14.4571
-14.5554
-14.664
-14.7822
-14.9094
-15.045
-15.1893
-16.9025
-16.7825
-16.6807
-16.5996
-16.5396
-16.5006
-16.4815
-16.4812
-16.4985
-16.5322
-16.5811
-16.6443
-16.7207
-16.8096
-16.9101
-17.0215
-17.143
-17.2738
-17.4137
-17.5627
-19.5746
-19.4571
-19.3571
-19.2764
-19.216
-19.1759
-19.1554
-19.1539
-19.1703
-19.2035
-19.2525
-19.3164
-19.3943
-19.4852
-19.5884
-19.7031
-19.8284
-19.9636
-20.1083
-20.2628
-22.6185
-22.5023
-22.403
-22.3223
-22.2612
-22.22
-22.1985
-22.1959
-22.2116
-22.2447
-22.2942
-22.3592
-22.4388
-22.5323
-22.6387
-22.7573
-22.8871
-23.0272
-23.1775
-23.3383
-26.0936
-25.977
-25.8772
-25.7957
-25.7335
-25.691
-25.6682
-25.6647
-25.6799
-25.713
-25.7631
-25.8296
-25.9114
-26.0078
-26.118
-26.241
-26.3759
-26.5218
-26.6785
-26.8465
-30.0715
-29.9528
-29.851
-29.7674
-29.7032
-29.6588
-29.6343
-29.6296
-29.644
-29.6771
-29.728
-29.796
-29.8803
-29.98
-30.0943
-30.2224
-30.363
-30.5153
-30.6791
-30.8551
-34.6411
-34.5179
-34.412
-34.3245
-34.2568
-34.2093
-34.1822
-34.1755
-34.1886
-34.2213
-34.2727
-34.3421
-34.4288
-34.5319
-34.6506
-34.7839
-34.9308
-35.0901
-35.2616
-35.4464
-39.9193
-39.7885
-39.6756
-39.5818
-39.5083
-39.4558
-39.4244
-39.4142
-39.425
-39.4562
-39.5073
-39.5775
-39.6661
-39.7722
-39.8952
-40.0339
-40.1872
-40.3538
-40.5335
-40.7274
-46.0635
-45.9213
-45.7976
-45.6938
-45.6113
-45.5507
-45.5124
-45.4966
-45.5028
-45.5308
-45.58
-45.6497
-45.7391
-45.8474
-45.9738
-46.1174
-46.2768
-46.4506
-46.6381
-46.8406
-53.2167
-53.0583
-52.9184
-52.7993
-52.7028
-52.6297
-52.5807
-52.5556
-52.5543
-52.5763
-52.621
-52.6878
-52.7758
-52.8843
-53.0125
-53.1593
-53.3234
-53.5032
-53.6976
-53.9077
-61.5052
-61.3223
-61.1569
-61.0145
-60.8971
-60.8061
-60.7413
-60.7026
-60.6895
-60.7016
-60.7381
-60.7984
-60.8818
-60.9873
-61.1139
-61.2607
-61.4268
-61.6114
-61.8131
-62.0309
-72.2481
-72.0215
-71.8169
-71.6426
-71.4986
-71.3846
-71.2998
-71.2433
-71.2144
-71.2126
-71.2371
-71.2873
-71.3624
-71.4616
-71.5836
-71.7277
-71.8947
-72.0867
-72.3023
-72.5304
-87.8311
-87.5377
-87.2917
-87.0869
-86.9186
-86.7835
-86.6798
-86.6063
-86.5622
-86.5468
-86.5594
-86.5996
-86.6668
-86.7604
-86.8792
-87.0232
-87.1953
-87.4019
-87.6419
-87.8826
-4.98382
-5.11741
-5.2558
-5.39867
-5.54581
-5.69699
-5.85201
-6.01068
-6.17277
-6.33805
-6.50619
-6.67653
-6.8475
-7.01702
-7.18362
-7.34311
-7.47916
-7.57191
-7.62606
-7.65727
-5.96542
-6.10055
-6.24053
-6.38499
-6.53368
-6.68633
-6.8427
-7.00252
-7.16551
-7.33131
-7.49941
-7.66902
-7.83873
-8.00636
-8.16921
-8.32422
-8.46483
-8.57158
-8.61805
-8.66397
-7.08287
-7.22166
-7.3655
-7.51398
-7.66683
-7.82371
-7.98435
-8.14842
-8.31556
-8.48531
-8.65705
-8.82987
-9.00241
-9.17268
-9.33801
-9.49572
-9.64219
-9.76542
-9.84885
-9.93293
-8.34763
-8.48985
-8.63738
-8.78974
-8.94664
-9.1077
-9.27259
-9.44092
-9.61224
-9.78603
-9.96157
-10.1379
-10.3136
-10.4868
-10.6553
-10.8166
-10.9675
-11.1009
-11.2139
-11.3343
-9.78052
-9.92625
-10.0775
-10.2338
-10.3948
-10.56
-10.7292
-10.9018
-11.0774
-11.2552
-11.4347
-11.6147
-11.7939
-11.9706
-12.143
-12.309
-12.4656
-12.6089
-12.7421
-12.8855
-11.4053
-11.5549
-11.7102
-11.8708
-12.0362
-12.2061
-12.3799
-12.5572
-12.7374
-12.9199
-13.1038
-13.2882
-13.4718
-13.6531
-13.8306
-14.0027
-14.167
-14.3216
-14.4714
-14.6299
-13.2487
-13.4026
-13.5624
-13.7278
-13.8982
-14.0732
-14.2522
-14.4348
-14.6203
-14.8081
-14.9974
-15.1871
-15.3761
-15.5632
-15.7472
-15.9267
-16.1001
-16.267
-16.4318
-16.6031
-15.3417
-15.5004
-15.6654
-15.8361
-16.0121
-16.1929
-16.3778
-16.5665
-16.7581
-16.9521
-17.1477
-17.3438
-17.5395
-17.7338
-17.9255
-18.1138
-18.2975
-18.4771
-18.6561
-18.8401
-17.7203
-17.8846
-18.0554
-18.2322
-18.4146
-18.6019
-18.7937
-18.9893
-19.1881
-19.3894
-19.5924
-19.7963
-20.0001
-20.2029
-20.4039
-20.6023
-20.7976
-20.9903
-21.1832
-21.3802
-20.4265
-20.5971
-20.7746
-20.9584
-21.148
-21.3429
-21.5426
-21.7463
-21.9534
-22.1632
-22.3751
-22.5881
-22.8015
-23.0144
-23.2262
-23.4364
-23.6444
-23.851
-24.0583
-24.2694
-23.5089
-23.6867
-23.8718
-24.0636
-24.2617
-24.4653
-24.6739
-24.887
-25.1038
-25.3237
-25.5459
-25.7697
-25.9943
-26.2191
-26.4435
-26.667
-26.8894
-27.111
-27.3336
-27.5601
-27.0249
-27.2109
-27.4047
-27.6056
-27.8131
-28.0266
-28.2457
-28.4695
-28.6975
-28.9289
-29.1632
-29.3995
-29.6373
-29.8759
-30.1147
-30.3535
-30.5919
-30.83
-31.0695
-31.3131
-31.0424
-31.2375
-31.4409
-31.6519
-31.8701
-32.0948
-32.3255
-32.5616
-32.8023
-33.0471
-33.2952
-33.546
-33.7988
-34.0532
-34.3086
-34.5647
-34.821
-35.0775
-35.3356
-35.5984
-35.6432
-35.8482
-36.062
-36.284
-36.5139
-36.751
-36.9946
-37.2443
-37.4993
-37.7589
-38.0226
-38.2897
-38.5596
-38.8318
-39.1059
-39.3815
-39.6579
-39.9348
-40.2137
-40.4978
-40.9339
-41.1491
-41.3737
-41.6073
-41.8494
-42.0996
-42.3571
-42.6214
-42.8919
-43.1678
-43.4486
-43.7336
-44.0223
-44.3142
-44.609
-44.9061
-45.2049
-45.5046
-45.8065
-46.114
-47.0565
-47.2815
-47.5165
-47.7614
-48.0158
-48.279
-48.5507
-48.8301
-49.1166
-49.4095
-49.7084
-50.0124
-50.3212
-50.6342
-50.9511
-51.2716
-51.5947
-51.9192
-52.2459
-52.578
-54.1319
-54.3652
-54.609
-54.8635
-55.1285
-55.4036
-55.6884
-55.9822
-56.2843
-56.5939
-56.9106
-57.2337
-57.5627
-57.8971
-58.2366
-58.5808
-58.9289
-59.2793
-59.6318
-59.9896
-62.2611
-62.4985
-62.7461
-63.0059
-63.2781
-63.5623
-63.8577
-64.1635
-64.479
-64.8033
-65.1358
-65.476
-65.8234
-66.1775
-66.5376
-66.9034
-67.275
-67.6523
-68.0345
-68.4211
-72.7546
-72.9836
-73.2258
-73.4847
-73.7592
-74.0481
-74.3501
-74.6639
-74.9885
-75.3233
-75.6675
-76.0207
-76.3825
-76.7524
-77.1296
-77.5141
-77.9088
-78.3189
-78.7435
-79.1648
-88.0673
-88.2699
-88.5007
-88.7547
-89.0281
-89.3177
-89.6218
-89.9388
-90.2677
-90.6078
-90.9586
-91.3199
-91.6918
-92.0741
-92.4664
-92.8698
-93.2909
-93.7422
-94.2231
-94.6802
-95.0189
-79.5569
-68.8075
-60.3516
-52.9145
-46.4259
-40.7864
-35.8655
-31.561
-27.791
-24.4852
-21.5827
-19.0308
-16.7839
-14.8028
-13.0524
-11.498
-10.1108
-8.9031
-7.89514
-95.3664
-79.9365
-69.1868
-60.7112
-53.2497
-46.737
-41.0749
-36.1332
-31.8102
-28.0237
-24.7035
-21.7883
-19.2254
-16.9692
-14.9803
-13.224
-11.6682
-10.2919
-9.10922
-8.10022
-95.7416
-80.3194
-69.5655
-61.0718
-53.5868
-47.0502
-41.3655
-36.4034
-32.062
-28.2595
-24.9251
-21.9977
-19.4243
-17.1592
-15.1628
-13.4005
-11.8412
-10.4633
-9.27146
-8.23632
-96.1379
-80.713
-69.9483
-61.4353
-53.9267
-47.3659
-41.6587
-36.6762
-32.3167
-28.4982
-25.15
-22.2106
-19.6267
-17.3525
-15.3482
-13.5793
-12.0148
-10.6319
-9.43005
-8.37829
-96.5501
-81.1169
-70.3371
-61.8028
-54.2699
-47.6848
-41.9549
-36.9519
-32.5743
-28.7401
-25.3782
-22.4268
-19.8325
-17.5491
-15.5367
-13.7604
-12.1891
-10.7994
-9.58714
-8.52318
-96.9747
-81.5307
-70.7324
-62.175
-54.6168
-48.007
-42.2541
-37.2306
-32.835
-28.985
-25.6094
-22.6461
-20.0414
-17.7488
-15.7282
-13.9446
-12.3667
-10.9706
-9.74999
-8.67651
-97.4096
-81.953
-71.1343
-62.552
-54.9677
-48.3325
-42.5564
-37.5123
-33.0986
-29.233
-25.8438
-22.8686
-20.2536
-17.9518
-15.923
-14.132
-12.5475
-11.1455
-9.91738
-8.83583
-97.8535
-82.383
-71.5423
-62.9338
-55.3224
-48.6614
-42.8618
-37.7969
-33.3652
-29.4838
-26.081
-23.0941
-20.4687
-18.1579
-16.121
-14.3227
-12.732
-11.3244
-10.0894
-9.00044
-98.3056
-82.82
-71.956
-63.3202
-55.6809
-48.9936
-43.1702
-38.0843
-33.6344
-29.7374
-26.321
-23.3224
-20.6868
-18.3669
-16.322
-14.5166
-12.9197
-11.5066
-10.2649
-9.16901
-98.7652
-83.2634
-72.375
-63.7108
-56.0429
-49.3288
-43.4813
-38.3743
-33.9062
-29.9935
-26.5636
-23.5532
-20.9074
-18.5786
-16.5257
-14.7133
-13.1102
-11.6916
-10.4432
-9.34068
-99.232
-83.7128
-72.7988
-64.1054
-56.4081
-49.6667
-43.7949
-38.6667
-34.1802
-30.2518
-26.8084
-23.7864
-21.1304
-18.7926
-16.7318
-14.9123
-13.3031
-11.8788
-10.6238
-9.5147
-99.7055
-84.1676
-73.227
-64.5035
-56.7762
-50.007
-44.1106
-38.9611
-34.4563
-30.5121
-27.0552
-24.0215
-21.3554
-19.0087
-16.9399
-15.1133
-13.4978
-12.0677
-10.806
-9.69054
-100.186
-84.6275
-73.6591
-64.9046
-57.1467
-50.3494
-44.4282
-39.2572
-34.734
-30.7741
-27.3037
-24.2584
-21.5821
-19.2264
-17.1497
-15.3159
-13.694
-12.258
-10.9896
-9.8678
-100.672
-85.0918
-74.0945
-65.3083
-57.5192
-50.6934
-44.7472
-39.5547
-35.0131
-31.0375
-27.5536
-24.4966
-21.8102
-19.4456
-17.3609
-15.5199
-13.8915
-12.4494
-11.1741
-10.0462
-101.164
-85.5597
-74.5326
-65.714
-57.8932
-51.0387
-45.0673
-39.8532
-35.2932
-31.3019
-27.8046
-24.736
-22.0394
-19.6659
-17.5731
-15.7249
-14.0899
-12.6416
-11.3594
-10.2256
-101.662
-86.0308
-74.9726
-66.1212
-58.2683
-51.3846
-45.3879
-40.1522
-35.5739
-31.567
-28.0564
-24.9762
-22.2695
-19.887
-17.7863
-15.9308
-14.2892
-12.8346
-11.5453
-10.4058
-102.169
-86.5063
-75.4142
-66.5288
-58.6432
-51.7301
-45.7082
-40.4511
-35.8546
-31.8323
-28.3084
-25.2168
-22.5001
-20.1088
-18.0001
-16.1373
-14.4891
-13.028
-11.7318
-10.5868
-102.692
-86.9886
-75.8567
-66.9353
-59.0168
-52.0744
-46.0274
-40.7491
-36.1347
-32.0972
-28.5603
-25.4575
-22.7309
-20.3308
-18.2142
-16.3443
-14.6894
-13.222
-11.9188
-10.7686
-103.229
-87.4767
-76.2991
-67.3402
-59.389
-52.4179
-46.346
-41.0466
-36.4145
-32.362
-28.8123
-25.6983
-22.9619
-20.5531
-18.4287
-16.5516
-14.8902
-13.4164
-12.1064
-10.9514
-103.749
-87.9589
-76.7405
-67.745
-59.7617
-52.7621
-46.6655
-41.3451
-36.6953
-32.6277
-29.065
-25.9398
-23.1936
-20.7761
-18.6439
-16.7597
-15.0917
-13.6114
-12.2947
-11.1352
-8.16005
-5.11795
-3.45945
-2.36013
-1.69942
-1.26043
-0.975861
-0.787628
-0.665083
-0.586749
-0.538976
-0.512212
-0.499906
-0.497347
-0.501097
-0.508431
-0.516844
-0.523498
-0.524812
-0.516605
-0.495204
-0.459074
-0.409847
-0.351977
-0.29122
-0.2329
-0.180779
-0.136775
-0.101256
-0.0735792
-0.0525911
-0.0370077
-0.0256294
-0.0174278
-0.0116047
-0.00746796
-0.00465057
-0.00254419
-0.00136674
4.03874e-05
-8.35725
-5.25651
-3.57039
-2.44423
-1.7628
-1.30926
-1.01311
-0.816172
-0.686773
-0.603009
-0.550818
-0.520387
-0.504963
-0.499692
-0.501028
-0.506176
-0.512611
-0.517554
-0.517578
-0.508712
-0.487438
-0.452203
-0.404428
-0.348245
-0.289109
-0.232137
-0.181007
-0.137645
-0.102479
-0.07494
-0.0539449
-0.0382671
-0.0267445
-0.01838
-0.0123903
-0.00808781
-0.00512277
-0.0028612
-0.00156698
1.3574e-05
-8.55672
-5.39956
-3.68496
-2.53153
-1.82825
-1.35957
-1.05136
-0.845372
-0.708888
-0.61954
-0.56284
-0.528695
-0.51014
-0.50217
-0.501127
-0.504144
-0.508668
-0.51197
-0.510762
-0.501272
-0.480123
-0.445746
-0.399364
-0.3448
-0.287217
-0.231532
-0.181345
-0.138589
-0.103749
-0.0763294
-0.0553157
-0.0395347
-0.027865
-0.0193333
-0.0131761
-0.0087077
-0.00559399
-0.00317871
-0.00176609
-1.3969e-05
-8.75884
-5.54715
-3.80325
-2.62224
-1.89594
-1.4115
-1.09073
-0.875329
-0.731513
-0.636416
-0.575104
-0.537189
-0.515483
-0.504821
-0.50143
-0.502363
-0.505037
-0.506762
-0.504378
-0.494291
-0.47326
-0.439702
-0.394651
-0.341637
-0.285538
-0.231082
-0.18179
-0.139603
-0.105064
-0.0777462
-0.0567022
-0.0408109
-0.0289896
-0.0202883
-0.0139623
-0.00932748
-0.00606486
-0.0034961
-0.00196487
-4.21899e-05
-8.96399
-5.69933
-3.92531
-2.71656
-1.96606
-1.46518
-1.13135
-0.906146
-0.754732
-0.653707
-0.587669
-0.54592
-0.521034
-0.507683
-0.501967
-0.500857
-0.501736
-0.501945
-0.498433
-0.487772
-0.466849
-0.434067
-0.390283
-0.338749
-0.284067
-0.230782
-0.182338
-0.140686
-0.106422
-0.0791894
-0.0581039
-0.0420952
-0.0301182
-0.0212449
-0.0147488
-0.00994714
-0.00653538
-0.00381341
-0.0021633
-7.12126e-05
-9.17252
-5.85627
-4.05119
-2.81473
-2.03884
-1.52076
-1.17335
-0.937927
-0.778631
-0.671484
-0.600595
-0.554937
-0.526836
-0.510788
-0.502765
-0.499649
-0.498783
-0.497528
-0.492933
-0.481718
-0.460887
-0.428837
-0.386256
-0.33613
-0.282798
-0.230627
-0.182987
-0.141836
-0.107823
-0.0806583
-0.0595204
-0.0433873
-0.0312504
-0.0222029
-0.0155356
-0.0105666
-0.00700555
-0.00413067
-0.00236138
-0.000101156
-9.38478
-6.01824
-4.181
-2.91698
-2.11453
-1.57839
-1.21687
-0.970781
-0.803297
-0.689817
-0.613939
-0.564287
-0.532928
-0.51417
-0.50385
-0.498757
-0.496188
-0.493518
-0.48788
-0.476126
-0.455372
-0.424007
-0.382563
-0.333773
-0.281726
-0.230614
-0.183733
-0.14305
-0.109265
-0.082152
-0.060951
-0.0446869
-0.0323861
-0.0231623
-0.0163226
-0.0111859
-0.00747537
-0.0044479
-0.00255909
-0.000132143
-9.60124
-6.18573
-4.31484
-3.02353
-2.19336
-1.63824
-1.26203
-1.00482
-0.82882
-0.708777
-0.62776
-0.574019
-0.539348
-0.517859
-0.505244
-0.498198
-0.493963
-0.489921
-0.483273
-0.470995
-0.450299
-0.419571
-0.379198
-0.331674
-0.280846
-0.230738
-0.184574
-0.144327
-0.110746
-0.0836697
-0.0623952
-0.0459937
-0.0335251
-0.0241227
-0.0171097
-0.011805
-0.0079448
-0.00476513
-0.00275644
-0.000164291
-9.8224
-6.35911
-4.45253
-3.13434
-2.27551
-1.70044
-1.30896
-1.04015
-0.855286
-0.728436
-0.642111
-0.584175
-0.54613
-0.521881
-0.506969
-0.497986
-0.492115
-0.486737
-0.479111
-0.466318
-0.445661
-0.415521
-0.376154
-0.329826
-0.280153
-0.230995
-0.185506
-0.145664
-0.112266
-0.0852104
-0.0638524
-0.0473071
-0.034667
-0.0250842
-0.0178968
-0.0124238
-0.00841383
-0.00508238
-0.00295342
-0.000197712
-10.0484
-6.53819
-4.59338
-3.24915
-2.36106
-1.76508
-1.35777
-1.07687
-0.882778
-0.748858
-0.657048
-0.594799
-0.553308
-0.526261
-0.509042
-0.498131
-0.490649
-0.483966
-0.475389
-0.462089
-0.441451
-0.411852
-0.373424
-0.328222
-0.279641
-0.231381
-0.186527
-0.147059
-0.113822
-0.0867731
-0.0653218
-0.0486267
-0.0358116
-0.0260464
-0.0186837
-0.0130423
-0.00888242
-0.00539964
-0.00315001
-0.000232516
-10.2785
-6.72258
-4.73718
-3.36811
-2.45037
-1.8324
-1.4086
-1.11509
-0.91138
-0.77011
-0.672622
-0.605931
-0.560913
-0.531024
-0.51148
-0.498643
-0.489568
-0.481605
-0.4721
-0.458299
-0.437659
-0.408554
-0.371001
-0.326857
-0.279305
-0.231892
-0.187633
-0.148511
-0.115414
-0.0883568
-0.066803
-0.0499522
-0.0369586
-0.0270092
-0.0194705
-0.0136604
-0.00935057
-0.00571695
-0.0033462
-0.000268813
-10.5121
-6.9147
-4.88643
-3.49288
-2.54456
-1.90298
-1.46175
-1.15501
-0.94122
-0.79228
-0.688895
-0.617615
-0.568978
-0.536193
-0.514297
-0.499531
-0.488874
-0.479652
-0.469236
-0.454938
-0.434276
-0.405619
-0.368879
-0.325725
-0.279141
-0.232524
-0.188821
-0.150017
-0.11704
-0.0899605
-0.0682951
-0.051283
-0.0381077
-0.0279725
-0.0202569
-0.014278
-0.00981823
-0.00603431
-0.00354202
-0.00030672
-10.7524
-7.12186
-5.04577
-3.62557
-2.64481
-1.97754
-1.51767
-1.19691
-0.972492
-0.815499
-0.705957
-0.629916
-0.577547
-0.541798
-0.517514
-0.500806
-0.48857
-0.478102
-0.466789
-0.451996
-0.431292
-0.403039
-0.36705
-0.324821
-0.279144
-0.233274
-0.19009
-0.151575
-0.118698
-0.0915831
-0.0697972
-0.0526185
-0.0392584
-0.0289359
-0.0210428
-0.014895
-0.0102854
-0.0063517
-0.00373745
-0.000346341
-11.0059
-7.34613
-5.2121
-3.76274
-2.74946
-2.05548
-1.57618
-1.24081
-1.00526
-0.839835
-0.723867
-0.642878
-0.586655
-0.547863
-0.521147
-0.502475
-0.488658
-0.47695
-0.46475
-0.449462
-0.428696
-0.400806
-0.365509
-0.32414
-0.279311
-0.23414
-0.191436
-0.153183
-0.120387
-0.0932242
-0.0713098
-0.0539564
-0.0404128
-0.0298983
-0.0218274
-0.0155116
-0.0107505
-0.00667097
-0.00393035
-0.000388196
-11.2623
-7.56376
-5.36461
-3.89153
-2.85202
-2.13358
-1.63556
-1.28577
-1.03902
-0.865009
-0.742464
-0.656406
-0.59624
-0.554348
-0.525166
-0.504514
-0.489112
-0.476172
-0.463092
-0.44731
-0.426466
-0.3989
-0.364242
-0.323673
-0.279636
-0.235116
-0.192857
-0.15484
-0.122106
-0.0948821
-0.0728307
-0.0553006
-0.0415665
-0.030862
-0.0226124
-0.0161277
-0.0112166
-0.00698844
-0.00412489
-0.000431432
-11.4818
-7.74465
-5.491
-4.00739
-2.9503
-2.21028
-1.69459
-1.33091
-1.07317
-0.890606
-0.761466
-0.670307
-0.606168
-0.561156
-0.529497
-0.506866
-0.489885
-0.475723
-0.461772
-0.445497
-0.42456
-0.397286
-0.363219
-0.323396
-0.2801
-0.236189
-0.194344
-0.156539
-0.123851
-0.0965549
-0.0743594
-0.0566484
-0.0427214
-0.0318257
-0.0233969
-0.0167433
-0.0116823
-0.00730612
-0.00431903
-0.000476658
-11.6765
-7.95552
-5.65459
-4.15107
-3.06711
-2.29807
-1.76018
-1.38015
-1.10999
-0.918008
-0.781735
-0.685137
-0.616813
-0.568546
-0.534328
-0.509668
-0.491082
-0.475682
-0.460852
-0.44407
-0.423017
-0.395993
-0.36246
-0.323322
-0.280709
-0.237359
-0.195891
-0.158273
-0.125615
-0.0982362
-0.0758902
-0.0579949
-0.0438736
-0.0327864
-0.0241787
-0.017357
-0.0121466
-0.00762341
-0.00451251
-0.000523801
-12.0311
-8.37778
-5.97188
-4.38922
-3.24204
-2.42201
-1.84842
-1.44388
-1.15632
-0.951795
-0.806393
-0.703063
-0.629706
-0.577626
-0.540477
-0.513539
-0.493182
-0.476441
-0.460667
-0.443336
-0.422119
-0.39528
-0.362194
-0.323636
-0.281603
-0.238723
-0.197559
-0.160075
-0.12741
-0.0999252
-0.0774164
-0.0593312
-0.0450141
-0.0337364
-0.0249517
-0.0179641
-0.0126064
-0.00793834
-0.00470446
-0.000572455
-12.5868
-8.93296
-6.35266
-4.65628
-3.43855
-2.5635
-1.9496
-1.51703
-1.20953
-0.990585
-0.834691
-0.723656
-0.644575
-0.588192
-0.547768
-0.51831
-0.496022
-0.477844
-0.461087
-0.443201
-0.42183
-0.395172
-0.362499
-0.324456
-0.282912
-0.240406
-0.199457
-0.162031
-0.129302
-0.101673
-0.0789751
-0.0606838
-0.0461617
-0.0346884
-0.0257243
-0.0185702
-0.013065
-0.00825285
-0.00489562
-0.000623229
-12.4783
-8.91074
-6.3147
-4.64472
-3.4623
-2.59705
-1.98117
-1.5445
-1.2322
-1.00845
-0.848313
-0.733707
-0.651684
-0.592902
-0.550527
-0.51948
-0.495902
-0.476712
-0.459236
-0.440975
-0.419615
-0.39335
-0.361371
-0.324175
-0.283463
-0.241639
-0.201151
-0.163961
-0.131277
-0.103556
-0.0806848
-0.0621792
-0.0474317
-0.0357382
-0.0265707
-0.0192287
-0.0135582
-0.00858911
-0.00509548
-0.000681848
-11.2036
-8.178
-5.78184
-4.30012
-3.26531
-2.48074
-1.90819
-1.49786
-1.20135
-0.986854
-0.832243
-0.720985
-0.64097
-0.583373
-0.541673
-0.510934
-0.487328
-0.467799
-0.449788
-0.431045
-0.409592
-0.38392
-0.353324
-0.318156
-0.279774
-0.240187
-0.201539
-0.165641
-0.133704
-0.106277
-0.0833775
-0.0646464
-0.049575
-0.0375225
-0.0280049
-0.0203333
-0.0143727
-0.00913637
-0.0054088
-0.000783783
-9.90447
-7.47211
-5.36359
-4.04897
-3.1397
-2.42733
-1.88945
-1.49724
-1.2099
-0.998859
-0.844613
-0.732184
-0.650262
-0.590468
-0.546529
-0.513652
-0.488092
-0.466846
-0.447412
-0.427616
-0.405578
-0.379861
-0.349761
-0.315523
-0.278314
-0.239924
-0.202314
-0.16719
-0.135731
-0.108517
-0.0856263
-0.0667619
-0.0514726
-0.0391589
-0.0293666
-0.0214205
-0.0151997
-0.00970901
-0.00574838
-0.000882216
-8.73255
-6.81705
-4.99373
-3.81131
-3.00437
-2.36344
-1.86327
-1.49105
-1.21481
-1.00898
-0.856369
-0.743637
-0.660372
-0.598715
-0.552707
-0.517754
-0.490241
-0.467261
-0.446388
-0.425518
-0.402838
-0.376952
-0.347138
-0.31355
-0.27721
-0.239743
-0.202972
-0.168506
-0.137488
-0.110504
-0.087665
-0.0687205
-0.053263
-0.0407293
-0.0306928
-0.0224933
-0.0160246
-0.0102859
-0.00609353
-0.0009812
-7.65988
-6.17906
-4.64969
-3.59871
-2.87604
-2.29869
-1.83531
-1.48258
-1.2174
-1.01722
-0.866692
-0.754018
-0.669699
-0.606403
-0.558501
-0.521602
-0.492226
-0.467557
-0.445247
-0.423277
-0.399918
-0.373841
-0.34432
-0.311426
-0.276026
-0.239568
-0.203714
-0.169969
-0.13943
-0.11269
-0.0898999
-0.07086
-0.0552124
-0.0424338
-0.0321281
-0.0236516
-0.0169127
-0.0109068
-0.00646215
-0.00109083
-6.70441
-5.56429
-4.30607
-3.38621
-2.74096
-2.22479
-1.80103
-1.4701
-1.21732
-1.02389
-0.876266
-0.764167
-0.679118
-0.614381
-0.564695
-0.52591
-0.494694
-0.468335
-0.444568
-0.421462
-0.397377
-0.371051
-0.34177
-0.309528
-0.275046
-0.239589
-0.204652
-0.171628
-0.141564
-0.11506
-0.0923041
-0.0731509
-0.0572935
-0.04425
-0.0336549
-0.0248828
-0.0178552
-0.0115668
-0.00685119
-0.00121019
-5.86318
-4.98667
-3.96877
-3.17938
-2.607
-2.14655
-1.762
-1.45412
-1.2147
-1.02892
-0.885004
-0.774068
-0.688686
-0.622766
-0.571459
-0.530879
-0.497871
-0.46984
-0.444617
-0.420357
-0.395508
-0.368873
-0.33975
-0.308069
-0.274414
-0.239879
-0.2058
-0.173455
-0.14384
-0.117553
-0.0948203
-0.0755438
-0.0594664
-0.0461473
-0.0352511
-0.0261718
-0.018842
-0.01226
-0.0072576
-0.00133829
-5.13361
-4.45737
-3.64159
-2.97482
-2.47241
-2.06387
-1.71795
-1.43444
-1.20947
-1.03221
-0.892782
-0.783606
-0.698311
-0.631498
-0.578757
-0.5365
-0.501768
-0.472102
-0.445433
-0.420009
-0.394362
-0.367358
-0.33831
-0.30709
-0.27416
-0.240456
-0.207162
-0.175446
-0.146247
-0.120159
-0.0974368
-0.0780284
-0.0617226
-0.0481193
-0.0369119
-0.0275151
-0.0198708
-0.012985
-0.00768049
-0.0014752
-4.50454
-3.97993
-3.33006
-2.7747
-2.33931
-1.97917
-1.67017
-1.41147
-1.20177
-1.03377
-0.899521
-0.792693
-0.707921
-0.640523
-0.586562
-0.542766
-0.506395
-0.475139
-0.447042
-0.420447
-0.393968
-0.366535
-0.337475
-0.306615
-0.274305
-0.241337
-0.208753
-0.177611
-0.148791
-0.122879
-0.100153
-0.0806026
-0.0640595
-0.050163
-0.0386342
-0.0289103
-0.0209395
-0.0137403
-0.00811894
-0.00162098
-3.96353
-3.55457
-3.03871
-2.58115
-2.20854
-1.89366
-1.61959
-1.38557
-1.19177
-1.03364
-0.905176
-0.801249
-0.717438
-0.649783
-0.594835
-0.54966
-0.511752
-0.478967
-0.44947
-0.421701
-0.394361
-0.366439
-0.337281
-0.306674
-0.274875
-0.242543
-0.210584
-0.179954
-0.151472
-0.125709
-0.102963
-0.0832583
-0.0664686
-0.0522707
-0.0404117
-0.0303519
-0.022044
-0.0145231
-0.00857124
-0.00177533
-3.49931
-3.17934
-2.77084
-2.39707
-2.08186
-1.80899
-1.56756
-1.35748
-1.17977
-1.03193
-0.909742
-0.809204
-0.726779
-0.659199
-0.603515
-0.55714
-0.517816
-0.483575
-0.452716
-0.423782
-0.395556
-0.367088
-0.337747
-0.307289
-0.275887
-0.244083
-0.21266
-0.182472
-0.154281
-0.128637
-0.105851
-0.0859811
-0.0689368
-0.0544306
-0.0422341
-0.0318318
-0.0231781
-0.015329
-0.00903497
-0.00193754
-3.10259
-2.85162
-2.52874
-2.22541
-1.96123
-1.7267
-1.51537
-1.32801
-1.16617
-1.02883
-0.913249
-0.8165
-0.735846
-0.668669
-0.612508
-0.565127
-0.524524
-0.488919
-0.456749
-0.426666
-0.397539
-0.368476
-0.338871
-0.308458
-0.27734
-0.245953
-0.214971
-0.185153
-0.157201
-0.131643
-0.108798
-0.0887521
-0.071446
-0.0566269
-0.0440882
-0.0333393
-0.0243335
-0.0161523
-0.00950682
-0.0021065
-2.76611
-2.56874
-2.31386
-2.0687
-1.84869
-1.64838
-1.46435
-1.29806
-1.15148
-1.02457
-0.915766
-0.823096
-0.744539
-0.67807
-0.621689
-0.573507
-0.531778
-0.494914
-0.461499
-0.430296
-0.400261
-0.370563
-0.340622
-0.310157
-0.279212
-0.248135
-0.217499
-0.187976
-0.160209
-0.134703
-0.111779
-0.091546
-0.0739733
-0.058839
-0.0459565
-0.0348599
-0.0254993
-0.0169849
-0.00998248
-0.00228059
-2.48398
-2.328
-2.12672
-1.92881
-1.74606
-1.57551
-1.4157
-1.26857
-1.13626
-1.01942
-0.917389
-0.828961
-0.752751
-0.687254
-0.6309
-0.582124
-0.539433
-0.501432
-0.466852
-0.434573
-0.403638
-0.373276
-0.342938
-0.312334
-0.281461
-0.25059
-0.220206
-0.190904
-0.163268
-0.13778
-0.114758
-0.0943302
-0.0764887
-0.0610407
-0.0478165
-0.0363755
-0.0266615
-0.0178168
-0.0104563
-0.00245759
-2.25086
-2.12649
-1.96699
-1.8068
-1.65469
-1.50935
-1.37054
-1.24039
-1.1211
-1.01372
-0.918242
-0.834078
-0.760369
-0.696058
-0.639948
-0.590781
-0.547298
-0.508293
-0.472645
-0.43935
-0.407539
-0.376502
-0.345722
-0.314906
-0.284014
-0.253255
-0.223038
-0.193884
-0.16633
-0.140827
-0.117691
-0.0970628
-0.0789544
-0.0631984
-0.04964
-0.0378626
-0.0278021
-0.0186349
-0.0109211
-0.00263464
-2.0616
-1.96101
-1.8336
-1.70291
-1.57541
-1.45086
-1.32979
-1.2143
-1.10655
-1.0078
-0.91847
-0.838445
-0.767283
-0.704297
-0.648613
-0.599239
-0.555135
-0.51527
-0.478667
-0.444434
-0.411789
-0.380086
-0.348837
-0.317755
-0.286771
-0.256043
-0.225915
-0.196847
-0.169328
-0.143782
-0.12052
-0.0996908
-0.0813226
-0.0652705
-0.0513915
-0.0392921
-0.0288989
-0.019423
-0.0113678
-0.0028081
-1.91117
-1.82816
-1.72493
-1.61683
-1.50859
-1.4007
-1.29418
-1.191
-1.09315
-1.002
-0.918234
-0.842069
-0.773381
-0.711776
-0.656643
-0.607219
-0.562655
-0.522081
-0.484649
-0.449576
-0.416165
-0.383826
-0.352107
-0.320727
-0.289598
-0.258836
-0.228734
-0.1997
-0.172177
-0.146568
-0.123173
-0.102148
-0.0835343
-0.0672051
-0.053027
-0.040628
-0.0299239
-0.0201608
-0.0117847
-0.00297349
-1.79498
-1.72469
-1.6392
-1.54792
-1.45429
-1.35933
-1.26431
-1.17107
-1.0814
-0.996658
-0.917702
-0.844964
-0.778549
-0.718283
-0.663761
-0.614406
-0.569528
-0.528393
-0.490273
-0.45448
-0.420392
-0.387476
-0.355312
-0.323628
-0.292325
-0.261488
-0.231366
-0.202324
-0.174771
-0.149085
-0.125559
-0.104354
-0.0855171
-0.0689389
-0.054493
-0.0418261
-0.0308432
-0.0208236
-0.0121579
-0.00312536
-1.70932
-1.64788
-1.57486
-1.49557
-1.41252
-1.3271
-1.24072
-1.15507
-1.07176
-0.992107
-0.917047
-0.847149
-0.78267
-0.723593
-0.669664
-0.620445
-0.575373
-0.533825
-0.495167
-0.458794
-0.424148
-0.390743
-0.358191
-0.326229
-0.29475
-0.263818
-0.233649
-0.204575
-0.176977
-0.151214
-0.127571
-0.106209
-0.0871828
-0.0703952
-0.0557244
-0.0428332
-0.0316156
-0.0213816
-0.0124701
-0.00325731
-1.65169
-1.59595
-1.53101
-1.45955
-1.38352
-1.3045
-1.224
-1.14358
-1.06473
-0.988694
-0.916448
-0.848638
-0.785612
-0.727455
-0.674012
-0.62494
-0.579766
-0.537943
-0.498909
-0.462118
-0.427063
-0.393294
-0.360444
-0.328261
-0.296635
-0.265614
-0.235394
-0.206282
-0.17864
-0.152811
-0.129075
-0.107594
-0.0884258
-0.0714818
-0.056643
-0.0435852
-0.0321915
-0.0217992
-0.0126991
-0.003362
-1.62171
-1.56882
-1.50799
-1.44053
-1.36813
-1.29243
-1.21501
-1.13736
-1.06088
-0.9868
-0.916088
-0.849428
-0.787214
-0.729579
-0.676421
-0.627447
-0.582229
-0.540265
-0.50103
-0.464011
-0.42873
-0.394757
-0.361738
-0.329427
-0.297713
-0.266637
-0.236383
-0.207245
-0.179574
-0.153707
-0.129917
-0.108368
-0.0891203
-0.0720893
-0.0571558
-0.0440067
-0.0325114
-0.022036
-0.0128182
-0.00342885
-13.6173
-13.5931
-13.5607
-13.5201
-13.4711
-13.4137
-13.3479
-13.2738
-13.1914
-13.1007
-13.0017
-12.8944
-12.7783
-12.6536
-12.5184
-12.3734
-12.2095
-12.0362
-11.8243
-11.7521
-11.5604
-11.5323
-11.4982
-11.4583
-11.4124
-11.3607
-11.3033
-11.2405
-11.1723
-11.0989
-11.0204
-10.9369
-10.848
-10.7538
-10.6527
-10.5459
-10.429
-10.3171
-10.1976
-10.1932
-9.87815
-9.84893
-9.8159
-9.77916
-9.73879
-9.69493
-9.64777
-9.59754
-9.54442
-9.48857
-9.43011
-9.36916
-9.30573
-9.2401
-9.17201
-9.10294
-9.0305
-8.96238
-8.88582
-8.87896
-8.476
-8.44911
-8.41955
-8.38743
-8.35285
-8.31595
-8.27692
-8.23594
-8.19317
-8.14877
-8.1029
-8.0557
-8.00728
-7.95783
-7.9071
-7.85548
-7.80125
-7.74885
-7.6938
-7.69153
-7.30619
-7.28292
-7.25765
-7.23048
-7.20152
-7.17091
-7.13882
-7.1054
-7.07082
-7.03525
-6.99883
-6.96174
-6.92409
-6.88604
-6.84763
-6.80931
-6.77079
-6.73498
-6.69984
-6.6997
-6.3287
-6.30922
-6.28821
-6.26575
-6.24195
-6.21693
-6.19084
-6.16383
-6.13605
-6.10765
-6.07878
-6.04962
-6.02033
-5.99107
-5.96201
-5.9334
-5.90513
-5.87848
-5.8524
-5.84943
-5.5075
-5.4917
-5.47466
-5.45647
-5.4372
-5.41697
-5.39589
-5.3741
-5.35172
-5.32889
-5.30573
-5.28239
-5.259
-5.23571
-5.21263
-5.18993
-5.16766
-5.14657
-5.12629
-5.12155
-4.81304
-4.80066
-4.78722
-4.77279
-4.75743
-4.74125
-4.72433
-4.70678
-4.68871
-4.67023
-4.65145
-4.63249
-4.61348
-4.59453
-4.57578
-4.55736
-4.53938
-4.52223
-4.5057
-4.49932
-4.22276
-4.21344
-4.20317
-4.192
-4.17999
-4.1672
-4.15371
-4.13962
-4.12501
-4.10998
-4.09461
-4.07902
-4.0633
-4.04756
-4.03191
-4.01646
-4.0013
-3.98665
-3.97241
-3.96481
-3.72096
-3.71427
-3.70668
-3.69822
-3.68895
-3.67892
-3.66819
-3.65683
-3.64492
-3.63254
-3.61975
-3.60666
-3.59335
-3.57989
-3.5664
-3.55296
-3.53965
-3.52662
-3.51382
-3.50526
-3.29661
-3.29205
-3.2866
-3.2803
-3.27318
-3.26528
-3.25667
-3.24739
-3.23751
-3.22709
-3.2162
-3.20491
-3.19329
-3.18142
-3.16938
-3.15724
-3.14508
-3.13298
-3.12095
-3.11155
-2.94096
-2.93803
-2.93423
-2.92956
-2.92407
-2.91777
-2.91073
-2.90299
-2.89459
-2.88559
-2.87604
-2.86601
-2.85556
-2.84474
-2.83363
-2.82229
-2.81079
-2.79917
-2.78746
-2.77735
-2.64613
-2.64443
-2.64183
-2.63837
-2.63407
-2.62896
-2.62306
-2.61643
-2.6091
-2.60112
-2.59253
-2.58339
-2.57374
-2.56364
-2.55314
-2.54231
-2.53118
-2.51982
-2.50821
-2.49754
-2.40475
-2.40391
-2.40219
-2.3996
-2.39616
-2.3919
-2.38684
-2.38102
-2.37448
-2.36724
-2.35935
-2.35086
-2.3418
-2.33223
-2.32218
-2.31171
-2.30086
-2.28966
-2.27812
-2.26709
-2.20989
-2.20965
-2.20854
-2.20656
-2.20374
-2.2001
-2.19566
-2.19044
-2.18448
-2.17781
-2.17047
-2.16248
-2.15389
-2.14474
-2.13507
-2.12491
-2.11432
-2.10331
-2.09189
-2.0807
-2.05537
-2.05553
-2.05483
-2.05329
-2.05091
-2.04772
-2.04373
-2.03898
-2.03347
-2.02725
-2.02034
-2.01277
-2.00458
-1.9958
-1.98646
-1.97662
-1.96629
-1.9555
-1.94427
-1.93306
-1.9359
-1.93632
-1.9359
-1.93465
-1.93259
-1.92973
-1.92609
-1.92168
-1.91653
-1.91067
-1.90411
-1.8969
-1.88905
-1.88059
-1.87157
-1.86202
-1.85196
-1.84142
-1.83041
-1.81927
-1.84766
-1.84823
-1.84799
-1.84695
-1.84512
-1.8425
-1.83911
-1.83497
-1.8301
-1.82451
-1.81824
-1.81131
-1.80374
-1.79557
-1.78681
-1.7775
-1.76768
-1.75736
-1.74656
-1.73548
-1.78802
-1.78868
-1.78856
-1.78765
-1.78597
-1.78352
-1.78031
-1.77637
-1.7717
-1.76633
-1.76028
-1.75356
-1.74621
-1.73824
-1.72968
-1.72057
-1.71092
-1.70076
-1.69011
-1.67907
-1.75717
-1.75788
-1.75782
-1.75699
-1.7554
-1.75307
-1.74999
-1.74618
-1.74166
-1.73644
-1.73053
-1.72395
-1.71673
-1.70888
-1.70042
-1.69138
-1.68178
-1.67164
-1.66098
-1.64984
-12.4969
-12.7562
-12.6508
-12.7761
-12.9176
-13.0008
-13.0757
-13.1574
-13.2359
-13.3077
-13.3738
-13.4343
-13.4881
-13.5342
-13.5723
-13.602
-13.6231
-13.6354
-13.6386
-13.6327
-11.2105
-11.3808
-11.0536
-11.0301
-11.1504
-11.2179
-11.254
-11.3021
-11.358
-11.4097
-11.4551
-11.4953
-11.5301
-11.5586
-11.5802
-11.5948
-11.6024
-11.6028
-11.5959
-11.5818
-9.81135
-9.96218
-9.61171
-9.5356
-9.65409
-9.73933
-9.76948
-9.79704
-9.83441
-9.86975
-9.8973
-9.91844
-9.93465
-9.94589
-9.95182
-9.9524
-9.94773
-9.9379
-9.92297
-9.90303
-8.49769
-8.67145
-8.36972
-8.27361
-8.37002
-8.45602
-8.48272
-8.49393
-8.5131
-8.53418
-8.54963
-8.55916
-8.56463
-8.56664
-8.56498
-8.55945
-8.55008
-8.53697
-8.52018
-8.49983
-7.36348
-7.54479
-7.30935
-7.20717
-7.26919
-7.34001
-7.36276
-7.36541
-7.37261
-7.384
-7.39279
-7.39702
-7.39785
-7.3961
-7.39173
-7.3845
-7.37436
-7.36136
-7.34561
-7.3272
-6.39607
-6.55446
-6.38015
-6.2882
-6.32259
-6.37502
-6.39479
-6.3961
-6.39856
-6.40486
-6.41035
-6.41258
-6.4119
-6.40902
-6.40409
-6.39696
-6.38757
-6.37596
-6.36222
-6.34644
-5.56048
-5.68407
-5.55973
-5.48887
-5.50869
-5.54633
-5.56342
-5.56621
-5.56803
-5.57214
-5.57597
-5.57753
-5.57673
-5.57405
-5.56967
-5.56357
-5.5557
-5.54609
-5.53481
-5.52193
-4.8364
-4.92943
-4.84344
-4.79455
-4.80842
-4.83573
-4.85007
-4.85434
-4.85696
-4.86054
-4.86381
-4.86549
-4.86536
-4.86367
-4.86059
-4.85611
-4.85022
-4.84292
-4.83426
-4.82429
-4.21114
-4.28178
-4.22386
-4.19232
-4.20378
-4.22436
-4.23649
-4.24186
-4.24573
-4.24982
-4.25348
-4.25595
-4.25704
-4.25686
-4.2555
-4.25297
-4.24925
-4.24434
-4.23827
-4.23107
-3.67315
-3.72807
-3.69066
-3.67179
-3.68231
-3.69889
-3.70989
-3.71643
-3.72177
-3.72698
-3.73166
-3.73537
-3.73797
-3.73949
-3.73998
-3.73943
-3.73782
-3.73516
-3.73145
-3.72671
-3.21361
-3.25749
-3.23566
-3.22635
-3.23686
-3.25137
-3.26219
-3.27002
-3.2769
-3.28343
-3.28938
-3.29445
-3.29856
-3.30171
-3.30391
-3.30514
-3.3054
-3.30466
-3.30295
-3.30026
-2.82671
-2.86278
-2.8529
-2.85099
-2.86204
-2.87563
-2.88677
-2.89585
-2.9041
-2.91188
-2.91902
-2.92533
-2.93076
-2.93529
-2.93891
-2.94161
-2.94337
-2.94419
-2.94405
-2.94297
-2.5073
-2.53764
-2.53657
-2.54021
-2.55195
-2.56519
-2.57676
-2.58686
-2.59619
-2.60496
-2.61305
-2.62035
-2.6268
-2.63239
-2.6371
-2.64091
-2.64381
-2.64578
-2.64682
-2.64694
-2.24896
-2.27491
-2.27993
-2.28746
-2.2998
-2.3129
-2.32481
-2.3356
-2.34568
-2.35513
-2.36388
-2.37186
-2.37901
-2.38533
-2.3908
-2.39538
-2.39907
-2.40186
-2.40373
-2.4047
-2.04417
-2.06665
-2.07557
-2.08565
-2.09838
-2.11136
-2.12343
-2.13461
-2.1451
-2.15494
-2.16407
-2.17245
-2.18002
-2.18679
-2.19271
-2.19778
-2.20198
-2.20529
-2.20772
-2.20925
-1.88524
-1.90496
-1.91622
-1.92781
-1.9407
-1.95352
-1.96558
-1.97689
-1.98754
-1.99752
-2.0068
-2.01534
-2.02311
-2.03009
-2.03625
-2.04158
-2.04606
-2.04969
-2.05245
-2.05434
-1.76521
-1.78276
-1.79528
-1.80769
-1.82055
-1.83314
-1.84507
-1.85633
-1.86694
-1.8769
-1.88616
-1.89471
-1.90251
-1.90953
-1.91577
-1.9212
-1.92582
-1.9296
-1.93254
-1.93464
-1.67845
-1.69441
-1.70754
-1.72032
-1.73305
-1.74539
-1.75713
-1.76824
-1.77873
-1.78857
-1.79773
-1.80618
-1.81391
-1.8209
-1.82711
-1.83255
-1.83719
-1.84103
-1.84405
-1.84626
-1.62106
-1.63596
-1.64933
-1.66223
-1.67481
-1.68692
-1.69846
-1.70939
-1.71972
-1.7294
-1.73841
-1.74674
-1.75436
-1.76126
-1.7674
-1.77279
-1.77741
-1.78125
-1.7843
-1.78655
-1.59167
-1.60615
-1.6197
-1.63269
-1.64522
-1.65723
-1.66867
-1.67951
-1.68972
-1.69928
-1.70818
-1.71639
-1.7239
-1.73069
-1.73675
-1.74206
-1.74662
-1.75041
-1.75344
-1.75569
0.363598
0.359235
0.348603
0.330502
0.303412
0.265118
0.212534
0.141526
0.0466008
-0.079479
-0.246281
-0.466266
-0.756286
-1.13811
-1.64505
-2.32147
-3.25874
-4.59132
-6.56854
-9.92806
0.306324
0.301485
0.290261
0.271107
0.242557
0.202415
0.147605
0.0740166
-0.0237966
-0.152994
-0.323007
-0.546118
-0.838784
-1.22248
-1.72852
-2.40115
-3.31198
-4.60684
-6.37165
-9.30996
0.246455
0.241541
0.230145
0.21055
0.181369
0.140507
0.0850026
0.0109167
-0.0869418
-0.215358
-0.383201
-0.601936
-0.886632
-1.25689
-1.73869
-2.37201
-3.19651
-4.35626
-5.78708
-8.10981
0.183941
0.178855
0.167138
0.147003
0.117134
0.0755605
0.019478
-0.0548279
-0.152209
-0.278955
-0.443185
-0.655315
-0.928552
-1.28039
-1.73003
-2.31426
-3.0405
-4.04031
-5.20634
-6.95396
0.119016
0.11373
0.101655
0.0809816
0.0504508
0.00822466
-0.0483313
-0.122687
-0.21933
-0.344022
-0.504072
-0.708827
-0.969469
-1.30168
-1.71801
-2.25282
-2.89506
-3.74465
-4.7516
-6.05275
0.0519857
0.0465433
0.0341882
0.0131217
-0.0178586
-0.0604467
-0.117084
-0.190973
-0.286204
-0.407981
-0.562762
-0.758814
-1.00529
-1.3161
-1.69885
-2.18271
-2.75773
-3.47111
-4.36399
-5.3568
-0.0167731
-0.0223204
-0.0348517
-0.0561292
-0.0872883
-0.129865
-0.18608
-0.258835
-0.351789
-0.469544
-0.617666
-0.803288
-1.03374
-1.3206
-1.66955
-2.09936
-2.61573
-3.20627
-3.98295
-4.7695
-0.0867975
-0.0923979
-0.104997
-0.126295
-0.157352
-0.199533
-0.254818
-0.32578
-0.415618
-0.528296
-0.668502
-0.84212
-1.05512
-1.3158
-1.63108
-2.00525
-2.46359
-2.9487
-3.60102
-4.24081
-0.157526
-0.163126
-0.175674
-0.196793
-0.227457
-0.268855
-0.322712
-0.391258
-0.477225
-0.583923
-0.715232
-0.875668
-1.07043
-1.30379
-1.58556
-1.90622
-2.3043
-2.7047
-3.23658
-3.7598
-0.228298
-0.233839
-0.246212
-0.266947
-0.296922
-0.337151
-0.389102
-0.454658
-0.536098
-0.636082
-0.757788
-0.904344
-1.08053
-1.28685
-1.53519
-1.80793
-2.14563
-2.47945
-2.90522
-3.32852
-0.298354
-0.303778
-0.315852
-0.335998
-0.365
-0.403698
-0.453308
-0.515377
-0.591761
-0.684505
-0.796173
-0.928673
-1.08631
-1.26711
-1.48272
-1.71449
-1.99557
-2.2748
-2.61273
-2.94978
-0.36684
-0.372092
-0.383749
-0.40312
-0.430892
-0.467741
-0.514649
-0.572847
-0.643802
-0.729027
-0.830514
-0.949289
-1.08886
-1.24645
-1.43123
-1.6283
-1.85955
-2.09179
-2.35948
-2.62476
-0.432818
-0.43785
-0.448987
-0.467424
-0.493754
-0.528506
-0.572444
-0.626525
-0.691868
-0.769552
-0.861034
-0.96682
-1.08938
-1.22628
-1.38336
-1.55069
-1.74018
-1.93184
-2.14438
-2.35255
-0.495273
-0.500046
-0.510584
-0.527968
-0.552705
-0.585196
-0.626018
-0.67589
-0.735636
-0.806006
-0.887976
-0.981793
-1.0889
-1.2076
-1.34083
-1.48261
-1.63829
-1.79601
-1.96571
-2.12996
-0.553118
-0.557606
-0.567496
-0.583761
-0.60683
-0.636998
-0.674687
-0.720425
-0.774794
-0.8383
-0.911533
-0.994604
-1.08817
-1.19113
-1.30448
-1.42475
-1.55369
-1.68404
-1.82086
-1.95201
-0.605192
-0.609387
-0.618616
-0.633754
-0.655168
-0.683066
-0.71775
-0.759596
-0.809004
-0.866298
-0.931795
-1.00551
-1.08759
-1.17728
-1.27457
-1.37727
-1.48544
-1.59442
-1.70637
-1.81301
-0.65024
-0.654153
-0.662751
-0.676826
-0.696693
-0.722498
-0.75445
-0.792816
-0.837862
-0.889785
-0.948722
-1.01461
-1.08732
-1.16626
-1.25094
-1.33985
-1.43226
-1.52505
-1.61863
-1.70746
-0.686871
-0.690534
-0.698579
-0.711728
-0.730259
-0.754276
-0.783923
-0.81939
-0.860854
-0.908426
-0.962135
-1.02185
-1.08734
-1.15803
-1.23329
-1.3119
-1.39286
-1.47391
-1.55447
-1.63082
-0.713472
-0.716942
-0.72456
-0.737
-0.754517
-0.777187
-0.805115
-0.83844
-0.877287
-0.921712
-0.971686
-1.02705
-1.08749
-1.15248
-1.22132
-1.29297
-1.3663
-1.43957
-1.51166
-1.57994
-0.728061
-0.731423
-0.738798
-0.750832
-0.767772
-0.789684
-0.816651
-0.848787
-0.886189
-0.928891
-0.976836
-1.02984
-1.08759
-1.14955
-1.21501
-1.28301
-1.35239
-1.42164
-1.48942
-1.55366
1.04551
1.0455
1.04544
1.04476
1.04262
1.03778
1.02859
1.01283
0.987633
0.94919
0.892691
0.811427
0.697349
0.537077
0.316009
-0.00809661
-0.480791
-1.28884
-2.60908
-5.059
1.01068
1.01042
1.00967
1.00801
1.00452
0.997949
0.986568
0.968087
0.939538
0.89697
0.835397
0.747859
0.626011
0.456017
0.222873
-0.115753
-0.60647
-1.43132
-2.78076
-5.24627
0.975866
0.975353
0.973925
0.971298
0.966479
0.958172
0.944605
0.923405
0.891497
0.84479
0.778113
0.684251
0.554546
0.374726
0.129263
-0.224127
-0.733601
-1.57605
-2.9563
-5.43775
0.941093
0.940335
0.938242
0.934655
0.928514
0.918487
0.902743
0.878828
0.84356
0.792701
0.72089
0.620659
0.48301
0.293269
0.0352578
-0.333115
-0.862026
-1.72278
-3.13546
-5.6329
0.906387
0.90539
0.902647
0.898115
0.890666
0.878933
0.861023
0.834399
0.795769
0.740748
0.663776
0.557133
0.411457
0.211702
-0.0590766
-0.442631
-0.991622
-1.87123
-3.31796
-5.83101
0.871772
0.870544
0.867169
0.861709
0.852969
0.839546
0.819482
0.790159
0.748168
0.688975
0.606816
0.493718
0.33993
0.130073
-0.153686
-0.552604
-1.12229
-2.0212
-3.5036
-6.03146
0.837271
0.835823
0.831838
0.825469
0.815457
0.800362
0.778161
0.746148
0.700799
0.637426
0.550052
0.430457
0.268474
0.0484249
-0.248524
-0.662972
-1.25397
-2.17248
-3.69227
-6.23378
0.802909
0.80125
0.79668
0.789424
0.778164
0.761417
0.737094
0.702404
0.653699
0.58614
0.493525
0.367389
0.197125
-0.0332071
-0.343551
-0.773685
-1.38659
-2.32492
-3.88387
-6.43756
0.768706
0.76685
0.761724
0.753605
0.74112
0.722743
0.696318
0.658964
0.606909
0.535154
0.437273
0.30455
0.125919
-0.114793
-0.438737
-0.884705
-1.52011
-2.47835
-4.07832
-6.64252
0.734684
0.732646
0.726996
0.71804
0.704357
0.684375
0.655867
0.615863
0.560462
0.484505
0.381329
0.241972
0.0548857
-0.19631
-0.534054
-0.996008
-1.65449
-2.63267
-4.27549
-6.84849
0.700862
0.69866
0.692521
0.682757
0.667904
0.646342
0.615773
0.573134
0.514392
0.434226
0.325726
0.179682
-0.0159505
-0.277744
-0.629484
-1.10759
-1.78969
-2.78782
-4.4752
-7.05548
0.66726
0.664913
0.658322
0.647783
0.631789
0.608674
0.576068
0.530808
0.468732
0.384346
0.270492
0.117705
-0.0865684
-0.359086
-0.725013
-1.21945
-1.92564
-2.94383
-4.67715
-7.26382
0.633894
0.631425
0.624424
0.613142
0.596041
0.571401
0.53678
0.488917
0.423511
0.334894
0.215653
0.0560594
-0.156952
-0.440338
-0.820629
-1.33164
-2.06229
-3.10083
-4.88081
-7.47419
0.60078
0.598217
0.590849
0.578859
0.560684
0.534549
0.497937
0.447487
0.378755
0.285896
0.161233
-0.00523838
-0.227089
-0.521508
-0.916325
-1.44421
-2.19951
-3.25912
-5.08537
-7.68809
0.567934
0.565303
0.557615
0.544955
0.525741
0.498142
0.459564
0.406543
0.33449
0.237373
0.107248
-0.0661771
-0.296976
-0.602612
-1.0121
-1.55724
-2.33715
-3.41914
-5.28945
-7.9075
0.535366
0.532699
0.524737
0.511443
0.491226
0.462193
0.421675
0.3661
0.29073
0.189338
0.0537116
-0.126752
-0.366611
-0.683674
-1.10795
-1.67083
-2.47501
-3.58162
-5.49143
-8.13717
0.503095
0.50043
0.492248
0.478362
0.457179
0.426746
0.384312
0.326197
0.247509
0.14182
0.000643506
-0.186954
-0.435994
-0.764714
-1.20389
-1.78509
-2.61287
-3.74727
-5.68789
-8.38086
0.471145
0.46856
0.460247
0.44584
0.423754
0.391972
0.347661
0.287024
0.20501
0.0949828
-0.0518244
-0.246689
-0.505072
-0.845715
-1.29989
-1.90008
-2.75058
-3.91783
-5.87909
-8.65743
0.439512
0.437077
0.428726
0.413874
0.390958
0.357894
0.311761
0.248635
0.163295
0.0488806
-0.103664
-0.305983
-0.573944
-0.926842
-1.3961
-2.01584
-2.88766
-4.09256
-6.05678
-8.96872
0.408026
0.405423
0.39677
0.381218
0.357235
0.322678
0.274545
0.208801
0.120065
0.00125783
-0.156969
-0.366679
-0.644208
-1.00968
-1.49478
-2.13669
-3.0337
-4.29254
-6.27533
-9.43697
1.70628
1.7098
1.72024
1.73715
1.75999
1.78807
1.82059
1.85647
1.89434
1.93233
1.96782
1.99668
2.01197
2.00163
1.94206
1.77647
1.41232
0.716055
-0.717296
-3.26057
1.67619
1.67943
1.68939
1.70537
1.72686
1.75318
1.78344
1.81652
1.85094
1.88469
1.91491
1.93711
1.94373
1.92158
1.84622
1.65981
1.25891
0.518553
-0.907822
-3.50608
1.64582
1.64911
1.65889
1.67421
1.69466
1.71949
1.74782
1.77847
1.80991
1.84011
1.8662
1.8839
1.88639
1.86178
1.78797
1.6125
1.23552
0.547868
-0.738251
-3.26013
1.61502
1.61833
1.62788
1.64255
1.66198
1.68539
1.71188
1.74023
1.76888
1.79577
1.81805
1.83165
1.83041
1.80365
1.73146
1.56713
1.21521
0.566638
-0.633139
-3.15742
1.5838
1.58705
1.59628
1.61024
1.62858
1.65053
1.67512
1.70111
1.7269
1.75036
1.76863
1.77767
1.77161
1.7403
1.66487
1.50191
1.15645
0.507302
-0.667674
-3.19295
1.55218
1.55534
1.56421
1.57741
1.59462
1.61504
1.63768
1.66125
1.68409
1.70401
1.71808
1.72222
1.71064
1.67348
1.59228
1.42551
1.07855
0.417198
-0.740455
-3.23301
1.52019
1.52324
1.5317
1.5441
1.56016
1.57903
1.59969
1.6208
1.64065
1.65696
1.66675
1.66585
1.64852
1.60512
1.51761
1.34617
0.999144
0.331507
-0.803228
-3.26058
1.48785
1.49076
1.49877
1.51036
1.52524
1.54253
1.56118
1.57981
1.59663
1.60929
1.61473
1.60871
1.58548
1.53561
1.44154
1.26506
0.919513
0.249195
-0.868376
-3.30214
1.45518
1.45793
1.46546
1.4762
1.48987
1.50556
1.52218
1.53829
1.55204
1.56101
1.56203
1.55079
1.52146
1.46477
1.36363
1.18095
0.835662
0.160988
-0.949885
-3.36586
1.42219
1.42476
1.43178
1.44165
1.45408
1.46815
1.48271
1.49627
1.50692
1.51215
1.50869
1.4921
1.45648
1.39257
1.28372
1.09336
0.746001
0.0645861
-1.0471
-3.44699
1.38891
1.39129
1.39776
1.40674
1.41791
1.43033
1.4428
1.4538
1.46131
1.46275
1.45473
1.43268
1.3906
1.3191
1.20198
1.00268
0.651203
-0.0380121
-1.15516
-3.54188
1.35537
1.35754
1.36343
1.3715
1.38139
1.39213
1.4025
1.4109
1.41525
1.41285
1.40021
1.37261
1.32388
1.24449
1.11863
0.909405
0.552157
-0.145267
-1.2717
-3.64974
1.32158
1.32353
1.32882
1.33596
1.34455
1.3536
1.36184
1.36762
1.36877
1.36249
1.34518
1.31193
1.25641
1.16884
1.03383
0.813886
0.44928
-0.25689
-1.39617
-3.77017
1.28757
1.2893
1.29396
1.30014
1.30742
1.31477
1.32087
1.32399
1.32193
1.31174
1.28969
1.25069
1.18826
1.09225
0.947677
0.716337
0.342776
-0.372921
-1.52815
-3.90221
1.25336
1.25486
1.25887
1.2641
1.27005
1.27567
1.27961
1.28008
1.27476
1.26062
1.23378
1.18896
1.11947
1.01481
0.860293
0.616951
0.23289
-0.493217
-1.66694
-4.04467
1.21899
1.22024
1.2236
1.22785
1.23246
1.23635
1.23812
1.23591
1.22732
1.20919
1.17752
1.12679
1.05013
0.936598
0.771783
0.515922
0.119931
-0.617495
-1.81179
-4.19641
1.18447
1.18548
1.18816
1.19143
1.1947
1.19684
1.19643
1.19153
1.17964
1.15751
1.12095
1.06424
0.980302
0.857714
0.682254
0.413432
0.00421602
-0.745459
-1.96212
-4.35639
1.14984
1.15059
1.15259
1.15488
1.15679
1.1572
1.15459
1.14698
1.13179
1.10561
1.06412
1.00137
0.910043
0.778239
0.591814
0.309646
-0.113967
-0.876841
-2.11741
-4.52362
1.11512
1.11562
1.11693
1.11822
1.11878
1.11744
1.11264
1.10232
1.08381
1.05356
1.0071
0.938235
0.839422
0.698255
0.50056
0.204706
-0.234357
-1.01138
-2.27724
-4.69712
1.08033
1.08058
1.0812
1.08151
1.08071
1.07762
1.07063
1.05759
1.03574
1.0014
0.949941
0.874901
0.768501
0.61784
0.408591
0.0987459
-0.356714
-1.14882
-2.44125
-4.87591
2.62168
2.62349
2.62736
2.63348
2.64166
2.65156
2.66275
2.67482
2.68728
2.69965
2.71138
2.72193
2.73071
2.7371
2.74043
2.74
2.73503
2.72471
2.70816
2.68448
2.61384
2.61584
2.62012
2.62688
2.63595
2.64695
2.65947
2.67304
2.6872
2.7014
2.71507
2.72762
2.73839
2.74669
2.75178
2.75284
2.74901
2.73934
2.7229
2.69853
2.59906
2.60139
2.60639
2.6143
2.62494
2.63792
2.6528
2.66911
2.68631
2.70383
2.72103
2.73723
2.75167
2.76353
2.7719
2.77579
2.77414
2.76574
2.74958
2.72385
2.57775
2.58053
2.58648
2.59591
2.60865
2.62427
2.64232
2.66228
2.6836
2.70563
2.72766
2.74889
2.76843
2.78527
2.7983
2.80626
2.80778
2.80132
2.78571
2.75808
2.55017
2.55345
2.56051
2.57172
2.58691
2.60563
2.62741
2.6517
2.67792
2.70536
2.73323
2.7606
2.78642
2.80948
2.82839
2.84156
2.84723
2.84344
2.82872
2.7987
2.51655
2.52038
2.52862
2.54175
2.55958
2.58166
2.60748
2.63651
2.66812
2.70156
2.73595
2.77027
2.80328
2.83356
2.85939
2.87881
2.88955
2.88924
2.87581
2.84312
2.47725
2.48163
2.49106
2.50612
2.52663
2.55212
2.58207
2.61596
2.65315
2.69284
2.73411
2.77584
2.81663
2.85483
2.88839
2.91488
2.93153
2.9356
2.92365
2.88825
2.43273
2.43763
2.4482
2.46511
2.48819
2.51695
2.55089
2.5895
2.63214
2.67801
2.72616
2.77537
2.82415
2.8706
2.91234
2.94647
2.96968
2.97893
2.96793
2.92944
2.38362
2.38898
2.40057
2.41916
2.44457
2.4763
2.51388
2.55682
2.6045
2.65615
2.71078
2.76717
2.82371
2.8783
2.92824
2.97009
3.00016
3.01477
3.00259
2.95919
2.33062
2.33637
2.34883
2.36886
2.39625
2.43052
2.47122
2.5179
2.56996
2.62666
2.68706
2.74989
2.8135
2.87562
2.93319
2.9822
3.01861
3.0372
3.01906
2.96634
2.27452
2.28057
2.29372
2.31489
2.34385
2.38012
2.4233
2.47296
2.52853
2.58933
2.65444
2.72261
2.79214
2.86063
2.92456
2.97923
3.02012
3.03864
3.00592
2.93567
2.21613
2.22239
2.23602
2.25801
2.28809
2.32579
2.37072
2.42248
2.48056
2.54429
2.61281
2.68488
2.75879
2.83192
2.90018
2.95794
2.99961
3.01057
2.94949
2.84822
2.15624
2.16261
2.17654
2.19902
2.22976
2.26827
2.3142
2.36715
2.42663
2.49201
2.56245
2.63674
2.71311
2.78869
2.85851
2.91563
2.95253
2.94478
2.83545
2.68268
2.0956
2.102
2.11604
2.1387
2.16964
2.20838
2.25456
2.30778
2.36754
2.43324
2.50401
2.57866
2.65533
2.73077
2.79876
2.8505
2.87543
2.83488
2.65092
2.41742
2.03491
2.04126
2.05522
2.07778
2.10851
2.14693
2.19265
2.24526
2.30423
2.3689
2.43842
2.5115
2.58616
2.65864
2.721
2.76168
2.76629
2.67727
2.38634
2.0319
1.97476
1.98097
1.99473
2.01692
2.04708
2.08468
2.12932
2.18051
2.23768
2.30009
2.36678
2.43638
2.50668
2.57329
2.62606
2.64945
2.6248
2.47222
2.03775
1.50811
1.91566
1.92167
1.93509
1.9567
1.98596
2.02233
2.06533
2.11442
2.16889
2.2279
2.29032
2.3546
2.41823
2.47609
2.51538
2.51457
2.44997
2.22021
1.60688
0.834223
1.85805
1.86384
1.87686
1.89772
1.92582
1.9606
2.00152
2.04789
2.0989
2.1535
2.21035
2.26761
2.32236
2.36877
2.39145
2.36138
2.24807
1.93215
1.10929
0.005001
1.8023
1.80793
1.8206
1.84067
1.86749
1.90048
1.93898
1.98219
2.02912
2.07849
2.12864
2.17737
2.22131
2.25378
2.25616
2.18764
2.00471
1.58545
0.5435
-0.979164
1.74846
1.75363
1.76577
1.78482
1.81012
1.84106
1.87688
1.91662
1.95907
2.00265
2.04529
2.08427
2.11582
2.13314
2.11675
2.01456
1.7558
1.20853
-0.0669643
-2.11965
2.66451
2.65588
2.64669
2.63696
2.62667
2.6158
2.60435
2.5923
2.57965
2.56639
2.55252
2.53804
2.52295
2.50724
2.49092
2.47399
2.45645
2.43831
2.41958
2.40026
2.67826
2.66925
2.65945
2.64912
2.63824
2.62673
2.61459
2.6018
2.58837
2.57428
2.55953
2.54411
2.52803
2.51128
2.49387
2.4758
2.45707
2.4377
2.4177
2.39707
2.70313
2.69322
2.68208
2.67043
2.65824
2.64538
2.63181
2.61753
2.60253
2.58682
2.57039
2.55323
2.53535
2.51674
2.49742
2.47738
2.45664
2.4352
2.41309
2.39032
2.73754
2.72646
2.71338
2.69981
2.68574
2.67093
2.6553
2.63887
2.62164
2.60362
2.58479
2.56516
2.54473
2.52351
2.50151
2.47873
2.4552
2.43093
2.40595
2.38027
2.78008
2.76771
2.75208
2.73601
2.71952
2.70221
2.68395
2.66479
2.64474
2.62382
2.60202
2.57935
2.55582
2.53145
2.50626
2.48027
2.45351
2.426
2.39779
2.36891
2.83011
2.81656
2.79778
2.77864
2.75929
2.73908
2.71781
2.69556
2.67238
2.64826
2.62324
2.59733
2.57055
2.54293
2.51451
2.48533
2.45543
2.42485
2.39365
2.36188
2.88674
2.87242
2.84995
2.82742
2.80511
2.78196
2.7577
2.73245
2.70626
2.67915
2.65115
2.62227
2.59257
2.56207
2.53083
2.49888
2.46629
2.43311
2.39939
2.36519
2.947
2.93258
2.90654
2.88102
2.85624
2.83067
2.80395
2.77621
2.74753
2.71791
2.68737
2.65594
2.62366
2.59057
2.55672
2.52217
2.48697
2.45118
2.41486
2.37808
3.0028
2.98925
2.96085
2.93364
2.90742
2.88025
2.85178
2.82217
2.79146
2.75967
2.72682
2.69295
2.6581
2.62233
2.58569
2.54825
2.51006
2.4712
2.43172
2.3917
3.03948
3.0278
2.99928
2.97221
2.94577
2.91793
2.88848
2.85756
2.82523
2.79152
2.75647
2.72014
2.68258
2.64388
2.60409
2.56329
2.52156
2.47896
2.43558
2.39149
3.03787
3.02913
3.00303
2.97796
2.95254
2.92502
2.89539
2.86379
2.8303
2.795
2.75794
2.71922
2.67893
2.63714
2.59394
2.54943
2.50369
2.45681
2.40888
2.35997
2.97731
2.97273
2.95126
2.9297
2.90645
2.88031
2.85141
2.81989
2.78588
2.74948
2.7108
2.66993
2.62701
2.58212
2.53539
2.48691
2.4368
2.38515
2.33207
2.27764
2.83694
2.83809
2.82288
2.80602
2.78607
2.76238
2.73512
2.70447
2.67057
2.63356
2.59359
2.55078
2.50527
2.4572
2.40671
2.35391
2.29894
2.24192
2.18297
2.12217
2.59569
2.6046
2.59676
2.58557
2.56991
2.54955
2.52468
2.49548
2.46213
2.42481
2.38367
2.33889
2.29063
2.23907
2.18435
2.12664
2.06607
2.0028
1.93697
1.86866
2.23143
2.25056
2.25058
2.24572
2.23506
2.21864
2.19666
2.16929
2.13673
2.09917
2.05681
2.00985
1.95847
1.90288
1.84325
1.77977
1.71263
1.64199
1.568
1.49077
1.72121
1.75349
1.76103
1.76262
1.75701
1.74462
1.72556
1.70001
1.66814
1.63017
1.58629
1.53673
1.4817
1.42143
1.35612
1.286
1.21127
1.13212
1.04872
0.961202
1.04247
1.08928
1.1011
1.10747
1.10543
1.09602
1.07899
1.0545
1.02269
0.983756
0.93789
0.885301
0.826208
0.760832
0.689392
0.612115
0.529226
0.440937
0.347415
0.248798
0.155368
0.218469
0.231352
0.241068
0.240569
0.232547
0.216238
0.191912
0.159523
0.119174
0.0709682
0.0150682
-0.0483303
-0.119007
-0.196724
-0.281225
-0.372246
-0.469549
-0.572957
-0.682315
-0.918269
-0.840665
-0.839769
-0.836685
-0.843993
-0.856881
-0.877835
-0.906906
-0.944595
-0.990914
-1.04581
-1.10911
-1.18057
-1.2599
-1.34682
-1.44099
-1.54208
-1.64981
-1.76398
-1.88439
-2.27502
-2.18469
-2.20299
-2.20956
-2.2275
-2.25066
-2.28271
-2.32319
-2.37251
-2.43053
-2.49714
-2.57213
-2.65528
-2.74632
-2.84497
-2.95092
-3.06386
-3.18351
-3.30968
-3.4422
2.38037
2.35992
2.33892
2.31739
2.29534
2.27279
2.24976
2.22627
2.20234
2.17799
2.15324
2.12812
2.10265
2.07685
2.05075
2.02436
1.99773
1.97086
1.94378
1.91654
2.37584
2.35402
2.33162
2.30868
2.28521
2.26123
2.23678
2.21189
2.18657
2.16086
2.1348
2.10842
2.08174
2.05481
2.02766
2.00031
1.97282
1.9452
1.91745
1.88986
2.3669
2.34287
2.31824
2.29304
2.26731
2.24107
2.21436
2.18722
2.15968
2.13179
2.10358
2.0751
2.04639
2.01749
1.98847
1.95935
1.9302
1.90101
1.8717
1.84328
2.35393
2.32696
2.2994
2.27127
2.24263
2.21352
2.18397
2.15405
2.12379
2.09326
2.06249
2.03156
2.00052
1.96942
1.93831
1.90728
1.87637
1.8455
1.8144
1.78559
2.33939
2.3093
2.27868
2.24758
2.21605
2.18415
2.15193
2.11946
2.0868
2.054
2.02113
1.98823
1.95538
1.92262
1.89
1.85759
1.82544
1.79321
1.76041
1.73198
2.32958
2.29684
2.2637
2.23022
2.19646
2.16249
2.12836
2.09413
2.05986
2.02558
1.99136
1.95723
1.92322
1.88936
1.8557
1.8223
1.78915
1.75558
1.72109
1.69326
2.33056
2.29558
2.26031
2.2248
2.18911
2.15329
2.1174
2.08148
2.04557
2.00972
1.97396
1.93833
1.90285
1.86755
1.83247
1.79772
1.76322
1.72799
1.69177
1.66427
2.34088
2.30334
2.26553
2.22749
2.18929
2.15097
2.11258
2.07417
2.03578
1.99745
1.95921
1.92108
1.8831
1.84528
1.80769
1.77049
1.73346
1.69522
1.6558
1.62733
2.35119
2.31028
2.26902
2.22748
2.1857
2.14374
2.10165
2.05948
2.01725
1.97501
1.93278
1.89058
1.84844
1.80635
1.76446
1.72297
1.68141
1.63756
1.59174
1.56073
2.34674
2.30145
2.25567
2.20945
2.16287
2.11597
2.0688
2.02141
1.97383
1.92608
1.87821
1.83021
1.78205
1.73377
1.68559
1.63787
1.58959
1.53688
1.48046
1.44585
2.31016
2.25957
2.20825
2.15627
2.10369
2.05056
1.99695
1.94287
1.88837
1.83347
1.77819
1.7225
1.6663
1.60964
1.55305
1.49717
1.43984
1.37407
1.30136
1.26269
2.22195
2.16512
2.10723
2.04834
1.98851
1.9278
1.86626
1.80391
1.74079
1.67692
1.61231
1.54686
1.48032
1.4128
1.34551
1.27968
1.21089
1.12621
1.0286
0.985657
2.05962
1.99549
1.92982
1.86269
1.79418
1.72434
1.6532
1.58077
1.50709
1.43221
1.35614
1.27859
1.19899
1.11756
1.03689
0.95941
0.876475
0.764464
0.628888
0.581976
1.798
1.72517
1.65022
1.57325
1.49432
1.41349
1.33078
1.24618
1.15969
1.07141
0.981375
0.889049
0.793191
0.694027
0.596575
0.505856
0.406681
0.257602
0.0678769
0.0197065
1.41046
1.32728
1.2413
1.15261
1.06129
0.967382
0.870899
0.771781
0.669982
0.565642
0.458944
0.349148
0.234019
0.113339
-0.00448687
-0.109164
-0.2233
-0.415048
-0.673707
-0.719338
0.86975
0.774636
0.675929
0.573735
0.468132
0.359175
0.246873
0.131137
0.0118618
-0.110777
-0.236284
-0.365185
-0.50065
-0.644311
-0.784786
-0.903285
-1.02654
-1.2571
-1.59478
-1.6432
0.145325
0.037351
-0.0750421
-0.191723
-0.312594
-0.437566
-0.566574
-0.699644
-0.83688
-0.978116
-1.12254
-1.26994
-1.4237
-1.58796
-1.75163
-1.88671
-2.01562
-2.27441
-2.69367
-2.76562
-0.79727
-0.91733
-1.04238
-1.17225
-1.30681
-1.44593
-1.58948
-1.7374
-1.88978
-2.04664
-2.20738
-2.37115
-2.54045
-2.72193
-2.91009
-3.07255
-3.21611
-3.49236
-3.97582
-4.082
-2.01051
-2.1417
-2.27783
-2.41873
-2.56426
-2.71434
-2.86887
-3.02785
-3.19142
-3.35996
-3.53366
-3.71192
-3.89549
-4.09053
-4.29963
-4.4964
-4.66241
-4.92465
-5.40241
-5.49477
-3.58051
-3.72391
-3.87234
-4.02564
-4.18368
-4.34633
-4.51352
-4.68516
-4.86123
-5.04184
-5.22717
-5.41674
-5.60908
-5.80464
-6.00721
-6.20592
-6.36523
-6.52632
-6.82706
-6.81599
1.85005
1.73955
1.62291
1.50078
1.37408
1.24352
1.10948
0.972066
0.831268
0.686895
0.538635
0.386251
0.229965
0.0710427
-0.087459
-0.239846
-0.377109
-0.486964
-0.555342
-0.570057
-0.526626
-0.433487
-0.31151
-0.186156
-0.0776995
0.00378273
0.0573965
0.0875501
0.100379
0.101626
0.0958149
0.0861505
0.0747646
0.0629344
0.0514512
0.0405652
0.0305695
0.0210139
0.0124095
0.00323892
1.82432
1.71226
1.59381
1.47092
1.34461
1.21509
1.08243
0.946683
0.807774
0.665297
0.518585
0.366971
0.210225
0.0491931
-0.113343
-0.271645
-0.416154
-0.533441
-0.607792
-0.625285
-0.580352
-0.481662
-0.351561
-0.217437
-0.101063
-0.0132113
0.0451706
0.078759
0.0940252
0.096999
0.0924206
0.0836437
0.0729063
0.0615548
0.0504353
0.039824
0.0300552
0.0206679
0.0122408
0.00316583
1.78295
1.66794
1.54537
1.42118
1.29591
1.16844
1.03831
0.905624
0.770198
0.631229
0.487468
0.337569
0.18055
0.0164968
-0.152394
-0.320489
-0.477504
-0.608199
-0.694002
-0.717731
-0.671551
-0.564211
-0.420551
-0.271427
-0.141385
-0.0425257
0.0240814
0.0635802
0.0830328
0.0889728
0.0865129
0.0792661
0.0696501
0.0591314
0.0486447
0.0385179
0.0291414
0.020062
0.0119235
0.00305423
1.73907
1.61987
1.49129
1.36578
1.24193
1.11667
0.989354
0.860223
0.728884
0.594063
0.45393
0.306445
0.14979
-0.0168819
-0.192214
-0.370975
-0.542399
-0.689465
-0.790361
-0.8238
-0.778641
-0.663045
-0.50443
-0.337841
-0.191431
-0.0791758
-0.00245991
0.0443545
0.0690213
0.0786787
0.078891
0.0735874
0.0654053
0.055959
0.046292
0.0367978
0.0279332
0.0192619
0.0114959
0.00291634
1.70383
1.57881
1.44437
1.31744
1.19371
1.0692
0.943558
0.817028
0.688883
0.557477
0.420587
0.27565
0.120127
-0.0477313
-0.227506
-0.414655
-0.59842
-0.760611
-0.876727
-0.921595
-0.880384
-0.759753
-0.588782
-0.406272
-0.244092
-0.118438
-0.0313309
0.0231649
0.0534025
0.0670899
0.0702364
0.0670911
0.0605183
0.0522874
0.043557
0.0347914
0.0265188
0.0183244
0.0109899
0.00276048
1.67761
1.54531
1.40723
1.27747
1.15153
1.0259
0.900349
0.774856
0.64839
0.519144
0.384732
0.242289
0.0887665
-0.0783085
-0.259401
-0.450807
-0.642209
-0.815011
-0.943085
-0.998422
-0.962953
-0.841244
-0.662676
-0.468497
-0.293627
-0.156473
-0.0600003
0.0016912
0.0373096
0.0549864
0.0610959
0.0601663
0.0552694
0.0483193
0.0405862
0.0326037
0.0249707
0.017297
0.0104308
0.00259381
1.65201
1.51149
1.37219
1.23723
1.10818
0.980758
0.854541
0.729216
0.603603
0.475894
0.343696
0.204036
0.0535956
-0.110593
-0.289716
-0.480901
-0.674522
-0.852205
-0.987275
-1.05023
-1.02075
-0.901244
-0.720162
-0.519587
-0.336344
-0.190687
-0.0866966
-0.0188621
0.0215707
0.0429468
0.0518808
0.0531099
0.0498746
0.0442133
0.0374951
0.0303182
0.0233468
0.0162178
0.00983872
0.00242224
1.61454
1.46505
1.32771
1.18616
1.05628
0.928222
0.802074
0.677409
0.553008
0.427169
0.297614
0.161437
0.0152737
-0.144095
-0.318369
-0.50541
-0.696394
-0.873613
-1.01072
-1.07793
-1.05378
-0.938755
-0.759569
-0.55767
-0.370542
-0.21971
-0.110391
-0.0377448
0.00672889
0.0313662
0.0428811
0.0461366
0.0444939
0.0400883
0.0343721
0.0279992
0.0216923
0.0151167
0.00922969
0.00225043
1.55028
1.39292
1.26469
1.11728
0.991707
0.86538
0.741332
0.618907
0.496967
0.374024
0.248021
0.116272
-0.0244386
-0.17736
-0.344501
-0.524329
-0.708854
-0.881332
-1.01638
-1.08487
-1.06507
-0.955982
-0.782073
-0.583074
-0.396037
-0.243148
-0.13066
-0.054581
-0.00690801
0.020488
0.0342863
0.0393929
0.0392401
0.036031
0.0312822
0.0256951
0.0200414
0.0140167
0.00861611
0.00208193
1.4448
1.28323
1.17603
1.02609
0.911685
0.790528
0.671747
0.553963
0.436363
0.317794
0.196537
0.0702645
-0.0639302
-0.209137
-0.367483
-0.537912
-0.713265
-0.877937
-1.00793
-1.07539
-1.05901
-0.956647
-0.79034
-0.597388
-0.413594
-0.261262
-0.147506
-0.0692677
-0.0192083
0.0104398
0.0262083
0.0329725
0.0341893
0.0321014
0.0282721
0.0234412
0.0184195
0.012935
0.0080074
0.00191934
1.28289
1.12415
1.05371
0.909312
0.813847
0.702782
0.593375
0.483212
0.372218
0.259731
0.144524
0.024752
-0.102044
-0.23864
-0.387121
-0.546788
-0.711269
-0.866183
-0.98914
-1.05396
-1.04019
-0.944852
-0.787537
-0.602731
-0.424446
-0.27467
-0.161189
-0.08188
-0.030161
0.0012669
0.018702
0.0269287
0.0293885
0.0283393
0.0253738
0.0212623
0.0168448
0.0118841
0.0074106
0.00176442
1.04586
0.904994
0.88887
0.765362
0.69657
0.602131
0.506761
0.407518
0.305549
0.200902
0.0930172
-0.0193357
-0.138061
-0.265501
-0.403565
-0.551796
-0.704553
-0.84868
-0.963484
-1.02463
-1.01279
-0.924404
-0.776718
-0.601261
-0.429947
-0.284137
-0.172099
-0.0925937
-0.0398302
-0.00703987
0.0117829
0.0212863
0.0248642
0.0247689
0.0226078
0.019175
0.01533
0.0108726
0.00683085
0.00161826
0.712802
0.621815
0.675368
0.594679
0.559602
0.489354
0.41284
0.327881
0.237313
0.14217
0.0427585
-0.0614156
-0.171613
-0.28965
-0.417157
-0.553815
-0.694644
-0.827666
-0.933848
-0.990731
-0.98026
-0.898496
-0.760513
-0.594914
-0.431378
-0.290435
-0.180665
-0.101631
-0.0483207
-0.0145228
0.00544064
0.0160502
0.0206276
0.0214031
0.0199864
0.0171896
0.0138832
0.00990614
0.00627182
0.00148141
0.268307
0.282278
0.413268
0.399148
0.404719
0.366154
0.313093
0.245542
0.168486
0.0842772
-0.00571727
-0.101148
-0.202563
-0.311192
-0.428308
-0.553644
-0.682801
-0.8049
-0.902467
-0.954839
-0.945268
-0.869627
-0.74103
-0.585291
-0.429846
-0.294266
-0.187303
-0.109223
-0.0557549
-0.0212419
-0.000350497
0.0112124
0.0166794
0.0182464
0.0175152
0.0153116
0.0125092
0.0089883
0.00573601
0.001354
-0.299007
-0.103798
0.10663
0.180103
0.235347
0.235241
0.209708
0.162148
0.100236
0.0280075
-0.0519292
-0.138294
-0.230881
-0.3303
-0.437412
-0.551925
-0.669953
-0.78163
-0.87091
-0.918776
-0.909742
-0.839638
-0.719864
-0.573649
-0.426252
-0.296229
-0.192385
-0.115591
-0.0622575
-0.0272648
-0.00562544
0.00675644
0.013013
0.0152972
0.0151953
0.0135429
0.0112102
0.00812057
0.00522496
0.00123583
-1.02262
-0.553968
-0.247745
-0.0663456
0.0530761
0.0985856
0.104521
0.0791637
0.0336233
-0.0259304
-0.0954602
-0.172672
-0.256574
-0.34714
-0.444786
-0.549129
-0.656721
-0.758644
-0.840148
-0.883688
-0.87494
-0.809782
-0.698149
-0.560919
-0.421298
-0.296813
-0.196232
-0.120934
-0.0679496
-0.0326634
-0.0104265
0.00265761
0.00961422
0.0125478
0.0130226
0.0118815
0.00998577
0.00730275
0.00473925
0.00112637
-1.9748
-1.13476
-0.670195
-0.353125
-0.147736
-0.0466365
-0.00399195
-0.00424446
-0.0318305
-0.0778515
-0.136561
-0.204515
-0.279882
-0.361978
-0.450748
-0.545661
-0.64363
-0.736589
-0.81094
-0.850417
-0.841743
-0.780927
-0.676676
-0.547775
-0.415516
-0.296406
-0.199111
-0.125428
-0.0729431
-0.0375075
-0.0147963
-0.00110973
0.00646803
0.00998935
0.0109924
0.010325
0.00883488
0.00653426
0.00427922
0.00102509
-3.19068
-1.90455
-1.17315
-0.687948
-0.374736
-0.206603
-0.12081
-0.0919363
-0.0990544
-0.129959
-0.176881
-0.235052
-0.301713
-0.375496
-0.455871
-0.542136
-0.631478
-0.716523
-0.784562
-0.820324
-0.811441
-0.754178
-0.65633
-0.53489
-0.409394
-0.295344
-0.201233
-0.129192
-0.0772928
-0.0418126
-0.0187293
-0.004531
0.00359117
0.00763734
0.00911745
0.00888266
0.00776429
0.00581905
0.00384742
0.00093263
-4.48393
-2.75147
-1.68039
-1.02495
-0.604402
-0.369375
-0.240201
-0.181558
-0.167463
-0.182568
-0.21716
-0.265187
-0.322996
-0.388579
-0.460982
-0.539354
-0.621099
-0.699377
-0.762098
-0.79465
-0.785353
-0.730778
-0.638136
-0.523009
-0.40341
-0.293885
-0.202696
-0.132221
-0.0809391
-0.0455002
-0.0221492
-0.00754199
0.00103324
0.00552761
0.00742248
0.00757066
0.0067843
0.00516265
0.00344708
0.000850024
-5.33097
-3.31267
-1.9739
-1.22612
-0.744422
-0.473983
-0.320776
-0.245006
-0.217968
-0.222863
-0.249035
-0.289767
-0.340891
-0.399943
-0.465577
-0.536708
-0.61089
-0.681962
-0.738855
-0.767948
-0.758259
-0.706465
-0.619058
-0.510221
-0.396518
-0.291588
-0.203459
-0.13472
-0.0842173
-0.0489484
-0.0254193
-0.0104587
-0.00146218
0.00346337
0.00576324
0.00628858
0.00582844
0.00452496
0.00305882
0.000767794
-5.22334
-3.32157
-1.90107
-1.17864
-0.70617
-0.449583
-0.305725
-0.236925
-0.214655
-0.222744
-0.250921
-0.292689
-0.34389
-0.401806
-0.464575
-0.530533
-0.597145
-0.659297
-0.708086
-0.732161
-0.72184
-0.67379
-0.593348
-0.49283
-0.386964
-0.288211
-0.204239
-0.137853
-0.0883655
-0.0532498
-0.0293943
-0.013889
-0.00429126
0.00121157
0.00402002
0.00499095
0.0048927
0.0039191
0.00270302
0.000676805
-5.13058
-3.35268
-1.91338
-1.20697
-0.737068
-0.480477
-0.334504
-0.262887
-0.237631
-0.2428
-0.268186
-0.307257
-0.35577
-0.410875
-0.470549
-0.532961
-0.595493
-0.653201
-0.69767
-0.718247
-0.705926
-0.657789
-0.579101
-0.481606
-0.379207
-0.283647
-0.202183
-0.137523
-0.0890744
-0.0544841
-0.0308124
-0.0152854
-0.00555724
0.000126433
0.00312703
0.00429068
0.0043643
0.00356384
0.00248454
0.00062741
-5.18187
-3.42477
-1.95899
-1.24963
-0.7785
-0.518874
-0.369606
-0.294255
-0.265249
-0.266755
-0.288612
-0.324258
-0.369398
-0.421128
-0.477385
-0.536324
-0.59534
-0.649557
-0.690742
-0.708539
-0.694334
-0.645547
-0.567529
-0.471779
-0.371724
-0.278585
-0.199234
-0.136192
-0.0888501
-0.0549342
-0.0316157
-0.0162239
-0.00649532
-0.000732385
0.00238532
0.00368702
0.00389516
0.00324158
0.00228103
0.000586463
-5.27579
-3.49172
-2.0137
-1.29418
-0.820928
-0.556446
-0.403193
-0.323739
-0.290903
-0.288785
-0.307215
-0.339557
-0.381447
-0.42991
-0.482832
-0.538345
-0.593862
-0.644624
-0.682658
-0.697975
-0.68234
-0.6334
-0.556452
-0.46266
-0.364972
-0.274153
-0.196766
-0.135199
-0.0888492
-0.0555259
-0.0325058
-0.0172141
-0.00746345
-0.0016082
0.0016343
0.00307857
0.00342369
0.00291865
0.00207716
0.000547234
-5.39884
-3.55821
-2.07551
-1.34065
-0.864701
-0.594211
-0.436453
-0.35251
-0.315633
-0.309777
-0.324733
-0.353771
-0.392441
-0.437686
-0.487325
-0.539446
-0.591471
-0.638768
-0.673661
-0.686588
-0.669718
-0.620905
-0.545327
-0.453743
-0.35857
-0.270117
-0.194665
-0.134507
-0.0890778
-0.0562828
-0.0335102
-0.0182808
-0.00848161
-0.00251583
0.000863569
0.00245852
0.00294569
0.00259272
0.0018719
0.000509068
-5.53635
-3.62408
-2.14202
-1.38897
-0.909668
-0.632348
-0.469702
-0.380991
-0.339912
-0.330206
-0.341617
-0.367305
-0.402734
-0.444763
-0.491145
-0.539924
-0.588528
-0.632451
-0.66432
-0.674993
-0.657033
-0.608475
-0.534363
-0.445038
-0.352392
-0.266283
-0.192728
-0.133937
-0.0893907
-0.0570953
-0.0345497
-0.0193691
-0.0095124
-0.00343058
8.9056e-05
0.00183676
0.00246705
0.00226695
0.0016667
0.000472439
-5.68436
-3.69203
-2.21235
-1.43923
-0.955662
-0.670811
-0.502879
-0.409142
-0.36371
-0.35006
-0.357866
-0.380171
-0.412348
-0.451171
-0.49433
-0.539825
-0.585094
-0.625759
-0.654749
-0.663336
-0.644449
-0.596273
-0.523689
-0.436625
-0.346465
-0.262642
-0.190925
-0.133454
-0.0897564
-0.0579377
-0.0356049
-0.0204648
-0.0105461
-0.00434591
-0.000684963
0.00121594
0.00198937
0.00194217
0.00146193
0.000437391
-5.83942
-3.76312
-2.2857
-1.49147
-1.00256
-0.709585
-0.535965
-0.436954
-0.387018
-0.369328
-0.373476
-0.392372
-0.421294
-0.456933
-0.49691
-0.539185
-0.581206
-0.618726
-0.644975
-0.651634
-0.631978
-0.584309
-0.51332
-0.428525
-0.340811
-0.259215
-0.189274
-0.133073
-0.0901851
-0.0588178
-0.0366817
-0.0215695
-0.011588
-0.00526182
-0.00145877
0.000594977
0.00151384
0.00161698
0.00125887
0.000403597
-5.99983
-3.83828
-2.36163
-1.5457
-1.05029
-0.748673
-0.568967
-0.464446
-0.409857
-0.38804
-0.388478
-0.403944
-0.429616
-0.462095
-0.49894
-0.538063
-0.576926
-0.611413
-0.635056
-0.639933
-0.619649
-0.572595
-0.503261
-0.420737
-0.335433
-0.256005
-0.187781
-0.132797
-0.0906811
-0.059738
-0.0377812
-0.0226891
-0.0126338
-0.00618233
-0.00223427
-2.54488e-05
0.00103727
0.00129371
0.00105487
0.000371329
-6.16436
-3.91794
-2.43983
-1.60192
-1.09881
-0.788096
-0.601904
-0.491652
-0.432264
-0.406232
-0.402914
-0.414933
-0.437361
-0.466713
-0.500476
-0.536522
-0.572321
-0.603891
-0.625058
-0.628293
-0.607506
-0.561159
-0.493522
-0.413262
-0.330326
-0.253006
-0.18644
-0.132624
-0.0912424
-0.0606978
-0.0389036
-0.0238213
-0.0136859
-0.00710571
-0.00301073
-0.000645875
0.000561122
0.000971064
0.000851194
0.000340261
-6.33228
-4.00238
-2.52019
-1.66012
-1.14812
-0.827883
-0.634808
-0.518608
-0.454276
-0.423945
-0.416826
-0.425383
-0.444581
-0.470839
-0.501578
-0.534621
-0.567454
-0.596223
-0.615045
-0.616767
-0.595591
-0.550028
-0.484118
-0.406106
-0.325488
-0.250216
-0.185248
-0.13255
-0.0918669
-0.0616958
-0.0400479
-0.0249654
-0.0147441
-0.00803181
-0.00378806
-0.00126627
8.5401e-05
0.000649042
0.000647857
0.000310277
-6.50312
-4.0917
-2.60267
-1.7203
-1.19825
-0.868078
-0.667722
-0.54536
-0.475936
-0.441225
-0.43026
-0.435345
-0.451326
-0.474529
-0.502302
-0.532423
-0.562388
-0.588471
-0.605073
-0.605404
-0.58394
-0.539226
-0.475059
-0.399269
-0.320918
-0.247629
-0.184201
-0.132573
-0.0925527
-0.0627308
-0.0412137
-0.0261211
-0.0158082
-0.00896052
-0.00456625
-0.00188661
-0.000389886
0.000327623
0.000444882
0.000281239
-6.67662
-4.18594
-2.68731
-1.78248
-1.24925
-0.908734
-0.700696
-0.571961
-0.497297
-0.458121
-0.443269
-0.444871
-0.457652
-0.47784
-0.502707
-0.529986
-0.557182
-0.580694
-0.595196
-0.594248
-0.572586
-0.528769
-0.466352
-0.392753
-0.316611
-0.245244
-0.183296
-0.132691
-0.0932986
-0.0638022
-0.0424004
-0.0272883
-0.0168781
-0.00989183
-0.00534529
-0.00250693
-0.000864767
6.75573e-06
0.000242258
0.000253008
-6.85263
-4.2851
-2.77421
-1.84669
-1.30118
-0.949917
-0.733794
-0.598471
-0.518415
-0.474689
-0.455906
-0.454016
-0.463615
-0.480828
-0.502852
-0.527369
-0.551896
-0.572948
-0.585464
-0.583342
-0.561556
-0.518676
-0.458005
-0.386558
-0.312567
-0.243055
-0.18253
-0.132902
-0.0941031
-0.064909
-0.0436076
-0.0284667
-0.0179538
-0.0108257
-0.00612515
-0.00312722
-0.00133924
-0.000313592
3.99875e-05
0.000225453
-7.03112
-4.38916
-2.86351
-1.91298
-1.35413
-0.991701
-0.767087
-0.624954
-0.53935
-0.490988
-0.468228
-0.462837
-0.469271
-0.48355
-0.502793
-0.524629
-0.546583
-0.565286
-0.575925
-0.572721
-0.550877
-0.50896
-0.450022
-0.380682
-0.308779
-0.241059
-0.181899
-0.133202
-0.0949646
-0.0660504
-0.0448348
-0.029656
-0.0190349
-0.011762
-0.0069058
-0.00374747
-0.00181332
-0.000633457
-0.000161926
0.000198442
-7.21211
-4.4981
-2.95535
-1.98142
-1.40819
-1.03417
-0.800653
-0.651483
-0.56017
-0.507079
-0.480296
-0.471392
-0.474676
-0.486063
-0.502585
-0.52182
-0.541297
-0.557754
-0.56662
-0.562419
-0.540571
-0.499632
-0.442406
-0.375124
-0.305245
-0.239252
-0.181401
-0.133591
-0.0958819
-0.0672256
-0.0460815
-0.030856
-0.0201215
-0.0127006
-0.0076872
-0.00436769
-0.00228701
-0.000952882
-0.000363483
0.000171839
-7.39571
-4.61193
-3.0499
-2.0521
-1.46347
-1.07742
-0.834579
-0.678132
-0.580943
-0.523027
-0.492169
-0.479738
-0.479889
-0.488421
-0.502281
-0.518993
-0.536086
-0.550399
-0.557588
-0.552466
-0.530657
-0.490702
-0.435159
-0.36988
-0.301961
-0.237629
-0.181031
-0.134065
-0.0968535
-0.0684337
-0.0473473
-0.0320664
-0.0212133
-0.0136416
-0.00846933
-0.00498786
-0.00276032
-0.00127191
-0.000564686
0.000145507
-7.58218
-4.73074
-3.14737
-2.12515
-1.52009
-1.12155
-0.868955
-0.704982
-0.601741
-0.538898
-0.50391
-0.487934
-0.484963
-0.490677
-0.501933
-0.516197
-0.530995
-0.543261
-0.548862
-0.542887
-0.52115
-0.482176
-0.42828
-0.364948
-0.298921
-0.236187
-0.180787
-0.134623
-0.097878
-0.069674
-0.0486316
-0.033287
-0.0223103
-0.0145848
-0.00925214
-0.005608
-0.00323326
-0.00159058
-0.000765534
0.00011931
-7.77185
-4.8547
-3.24798
-2.20072
-1.57819
-1.16668
-0.903885
-0.732118
-0.622642
-0.55476
-0.515581
-0.496039
-0.489955
-0.492884
-0.501589
-0.513477
-0.526066
-0.536377
-0.540473
-0.533704
-0.512065
-0.474061
-0.42177
-0.360322
-0.29612
-0.234921
-0.180666
-0.135261
-0.0989541
-0.0709456
-0.0499342
-0.0345175
-0.0234122
-0.0155302
-0.0100356
-0.00622809
-0.00370585
-0.00190894
-0.000966032
9.3112e-05
-7.96472
-4.98388
-3.35198
-2.279
-1.63792
-1.21293
-0.939483
-0.759636
-0.643729
-0.570686
-0.527248
-0.504112
-0.494918
-0.495091
-0.501296
-0.510875
-0.521338
-0.529779
-0.532449
-0.524938
-0.503413
-0.466359
-0.415626
-0.356
-0.293555
-0.233827
-0.180665
-0.13598
-0.100081
-0.0722477
-0.0512544
-0.0357576
-0.0245189
-0.0164776
-0.0108197
-0.00684812
-0.00417807
-0.00222704
-0.00116618
6.67785e-05
)
;

boundaryField
{
    inlet
    {
        type            freestreamPressure;
        freestreamValue uniform 0;
        supersonic      false;
        value           nonuniform List<scalar> 
80
(
0.363598
0.306324
0.246455
0.183941
0.119016
0.0519857
-0.0167731
-0.0867975
-0.157526
-0.228298
-0.298354
-0.36684
-0.432818
-0.495273
-0.553118
-0.605192
-0.65024
-0.686871
-0.713472
-0.728061
1.04551
1.01068
0.975866
0.941093
0.906387
0.871772
0.837271
0.802909
0.768706
0.734684
0.700862
0.66726
0.633894
0.60078
0.567934
0.535366
0.503095
0.471145
0.439512
0.408026
1.70628
1.67619
1.64582
1.61502
1.5838
1.55218
1.52019
1.48785
1.45518
1.42219
1.38891
1.35537
1.32158
1.28757
1.25336
1.21899
1.18447
1.14984
1.11512
1.08033
2.62168
2.61384
2.59906
2.57775
2.55017
2.51655
2.47725
2.43273
2.38362
2.33062
2.27452
2.21613
2.15624
2.0956
2.03491
1.97476
1.91566
1.85805
1.8023
1.74846
)
;
    }
    outlet
    {
        type            freestreamPressure;
        freestreamValue uniform 0;
        supersonic      false;
        value           nonuniform List<scalar> 
80
(
-1.63431e-07
-1.79335e-07
-1.93633e-07
-2.08018e-07
-2.21741e-07
-2.34002e-07
-2.44156e-07
-2.51486e-07
-2.55171e-07
-2.54339e-07
-2.4814e-07
-2.35848e-07
-2.16998e-07
-1.91557e-07
-1.60131e-07
-1.24182e-07
-8.62195e-08
-4.99228e-08
-2.00989e-08
-2.40975e-09
9.69866e-09
3.25094e-09
-3.33511e-09
-1.0037e-08
-1.68739e-08
-2.38628e-08
-3.10208e-08
-3.83633e-08
-4.5903e-08
-5.36507e-08
-6.16173e-08
-6.98132e-08
-7.82449e-08
-8.70113e-08
-9.59017e-08
-1.05033e-07
-1.14369e-07
-1.23803e-07
-1.33451e-07
-1.44484e-07
1.56046e-07
1.4559e-07
1.36887e-07
1.28425e-07
1.20065e-07
1.11931e-07
1.0405e-07
9.63576e-08
8.89338e-08
8.17134e-08
7.46803e-08
6.78127e-08
6.10874e-08
5.4483e-08
4.79766e-08
4.15446e-08
3.51625e-08
2.88058e-08
2.24504e-08
1.60722e-08
3.02648e-09
2.50592e-08
6.15383e-08
1.0478e-07
1.4851e-07
1.88266e-07
2.21356e-07
2.46557e-07
2.63732e-07
2.73451e-07
2.76685e-07
2.74564e-07
2.68221e-07
2.58699e-07
2.46893e-07
2.33518e-07
2.19164e-07
2.04569e-07
1.90501e-07
1.75178e-07
)
;
    }
    top
    {
        type            symmetryPlane;
    }
    bottom
    {
        type            symmetryPlane;
    }
    cylinder
    {
        type            zeroGradient;
    }
    frontandback
    {
        type            empty;
    }
}


// ************************************************************************* //
