/*--------------------------------*- C++ -*----------------------------------*\
  =========                 |
  \\      /  F ield         | OpenFOAM: The Open Source CFD Toolbox
   \\    /   O peration     | Website:  https://openfoam.org
    \\  /    A nd           | Version:  6.0
     \\/     M anipulation  |
\*---------------------------------------------------------------------------*/
FoamFile
{
    version     2.0;
    format      ascii;
    class       surfaceScalarField;
    location    "23.25";
    object      phi;
}
// * * * * * * * * * * * * * * * * * * * * * * * * * * * * * * * * * * * * * //

dimensions      [0 3 -1 0 0 0 0];

internalField   nonuniform List<scalar> 
4670
(
0.0127301
-0.77412
0.76139
0.0351087
-0.800531
0.778153
0.0578975
-0.828732
0.805943
0.078596
-0.830499
0.809801
0.0974245
-0.821016
0.802188
0.115225
-0.808467
0.790667
0.132701
-0.796805
0.779328
0.150212
-0.787281
0.76977
0.168061
-0.780068
0.76222
-0.777046
0.758333
0.186775
0.0130071
-0.787127
0.0346679
-0.822192
0.0562182
-0.850282
0.0755275
-0.849809
0.093013
-0.838502
0.109581
-0.825035
0.125893
-0.813117
0.142223
-0.803611
0.158819
-0.796664
-0.794362
0.176136
0.0128879
-0.800015
0.0334784
-0.842783
0.0535099
-0.870314
0.0711441
-0.867443
0.0869877
-0.854345
0.102007
-0.840055
0.116807
-0.827918
0.13153
-0.818334
0.146295
-0.811429
-0.809381
0.161314
0.0123693
-0.812385
0.0315876
-0.862001
0.0498813
-0.888607
0.0656586
-0.88322
0.0796528
-0.868339
0.0928656
-0.853267
0.105921
-0.840973
0.119027
-0.83144
0.132379
-0.824781
-0.823078
0.146076
0.0114733
-0.823858
0.029024
-0.879552
0.0454047
-0.904988
0.0592227
-0.897038
0.0712611
-0.880378
0.0824306
-0.864437
0.0932772
-0.85182
0.104157
-0.84232
0.115652
-0.836276
-0.835587
0.128161
0.0102558
-0.834114
0.0258811
-0.895177
0.0401298
-0.919237
0.0518481
-0.908757
0.0619105
-0.89044
0.0710989
-0.873625
0.079687
-0.860408
0.0879711
-0.850604
0.0970572
-0.845363
-0.847006
0.108476
0.00886238
-0.842976
0.0224082
-0.908723
0.0342851
-0.931114
0.0435569
-0.918028
0.0513248
-0.898208
0.0585316
-0.880832
0.0653296
-0.867206
0.0714297
-0.856704
0.0771688
-0.851102
-0.853126
0.0832891
0.00752746
-0.850504
0.019098
-0.920293
0.0285594
-0.940575
0.0350337
-0.924503
0.0397201
-0.902895
0.0439668
-0.885079
0.048675
-0.871914
0.0536628
-0.861692
0.0565348
-0.853974
-0.846762
0.0501707
0.00648512
-0.856989
0.0164452
-0.930253
0.0238652
-0.947995
0.0278099
-0.928447
0.0290796
-0.904164
0.0285579
-0.884557
0.0274523
-0.870809
0.0277586
-0.861998
0.0300443
-0.856259
-0.842077
0.0253595
0.00592089
-0.86291
0.0146968
-0.939029
0.0207232
-0.954021
0.0231637
-0.930888
0.0224282
-0.903429
0.0181498
-0.880279
0.0091462
-0.861805
-0.00410633
-0.848745
-0.0112102
-0.849155
-0.884032
0.0307447
0.924475
0.00897959
-0.933454
0.91554
0.00893468
0.906856
0.00868389
0.898653
0.00820319
0.891085
0.00756801
0.884269
0.00681598
0.878184
0.00608522
0.872742
0.00544169
0.867731
0.00501115
0.00482115
1.01074
0.0153832
-1.01715
1.00338
0.0162946
0.995409
0.0166588
0.987114
0.0164979
0.978746
0.0159364
0.970506
0.0150557
0.962497
0.014094
0.954718
0.0132212
0.946997
0.0127314
0.0127891
0.997491
0.0179252
-1.00003
0.993906
0.0198796
0.989538
0.0210272
0.98467
0.021365
0.979556
0.0210506
0.974385
0.0202266
0.969316
0.019163
0.964353
0.0181851
0.959377
0.0177075
0.0181443
0.955286
0.0194604
-0.956821
0.952901
0.0222651
0.949865
0.0240633
0.946552
0.024677
0.943183
0.0244201
0.940017
0.0233921
0.937197
0.0219837
0.93481
0.0205719
0.932868
0.0196493
0.0201244
0.921882
0.0217892
-0.924211
0.918905
0.0252423
0.915333
0.0276348
0.911842
0.0281679
0.908478
0.0277844
0.905807
0.0260628
0.903758
0.0240334
0.902654
0.0216758
0.902715
0.0195883
0.0194104
0.898612
0.0253503
-0.902173
0.894632
0.0292225
0.889851
0.0324151
0.885622
0.0323973
0.881325
0.0320812
0.878532
0.0288563
0.876363
0.0262018
0.876041
0.0219983
0.877101
0.0185281
0.0162326
0.880708
0.0301024
-0.88546
0.875937
0.0339932
0.869832
0.0385195
0.865079
0.0371507
0.859221
0.0379392
0.856265
0.031812
0.853013
0.0294534
0.85456
0.0204515
0.855599
0.0174892
0.0100267
0.864724
0.0360205
-0.870642
0.859522
0.0391958
0.852125
0.0459162
0.847513
0.0417626
0.839566
0.0458863
0.836699
0.0346786
0.830114
0.036039
0.835688
0.0148771
0.836895
0.0162821
-0.00182334
0.849215
0.0433378
-0.856533
0.843784
0.0446265
0.8352
0.0545011
0.831393
0.0455688
0.82154
0.0557395
0.819024
0.0371942
0.806735
0.0483286
0.814449
0.00716322
0.820005
0.0107256
-0.0309735
0.834434
-0.843657
0.0525611
0.828649
0.050411
0.819168
0.0639821
0.81632
0.0484169
0.805766
0.0662942
0.803449
0.0395109
0.78634
0.0654371
0.785782
0.00772178
0.791961
0.00454632
-0.123045
0.965754
-0.00297657
-0.962777
0.96778
-0.00202649
0.968481
-0.000700761
0.967643
0.000837857
0.965162
0.00248058
0.961126
0.00403622
0.955675
0.00545158
0.949067
0.00660815
0.941543
0.00752404
0.00808826
0.998924
-0.014024
-0.987877
1.00853
-0.0116301
1.01643
-0.00860716
1.02238
-0.00511147
1.02624
-0.00137549
1.02803
0.00224252
1.02786
0.00562139
1.02588
0.00859007
1.02224
0.011163
0.0131833
0.949669
-0.0282947
-0.935398
0.962638
-0.0245989
0.973913
-0.0198824
0.983223
-0.0144217
0.990521
-0.00867287
0.995893
-0.00313014
0.999434
0.00208081
1.00122
0.00680154
1.00137
0.0110121
0.0145237
0.902084
-0.0431092
-0.887269
0.915605
-0.0381199
0.92725
-0.0315274
0.936785
-0.0239562
0.944319
-0.0162078
0.950065
-0.00887578
0.954066
-0.00191976
0.95644
0.0044275
0.957278
0.0101741
0.01498
0.876667
-0.058146
-0.86163
0.890075
-0.0515272
0.901035
-0.0424874
0.909629
-0.0325503
0.916235
-0.022814
0.921087
-0.0137276
0.924107
-0.00494005
0.925541
0.00299361
0.925446
0.0102687
0.0162155
0.862583
-0.0741728
-0.846557
0.87611
-0.0650542
0.886127
-0.0525044
0.893715
-0.0401383
0.899496
-0.0285951
0.903442
-0.0176732
0.905339
-0.00683687
0.905688
0.00264475
0.904433
0.0115236
0.0184751
0.852194
-0.0919826
-0.834384
0.866035
-0.0788949
0.874851
-0.0613203
0.881687
-0.0469744
0.886998
-0.0339058
0.890204
-0.0208801
0.891158
-0.00779054
0.890699
0.00310359
0.888498
0.0137249
0.0215135
0.842825
-0.110329
-0.824478
0.856723
-0.0927937
0.864433
-0.0690304
0.870875
-0.0534163
0.875626
-0.0386566
0.877962
-0.0232158
0.878142
-0.00797055
0.877179
0.00406595
0.874228
0.0166767
0.0250987
0.83492
-0.121446
-0.823802
0.846424
-0.104298
0.855959
-0.0785655
0.862253
-0.0597101
0.865241
-0.0416448
0.866211
-0.0241859
0.865715
-0.00747407
0.864408
0.00537303
0.860699
0.0203851
0.0292654
0.831283
-0.847559
-0.10517
0.824841
-0.0978562
0.85102
-0.104745
0.857851
-0.0665404
0.85622
-0.0400139
0.855276
-0.023242
0.854601
-0.00679952
0.853162
0.00681249
0.848799
0.0247484
0.0344068
0.0983559
0.714624
-0.713786
-0.0991942
0.0938818
0.722109
-0.717635
0.0867213
0.725725
-0.718565
0.0773283
0.727703
-0.71831
0.0660434
0.72988
-0.718595
0.0529586
0.735029
-0.721944
0.0379796
0.75035
-0.735371
0.0214308
0.792546
-0.775997
0.00624556
0.864621
-0.849435
0.913374
-0.907129
0.101668
0.720332
-0.107376
0.094642
0.729135
0.0860676
0.734299
0.0760923
0.737679
0.0646828
0.74129
0.0516965
0.748015
0.0369243
0.765123
0.0206972
0.808773
0.00600108
0.879317
0.919375
0.0956909
0.722523
-0.0978814
0.0910809
0.733745
0.084092
0.741288
0.0748986
0.746872
0.06379
0.752398
0.050904
0.760901
0.036217
0.77981
0.0201755
0.824815
0.00580462
0.893688
0.92518
0.105384
0.732175
-0.115036
0.0960919
0.743037
0.086277
0.751103
0.0756333
0.757516
0.0638174
0.764214
0.0506048
0.774114
0.0358131
0.794601
0.0198538
0.840774
0.00570907
0.907832
0.930889
0.099931
0.734311
-0.102067
0.0945126
0.748455
0.0865534
0.759063
0.0762685
0.767801
0.0641874
0.776295
0.0506244
0.787677
0.0356127
0.809613
0.019633
0.856754
0.00564665
0.921819
0.936536
0.111654
0.745294
-0.122636
0.100873
0.759235
0.0896409
0.770295
0.077643
0.779799
0.0647109
0.789227
0.0507104
0.801677
0.0354781
0.824845
0.0194831
0.872749
0.0056325
0.935669
0.942168
0.107528
0.744075
-0.106309
0.10118
0.765583
0.0909948
0.78048
0.0786532
0.79214
0.0651839
0.802697
0.050746
0.816115
0.0352466
0.840344
0.0192169
0.888779
0.00553669
0.949349
0.947705
0.123687
0.75739
-0.137002
0.10782
0.78145
0.0928018
0.795498
0.0789942
0.805948
0.0651125
0.816578
0.0503867
0.830841
0.0347256
0.856005
0.0187993
0.904705
0.00538819
0.962761
0.953093
0.128128
0.770588
-0.141326
0.108524
0.801054
0.0932537
0.810769
0.0793213
0.81988
0.0647354
0.831164
0.0494308
0.846146
0.0336463
0.87179
0.0179843
0.920367
0.00505051
0.975694
0.958143
0.129167
-0.206137
0.106418
0.0927082
0.0782043
0.0628116
0.047327
0.0318474
0.0168157
0.00463356
0.195877
0.608151
-0.629564
-0.174465
0.172073
0.610872
-0.587068
0.14365
0.5985
-0.570077
0.117681
0.586668
-0.560699
0.0946182
0.577187
-0.554124
0.0733284
0.570638
-0.549348
0.052877
0.573219
-0.552768
0.0325589
0.603636
-0.583318
0.01275
0.684003
-0.664194
0.817013
-0.804263
0.175204
0.629263
-0.196315
0.157119
0.628957
0.137672
0.617947
0.116957
0.607383
0.0959024
0.598242
0.0749072
0.591633
0.0540249
0.594101
0.0330704
0.62459
0.0128107
0.704263
0.829824
0.162759
0.657524
-0.19102
0.145816
0.6459
0.129251
0.634512
0.111781
0.624854
0.0932344
0.616788
0.0737436
0.611124
0.0535115
0.614334
0.0326624
0.645439
0.0124169
0.724508
0.842241
0.154474
0.67247
-0.169421
0.139557
0.660817
0.123603
0.650466
0.106969
0.641487
0.0896128
0.634144
0.0713031
0.629433
0.0519321
0.633705
0.0315616
0.66581
0.011717
0.744353
0.853958
0.145468
0.680703
-0.153701
0.132817
0.673469
0.118189
0.665094
0.102478
0.657198
0.085973
0.65065
0.0685209
0.646885
0.0498969
0.652329
0.0300916
0.685615
0.0108546
0.76359
0.864812
0.136991
0.688664
-0.144953
0.125769
0.684692
0.112644
0.678218
0.0981485
0.671694
0.0825544
0.666244
0.0658365
0.663603
0.0478294
0.670336
0.028557
0.704888
0.00998144
0.782166
0.874794
0.126666
0.696353
-0.134354
0.117157
0.6942
0.105818
0.689556
0.0929276
0.684584
0.0786413
0.68053
0.0629335
0.679311
0.0456816
0.687588
0.0270003
0.723569
0.00913074
0.800035
0.883925
0.120845
0.70418
-0.128673
0.111625
0.70342
0.100815
0.700367
0.0886187
0.69678
0.0751017
0.694047
0.0601599
0.694253
0.0435954
0.704152
0.0255275
0.741637
0.00836702
0.817196
0.892292
0.110784
0.708935
-0.115539
0.103832
0.710373
0.0947923
0.709407
0.0839542
0.707619
0.0715098
0.706491
0.0574375
0.708325
0.0415802
0.720009
0.024125
0.759092
0.00767454
0.833646
0.899966
0.108054
-0.112904
0.100791
0.0916333
0.0809415
0.0688376
0.0552189
0.039857
0.0229517
0.00716237
-0.540529
0.198857
-0.287892
-0.523228
0.141766
-0.159067
-0.513265
0.133798
-0.143761
-0.513906
0.0772508
-0.07661
-0.510934
0.067579
-0.0705507
-0.512896
0.0304877
-0.0285263
-0.514735
0.0161039
-0.0142646
-0.521094
-0.0114673
0.0178259
-0.528861
-0.0270191
0.0347864
-0.045587
-0.539479
0.0562053
-0.547721
0.15951
-0.530091
0.124136
-0.511749
0.115456
-0.510118
0.0756197
-0.505392
0.0628534
-0.507403
0.0324988
-0.5091
0.0178005
-0.515288
-0.00527905
-0.522632
-0.0196753
-0.0358052
-0.532414
-0.542294
0.131727
-0.528469
0.110311
-0.510626
0.0976127
-0.506383
0.0713764
-0.500869
0.0573401
-0.502209
0.0338387
-0.503841
0.0194323
-0.509666
0.000546374
-0.516746
-0.0125952
-0.0264416
-0.52611
-0.537955
0.108983
-0.523503
0.0958581
-0.508534
0.0826437
-0.502026
0.0648683
-0.496134
0.0514481
-0.496133
0.0338379
-0.497411
0.0207103
-0.502534
0.00566958
-0.509224
-0.00590509
-0.0174847
-0.518181
-0.533833
0.0886927
-0.517934
0.0799586
-0.504414
0.0691237
-0.4962
0.0566544
-0.489987
0.0452349
-0.488475
0.0323262
-0.489099
0.0213339
-0.493223
0.00979341
-0.499301
0.000172963
-0.00910824
-0.507677
-0.530135
0.0694797
-0.513621
0.0634449
-0.5002
0.0557029
-0.490638
0.047092
-0.483826
0.0384233
-0.48082
0.0293198
-0.480436
0.0209507
-0.483234
0.0125914
-0.488287
0.00522527
-0.00173248
-0.495662
-0.533993
0.0507045
-0.517342
0.0467941
-0.503492
0.0418531
-0.492738
0.0363377
-0.484874
0.03056
-0.480206
0.0246518
-0.478262
0.0190061
-0.479176
0.0135053
-0.482443
0.00849232
0.00381109
-0.487986
-0.564462
0.031849
-0.547398
0.0297294
-0.532641
0.0270968
-0.520415
0.0241108
-0.510795
0.0209401
-0.503853
0.0177103
-0.499418
0.014571
-0.497461
0.0115479
-0.497715
0.00874651
0.0061484
-0.500052
-0.645375
0.0130298
-0.627966
0.0123201
-0.612312
0.0114436
-0.598639
0.010437
-0.587036
0.00933727
-0.577536
0.00821025
-0.570065
0.00710009
-0.564557
0.00603991
-0.560857
0.00504674
0.00409416
-0.558803
-0.791233
-0.778913
-0.76747
-0.757033
-0.747696
-0.739485
-0.732385
-0.726345
-0.721299
-0.717204
-0.550222
-0.056952
0.0676946
-0.561507
-0.0683796
0.0796643
-0.573025
-0.0767322
0.0882505
-0.584941
-0.0836591
0.0955755
-0.597505
-0.0880478
0.100611
-0.611273
-0.0893104
0.103079
-0.623075
-0.0885327
0.100334
-0.624371
-0.0862513
0.0875472
-0.633356
-0.0789721
0.0879572
-0.0672963
-0.657891
0.0918318
-0.542685
-0.046681
-0.553775
-0.0572896
-0.56523
-0.0652769
-0.577108
-0.0717814
-0.589222
-0.0759343
-0.600858
-0.0776735
-0.611101
-0.0782902
-0.619632
-0.0777206
-0.62692
-0.0716834
-0.0640102
-0.630206
-0.536299
-0.036492
-0.547508
-0.0460809
-0.559286
-0.0534988
-0.571536
-0.059531
-0.583835
-0.0636356
-0.595409
-0.0660997
-0.606229
-0.0674698
-0.61676
-0.0671902
-0.624266
-0.0641774
-0.0627342
-0.625542
-0.52828
-0.0263926
-0.539592
-0.0347695
-0.551655
-0.041435
-0.564267
-0.0469197
-0.576954
-0.0509486
-0.589238
-0.053815
-0.601168
-0.0555403
-0.612503
-0.0558554
-0.62115
-0.0555304
-0.0576363
-0.626248
-0.517511
-0.0165589
-0.528747
-0.0235331
-0.540927
-0.0292551
-0.553791
-0.0340561
-0.566925
-0.0378144
-0.580044
-0.0406962
-0.592982
-0.0426017
-0.605157
-0.0436804
-0.615628
-0.04506
-0.048449
-0.624815
-0.50477
-0.00745157
-0.515458
-0.0128449
-0.52731
-0.017403
-0.54006
-0.0213066
-0.553371
-0.0245029
-0.567007
-0.0270607
-0.58065
-0.0289584
-0.593798
-0.0305328
-0.606218
-0.0326399
-0.036111
-0.618556
-0.495431
-6.50956e-06
-0.504575
-0.00370107
-0.515089
-0.00688872
-0.526743
-0.00965246
-0.539275
-0.0119717
-0.552454
-0.0138818
-0.565966
-0.0154459
-0.579518
-0.0169811
-0.593151
-0.0190068
-0.0219076
-0.607354
-0.504278
0.00421969
-0.510164
0.0021841
-0.517502
0.000449691
-0.526126
-0.00102863
-0.535846
-0.0022519
-0.546479
-0.00324877
-0.557817
-0.0041081
-0.569747
-0.005051
-0.582389
-0.00636432
-0.0082348
-0.596062
-0.558232
0.00364884
-0.559012
0.00296398
-0.560991
0.00242929
-0.564061
0.00204123
-0.568083
0.00176954
-0.572943
0.00161164
-0.578561
0.00151008
-0.584978
0.00136547
-0.592376
0.00103415
0.000376301
-0.600987
-0.713556
-0.710592
-0.708162
-0.706121
-0.704352
-0.70274
-0.70123
-0.699864
-0.69883
-0.698454
-0.000114776
-0.698339
0.00997796
-0.61108
0.0250894
-0.611173
0.0404382
-0.622703
0.0537608
-0.631878
0.0641246
-0.635179
0.0712344
-0.633357
0.0747318
-0.629039
0.0695954
-0.62507
-0.618392
0.0300965
0.0010244
-0.699364
0.0128974
-0.622953
0.0295726
-0.627849
0.046302
-0.639432
0.0610584
-0.646635
0.0734639
-0.647584
0.0840604
-0.643954
0.0931327
-0.638111
0.0986879
-0.630625
-0.621545
0.101841
0.00238019
-0.701744
0.0161981
-0.636771
0.0345716
-0.646222
0.0528548
-0.657715
0.0693014
-0.663081
0.0836204
-0.661903
0.0957669
-0.6561
0.105239
-0.647583
0.112344
-0.63773
-0.629207
0.120006
0.0038781
-0.705622
0.01971
-0.652603
0.0397494
-0.666262
0.0595081
-0.677474
0.0774755
-0.681049
0.0935894
-0.678017
0.108455
-0.670966
0.123299
-0.662427
0.139813
-0.654244
-0.648482
0.159088
0.0055065
-0.711128
0.0232613
-0.670358
0.0448021
-0.687802
0.0658125
-0.698485
0.0849856
-0.700222
0.102365
-0.695397
0.11849
-0.687091
0.133936
-0.677873
0.149026
-0.669334
-0.662742
0.163286
0.00716301
-0.718291
0.0266522
-0.689847
0.0494158
-0.710566
0.0713749
-0.720444
0.0914916
-0.720338
0.110037
-0.713943
0.127762
-0.704815
0.145454
-0.695566
0.163596
-0.687476
-0.681586
0.18244
0.00877533
-0.727067
0.0296987
-0.71077
0.0533232
-0.734191
0.0758546
-0.742975
0.0965097
-0.740993
0.115662
-0.733095
0.133946
-0.723099
0.151756
-0.713375
0.169068
-0.704788
-0.698102
0.185584
0.010248
-0.737315
0.0322378
-0.73276
0.0563103
-0.758263
0.0790057
-0.765671
0.0998317
-0.761819
0.119344
-0.752607
0.138296
-0.74205
0.157236
-0.732315
0.17643
-0.723983
-0.718135
0.196463
0.0115209
-0.748836
0.0341466
-0.755386
0.058214
-0.78233
0.0806253
-0.788082
0.101151
-0.782345
0.120458
-0.771915
0.139289
-0.760881
0.158086
-0.751113
0.177028
-0.742924
-0.737496
0.196388
0.0125547
0.0353219
0.0589345
0.0806535
0.100496
0.119248
0.137696
0.156353
0.175649
0.196486
0.109495
-3.84514
3.92242
0.0722241
-3.53464
3.57191
0.0663293
-3.00745
3.01334
0.0499104
-2.63042
2.64684
0.0355596
-2.29535
2.3097
0.0359394
-1.80003
1.79965
0.0321013
-1.28124
1.28508
0.0292786
-0.88063
0.883453
0.0269331
-0.582288
0.584633
0.0239648
-0.354528
0.357496
0.0204932
-0.19682
0.200292
0.0177938
-0.110704
0.113404
0.016188
-0.0725557
0.0741615
0.0152092
-0.0570072
0.0579861
0.0144112
-0.0499445
0.0507424
0.0135259
-0.0421731
0.0430585
0.0124446
-0.028988
0.0300693
0.0106182
-0.00715553
0.00898193
0.00528487
0.072646
-0.0673127
0.112233
-0.108202
0.0960834
-3.76509
0.0447823
-3.48334
0.0331176
-2.99578
0.0232921
-2.62059
0.0151315
-2.28719
0.0196752
-1.80457
0.0216006
-1.28317
0.0221675
-0.881197
0.0220721
-0.582192
0.0205775
-0.353034
0.0179422
-0.194185
0.0156193
-0.108381
0.0141504
-0.0710868
0.0131867
-0.0560435
0.0123552
-0.049113
0.0114281
-0.0412459
0.0103492
-0.0279091
0.00849132
-0.00529764
0.00359574
0.0775414
0.115835
0.0745662
-3.67834
0.0171296
-3.4259
0.00104042
-2.97969
-0.00316848
-2.61639
-0.00429717
-2.28606
0.0043941
-1.81326
0.0113058
-1.29008
0.0151706
-0.885062
0.0172827
-0.584304
0.0172717
-0.353023
0.0154828
-0.192396
0.0135252
-0.106424
0.0121834
-0.069745
0.0112354
-0.0550955
0.0103805
-0.0482581
0.00942654
-0.040292
0.0083675
-0.0268501
0.00650231
-0.00343246
0.00211645
0.0819273
0.118935
0.0573196
-3.58959
-0.000602158
-3.36798
-0.0200281
-2.96027
-0.0236685
-2.61275
-0.0210353
-2.2887
-0.00976867
-1.82453
0.00112972
-1.30098
0.00821557
-0.892148
0.0125479
-0.588637
0.0140473
-0.354522
0.0131231
-0.191472
0.0115239
-0.104824
0.0103008
-0.068522
0.0093699
-0.0541645
0.00850072
-0.0473889
0.00753283
-0.0393241
0.00650737
-0.0258246
0.00465446
-0.00157955
0.000772802
0.085809
0.12148
0.0420631
-3.50349
-0.00705457
-3.31886
-0.0324483
-2.93487
-0.0410625
-2.60413
-0.0381432
-2.29162
-0.0247573
-1.83791
-0.00955456
-1.31618
0.00114986
-0.902852
0.00784002
-0.595327
0.0109007
-0.357583
0.0108682
-0.191439
0.00962585
-0.103582
0.00851528
-0.0674114
0.00760309
-0.0532523
0.00672786
-0.0465137
0.00575647
-0.0383527
0.00477485
-0.024843
0.00294924
0.000246057
-0.000428762
0.089187
0.123483
0.0354849
-3.4305
-0.0170743
-3.2663
-0.0545072
-2.89744
-0.0686699
-2.58997
-0.0643105
-2.29598
-0.0445959
-1.85763
-0.0218586
-1.33892
-0.00623997
-0.918471
0.00312171
-0.604688
0.00782304
-0.362284
0.00871952
-0.192336
0.00783932
-0.102702
0.00683733
-0.0664094
0.00594594
-0.0523609
0.0050716
-0.0456394
0.00410484
-0.0373859
0.00317394
-0.0239121
0.00138615
0.00203385
-0.00150412
0.0920772
0.124967
-0.0107365
-3.33647
-0.0878366
-3.1892
-0.121299
-2.86398
-0.124507
-2.58676
-0.106292
-2.31419
-0.070997
-1.89292
-0.0360929
-1.37382
-0.0140162
-0.940548
-0.0016355
-0.617069
0.0047973
-0.368717
0.00667218
-0.194211
0.00616879
-0.102199
0.00527511
-0.0655158
0.00440711
-0.0514929
0.00353936
-0.0447716
0.00258303
-0.0364296
0.00170662
-0.0230357
-3.70111e-05
0.00377748
-0.00246458
0.0945048
0.125962
-0.126486
-3.15982
-0.200439
-3.11525
-0.207173
-2.85724
-0.18872
-2.60521
-0.14911
-2.3538
-0.0960912
-1.94594
-0.0497202
-1.42019
-0.0216748
-0.968593
-0.00636243
-0.632382
0.00182174
-0.376901
0.00471936
-0.197108
0.00461558
-0.102095
0.00383419
-0.0647344
0.00299282
-0.0506516
0.0021361
-0.0439149
0.00119384
-0.0354873
0.000372868
-0.0222147
-0.001324
0.00547435
-0.00332019
0.096501
0.126501
-0.141563
-2.99289
-0.194397
-3.06241
-0.208073
-2.84357
-0.193065
-2.62022
-0.154041
-2.39282
-0.10318
-1.9968
-0.0576518
-1.46572
-0.0280252
-0.99822
-0.0107509
-0.649656
-0.00100936
-0.386643
0.00288928
-0.201007
0.003192
-0.102397
0.00252227
-0.0640646
0.00170855
-0.0498379
0.000865357
-0.0430717
-6.1358e-05
-0.0345606
-0.00082855
-0.0214475
-0.00247939
0.00712519
-0.00408009
0.0981017
0.12662
0.419012
-3.38116
0.235759
-2.87916
0.0856876
-2.6935
0.00928691
-2.54382
-0.0434684
-2.34007
-0.0672869
-1.97299
-0.0549077
-1.4781
-0.0320735
-1.02105
-0.014384
-0.667345
-0.00352032
-0.397506
0.00124975
-0.205777
0.00192437
-0.103072
0.0013472
-0.0634875
0.000557497
-0.0490482
-0.000271609
-0.0422426
-0.00118048
-0.0336517
-0.00190058
-0.0207274
-0.00349699
0.00872159
-0.0047442
0.0993489
0.126362
0.900205
-2.65879
-1.62258
0.694124
-2.67308
0.883042
-2.88242
0.7168
-2.37758
0.490437
-2.11371
0.291609
-1.77416
0.162967
-1.34946
0.0979811
-0.956068
0.0607526
-0.630117
0.0357637
-0.372517
0.02018
-0.190193
0.0106743
-0.0935664
0.00530238
-0.0581155
0.00182713
-0.0455729
-0.00106072
-0.0393547
-0.00380348
-0.030909
-0.00610561
-0.0184253
-0.00985315
0.0124691
-0.0111344
0.10063
0.123895
1.40174
-2.2545
-1.80603
1.16142
-2.43276
0.762782
-2.48377
0.604931
-2.21973
0.437117
-1.94589
0.284287
-1.62133
0.173102
-1.23827
0.108146
-0.891112
0.0685004
-0.590471
0.0393754
-0.343392
0.0205337
-0.171352
0.00916907
-0.0822018
0.00262204
-0.0515685
-0.00165576
-0.0412951
-0.00519428
-0.0358162
-0.00843133
-0.0276719
-0.0110858
-0.0157708
-0.0150552
0.0164385
-0.0151194
0.100694
0.119632
1.68589
-1.78457
-2.15581
1.24261
-1.98949
0.890729
-2.13189
0.738327
-2.06733
0.570401
-1.77797
0.372995
-1.42392
0.216629
-1.08191
0.128245
-0.802728
0.0782091
-0.540436
0.0419972
-0.30718
0.0189531
-0.148308
0.00590761
-0.0691563
-0.00162465
-0.0440362
-0.00667333
-0.0362464
-0.010874
-0.0316155
-0.0145881
-0.0239578
-0.0175532
-0.0128057
-0.0215779
0.0204632
-0.0199294
0.0990458
0.1131
1.79203
-1.29595
-2.28065
1.44271
-1.64018
1.09497
-1.78415
0.783019
-1.75537
0.580037
-1.57498
0.382232
-1.22612
0.229146
-0.928819
0.138748
-0.71233
0.0836093
-0.485297
0.0418365
-0.265408
0.0146828
-0.121154
0.000282246
-0.0547558
-0.00791176
-0.0358422
-0.0135976
-0.0305606
-0.0183947
-0.0268184
-0.0224931
-0.0198594
-0.0256928
-0.00960601
-0.0294085
0.0241789
-0.025503
0.0951404
0.10393
1.94564
-1.00213
-2.23946
1.5546
-1.24914
1.13413
-1.36368
0.895797
-1.51703
0.701118
-1.3803
0.467368
-0.992368
0.280404
-0.741855
0.163024
-0.594951
0.0877943
-0.410067
0.0369394
-0.214553
0.00639059
-0.0906051
-0.00846781
-0.0398974
-0.0167468
-0.0275632
-0.0227921
-0.0245152
-0.0280066
-0.0216039
-0.0323103
-0.0155558
-0.035597
-0.00631924
-0.0384686
0.0270505
-0.031749
0.0884208
0.0919067
2.02429
-0.749917
-2.2765
1.62066
-0.845507
1.35902
-1.10204
1.06008
-1.21809
0.622906
-0.94313
0.351824
-0.721286
0.248557
-0.638588
0.164322
-0.510716
0.0787089
-0.324454
0.0216616
-0.157506
-0.0080614
-0.0608821
-0.0211497
-0.026809
-0.0285824
-0.0201305
-0.0345419
-0.0185557
-0.0398627
-0.0162831
-0.0441075
-0.011311
-0.0472365
-0.00319022
-0.0485589
0.0283728
-0.0385125
0.0783744
0.0770631
1.92747
-0.49025
-2.18714
1.65143
-0.569464
1.31169
-0.762297
0.830698
-0.737103
0.516745
-0.629176
0.448423
-0.652964
0.365862
-0.556027
0.198679
-0.343533
0.0569766
-0.182751
-0.00787399
-0.092655
-0.0299928
-0.0387633
-0.0380288
-0.0187729
-0.0435673
-0.0145921
-0.0489331
-0.0131899
-0.0539599
-0.0112564
-0.057829
-0.00744185
-0.0604379
-0.000581332
-0.059375
0.0273099
-0.0456081
0.0646076
0.0597263
1.7405
-0.29054
-1.94021
1.51898
-0.347945
1.16911
-0.412431
0.883739
-0.451727
0.777711
-0.523148
0.537719
-0.412972
0.221053
-0.239362
0.0264146
-0.148894
-0.0459095
-0.110427
-0.0563976
-0.0821669
-0.0560219
-0.039139
-0.0574692
-0.0173256
-0.061141
-0.0109204
-0.0657038
-0.00862708
-0.0700887
-0.00687146
-0.0732858
-0.00424476
-0.0749075
0.00104036
-0.0705813
0.0229837
-0.0528983
0.0469245
0.0404758
1.45172
-0.135659
-1.6066
1.24745
-0.143679
1.00915
-0.174132
0.775328
-0.217904
0.464771
-0.212591
0.125188
-0.0733888
-0.0653578
-0.0488159
-0.0654632
-0.148789
-0.0567189
-0.119172
-0.0666793
-0.0722065
-0.0723336
-0.0334847
-0.0759693
-0.0136898
-0.0800175
-0.00687221
-0.0841611
-0.00448343
-0.0877996
-0.00323297
-0.0901779
-0.00186646
-0.0903383
0.00120077
-0.0819928
0.0146382
-0.0604111
0.0253428
0.0199462
1.16616
-1.30182
1.02248
0.848347
0.630443
0.417852
0.344463
0.295648
0.146859
0.027687
-0.0445194
-0.0780041
-0.091694
-0.0985662
-0.10305
-0.106283
-0.108149
-0.106948
-0.0923101
-0.0669673
1.90648
0.0150535
-1.86897
1.93635
0.0205387
1.95084
0.0494947
1.96128
0.0379746
1.95463
0.0729454
1.94098
0.0531575
1.89957
0.106846
1.8407
0.0665943
1.73555
0.109693
-0.0100694
2.05549
-0.0151168
-2.02532
2.07267
0.00336618
2.08471
0.0374461
2.07919
0.0435013
2.06797
0.0841626
2.02977
0.0913627
1.99184
0.144771
1.931
0.127439
1.89774
0.142945
0.0816457
2.19041
-0.0227392
-2.18279
2.19389
-0.000116102
2.19611
0.0352309
2.18869
0.0509219
2.18375
0.0890969
2.17599
0.0991299
2.18614
0.134615
2.19236
0.121223
2.20782
0.12748
0.133658
2.11236
-0.019625
-2.11548
2.11328
-0.00103053
2.12511
0.0233943
2.14065
0.0353862
2.17266
0.0570808
2.20835
0.0634404
2.25416
0.0888066
2.27539
0.0999935
2.27553
0.127339
0.128537
2.07785
-0.0233447
-2.07413
2.08847
-0.0116535
2.11078
0.00108606
2.13514
0.0110213
2.16342
0.0288004
2.17951
0.0473577
2.19199
0.0763198
2.19798
0.0940105
2.21868
0.106636
0.107752
2.12313
-0.0301658
-2.11631
2.13179
-0.0203085
2.1411
-0.00822617
2.14598
0.00614206
2.15046
0.0243233
2.15714
0.0406724
2.17824
0.0552217
2.21002
0.0622278
2.24756
0.0690957
0.07881
1.98753
-0.0286175
-1.98908
1.98715
-0.0199261
1.98949
-0.0105639
1.99726
-0.001631
2.01489
0.0066994
2.04254
0.0130224
2.07814
0.0196193
2.11444
0.0259254
2.14863
0.0349039
0.0403032
1.80432
-0.0242296
-1.8087
1.8041
-0.0197135
1.80888
-0.0153366
1.8185
-0.0112573
1.8323
-0.00709428
1.84825
-0.00292763
1.86601
0.0018535
1.88596
0.00597826
1.91058
0.0102844
0.0106713
1.57637
-0.0139578
-1.58665
1.56867
-0.0120056
1.56344
-0.0101115
1.56051
-0.00833115
1.56014
-0.00671523
1.56258
-0.00536891
1.56875
-0.00432359
1.57843
-0.00369952
1.59193
-0.00321545
-0.00399474
1.35958
-1.37354
1.34758
1.33747
1.32914
1.32242
1.31705
1.31273
1.30903
1.30581
1.47041
0.520039
-2.09562
1.54555
-0.172993
1.64653
-0.205729
1.66883
-0.0888388
1.6833
-0.0544832
1.71217
-0.0521156
1.74736
-0.0419884
1.78519
-0.031012
1.82474
-0.0148004
-0.00982759
1.72509
0.340772
-1.54582
1.77856
-0.226471
1.81048
-0.237645
1.85193
-0.130293
1.86919
-0.0717366
1.89148
-0.0744035
1.92328
-0.0737908
1.95779
-0.0655245
1.99351
-0.0505187
-0.0416416
1.98523
0.3402
-1.98465
2.07153
-0.312772
2.09096
-0.257081
2.09957
-0.138899
2.11073
-0.0829017
2.12185
-0.085523
2.13728
-0.0892202
2.15544
-0.0836801
2.17193
-0.0670145
-0.0524952
2.14811
0.325494
-2.1334
2.15092
-0.315583
2.14902
-0.255184
2.14037
-0.13025
2.13457
-0.0771022
2.13057
-0.0815184
2.12908
-0.0877338
2.12711
-0.081706
2.12335
-0.0632589
-0.0446186
2.23621
0.317621
-2.22833
2.18045
-0.259824
2.14539
-0.220126
2.13721
-0.122073
2.12712
-0.0670049
2.11169
-0.066094
2.09815
-0.0741904
2.08696
-0.0705134
2.07933
-0.0556366
-0.0394115
2.31322
0.26715
-2.26275
2.24124
-0.187846
2.18613
-0.165013
2.16635
-0.102299
2.16
-0.060649
2.14736
-0.0534584
2.13152
-0.0583467
2.11957
-0.0585706
2.11499
-0.0510561
-0.040729
2.18739
0.181444
-2.10168
2.11591
-0.116369
2.05716
-0.106258
2.03172
-0.0768587
2.02685
-0.0557867
2.02183
-0.0484366
2.0116
-0.0481167
2.00057
-0.0475393
1.99302
-0.043504
-0.0367927
1.97516
0.10939
-1.90311
1.92594
-0.0671457
1.88509
-0.0654086
1.86423
-0.0559936
1.85557
-0.047134
1.8487
-0.0415587
1.83904
-0.0384606
1.82746
-0.0359609
1.81674
-0.032783
-0.0287562
1.77194
0.047416
-1.70997
1.73804
-0.0332447
1.70649
-0.0338608
1.6823
-0.0318004
1.66352
-0.0283567
1.64688
-0.0249148
1.63051
-0.0220933
1.61439
-0.019843
1.59947
-0.0178638
-0.0159278
1.60145
-1.55403
1.5682
1.53434
1.50254
1.47418
1.44927
1.42718
1.40733
1.38947
0.13386
0.107672
-0.112152
0.174176
0.32691
-0.367226
0.251122
0.688518
-0.765464
0.328903
1.06367
-1.14145
0.415308
1.37518
-1.46158
0.526444
1.70888
-1.82002
0.6998
2.06264
-2.23599
0.896417
2.44979
-2.64641
1.21222
2.5034
-2.81921
2.27781
-3.16121
0.158582
0.102637
0.196288
0.289204
0.286804
0.598003
0.385649
0.964823
0.497686
1.26314
0.625734
1.58084
0.83653
1.85184
1.07295
2.21337
1.33147
2.24489
2.06346
0.188611
0.0939902
0.220936
0.256879
0.32712
0.491818
0.448649
0.843295
0.596084
1.1157
0.765076
1.41184
1.00235
1.61456
1.26517
1.95055
1.44526
2.0648
1.52406
0.222287
0.0793005
0.250025
0.229141
0.358768
0.383075
0.511713
0.69035
0.70422
0.923197
0.889274
1.22679
1.13963
1.36421
1.52122
1.56895
1.59436
1.99167
0.985021
0.257664
0.0587636
0.286081
0.200724
0.387435
0.281722
0.536616
0.541169
0.766935
0.692878
1.06336
0.93036
1.17249
1.25508
1.72511
1.01634
1.91507
1.8017
0.671754
0.293771
0.0368836
0.338518
0.155977
0.402645
0.217594
0.590328
0.353486
0.673737
0.609468
1.18441
0.419683
1.14065
1.29885
1.61878
0.538211
2.09269
1.3278
0.501695
0.333763
0.03021
0.406815
0.0829252
0.35511
0.2693
0.580444
0.128153
0.461649
0.728263
0.8894
-0.00806862
1.28833
0.899923
1.55271
0.273828
2.30213
0.578375
0.702144
0.401888
0.0534266
0.479934
0.00487905
0.456261
0.292973
0.668693
-0.0842793
0.963882
0.433074
1.00994
-0.0541258
1.52461
0.385251
1.56493
0.233509
1.78967
0.353631
0.588708
0.518899
0.0456056
0.569412
-0.0456343
0.756996
0.105389
0.760734
-0.0880173
1.06136
0.132452
0.987508
0.0197223
1.22801
0.144748
1.30832
0.153197
1.50097
0.160988
0.379706
0.59148
0.545845
0.651235
0.563218
0.695669
0.715392
0.860139
1.01334
1.17432
0.0764546
0.140805
-0.149936
0.0987169
0.496266
-0.518528
0.114961
0.864413
-0.880657
0.125808
1.14615
-1.157
0.139743
1.42281
-1.43675
0.15295
1.78884
-1.80204
0.159494
2.18419
-2.19073
0.168787
2.53694
-2.54623
0.166146
2.96756
-2.96492
3.50254
-3.43559
0.0750946
0.13276
0.0964851
0.474875
0.112221
0.848677
0.121011
1.13736
0.132212
1.41161
0.142929
1.77812
0.144751
2.18237
0.148577
2.53311
0.157159
2.95898
3.55232
0.0738636
0.125901
0.0939871
0.454752
0.109049
0.833615
0.11562
1.13079
0.123463
1.40377
0.132048
1.76953
0.127844
2.18657
0.12569
2.53526
0.125012
2.95966
3.57945
0.0727942
0.120287
0.0913142
0.436232
0.105521
0.819409
0.109944
1.12637
0.113863
1.39985
0.121382
1.76202
0.114478
2.19347
0.107874
2.54187
0.131897
2.93563
3.59631
0.071897
0.115937
0.0885587
0.41957
0.101669
0.806298
0.104053
1.12398
0.102803
1.4011
0.107612
1.75721
0.09677
2.20431
0.0805377
2.5581
0.0924129
2.92376
3.58666
0.0711624
0.112841
0.0858045
0.404928
0.0975349
0.794568
0.0983291
1.12319
0.0922266
1.4072
0.0938069
1.75563
0.0859909
2.21213
0.0615984
2.58249
0.0999623
2.88539
3.56398
0.0705694
0.110967
0.0831156
0.392382
0.0931255
0.784558
0.0920915
1.12422
0.0809833
1.41831
0.0744559
1.76215
0.0675614
2.21903
0.0323433
2.61771
0.0307757
2.88696
3.48845
0.0700943
0.110268
0.0805461
0.38193
0.0887414
0.776363
0.0860718
1.12689
0.0728978
1.43148
0.0588858
1.77617
0.0588314
2.21908
0.0313849
2.64516
0.049455
2.86889
3.4009
0.0697209
0.110679
0.0780338
0.373617
0.0841927
0.770204
0.0784236
1.13266
0.0630966
1.44681
0.0404123
1.79885
0.0364953
2.223
0.0207108
2.66094
-0.00964859
2.89925
3.24993
0.0694349
0.0758262
0.0805662
0.0717804
0.0570096
0.0358396
0.0228418
0.0373767
0.117418
0.0802218
0.244925
-0.250699
0.0890983
0.69857
-0.707446
0.0959962
1.03502
-1.04192
0.097477
1.33165
-1.33313
0.0907515
1.66809
-1.66136
0.0696947
2.04045
-2.01939
0.00808893
2.3856
-2.324
-0.0790374
2.66479
-2.57766
-0.210918
2.88888
-2.757
2.82889
-3.21427
0.0825989
0.236809
0.0969343
0.684234
0.113212
1.01874
0.138744
1.30612
0.17497
1.63186
0.212434
2.00299
0.247439
2.3506
0.27596
2.63627
0.293338
2.87151
2.92591
0.0836456
0.227336
0.100324
0.667556
0.118825
1.00024
0.146215
1.27873
0.184892
1.59319
0.229036
1.95884
0.274142
2.30549
0.310129
2.60028
0.303766
2.87787
3.03866
0.084068
0.216763
0.10263
0.648994
0.12124
0.98163
0.146002
1.25396
0.178311
1.56088
0.21137
1.92578
0.237305
2.27956
0.244986
2.5926
0.220716
2.90214
3.08996
0.0838586
0.205462
0.103784
0.629068
0.121479
0.963935
0.142272
1.23317
0.167712
1.53544
0.190192
1.9033
0.200993
2.26876
0.198298
2.59529
0.186222
2.91421
3.12248
0.0831365
0.193819
0.10408
0.608125
0.120959
0.947056
0.138788
1.21534
0.160693
1.51353
0.18072
1.88328
0.192978
2.2565
0.197943
2.59033
0.191964
2.92019
3.16949
0.0820591
0.182177
0.10382
0.586364
0.120387
0.930489
0.136615
1.19911
0.157544
1.49261
0.179263
1.86156
0.196888
2.23887
0.207245
2.57997
0.192608
2.93483
3.22774
0.0807642
0.170824
0.103151
0.563977
0.119749
0.913891
0.135003
1.18386
0.155365
1.47224
0.177757
1.83917
0.197082
2.21955
0.207531
2.56952
0.192528
2.94983
3.2916
0.0793518
0.160005
0.102087
0.541242
0.118753
0.897225
0.132921
1.16969
0.151805
1.45336
0.172097
1.81887
0.188499
2.20315
0.199932
2.55809
0.185141
2.96462
3.3612
0.0778947
0.100608
0.117176
0.129867
0.14648
0.163311
0.175725
0.187587
0.187292
0.442529
0.057224
0.28336
0.159169
0.0310576
0.252303
-0.277259
0.308316
-0.52385
0.246591
-0.580181
0.056331
-0.550199
-0.0299824
-0.588739
0.0385398
-0.628619
0.0398801
0.0805336
-0.709152
0.410678
0.0803895
0.374958
0.194889
0.392046
0.235214
0.444994
0.255369
0.382774
0.308811
0.141823
0.297283
-0.200939
0.312779
-0.518982
0.356582
-0.805499
0.326398
0.302605
-1.02757
0.345711
0.10542
0.269015
0.271585
0.124632
0.379596
-0.127277
0.507278
-0.491233
0.672767
-0.681448
0.487497
-0.74649
0.377821
-1.06974
0.679836
-1.43645
0.693109
0.606554
-1.7404
0.281312
0.140728
0.184792
0.368105
0.0531759
0.511213
-0.03096
0.591414
-0.00358286
0.64539
-0.178229
0.662144
-0.806511
1.0061
-1.45204
1.32537
-1.81692
1.05799
0.944159
-2.15453
0.240354
0.173142
0.159538
0.448921
0.0544472
0.616303
-0.0789407
0.724802
-0.323517
0.889967
-0.818345
1.15697
-1.23995
1.42771
-1.44758
1.53299
-1.77082
1.38123
1.28741
-2.11407
0.208688
0.200316
0.131745
0.525864
0.0119994
0.736049
-0.151279
0.888081
-0.353704
1.09239
-0.590517
1.39378
-0.842736
1.67993
-1.17681
1.86706
-1.60978
1.8142
1.62064
-1.943
0.183568
0.221302
0.119589
0.589843
0.019486
0.836152
-0.109095
1.01666
-0.276779
1.26008
-0.528006
1.64501
-0.833948
1.98587
-1.11771
2.15083
-1.42045
2.11694
1.96756
-1.76737
0.16222
0.236611
0.110735
0.641328
0.0231082
0.923779
-0.0986976
1.13847
-0.247182
1.40856
-0.392631
1.79046
-0.600788
2.19403
-0.813927
2.36397
-1.11908
2.42209
2.33071
-1.48222
0.144665
0.245789
0.108123
0.67787
0.0444998
0.987402
-0.0437799
1.22675
-0.152504
1.51728
-0.251005
1.88896
-0.545295
2.48832
-0.689024
2.5077
-0.88305
2.61612
2.62604
-1.17838
0.128141
0.0985654
0.0440517
-0.0623294
-0.20641
-0.336843
-0.172523
-0.242489
-0.383374
-0.971609
-0.719823
0.0106704
-0.730133
0.0103107
-0.740408
0.0102746
-0.750698
0.0102899
-0.761065
0.0103672
-0.77157
0.0105054
-0.782264
0.0106936
-0.793178
0.0109144
-0.804314
0.0111361
0.0113102
-0.815625
-1.02909
0.0121904
-1.02829
0.00950802
-1.02821
0.0101942
-1.02852
0.0106045
-1.02967
0.0115197
-1.03142
0.0122479
-1.0338
0.0130734
-1.03665
0.0137638
-1.03993
0.0144168
0.0149019
-1.04352
-1.71695
-0.0112639
-1.69515
-0.0122871
-1.67773
-0.00723103
-1.66256
-0.00456092
-1.65107
2.9033e-05
-1.64182
0.00299431
-1.63577
0.00702146
-1.63224
0.0102344
-1.6314
0.0135791
0.0161225
-1.63262
-2.13427
-0.0315201
-2.11733
-0.0292309
-2.10096
-0.0236005
-2.08319
-0.0223239
-2.06899
-0.0141707
-2.05733
-0.00866712
-2.04979
-0.000523036
-2.04431
0.00475479
-2.04067
0.00993664
0.0133072
-2.03785
-2.11376
-0.0318302
-2.10243
-0.040561
-2.08998
-0.0360471
-2.07761
-0.0346976
-2.06969
-0.0220934
-2.06242
-0.0159398
-2.05554
-0.0073959
-2.04702
-0.00376482
-2.03827
0.00118108
0.00471503
-2.02968
-1.95683
-0.0180009
-1.96221
-0.0351876
-1.96895
-0.0293046
-1.96976
-0.0338867
-1.97011
-0.0217467
-1.964
-0.022043
-1.95633
-0.0150703
-1.94545
-0.0146408
-1.93562
-0.00864882
-0.00458259
-1.92632
-1.81296
0.0275833
-1.84142
-0.00672961
-1.86371
-0.00701
-1.86881
-0.0287928
-1.87431
-0.0162432
-1.87318
-0.0231722
-1.87318
-0.0150741
-1.86825
-0.0195687
-1.86293
-0.0139717
-0.0125555
-1.85495
-1.55474
0.100098
-1.58712
0.0256515
-1.61864
0.0245085
-1.64165
-0.00577642
-1.66435
0.00645005
-1.68051
-0.00700613
-1.69149
-0.00409386
-1.69393
-0.0171323
-1.68992
-0.0179777
-0.0232268
-1.67925
-1.26555
0.187264
-1.31889
0.0789895
-1.38256
0.0881825
-1.42599
0.0376569
-1.46481
0.0452622
-1.48596
0.0141504
-1.49909
0.00903734
-1.50003
-0.0161946
-1.49305
-0.0249611
-0.0398837
-1.47639
-1.07224
-1.15231
-1.20789
-1.24685
-1.27213
-1.28651
-1.29174
-1.29011
-1.28028
-1.26396
-0.827012
0.0113877
-0.838345
0.0113331
-0.849575
0.0112295
-0.860875
0.0113004
-0.872684
0.0118092
-0.885427
0.0127422
-0.898916
0.0134899
-0.911885
0.0129689
-0.922414
0.010529
-0.00691911
-0.915495
-1.04733
0.0151973
-1.05102
0.0150283
-1.05396
0.0141643
-1.05534
0.0126787
-1.05505
0.0115239
-1.05455
0.0122365
-1.05646
0.0154048
-1.06205
0.018557
-1.06692
0.0154018
-0.0689068
-1.00493
-1.6359
0.0184753
-1.64066
0.0197883
-1.64566
0.0191636
-1.64826
0.0152773
-1.64676
0.0100329
-1.64449
0.00996612
-1.65186
0.0227672
-1.6776
0.044303
-1.71018
0.0479748
-0.183759
-1.59532
-2.03644
0.0170592
-2.03672
0.0200731
-2.03892
0.0213609
-2.04083
0.0171916
-2.03892
0.00812048
-2.03384
0.00488965
-2.03776
0.026685
-2.06387
0.0704096
-2.09886
0.0829704
-0.287189
-1.99543
-2.02207
0.00944915
-2.0153
0.0133123
-2.00978
0.0158358
-2.00446
0.0118767
-1.99571
-0.000638704
-1.98119
-0.00962907
-1.97057
0.0160703
-1.98018
0.0800225
-1.99968
0.102467
-0.318493
-1.96838
-1.91779
0.000918136
-1.90733
0.00284871
-1.89531
0.00381288
-1.88224
-0.00118918
-1.8664
-0.0164768
-1.84446
-0.0315746
-1.82261
-0.00577415
-1.81364
0.0710514
-1.81255
0.101373
-0.346389
-1.78465
-1.84495
-0.00908089
-1.82934
-0.0127675
-1.80993
-0.0155939
-1.78965
-0.0214732
-1.77071
-0.0354119
-1.74873
-0.053551
-1.72313
-0.0313791
-1.6966
0.0445207
-1.66523
0.0700047
-0.374377
-1.63724
-1.66261
-0.0257239
-1.64055
-0.0348231
-1.61448
-0.0416673
-1.5878
-0.0481538
-1.56485
-0.0583635
-1.54302
-0.075376
-1.51309
-0.0613179
-1.47751
0.00894618
-1.42724
0.0197306
-0.379541
-1.42207
-1.45463
-0.0474812
-1.42991
-0.0595489
-1.40346
-0.068113
-1.37637
-0.0752419
-1.35322
-0.0815164
-1.33699
-0.0916089
-1.30887
-0.0894359
-1.26589
-0.0340326
-1.22671
-0.0194472
-0.429238
-1.17702
-1.24375
-1.22363
-1.20349
-1.18316
-1.16406
-1.15259
-1.1417
-1.08818
-1.01967
-1.35708
-0.665631
-0.249864
-0.616409
-0.0492222
-0.400332
-0.216077
0.415836
-0.816168
1.04198
-0.626142
1.54154
-0.499559
1.90414
-0.362602
2.15308
-0.248945
2.32255
-0.169465
2.43937
-0.116823
2.5197
-0.0803317
2.57181
-0.0521038
2.60216
-0.0303552
2.61387
-0.0117091
2.61266
0.0012073
2.59904
0.0136244
2.58052
0.0185229
2.55182
0.0286916
2.51738
0.0344493
0.0353568
-0.61376
-0.641038
-0.339868
-0.323114
-0.314446
-0.241499
0.082271
-1.21288
0.531928
-1.0758
0.873855
-0.841486
1.13043
-0.619177
1.32606
-0.444575
1.46816
-0.311562
1.56619
-0.214853
1.63215
-0.146291
1.67636
-0.0963128
1.70535
-0.0593449
1.72391
-0.030272
1.73453
-0.00941393
1.74023
0.00792363
1.74073
0.0180268
1.73739
0.0320277
1.73098
0.0408641
0.0533948
-1.19682
-1.03954
-0.57812
-0.941814
-0.296581
-0.523038
-0.18092
-1.32855
0.0653583
-1.32208
0.327918
-1.10405
0.557122
-0.848381
0.728924
-0.616376
0.847872
-0.430511
0.926353
-0.293335
0.976782
-0.19672
1.00976
-0.129295
1.03269
-0.0822727
1.05022
-0.0478041
1.06504
-0.0242315
1.07816
-0.00519299
1.08964
0.00654154
1.09863
0.0230381
1.10562
0.0338811
0.0538194
-1.63686
-1.39812
-1.08511
-1.49357
-0.506108
-1.10204
-0.378731
-1.45592
-0.145963
-1.55484
0.0926817
-1.34269
0.286864
-1.04256
0.426902
-0.756415
0.520224
-0.523832
0.577822
-0.350932
0.611021
-0.229919
0.629963
-0.148237
0.641904
-0.0942135
0.65166
-0.0575604
0.661738
-0.0343087
0.672768
-0.0162234
0.684612
-0.00530266
0.695657
0.0119935
0.705891
0.0236468
0.0498165
-1.76255
-1.60394
-1.36372
-1.8924
-0.728936
-1.73682
-0.44844
-1.73642
-0.234556
-1.76873
-0.0236569
-1.55359
0.142331
-1.20855
0.257351
-0.871435
0.330801
-0.597283
0.373463
-0.393594
0.395614
-0.25207
0.406212
-0.158835
0.411836
-0.0998377
0.417035
-0.0627591
0.423712
-0.0409863
0.432453
-0.0249637
0.442331
-0.0151808
0.452348
0.00197643
0.460526
0.0154683
0.0472925
-1.63062
-1.75797
-1.25832
-2.2647
-0.781406
-2.21373
-0.449391
-2.06843
-0.22915
-1.98897
-0.0521711
-1.73057
0.0805215
-1.34124
0.168525
-0.959439
0.22276
-0.651517
0.252691
-0.423525
0.266555
-0.265934
0.271693
-0.163972
0.273778
-0.101923
0.276568
-0.065549
0.281239
-0.0456574
0.288103
-0.0318277
0.295639
-0.0227175
0.303518
-0.00590267
0.307963
0.0110243
0.0476203
-1.30459
-2.09062
-1.04211
-2.52718
-0.694376
-2.56147
-0.3963
-2.36651
-0.19691
-2.18836
-0.048776
-1.8787
0.0526565
-1.44268
0.11755
-1.02433
0.156587
-0.690555
0.177315
-0.444253
0.185798
-0.274417
0.187859
-0.166033
0.188248
-0.102312
0.189838
-0.0671386
0.193257
-0.0490767
0.1985
-0.0370706
0.203862
-0.0280793
0.209461
-0.011502
0.210362
0.0101234
0.0504479
-1.10852
-2.40417
-0.855027
-2.78068
-0.556941
-2.85955
-0.309078
-2.61437
-0.145039
-2.3524
-0.0312041
-1.99254
0.0423673
-1.51625
0.0878244
-1.06979
0.114866
-0.717596
0.128764
-0.458151
0.133606
-0.279259
0.133886
-0.166313
0.13345
-0.101876
0.134362
-0.0680511
0.136867
-0.0515811
0.140703
-0.0409073
0.144274
-0.03165
0.147913
-0.0151414
0.146108
0.0119286
0.05497
-0.950895
-2.6303
-0.667644
-3.06393
-0.416491
-3.11071
-0.219944
-2.81092
-0.100853
-2.47149
-0.0155545
-2.07784
0.037249
-1.56905
0.0682498
-1.10079
0.0869628
-0.736309
0.0962167
-0.467405
0.0987091
-0.281751
0.0979836
-0.165587
0.0971377
-0.10103
0.0976079
-0.0685213
0.0993849
-0.0533581
0.102063
-0.0435851
0.104278
-0.0338656
0.106411
-0.0172741
0.10281
0.0155299
0.0604234
-0.773395
-3.21398
-0.510902
-3.32642
-0.319906
-3.3017
-0.161316
-2.96951
-0.072498
-2.56031
-0.0103506
-2.13998
0.0310704
-1.61047
0.0535934
-1.12331
0.067366
-0.750081
0.0737195
-0.473759
0.0747303
-0.282762
0.0734191
-0.164276
0.072341
-0.0999519
0.0724754
-0.0686557
0.0736673
-0.0545501
0.0754384
-0.0453562
0.0766884
-0.0351155
0.0777363
-0.018322
0.0731021
0.0201641
0.0662104
0.200092
-3.38397
0.294997
-3.42133
0.317455
-3.32416
0.298169
-2.95022
0.256417
-2.51856
0.205963
-2.08953
0.152224
-1.55673
0.108705
-1.07979
0.0793223
-0.720699
0.0598284
-0.454265
0.0473982
-0.270332
0.0401725
-0.15705
0.036699
-0.0964783
0.0355747
-0.0675314
0.0356946
-0.05467
0.0363209
-0.0459825
0.0367852
-0.0355799
0.0371543
-0.0186912
0.0344013
0.0229172
0.0690559
0.306976
-3.58911
0.321205
-3.43555
0.298053
-3.30101
0.289796
-2.94197
0.2395
-2.46826
0.187537
-2.03757
0.139976
-1.50917
0.100016
-1.03983
0.0738901
-0.694573
0.0563627
-0.436738
0.0449447
-0.258914
0.0382145
-0.15032
0.0349348
-0.0931986
0.0338063
-0.0664029
0.0337825
-0.0546461
0.0341576
-0.0463576
0.0343058
-0.0357281
0.0342683
-0.0186537
0.0308586
0.0263269
0.0724335
0.279254
-3.74836
0.319214
-3.47551
0.271362
-3.25316
0.262751
-2.93336
0.223076
-2.42858
0.168793
-1.98328
0.127438
-1.46782
0.0918653
-1.00426
0.0685014
-0.671209
0.0527696
-0.421006
0.0423133
-0.248458
0.0360928
-0.1441
0.0330326
-0.0901384
0.0319203
-0.0652906
0.0317698
-0.0544956
0.0319195
-0.0465073
0.0317938
-0.0356024
0.0314003
-0.0182602
0.0274112
0.030316
0.0762638
0.293862
-3.88313
0.328631
-3.51028
0.260861
-3.18539
0.232296
-2.90479
0.205531
-2.40182
0.151302
-1.92905
0.113663
-1.43018
0.0835354
-0.974134
0.0630919
-0.650766
0.0491626
-0.407077
0.0396323
-0.238927
0.0338915
-0.138359
0.03104
-0.0872869
0.0299453
-0.0641959
0.0296788
-0.0542291
0.0296252
-0.0464537
0.0292641
-0.0352413
0.0285593
-0.0175554
0.0240675
0.0348079
0.0804631
0.233164
-3.95301
0.28525
-3.56237
0.233359
-3.1335
0.193237
-2.86467
0.181132
-2.38971
0.135468
-1.88339
0.100401
-1.39511
0.0754057
-0.949138
0.0577327
-0.633093
0.0455228
-0.394867
0.0369041
-0.230309
0.0316312
-0.133086
0.02898
-0.0846357
0.0279023
-0.0631182
0.027529
-0.0538559
0.0272935
-0.0462182
0.0267338
-0.0346816
0.0257594
-0.0165811
0.0208446
0.0397227
0.0849463
0.233803
-4.00437
0.264389
-3.59296
0.219901
-3.08901
0.166067
-2.81083
0.155331
-2.37898
0.120289
-1.84835
0.0877654
-1.36259
0.0673321
-0.928705
0.0524242
-0.618185
0.0418603
-0.384303
0.0341358
-0.222584
0.0293243
-0.128275
0.0268688
-0.0821803
0.0258087
-0.062058
0.0253385
-0.0533857
0.0249426
-0.0458223
0.0242193
-0.0339583
0.0230148
-0.0153766
0.0177631
0.0449744
0.0896242
0.196826
-4.01561
0.218248
-3.61438
0.190211
-3.06097
0.138845
-2.75947
0.126842
-2.36698
0.104044
-1.82555
0.0758686
-1.33441
0.0593857
-0.912222
0.0471797
-0.605979
0.0381997
-0.375323
0.0313506
-0.215735
0.0269907
-0.123915
0.0247249
-0.0799145
0.0236823
-0.0610154
0.0231254
-0.0528288
0.0225906
-0.0452875
0.0217373
-0.033105
0.0203402
-0.0139794
0.0148463
0.0504683
0.0944
0.195433
-4.01458
0.192609
-3.61155
0.168222
-3.03659
0.119764
-2.71101
0.101616
-2.34883
0.0873407
-1.81128
0.0645583
-1.31163
0.0515967
-0.899261
0.0420052
-0.596387
0.0345634
-0.367881
0.0285731
-0.209745
0.0246518
-0.119993
0.0225671
-0.0778298
0.0215414
-0.0599897
0.0209081
-0.0521955
0.0202556
-0.044635
0.0193039
-0.0321533
0.0177499
-0.0124254
0.0121186
0.0560997
0.0991664
0.159936
-3.97813
0.147956
-3.59957
0.134197
-3.02283
0.0974707
-2.67428
0.0777919
-2.32915
0.0699953
-1.80348
0.0535629
-1.2952
0.0439862
-0.889684
0.0369056
-0.589307
0.0309703
-0.361946
0.0258255
-0.2046
0.0223273
-0.116495
0.0204134
-0.0759159
0.0194039
-0.0589802
0.0187049
-0.0514964
0.0179553
-0.0438854
0.0169345
-0.0311324
0.0152578
-0.0107487
0.00960283
0.0617546
0.103807
0.140777
0.113112
0.103627
0.0761831
0.0567395
0.0529075
0.0427889
0.0365581
0.0318847
0.0274356
0.0231275
0.0200361
0.0182817
0.0172876
0.0165336
0.0157067
0.0146436
0.0128767
0.00731852
)
;

boundaryField
{
    inlet
    {
        type            calculated;
        value           nonuniform List<scalar> 
40
(
-0.12938
-0.153548
-0.179964
-0.207598
-0.237127
-0.271891
-0.32709
-0.425105
-0.511078
-0.545874
-0.0673242
-0.0670491
-0.067005
-0.0671799
-0.0675464
-0.0680664
-0.0686963
-0.069395
-0.0701314
-0.0709085
-0.0744474
-0.0744835
-0.0741721
-0.0734954
-0.0725573
-0.0714932
-0.0704174
-0.0694113
-0.0685326
-0.0678257
-0.499753
-0.433844
-0.370741
-0.31662
-0.272768
-0.235862
-0.204555
-0.177529
-0.153843
-0.133052
)
;
    }
    outlet
    {
        type            calculated;
        value           nonuniform List<scalar> 
40
(
-0.00866721
-0.0108569
-0.0133973
-0.0163322
-0.0197262
-0.0236689
-0.0282713
-0.0336477
-0.0398815
-0.047021
0.00125351
-6.21847e-06
-0.000982889
-0.00177236
-0.00243173
-0.00298841
-0.00345973
-0.00385936
-0.00419856
-0.00448654
0.0315558
0.027481
0.0235809
0.0198682
0.0163614
0.0130852
0.0100705
0.00735214
0.00496222
0.00292347
2.48202
1.71294
1.10519
0.709894
0.46305
0.307635
0.207534
0.141586
0.0973564
0.0673151
)
;
    }
    top
    {
        type            symmetryPlane;
        value           uniform 0;
    }
    bottom
    {
        type            symmetryPlane;
        value           uniform 0;
    }
    cylinder
    {
        type            calculated;
        value           nonuniform List<scalar> 
80
(
-4.49913e-18
-4.18647e-18
7.69666e-18
3.0559e-17
-3.01999e-17
3.7102e-17
-8.77247e-18
-1.93923e-17
-2.62867e-18
4.24867e-17
4.25455e-18
-1.71927e-17
1.90676e-17
-2.56896e-17
-1.40944e-17
-2.69122e-17
-9.43811e-17
-7.49584e-18
5.97357e-17
-9.8839e-17
3.51182e-17
-5.97357e-17
7.49584e-18
3.88699e-17
2.97663e-17
-3.41682e-17
2.56896e-17
-1.90676e-17
1.71927e-17
6.21712e-19
4.49913e-18
4.18647e-18
-7.69666e-18
-3.0559e-17
7.40388e-18
1.05814e-17
6.96307e-17
1.93923e-17
-5.28825e-17
-8.94647e-17
4.24867e-17
5.28825e-17
-1.93923e-17
4.13916e-17
3.7102e-17
-7.40388e-18
3.0559e-17
7.69666e-18
-4.18647e-18
-4.49913e-18
-3.51182e-17
4.22452e-18
-7.49584e-18
-8.17832e-17
3.1453e-17
3.41682e-17
-2.56896e-17
1.90676e-17
-1.71927e-17
-6.21712e-19
6.21712e-19
1.71927e-17
-1.90676e-17
2.56896e-17
-3.41682e-17
2.97663e-17
8.17832e-17
7.49584e-18
-4.22452e-18
3.51182e-17
-4.24867e-17
2.62867e-18
1.93923e-17
8.77247e-18
6.60926e-17
3.01999e-17
-3.0559e-17
-7.69666e-18
4.18647e-18
4.49913e-18
)
;
    }
    frontandback
    {
        type            empty;
        value           nonuniform 0();
    }
}


// ************************************************************************* //
