/*--------------------------------*- C++ -*----------------------------------*\
  =========                 |
  \\      /  F ield         | OpenFOAM: The Open Source CFD Toolbox
   \\    /   O peration     | Website:  https://openfoam.org
    \\  /    A nd           | Version:  6.0
     \\/     M anipulation  |
\*---------------------------------------------------------------------------*/
FoamFile
{
    version     2.0;
    format      ascii;
    class       volScalarField;
    location    "24.75";
    object      p;
}
// * * * * * * * * * * * * * * * * * * * * * * * * * * * * * * * * * * * * * //

dimensions      [0 2 -2 0 0 0 0];

internalField   nonuniform List<scalar> 
9600
(
-0.388175
-0.380806
-0.375742
-0.371724
-0.368039
-0.364606
-0.361347
-0.358193
-0.355103
-0.352057
-0.349049
-0.346075
-0.343141
-0.340251
-0.337412
-0.334633
-0.331917
-0.329216
-0.326528
-0.324382
-0.393898
-0.38636
-0.381181
-0.377022
-0.37316
-0.369516
-0.366024
-0.362619
-0.359269
-0.35596
-0.352687
-0.349456
-0.346271
-0.343142
-0.340077
-0.33709
-0.334183
-0.331297
-0.328415
-0.326233
-0.400683
-0.392858
-0.387471
-0.383103
-0.379001
-0.375092
-0.371315
-0.367612
-0.363957
-0.36034
-0.356764
-0.353235
-0.349763
-0.34636
-0.343038
-0.339814
-0.336693
-0.333596
-0.33049
-0.328297
-0.408437
-0.400295
-0.394645
-0.390006
-0.385603
-0.381372
-0.377256
-0.373205
-0.369196
-0.365226
-0.361302
-0.357434
-0.353636
-0.349922
-0.346308
-0.342816
-0.339455
-0.336119
-0.332759
-0.330579
-0.417222
-0.408704
-0.402728
-0.397757
-0.392994
-0.388382
-0.383873
-0.379421
-0.37501
-0.37064
-0.366323
-0.362072
-0.357905
-0.353841
-0.349897
-0.346104
-0.342473
-0.338868
-0.335219
-0.333075
-0.427088
-0.418122
-0.411754
-0.406387
-0.401202
-0.396151
-0.391193
-0.386287
-0.381423
-0.376604
-0.371846
-0.367168
-0.362589
-0.358131
-0.353817
-0.349685
-0.345749
-0.341841
-0.337865
-0.33578
-0.438076
-0.428582
-0.421754
-0.415926
-0.410256
-0.404706
-0.399241
-0.393828
-0.388458
-0.383141
-0.377895
-0.372741
-0.367703
-0.362807
-0.358079
-0.353565
-0.349286
-0.345037
-0.340691
-0.338685
-0.450224
-0.440118
-0.432757
-0.426402
-0.420182
-0.414071
-0.408042
-0.402067
-0.39614
-0.390275
-0.384492
-0.378814
-0.37327
-0.367886
-0.362696
-0.357756
-0.35309
-0.348454
-0.343689
-0.34178
-0.463569
-0.452763
-0.444793
-0.437842
-0.431006
-0.424272
-0.417622
-0.41103
-0.404495
-0.398033
-0.391663
-0.385414
-0.379314
-0.373393
-0.367689
-0.36227
-0.357168
-0.352092
-0.346851
-0.345052
-0.478146
-0.466544
-0.457889
-0.450271
-0.442752
-0.435333
-0.428004
-0.420743
-0.41355
-0.406442
-0.39944
-0.392571
-0.385866
-0.379355
-0.373084
-0.367129
-0.361533
-0.355955
-0.350171
-0.348482
-0.493986
-0.481491
-0.472068
-0.463711
-0.455443
-0.447278
-0.439215
-0.431233
-0.423336
-0.415537
-0.407857
-0.400323
-0.392964
-0.385812
-0.378914
-0.37236
-0.366203
-0.360049
-0.353638
-0.35205
-0.511117
-0.497624
-0.487351
-0.478183
-0.469098
-0.460127
-0.451277
-0.442528
-0.433882
-0.425352
-0.416955
-0.408713
-0.400654
-0.392808
-0.385222
-0.378
-0.371204
-0.364384
-0.357241
-0.355719
-0.529562
-0.514962
-0.503753
-0.4937
-0.483735
-0.473902
-0.464216
-0.454656
-0.445223
-0.435925
-0.426776
-0.417791
-0.40899
-0.400399
-0.392065
-0.384097
-0.376569
-0.36897
-0.36096
-0.359435
-0.549333
-0.533513
-0.521281
-0.510274
-0.499365
-0.488617
-0.47805
-0.467643
-0.457391
-0.447298
-0.43737
-0.427612
-0.418035
-0.408655
-0.399509
-0.390711
-0.382342
-0.373822
-0.364765
-0.363114
-0.570432
-0.553275
-0.539934
-0.527905
-0.515995
-0.504285
-0.492798
-0.481512
-0.470418
-0.459512
-0.448788
-0.438241
-0.427865
-0.417658
-0.407643
-0.397927
-0.388587
-0.378958
-0.368599
-0.366601
-0.592849
-0.574235
-0.559701
-0.546585
-0.533622
-0.520907
-0.508471
-0.496284
-0.484334
-0.472607
-0.461085
-0.449747
-0.438568
-0.427518
-0.416591
-0.40587
-0.395409
-0.384431
-0.372396
-0.369675
-0.616557
-0.596362
-0.580555
-0.566295
-0.552234
-0.538481
-0.525071
-0.511971
-0.499162
-0.486621
-0.474319
-0.462214
-0.450258
-0.438387
-0.426548
-0.414778
-0.403079
-0.390505
-0.376305
-0.372209
-0.64154
-0.619613
-0.602453
-0.587
-0.571803
-0.556987
-0.542589
-0.528574
-0.514915
-0.501584
-0.48854
-0.475724
-0.463061
-0.450444
-0.437757
-0.424966
-0.411982
-0.39757
-0.380383
-0.373495
-0.667779
-0.643921
-0.625325
-0.608644
-0.592289
-0.576394
-0.561003
-0.546079
-0.531592
-0.517513
-0.503792
-0.490363
-0.477122
-0.463913
-0.450528
-0.436784
-0.42234
-0.405223
-0.382529
-0.36897
-0.694898
-0.669099
-0.649075
-0.631157
-0.613633
-0.596652
-0.580268
-0.564446
-0.549161
-0.53439
-0.520095
-0.506222
-0.492683
-0.479329
-0.465931
-0.452188
-0.437371
-0.418494
-0.390586
-0.367659
-1.16873
-1.1633
-1.15413
-1.14174
-1.12637
-1.10829
-1.08778
-1.06512
-1.0406
-1.0145
-0.987109
-0.958682
-0.929479
-0.89974
-0.86969
-0.83954
-0.80948
-0.779671
-0.750245
-0.721595
-1.11823
-1.11287
-1.10403
-1.09209
-1.07733
-1.06
-1.04038
-1.01876
-0.995406
-0.9706
-0.944602
-0.917669
-0.890043
-0.861954
-0.833617
-0.805235
-0.776994
-0.749065
-0.721613
-0.694868
-1.0761
-1.07108
-1.06275
-1.05143
-1.03737
-1.02084
-1.00212
-0.981477
-0.959188
-0.935517
-0.910722
-0.885051
-0.85874
-0.832011
-0.805074
-0.778124
-0.75134
-0.724891
-0.698935
-0.673632
-1.03618
-1.03179
-1.0242
-1.01369
-1.00051
-0.98492
-0.96719
-0.94759
-0.926388
-0.903843
-0.880211
-0.855734
-0.830646
-0.805165
-0.779495
-0.753827
-0.728336
-0.703184
-0.678519
-0.654481
-0.99565
-0.992144
-0.985511
-0.976012
-0.963887
-0.949392
-0.932787
-0.914338
-0.894306
-0.87295
-0.85052
-0.827256
-0.803388
-0.779132
-0.754692
-0.730254
-0.705993
-0.682064
-0.658613
-0.635768
-0.955077
-0.952635
-0.94713
-0.938802
-0.92788
-0.914608
-0.899241
-0.882035
-0.863248
-0.843133
-0.821936
-0.799895
-0.777238
-0.75418
-0.730923
-0.707653
-0.684544
-0.661754
-0.639425
-0.617685
-0.914835
-0.91358
-0.90932
-0.902275
-0.892662
-0.880712
-0.866671
-0.850785
-0.833304
-0.814475
-0.79454
-0.773733
-0.752279
-0.730393
-0.708274
-0.68611
-0.664078
-0.642337
-0.621032
-0.600298
-0.875138
-0.87513
-0.872179
-0.866485
-0.858249
-0.847689
-0.835037
-0.820528
-0.804404
-0.786902
-0.768257
-0.7487
-0.728449
-0.707716
-0.686701
-0.665591
-0.644564
-0.623787
-0.60341
-0.583578
-0.836215
-0.837463
-0.835838
-0.831519
-0.824689
-0.815554
-0.804329
-0.791237
-0.776505
-0.760363
-0.743037
-0.724746
-0.705704
-0.686117
-0.66618
-0.646079
-0.625995
-0.606099
-0.586551
-0.567512
-0.798288
-0.800757
-0.800433
-0.797474
-0.792049
-0.784343
-0.774556
-0.762899
-0.749583
-0.734825
-0.718839
-0.701834
-0.684014
-0.665573
-0.6467
-0.627576
-0.608379
-0.589282
-0.570461
-0.552091
-0.761541
-0.765165
-0.766086
-0.764443
-0.760387
-0.754088
-0.74573
-0.735505
-0.723612
-0.710252
-0.695625
-0.679926
-0.663345
-0.646063
-0.628253
-0.610086
-0.59173
-0.573357
-0.555151
-0.537308
-0.726121
-0.73081
-0.732896
-0.7325
-0.729757
-0.72482
-0.717858
-0.709046
-0.698567
-0.686608
-0.673353
-0.658982
-0.643664
-0.627564
-0.610834
-0.593622
-0.576077
-0.558358
-0.540649
-0.523162
-0.692134
-0.697786
-0.700941
-0.701705
-0.700199
-0.696562
-0.690944
-0.683508
-0.674422
-0.663857
-0.651981
-0.638956
-0.624933
-0.610052
-0.594437
-0.578203
-0.561463
-0.544341
-0.527007
-0.50966
-0.659654
-0.666157
-0.670276
-0.672103
-0.671745
-0.669328
-0.664989
-0.658878
-0.651149
-0.641959
-0.631462
-0.619802
-0.60711
-0.593499
-0.579059
-0.56386
-0.547954
-0.531401
-0.514321
-0.496839
-0.628717
-0.635961
-0.640934
-0.643719
-0.644411
-0.643125
-0.639989
-0.635139
-0.628718
-0.620873
-0.611746
-0.601465
-0.590144
-0.577869
-0.564692
-0.550627
-0.535643
-0.519683
-0.502764
-0.484802
-0.599338
-0.607209
-0.612925
-0.616557
-0.618194
-0.617941
-0.615917
-0.612249
-0.607074
-0.60053
-0.592749
-0.583852
-0.573938
-0.563072
-0.551272
-0.53849
-0.524589
-0.509341
-0.492583
-0.473785
-0.571509
-0.579902
-0.58625
-0.590618
-0.593089
-0.593762
-0.592748
-0.59017
-0.586158
-0.580848
-0.574368
-0.566836
-0.558346
-0.548953
-0.538651
-0.527341
-0.514768
-0.500472
-0.484026
-0.464053
-0.545203
-0.55405
-0.560957
-0.565984
-0.56921
-0.570728
-0.570646
-0.569084
-0.566173
-0.562044
-0.556831
-0.550654
-0.543614
-0.53577
-0.527116
-0.517528
-0.506655
-0.493751
-0.477928
-0.455857
-0.520338
-0.529616
-0.537057
-0.54272
-0.546682
-0.549034
-0.549884
-0.549353
-0.547573
-0.544683
-0.540822
-0.536124
-0.530706
-0.52465
-0.517977
-0.510603
-0.502184
-0.491778
-0.477831
-0.452318
-0.496807
-0.506139
-0.513752
-0.519701
-0.524063
-0.526929
-0.52841
-0.528631
-0.527731
-0.52586
-0.523178
-0.519842
-0.516007
-0.511813
-0.507368
-0.502746
-0.497841
-0.492057
-0.484889
-0.464635
-0.407669
-0.478355
-0.546762
-0.613078
-0.676896
-0.737834
-0.795567
-0.849804
-0.900282
-0.946772
-0.989081
-1.02705
-1.06058
-1.08957
-1.114
-1.13386
-1.14921
-1.1601
-1.16663
-1.16915
-0.392775
-0.460802
-0.526742
-0.590516
-0.651776
-0.710187
-0.765453
-0.817304
-0.865495
-0.909813
-0.950079
-0.986153
-1.01793
-1.04535
-1.06838
-1.08703
-1.10137
-1.11147
-1.11745
-1.11954
-0.370671
-0.436637
-0.500703
-0.562654
-0.622158
-0.678901
-0.732597
-0.782983
-0.829821
-0.872904
-0.912059
-0.947149
-0.978072
-1.00477
-1.02721
-1.04542
-1.05944
-1.06936
-1.07529
-1.07742
-0.342611
-0.406695
-0.469056
-0.529423
-0.587472
-0.642894
-0.695406
-0.744748
-0.790683
-0.833005
-0.871539
-0.906147
-0.936725
-0.963207
-0.985563
-1.0038
-1.01797
-1.02815
-1.03444
-1.03701
-0.310753
-0.372892
-0.433487
-0.492247
-0.548851
-0.602995
-0.654399
-0.702802
-0.747971
-0.789695
-0.827799
-0.862137
-0.892602
-0.919119
-0.941651
-0.960197
-0.974793
-0.985508
-0.992433
-0.995716
-0.277199
-0.337324
-0.396086
-0.453183
-0.508305
-0.561156
-0.611456
-0.658948
-0.703396
-0.744591
-0.782351
-0.816528
-0.847004
-0.873698
-0.896562
-0.915584
-0.930785
-0.942223
-0.949976
-0.954172
-0.243555
-0.301605
-0.358466
-0.413839
-0.467424
-0.518932
-0.568091
-0.614644
-0.658356
-0.699016
-0.736441
-0.770478
-0.801002
-0.827923
-0.851182
-0.870756
-0.886652
-0.898913
-0.907603
-0.912832
-0.210948
-0.26688
-0.321785
-0.375376
-0.427364
-0.47747
-0.525426
-0.570979
-0.613897
-0.653969
-0.691012
-0.724866
-0.755405
-0.78253
-0.806173
-0.826299
-0.842902
-0.856009
-0.865672
-0.87198
-0.180111
-0.233905
-0.286824
-0.338593
-0.388939
-0.437589
-0.484281
-0.528767
-0.570818
-0.610227
-0.646808
-0.680405
-0.710884
-0.738143
-0.762107
-0.78273
-0.799994
-0.813914
-0.824526
-0.831902
-0.151464
-0.203125
-0.254054
-0.30399
-0.35267
-0.399828
-0.445209
-0.488568
-0.529682
-0.568347
-0.604381
-0.637627
-0.667953
-0.695252
-0.719444
-0.740476
-0.75832
-0.772977
-0.784473
-0.792862
-0.125193
-0.174748
-0.223709
-0.271827
-0.318842
-0.364496
-0.408536
-0.450724
-0.490842
-0.528691
-0.564094
-0.596898
-0.626972
-0.654208
-0.678523
-0.699857
-0.718177
-0.733474
-0.74576
-0.755076
-0.101326
-0.148816
-0.195855
-0.242191
-0.287568
-0.331726
-0.374417
-0.415407
-0.454485
-0.49146
-0.52616
-0.558438
-0.588166
-0.615238
-0.639569
-0.661097
-0.679781
-0.695605
-0.708573
-0.718713
-0.0797813
-0.125253
-0.170435
-0.215051
-0.258833
-0.301525
-0.342876
-0.38266
-0.420673
-0.45673
-0.490672
-0.522354
-0.551654
-0.57847
-0.602716
-0.62433
-0.643267
-0.659504
-0.67304
-0.683891
-0.0604108
-0.103907
-0.147315
-0.190288
-0.23254
-0.27381
-0.313848
-0.352434
-0.38937
-0.424486
-0.457627
-0.488658
-0.517464
-0.543945
-0.568018
-0.58962
-0.608706
-0.625248
-0.639238
-0.650687
-0.043024
-0.0845876
-0.126326
-0.16775
-0.208549
-0.248456
-0.287219
-0.324625
-0.360491
-0.394652
-0.426967
-0.457309
-0.485568
-0.511649
-0.535474
-0.556979
-0.576119
-0.592864
-0.607202
-0.619138
-0.027398
-0.0671251
-0.107343
-0.147324
-0.186752
-0.225358
-0.26289
-0.299143
-0.333947
-0.367152
-0.398624
-0.428247
-0.455917
-0.481546
-0.505057
-0.52639
-0.545499
-0.562353
-0.576938
-0.589254
-0.0132402
-0.051273
-0.0901725
-0.128826
-0.166966
-0.204336
-0.240683
-0.275815
-0.309577
-0.341833
-0.372459
-0.401349
-0.428404
-0.453542
-0.47669
-0.49779
-0.516798
-0.533681
-0.548424
-0.561024
6.8806e-05
-0.0360351
-0.0738297
-0.111325
-0.148315
-0.184563
-0.219822
-0.253918
-0.286713
-0.318083
-0.347918
-0.376116
-0.402588
-0.427254
-0.450047
-0.47091
-0.489798
-0.506681
-0.521541
-0.534375
0.0135761
-0.0201178
-0.0571528
-0.0938402
-0.129977
-0.165331
-0.199681
-0.232893
-0.264853
-0.295451
-0.324589
-0.352176
-0.378128
-0.402373
-0.424846
-0.445494
-0.464276
-0.481161
-0.496132
-0.509185
0.0243261
-0.0100015
-0.0472044
-0.0832243
-0.118505
-0.152869
-0.18612
-0.218198
-0.24903
-0.278531
-0.306619
-0.333217
-0.358256
-0.381673
-0.403413
-0.423431
-0.44169
-0.458165
-0.472841
-0.485717
0.545699
0.556217
0.567105
0.578266
0.589679
0.601315
0.613126
0.625047
0.637004
0.648906
0.66066
0.672176
0.683383
0.69427
0.704936
0.715672
0.726923
0.739355
0.75628
0.78329
0.534294
0.544214
0.554679
0.565366
0.576243
0.587296
0.598475
0.609707
0.620908
0.631983
0.642829
0.653348
0.663467
0.673172
0.682571
0.691976
0.701877
0.713021
0.728848
0.755168
0.520977
0.530152
0.540103
0.550221
0.560453
0.570806
0.581227
0.591636
0.60194
0.612036
0.621813
0.631169
0.640026
0.648375
0.656334
0.664245
0.672648
0.682378
0.697004
0.722499
0.505777
0.514066
0.523416
0.532871
0.542349
0.551887
0.561429
0.570884
0.580151
0.58912
0.597674
0.605704
0.613134
0.619957
0.626311
0.632568
0.639326
0.647507
0.66078
0.685206
0.48873
0.495998
0.504663
0.513362
0.521984
0.530594
0.539138
0.547512
0.555607
0.563306
0.570486
0.577035
0.582875
0.588012
0.592601
0.597051
0.602021
0.608525
0.620306
0.643463
0.469879
0.476
0.4839
0.491754
0.499419
0.506994
0.514424
0.521596
0.52839
0.534683
0.540345
0.545262
0.549361
0.552658
0.555331
0.557831
0.560878
0.565585
0.575748
0.597462
0.449272
0.454129
0.461189
0.468114
0.474725
0.481163
0.487372
0.493225
0.498596
0.503352
0.507362
0.510507
0.512722
0.514035
0.514654
0.51507
0.516074
0.518872
0.527302
0.54741
0.426959
0.430448
0.436601
0.442517
0.447984
0.453189
0.458074
0.462502
0.466335
0.469435
0.471665
0.47291
0.47311
0.472309
0.470745
0.468958
0.467808
0.468599
0.475192
0.493542
0.402996
0.405026
0.410212
0.415044
0.419284
0.423168
0.426638
0.429541
0.431731
0.433065
0.433402
0.432629
0.430694
0.427662
0.423805
0.41971
0.41631
0.415008
0.419668
0.436118
0.377438
0.377934
0.382103
0.385785
0.388724
0.391209
0.393179
0.394469
0.394923
0.394392
0.392734
0.389838
0.385665
0.380302
0.374054
0.367562
0.361833
0.358365
0.361009
0.375425
0.350342
0.349247
0.35236
0.354836
0.356409
0.357427
0.357826
0.357425
0.356061
0.35358
0.349839
0.344732
0.338233
0.330453
0.321736
0.312775
0.304654
0.298962
0.299519
0.311776
0.321765
0.319044
0.321076
0.322299
0.322455
0.321949
0.320717
0.318561
0.315311
0.310808
0.304911
0.29752
0.288623
0.27836
0.267113
0.255631
0.24507
0.237112
0.235521
0.245504
0.291765
0.287408
0.288348
0.288286
0.286986
0.284916
0.282006
0.278045
0.272854
0.266273
0.258162
0.24843
0.237082
0.224286
0.210468
0.196429
0.1834
0.173148
0.169361
0.176965
0.260403
0.254429
0.254284
0.252921
0.250141
0.246481
0.241862
0.236058
0.228886
0.220185
0.209818
0.197704
0.183869
0.16851
0.152098
0.135488
0.119979
0.10742
0.101403
0.106537
0.227745
0.220208
0.219007
0.216346
0.212081
0.206818
0.200471
0.192801
0.183621
0.172771
0.160121
0.145601
0.12926
0.111328
0.0923185
0.0731394
0.0551577
0.0402943
0.0320258
0.0346096
0.19386
0.184859
0.182662
0.178727
0.17299
0.166126
0.158044
0.148495
0.13729
0.124275
0.109327
0.0923938
0.0735454
0.0530472
0.0314553
0.00972921
-0.010702
-0.0278522
-0.0383815
-0.0384105
0.158826
0.148519
0.145431
0.140274
0.13309
0.124637
0.114819
0.103382
0.0901427
0.0749549
0.0577077
0.0383659
0.0170252
-0.00601456
-0.0301546
-0.0543879
-0.0772292
-0.0966365
-0.109424
-0.112108
0.122807
0.111464
0.107647
0.101305
0.0926788
0.0826308
0.0710644
0.0577261
0.042443
0.0250803
0.00554137
-0.0161901
-0.039992
-0.0655305
-0.092166
-0.118849
-0.144045
-0.165666
-0.180693
-0.186039
0.0852153
0.073764
0.0696717
0.0621986
0.0521022
0.0404231
0.0270709
0.0118024
-0.00553939
-0.0250758
-0.0468893
-0.0709772
-0.0971914
-0.125165
-0.154222
-0.183275
-0.210752
-0.234531
-0.251763
-0.25974
0.044356
0.034931
0.0312005
0.0228921
0.011516
-0.00175396
-0.0169181
-0.0341434
-0.0535528
-0.0752523
-0.0993099
-0.125704
-0.154264
-0.184592
-0.21598
-0.247313
-0.276995
-0.302892
-0.322395
-0.333205
0.375496
0.377654
0.386316
0.392359
0.396527
0.40003
0.40314
0.405926
0.408492
0.410973
0.413525
0.416352
0.419704
0.423881
0.429208
0.43597
0.444305
0.453993
0.464
0.471568
0.405473
0.405425
0.412119
0.417824
0.422409
0.426652
0.430681
0.434488
0.438132
0.441716
0.445378
0.449301
0.453724
0.458936
0.465259
0.472995
0.482307
0.493023
0.504426
0.514401
0.430063
0.430068
0.436249
0.442204
0.447431
0.452463
0.45739
0.462182
0.466872
0.471538
0.476297
0.481314
0.486807
0.493053
0.500369
0.509064
0.519325
0.531029
0.543776
0.55606
0.451597
0.452544
0.458967
0.465422
0.471355
0.477193
0.48301
0.488768
0.494483
0.500213
0.506056
0.512156
0.518715
0.52599
0.53429
0.543929
0.555112
0.567759
0.581756
0.596141
0.47126
0.47333
0.480224
0.487277
0.493952
0.50061
0.507314
0.514024
0.520743
0.527516
0.534422
0.541588
0.549193
0.557479
0.566738
0.577289
0.58935
0.60288
0.618036
0.634378
0.489176
0.49241
0.499873
0.507583
0.515031
0.522519
0.530105
0.53775
0.545451
0.553239
0.56118
0.56938
0.578001
0.587264
0.597446
0.608863
0.621744
0.636085
0.652307
0.670484
0.505411
0.5098
0.517864
0.526246
0.534466
0.542774
0.551222
0.559774
0.568423
0.577188
0.586122
0.595315
0.604908
0.6151
0.626154
0.638379
0.652012
0.667083
0.684271
0.704159
0.519984
0.525492
0.534152
0.543188
0.552154
0.561252
0.570525
0.579943
0.589492
0.599184
0.609057
0.619186
0.629692
0.640752
0.652612
0.665572
0.679877
0.695588
0.713635
0.735104
0.53288
0.53945
0.548683
0.558335
0.568003
0.577843
0.587891
0.598117
0.608505
0.619059
0.629804
0.640798
0.652142
0.663994
0.67658
0.690191
0.705075
0.721327
0.740121
0.763032
0.544074
0.551633
0.561399
0.571617
0.581928
0.592448
0.603205
0.614171
0.625324
0.63666
0.648194
0.659968
0.672063
0.684615
0.697831
0.711994
0.727355
0.744041
0.763461
0.787668
0.553532
0.561993
0.572241
0.582963
0.593848
0.604976
0.616365
0.627986
0.639817
0.651845
0.664073
0.676526
0.689269
0.702417
0.716155
0.730759
0.746482
0.763485
0.783404
0.808754
0.56122
0.570481
0.581152
0.592308
0.603688
0.61534
0.627273
0.639458
0.651869
0.664485
0.677298
0.690319
0.703594
0.717216
0.731355
0.746276
0.762237
0.779434
0.79972
0.826052
0.5671
0.57705
0.588076
0.599589
0.611378
0.623462
0.635843
0.64849
0.661372
0.674462
0.687741
0.701205
0.714882
0.728847
0.743254
0.758356
0.774421
0.79168
0.812196
0.839347
0.571137
0.581653
0.592961
0.604749
0.616854
0.629273
0.641996
0.654995
0.668232
0.681672
0.695286
0.709057
0.722997
0.737163
0.75169
0.76683
0.782855
0.80004
0.820645
0.848445
0.573297
0.584248
0.595759
0.607737
0.620061
0.63271
0.645666
0.658898
0.672364
0.686023
0.699834
0.713768
0.72782
0.742032
0.756526
0.771548
0.787384
0.804351
0.824901
0.85318
0.573552
0.584801
0.596432
0.608509
0.62095
0.63372
0.646793
0.660135
0.673701
0.68744
0.701301
0.715244
0.72925
0.743346
0.757643
0.772385
0.787875
0.804478
0.824827
0.853413
0.57188
0.583282
0.594946
0.607031
0.619484
0.632261
0.645332
0.658657
0.672185
0.685859
0.699618
0.713411
0.727205
0.741015
0.754944
0.769238
0.78422
0.800308
0.820308
0.849032
0.568263
0.579671
0.591278
0.603277
0.615635
0.628304
0.641249
0.654424
0.667775
0.681235
0.694735
0.708212
0.721623
0.734971
0.748356
0.762028
0.776336
0.791756
0.811261
0.839968
0.562693
0.573956
0.585415
0.597231
0.609384
0.621827
0.63452
0.647413
0.660442
0.673536
0.686616
0.699608
0.712461
0.725168
0.737827
0.7507
0.764163
0.778759
0.797629
0.826189
0.555168
0.566133
0.577353
0.588889
0.600726
0.612825
0.62514
0.637614
0.650178
0.662752
0.675249
0.687586
0.699703
0.711589
0.723341
0.735233
0.747677
0.761281
0.779334
0.807516
0.362775
0.344521
0.320239
0.294866
0.268965
0.24288
0.216862
0.19101
0.1654
0.140114
0.115232
0.090823
0.066953
0.0436817
0.0210619
-0.000860596
-0.0220482
-0.0424721
-0.062112
-0.0809563
0.362705
0.344027
0.320351
0.294939
0.268827
0.242395
0.215894
0.189482
0.163281
0.137394
0.111914
0.0869247
0.0625007
0.0387098
0.0156119
-0.00674196
-0.0283095
-0.0490582
-0.0689645
-0.0880132
0.366007
0.344049
0.319258
0.293229
0.266573
0.239574
0.212481
0.185477
0.158702
0.132274
0.106297
0.0808609
0.0560482
0.0319313
0.00857383
-0.0139703
-0.0356567
-0.0564514
-0.0763302
-0.0952772
0.369051
0.344852
0.318961
0.292124
0.264727
0.23702
0.209239
0.181572
0.154171
0.127163
0.100659
0.0747591
0.0495488
0.0251049
0.0014934
-0.0212303
-0.0430215
-0.0638468
-0.0836832
-0.102517
0.371425
0.345676
0.318754
0.291043
0.26284
0.234378
0.205881
0.177536
0.1495
0.12191
0.0948847
0.0685287
0.0429338
0.0181796
-0.00566573
-0.0285461
-0.0504173
-0.0712474
-0.0910156
-0.109711
0.373465
0.346334
0.318334
0.289688
0.260635
0.231391
0.202163
0.173139
0.144479
0.116326
0.0888043
0.0620243
0.0360816
0.0110584
-0.0129761
-0.0359659
-0.0578683
-0.0786541
-0.0983056
-0.116817
0.375249
0.346816
0.31771
0.288088
0.258152
0.228102
0.198135
0.168434
0.139164
0.11047
0.0824829
0.0553153
0.0290659
0.00381835
-0.0203582
-0.0434092
-0.0652946
-0.0859894
-0.10548
-0.123768
0.376795
0.347133
0.316925
0.286309
0.255471
0.224603
0.193894
0.163526
0.133663
0.104455
0.0760345
0.0485168
0.0220018
-0.00342694
-0.0277017
-0.0507709
-0.0725987
-0.0931651
-0.112463
-0.130499
0.378169
0.347332
0.316035
0.284423
0.25268
0.220993
0.18955
0.158529
0.128097
0.0984046
0.0695848
0.0417544
0.0150128
-0.0105579
-0.0348932
-0.0579456
-0.0796848
-0.100097
-0.119183
-0.136957
0.379484
0.34751
0.315144
0.282547
0.249905
0.21741
0.185246
0.153594
0.122619
0.0924709
0.0632843
0.0351746
0.0082392
-0.017443
-0.0418117
-0.0648251
-0.0864597
-0.10671
-0.125581
-0.143101
0.380894
0.347817
0.31441
0.280846
0.247324
0.214036
0.181172
0.14891
0.117415
0.0868373
0.0573089
0.0289433
0.00183447
-0.0239433
-0.0483354
-0.0713067
-0.0928411
-0.112941
-0.13162
-0.148915
0.382602
0.348459
0.314042
0.279538
0.245158
0.211099
0.177553
0.144699
0.112701
0.0817075
0.0518484
0.0232333
-0.00404841
-0.029928
-0.0543574
-0.0773086
-0.0987736
-0.118763
-0.137296
-0.154424
0.384864
0.349693
0.314302
0.278887
0.24367
0.208857
0.174641
0.141201
0.108701
0.0772875
0.0470862
0.0182027
-0.00927906
-0.0352963
-0.0598077
-0.0827925
-0.104251
-0.124199
-0.142665
-0.159708
0.387983
0.35182
0.315486
0.279183
0.243143
0.207579
0.172686
0.138646
0.10562
0.0737525
0.0431656
0.0139602
-0.0137847
-0.0400125
-0.064688
-0.087797
-0.109346
-0.129358
-0.147864
-0.164935
0.392274
0.355146
0.317886
0.280697
0.243825
0.207487
0.171883
0.137194
0.103581
0.0711851
0.0401267
0.0105025
-0.0176131
-0.044168
-0.069132
-0.0924959
-0.114271
-0.134484
-0.153169
-0.170404
0.398005
0.359913
0.321711
0.283605
0.245852
0.208677
0.17228
0.136845
0.102532
0.0694836
0.0378161
0.00762484
-0.0210182
-0.0480638
-0.0734844
-0.0972735
-0.119444
-0.140026
-0.159052
-0.176605
0.405283
0.36619
0.326989
0.287889
0.24916
0.211034
0.173713
0.137384
0.10221
0.0683329
0.0358702
0.00491796
-0.0244517
-0.0521893
-0.0782674
-0.102679
-0.125438
-0.146571
-0.166109
-0.184138
0.413856
0.373668
0.333352
0.293128
0.253275
0.214032
0.175607
0.138189
0.101946
0.0670239
0.0335446
0.00160739
-0.0287118
-0.0573602
-0.0843072
-0.109543
-0.133079
-0.154938
-0.175147
-0.193789
0.422548
0.380875
0.339033
0.29729
0.255919
0.215161
0.175232
0.136326
0.0986211
0.0622697
0.0274032
-0.00587099
-0.037469
-0.0673309
-0.0954202
-0.121723
-0.146245
-0.169012
-0.190057
-0.20943
0.428498
0.384377
0.340083
0.295982
0.252298
0.209258
0.167084
0.125984
0.0861467
0.0477403
0.0109106
-0.0242211
-0.0575583
-0.0890301
-0.118592
-0.146224
-0.171936
-0.195769
-0.217802
-0.238012
-0.0990222
-0.116294
-0.132801
-0.148577
-0.16366
-0.178096
-0.191938
-0.205242
-0.218068
-0.230473
-0.242516
-0.254254
-0.265742
-0.277039
-0.288212
-0.299346
-0.310355
-0.320822
-0.330735
-0.326423
-0.106225
-0.123571
-0.140085
-0.155794
-0.170734
-0.184945
-0.198476
-0.211376
-0.223697
-0.235489
-0.246801
-0.257678
-0.268157
-0.278263
-0.287996
-0.297292
-0.305845
-0.312843
-0.316919
-0.30846
-0.113319
-0.130418
-0.146612
-0.161933
-0.176415
-0.190103
-0.203045
-0.215294
-0.226904
-0.237927
-0.248413
-0.258405
-0.267929
-0.276992
-0.285553
-0.293477
-0.300392
-0.305564
-0.308026
-0.303106
-0.120382
-0.137236
-0.153124
-0.168082
-0.182148
-0.195371
-0.207803
-0.219502
-0.230524
-0.240924
-0.250752
-0.260049
-0.268838
-0.277115
-0.284825
-0.291828
-0.297799
-0.302189
-0.304338
-0.301853
-0.12738
-0.143969
-0.159537
-0.174125
-0.187775
-0.200541
-0.212482
-0.223658
-0.234129
-0.243954
-0.253186
-0.261865
-0.270017
-0.277635
-0.284672
-0.291006
-0.296389
-0.300433
-0.302664
-0.301801
-0.134246
-0.150533
-0.165747
-0.179938
-0.193153
-0.205452
-0.216899
-0.227561
-0.237502
-0.246786
-0.255468
-0.263594
-0.271193
-0.278266
-0.284776
-0.290633
-0.295659
-0.29959
-0.302109
-0.302564
-0.140923
-0.15688
-0.17172
-0.185502
-0.198279
-0.210118
-0.221089
-0.231265
-0.240716
-0.24951
-0.257708
-0.265359
-0.2725
-0.27914
-0.285258
-0.290792
-0.295619
-0.299564
-0.302424
-0.303885
-0.147363
-0.162977
-0.177441
-0.190819
-0.203174
-0.214578
-0.225109
-0.234843
-0.243858
-0.252225
-0.260011
-0.267271
-0.274044
-0.280351
-0.286185
-0.291505
-0.296228
-0.300237
-0.303399
-0.305567
-0.153527
-0.168804
-0.182904
-0.195902
-0.207867
-0.218877
-0.229016
-0.238365
-0.247007
-0.255017
-0.262465
-0.269411
-0.275899
-0.281956
-0.287585
-0.29276
-0.297426
-0.301503
-0.304898
-0.307541
-0.159394
-0.174358
-0.188128
-0.200788
-0.212412
-0.223083
-0.232891
-0.241922
-0.25026
-0.257985
-0.265168
-0.271872
-0.278145
-0.284016
-0.289496
-0.294569
-0.299196
-0.303319
-0.306871
-0.309818
-0.164971
-0.179669
-0.193163
-0.205544
-0.216892
-0.227296
-0.236845
-0.245631
-0.25374
-0.261252
-0.268241
-0.274769
-0.280883
-0.286618
-0.291985
-0.296975
-0.301561
-0.305698
-0.309335
-0.312452
-0.170307
-0.184809
-0.198101
-0.210283
-0.221436
-0.231653
-0.241026
-0.249647
-0.257603
-0.264973
-0.271832
-0.278238
-0.284241
-0.289873
-0.295148
-0.300061
-0.304591
-0.308701
-0.312354
-0.315538
-0.17551
-0.189907
-0.203092
-0.215169
-0.226223
-0.236344
-0.245629
-0.254167
-0.262044
-0.26934
-0.276124
-0.282457
-0.288383
-0.293934
-0.299124
-0.303952
-0.3084
-0.312442
-0.316045
-0.319206
-0.18077
-0.195177
-0.208365
-0.220446
-0.231503
-0.241627
-0.250911
-0.259446
-0.267316
-0.274596
-0.281354
-0.287647
-0.293519
-0.298998
-0.3041
-0.308824
-0.313159
-0.317084
-0.320574
-0.323633
-0.186407
-0.200952
-0.214268
-0.226468
-0.237634
-0.247855
-0.257225
-0.26583
-0.273752
-0.281064
-0.287832
-0.294108
-0.299933
-0.305337
-0.310334
-0.314927
-0.319108
-0.322864
-0.326175
-0.329052
-0.192924
-0.207743
-0.221311
-0.233743
-0.245117
-0.255522
-0.265048
-0.273781
-0.2818
-0.289175
-0.295968
-0.302232
-0.308005
-0.313314
-0.318177
-0.322597
-0.326574
-0.3301
-0.333159
-0.33577
-0.200914
-0.216135
-0.230068
-0.242829
-0.254492
-0.265144
-0.274876
-0.28377
-0.291905
-0.29935
-0.306166
-0.312401
-0.318095
-0.323275
-0.32796
-0.332157
-0.33587
-0.339097
-0.341826
-0.344079
-0.211124
-0.226844
-0.241224
-0.254374
-0.266367
-0.277292
-0.287238
-0.29629
-0.304526
-0.312015
-0.318818
-0.324983
-0.33055
-0.335547
-0.339993
-0.343902
-0.347281
-0.350134
-0.352455
-0.354252
-0.227287
-0.243546
-0.25839
-0.271901
-0.284168
-0.295284
-0.305347
-0.314444
-0.322658
-0.330061
-0.336715
-0.34267
-0.347965
-0.35263
-0.356688
-0.360154
-0.363043
-0.365373
-0.36716
-0.36834
-0.255994
-0.272745
-0.287949
-0.301636
-0.313937
-0.324978
-0.334867
-0.343706
-0.351587
-0.358589
-0.364778
-0.370207
-0.374915
-0.378933
-0.382282
-0.384984
-0.387066
-0.388585
-0.389631
-0.389978
-0.388525
-0.368822
-0.355641
-0.345976
-0.33804
-0.33159
-0.326345
-0.322006
-0.318337
-0.315149
-0.312282
-0.309592
-0.306927
-0.304099
-0.300854
-0.296873
-0.29145
-0.281916
-0.263741
-0.247899
-0.38777
-0.369043
-0.356546
-0.34737
-0.339814
-0.333643
-0.328586
-0.324351
-0.320705
-0.317454
-0.314431
-0.311477
-0.308431
-0.305097
-0.301248
-0.296677
-0.291038
-0.282622
-0.268934
-0.26112
-0.386781
-0.368967
-0.357111
-0.34841
-0.34123
-0.335341
-0.330479
-0.326365
-0.32277
-0.319509
-0.316421
-0.313357
-0.310175
-0.306725
-0.302858
-0.298493
-0.293496
-0.286848
-0.277531
-0.275246
-0.385414
-0.368581
-0.357378
-0.349149
-0.342343
-0.336737
-0.33208
-0.328103
-0.324592
-0.321371
-0.318291
-0.315224
-0.312053
-0.308668
-0.304977
-0.300967
-0.296592
-0.291122
-0.284051
-0.283714
-0.383788
-0.367946
-0.357393
-0.34963
-0.343196
-0.337875
-0.333431
-0.32961
-0.326211
-0.323073
-0.320064
-0.317074
-0.314014
-0.310806
-0.307403
-0.303835
-0.300107
-0.295656
-0.290135
-0.290546
-0.382009
-0.367132
-0.357215
-0.34991
-0.343841
-0.338808
-0.334583
-0.330932
-0.327667
-0.324644
-0.321746
-0.318883
-0.315987
-0.313005
-0.309918
-0.306774
-0.3036
-0.299941
-0.295512
-0.296175
-0.380162
-0.366211
-0.356908
-0.350047
-0.344337
-0.339587
-0.335585
-0.332111
-0.328994
-0.326104
-0.32334
-0.320626
-0.317911
-0.315159
-0.312364
-0.309578
-0.306832
-0.303744
-0.300071
-0.300702
-0.378325
-0.365254
-0.356537
-0.350103
-0.34474
-0.340266
-0.336483
-0.333187
-0.330222
-0.327472
-0.324847
-0.322286
-0.319746
-0.317203
-0.314657
-0.312156
-0.309725
-0.307043
-0.303899
-0.304347
-0.376577
-0.364331
-0.356168
-0.350142
-0.345109
-0.340897
-0.337325
-0.334201
-0.331384
-0.328768
-0.326276
-0.323855
-0.321471
-0.319104
-0.316758
-0.31447
-0.312263
-0.309863
-0.307095
-0.307285
-0.374989
-0.363512
-0.35587
-0.350225
-0.3455
-0.341535
-0.338158
-0.335193
-0.332511
-0.330017
-0.327642
-0.325341
-0.323084
-0.320856
-0.318658
-0.316523
-0.314464
-0.312255
-0.309751
-0.309654
-0.373635
-0.362869
-0.355708
-0.350414
-0.345974
-0.342232
-0.339031
-0.336206
-0.333641
-0.331249
-0.328969
-0.326761
-0.324599
-0.322471
-0.320377
-0.31834
-0.316371
-0.314282
-0.311962
-0.311571
-0.372588
-0.36247
-0.355748
-0.350774
-0.346588
-0.343044
-0.339994
-0.337287
-0.334814
-0.332499
-0.330288
-0.328143
-0.326044
-0.323979
-0.321946
-0.319963
-0.318036
-0.316016
-0.313817
-0.313143
-0.37192
-0.362386
-0.356058
-0.351368
-0.347402
-0.344026
-0.341098
-0.338481
-0.336075
-0.333809
-0.331637
-0.329526
-0.327457
-0.325419
-0.32341
-0.321444
-0.319522
-0.317528
-0.315404
-0.314464
-0.371706
-0.362686
-0.356703
-0.352256
-0.348477
-0.345234
-0.342398
-0.33984
-0.33747
-0.335225
-0.333062
-0.330953
-0.328882
-0.326838
-0.324821
-0.322839
-0.320892
-0.318892
-0.3168
-0.315618
-0.372021
-0.36344
-0.357749
-0.353503
-0.349869
-0.346724
-0.343945
-0.341414
-0.339049
-0.336792
-0.334607
-0.33247
-0.330366
-0.328287
-0.326231
-0.324206
-0.322209
-0.320174
-0.318082
-0.316683
-0.372936
-0.364715
-0.359259
-0.355168
-0.351638
-0.348551
-0.345794
-0.343256
-0.340861
-0.338561
-0.336323
-0.334126
-0.331959
-0.329815
-0.327694
-0.3256
-0.323531
-0.321438
-0.319314
-0.317725
-0.374529
-0.366574
-0.361294
-0.35731
-0.35384
-0.350771
-0.347997
-0.345415
-0.342957
-0.34058
-0.338256
-0.335969
-0.33371
-0.331474
-0.32926
-0.327075
-0.324914
-0.322741
-0.320558
-0.318806
-0.376884
-0.369083
-0.363909
-0.359982
-0.356527
-0.353434
-0.350603
-0.34794
-0.345383
-0.342895
-0.340453
-0.338045
-0.335663
-0.333307
-0.330977
-0.328677
-0.326406
-0.324132
-0.321863
-0.319974
-0.380099
-0.372296
-0.36715
-0.363231
-0.359746
-0.356587
-0.353659
-0.350876
-0.348183
-0.345549
-0.342955
-0.340393
-0.33786
-0.335356
-0.332883
-0.330448
-0.328048
-0.325653
-0.323271
-0.321271
-0.384071
-0.376211
-0.371061
-0.36711
-0.363552
-0.360282
-0.357215
-0.354271
-0.351402
-0.348584
-0.345803
-0.343054
-0.340338
-0.337657
-0.335016
-0.332421
-0.329874
-0.327337
-0.324816
-0.322731
-0.32052
-0.294604
-0.281653
-0.258801
-0.240499
-0.219745
-0.200809
-0.182111
-0.164791
-0.148542
-0.133649
-0.120024
-0.107696
-0.0965868
-0.086635
-0.0777447
-0.0698206
-0.0627578
-0.0564539
-0.050809
-0.0457312
-0.041138
-0.0369616
-0.0331449
-0.0296517
-0.0264468
-0.0235249
-0.0208488
-0.0184429
-0.0162246
-0.014275
-0.012413
-0.0108578
-0.00923933
-0.00804016
-0.0064458
-0.00559336
-0.00326998
-0.00328922
0.00139428
-0.323447
-0.29545
-0.282746
-0.259384
-0.240988
-0.220088
-0.201075
-0.182322
-0.164966
-0.1487
-0.133799
-0.120178
-0.10786
-0.0967669
-0.086833
-0.0779607
-0.0700519
-0.0629993
-0.0566985
-0.0510474
-0.0459533
-0.0413328
-0.0371189
-0.0332556
-0.0297099
-0.0264497
-0.0234754
-0.020754
-0.0183174
-0.0160865
-0.014148
-0.0123223
-0.0108206
-0.00928172
-0.0081422
-0.00663364
-0.00578597
-0.00349857
-0.00343272
0.00128163
-0.327069
-0.296437
-0.284118
-0.260154
-0.241658
-0.220594
-0.201491
-0.182671
-0.165269
-0.148973
-0.134055
-0.120426
-0.108108
-0.0970192
-0.0870935
-0.0782301
-0.0703284
-0.0632789
-0.0569748
-0.0513125
-0.0461977
-0.0415468
-0.0372929
-0.0333816
-0.0297824
-0.0264664
-0.0234393
-0.0206721
-0.0182042
-0.0159599
-0.014031
-0.01224
-0.0107896
-0.00932806
-0.00824576
-0.00682053
-0.0059757
-0.00372369
-0.00357107
0.00116699
-0.331387
-0.297572
-0.285757
-0.261112
-0.242501
-0.221262
-0.202054
-0.183159
-0.165698
-0.149363
-0.134415
-0.120767
-0.108438
-0.0973439
-0.0874164
-0.0785527
-0.0706498
-0.0635961
-0.0572825
-0.0516036
-0.046464
-0.0417795
-0.0374835
-0.0335228
-0.0298694
-0.0264972
-0.0234171
-0.0206041
-0.0181044
-0.0158456
-0.0139249
-0.0121667
-0.0107652
-0.00937835
-0.00835051
-0.00700566
-0.00616163
-0.00394427
-0.0037034
0.00105085
-0.336398
-0.298863
-0.287647
-0.262254
-0.243512
-0.222088
-0.202761
-0.183784
-0.166254
-0.149868
-0.13488
-0.121202
-0.108851
-0.0977411
-0.0878018
-0.0789285
-0.0710162
-0.0639507
-0.0576213
-0.0519206
-0.0467522
-0.042031
-0.0376909
-0.0336795
-0.0299713
-0.0265428
-0.0234097
-0.0205506
-0.0180184
-0.0157443
-0.0138301
-0.0121027
-0.0107474
-0.00943242
-0.00845625
-0.00718881
-0.00634373
-0.00416028
-0.00383001
0.000933345
-0.34209
-0.300325
-0.289767
-0.263581
-0.244681
-0.223068
-0.203611
-0.184544
-0.166934
-0.150489
-0.13545
-0.121732
-0.109347
-0.098211
-0.0882498
-0.0793576
-0.0714272
-0.0643426
-0.057991
-0.0522634
-0.047062
-0.0423012
-0.037915
-0.0338519
-0.0300884
-0.0266036
-0.0234174
-0.0205122
-0.0179472
-0.0156567
-0.0137472
-0.0120483
-0.0107364
-0.00949017
-0.00856265
-0.00736935
-0.00652138
-0.004371
-0.00395043
0.000814854
-0.348448
-0.30198
-0.292093
-0.265091
-0.246003
-0.2242
-0.2046
-0.185438
-0.167739
-0.151226
-0.136124
-0.122356
-0.109927
-0.0987537
-0.0887604
-0.0798398
-0.0718828
-0.0647716
-0.0583914
-0.0526316
-0.0473933
-0.0425901
-0.038156
-0.0340401
-0.030221
-0.0266799
-0.0234409
-0.0204896
-0.0178911
-0.0155833
-0.0136767
-0.0120039
-0.0107324
-0.00955144
-0.00866947
-0.00754691
-0.00669429
-0.00457609
-0.00406462
0.000695651
-0.355448
-0.303855
-0.294602
-0.266785
-0.247468
-0.22548
-0.205726
-0.186463
-0.168668
-0.152077
-0.136904
-0.123074
-0.11059
-0.0993691
-0.0893336
-0.0803752
-0.072383
-0.0652376
-0.0588224
-0.0530254
-0.0477462
-0.0428977
-0.0384139
-0.0342445
-0.0303695
-0.0267723
-0.0234805
-0.0204832
-0.0178508
-0.0155245
-0.0136189
-0.0119697
-0.0107354
-0.00961607
-0.00877642
-0.00772105
-0.00686211
-0.00477516
-0.00417245
0.000576053
-0.363057
-0.305994
-0.297266
-0.268665
-0.249071
-0.226904
-0.206985
-0.187618
-0.169718
-0.153042
-0.137787
-0.123886
-0.111336
-0.100057
-0.0899693
-0.0809636
-0.0729276
-0.0657405
-0.0592841
-0.0534446
-0.0481207
-0.0432242
-0.038689
-0.0344652
-0.0305342
-0.026881
-0.0235368
-0.0204934
-0.0178266
-0.0154807
-0.013574
-0.0119457
-0.0107454
-0.0096839
-0.00888325
-0.00789137
-0.00702454
-0.00496786
-0.00427385
0.000456368
-0.371224
-0.308451
-0.300061
-0.270733
-0.250809
-0.22847
-0.208377
-0.188901
-0.170889
-0.154119
-0.138774
-0.124791
-0.112165
-0.100818
-0.0906673
-0.0816049
-0.0735166
-0.0662803
-0.0597762
-0.0538893
-0.0485167
-0.0435696
-0.0389814
-0.0347024
-0.0307151
-0.0270062
-0.0236098
-0.0205205
-0.0178188
-0.0154522
-0.0135424
-0.0119322
-0.0107623
-0.00975472
-0.00898969
-0.00805754
-0.00718135
-0.00515391
-0.00436878
0.000336899
-0.379877
-0.311295
-0.302964
-0.272993
-0.252678
-0.230176
-0.209898
-0.19031
-0.172179
-0.155308
-0.139863
-0.125788
-0.113077
-0.10165
-0.0914275
-0.082299
-0.0741499
-0.066857
-0.060299
-0.0543595
-0.0489344
-0.043934
-0.0392912
-0.0349563
-0.0309127
-0.0271482
-0.0236999
-0.0205647
-0.0178275
-0.0154391
-0.013524
-0.011929
-0.010786
-0.00982834
-0.00909551
-0.00821923
-0.00733232
-0.00533308
-0.00445726
0.000217942
-0.388911
-0.31461
-0.305959
-0.275446
-0.254679
-0.23202
-0.211548
-0.191843
-0.173586
-0.156607
-0.141054
-0.126878
-0.11407
-0.102554
-0.0922494
-0.0830456
-0.0748273
-0.0674703
-0.0608522
-0.0548552
-0.0493739
-0.0443176
-0.0396186
-0.0352269
-0.0311268
-0.0273072
-0.0238072
-0.0206261
-0.0178529
-0.0154414
-0.0135189
-0.0119362
-0.0108165
-0.00990454
-0.00920048
-0.0083762
-0.00747729
-0.0055052
-0.00453937
9.97849e-05
-0.398176
-0.318497
-0.309041
-0.278098
-0.256817
-0.234003
-0.213326
-0.193498
-0.17511
-0.158014
-0.142344
-0.128058
-0.115144
-0.10353
-0.0931328
-0.0838446
-0.0755488
-0.0681205
-0.061436
-0.0553765
-0.0498353
-0.0447204
-0.0399636
-0.0355146
-0.0313578
-0.0274831
-0.0239317
-0.0207048
-0.017895
-0.0154591
-0.013527
-0.0119536
-0.0108536
-0.00998312
-0.00930438
-0.00852819
-0.00761615
-0.00567012
-0.0046152
-1.72906e-05
-0.407449
-0.323064
-0.312217
-0.280954
-0.2591
-0.236126
-0.215236
-0.195277
-0.176751
-0.15953
-0.143735
-0.129329
-0.1163
-0.104576
-0.0940779
-0.0846961
-0.0763145
-0.0688076
-0.0620507
-0.0559237
-0.0503188
-0.0451427
-0.0403265
-0.0358193
-0.0316057
-0.0276761
-0.0240734
-0.0208006
-0.0179537
-0.0154922
-0.0135483
-0.0119811
-0.0108971
-0.0100638
-0.00940704
-0.00867503
-0.00774883
-0.00582777
-0.00468488
-0.000133014
-0.416386
-0.328398
-0.315499
-0.28401
-0.261528
-0.238387
-0.217271
-0.197175
-0.178503
-0.16115
-0.145222
-0.130687
-0.117533
-0.105692
-0.0950824
-0.0855985
-0.0771232
-0.0695307
-0.0626955
-0.0564962
-0.0508239
-0.0455841
-0.0407069
-0.0361406
-0.03187
-0.0278855
-0.0242317
-0.020913
-0.0180283
-0.01554
-0.0135821
-0.0120182
-0.0109466
-0.0101465
-0.00950831
-0.00881668
-0.00787538
-0.00597817
-0.00474862
-0.000247128
-0.424504
-0.334537
-0.318889
-0.287234
-0.264084
-0.240764
-0.219414
-0.19917
-0.180347
-0.162857
-0.146789
-0.132119
-0.118833
-0.106866
-0.0961387
-0.0865453
-0.0779696
-0.0702855
-0.0633668
-0.0570911
-0.0513483
-0.0460426
-0.041103
-0.036477
-0.0321493
-0.0281101
-0.0244053
-0.0210407
-0.0181178
-0.0156015
-0.0136276
-0.0120643
-0.0110018
-0.0102308
-0.00960809
-0.00895313
-0.0079959
-0.0061214
-0.00480667
-0.000359382
-0.431372
-0.341613
-0.322497
-0.290651
-0.266792
-0.243269
-0.221673
-0.201271
-0.182291
-0.164656
-0.148441
-0.133628
-0.120202
-0.108102
-0.097248
-0.0875377
-0.0788546
-0.0710728
-0.0640655
-0.0577093
-0.0518928
-0.0465192
-0.0415161
-0.03683
-0.0324451
-0.0283516
-0.0245962
-0.0211856
-0.0182238
-0.0156782
-0.013686
-0.0121201
-0.0110628
-0.0103164
-0.00970577
-0.00908359
-0.00810982
-0.00625704
-0.00485901
-0.00046953
-0.436479
-0.350072
-0.32679
-0.294573
-0.269901
-0.246109
-0.224226
-0.203633
-0.184471
-0.166669
-0.150287
-0.13531
-0.121724
-0.10947
-0.0984718
-0.0886274
-0.0798216
-0.0719287
-0.0648215
-0.0583758
-0.0524789
-0.0470324
-0.0419625
-0.0372145
-0.0327716
-0.0286234
-0.024817
-0.0213596
-0.0183573
-0.0157795
-0.0137649
-0.0121908
-0.0111325
-0.0104038
-0.00980034
-0.00920579
-0.00821521
-0.00638365
-0.00490508
-0.000577353
-0.436519
-0.359462
-0.331939
-0.299158
-0.273544
-0.249399
-0.227178
-0.206353
-0.186977
-0.16898
-0.152405
-0.137238
-0.123465
-0.111032
-0.0998645
-0.0898627
-0.0809127
-0.0728896
-0.0656658
-0.0591163
-0.053127
-0.047598
-0.042454
-0.0376384
-0.0331333
-0.0289272
-0.0250673
-0.0215611
-0.0185159
-0.0159033
-0.0138625
-0.0122758
-0.0112116
-0.0104949
-0.00989421
-0.00932268
-0.00831447
-0.00650311
-0.004946
-0.000682805
-0.422337
-0.364725
-0.335213
-0.302272
-0.275999
-0.251674
-0.229241
-0.208279
-0.188781
-0.170671
-0.153981
-0.138699
-0.12481
-0.112261
-0.10098
-0.0908696
-0.0818171
-0.0736979
-0.0663842
-0.0597507
-0.0536824
-0.0480788
-0.0428638
-0.0379806
-0.0334113
-0.0291453
-0.0252308
-0.0216775
-0.0185947
-0.0159569
-0.0139041
-0.0123228
-0.0112716
-0.0105866
-0.0100004
-0.0094608
-0.00843092
-0.00663323
-0.00499161
-0.000786073
-0.387026
-0.361327
-0.33434
-0.302213
-0.275878
-0.251745
-0.229343
-0.208419
-0.188944
-0.170864
-0.154201
-0.138948
-0.125086
-0.112565
-0.10131
-0.0912225
-0.0821871
-0.0740771
-0.0667625
-0.0601158
-0.0540204
-0.0483754
-0.0431051
-0.0381554
-0.0335116
-0.0291691
-0.0251816
-0.021568
-0.0184438
-0.0157945
-0.0137613
-0.0122404
-0.0112674
-0.0106935
-0.0101728
-0.00971606
-0.00865093
-0.00685677
-0.00507804
-0.000929481
-0.372263
-0.357638
-0.3319
-0.300312
-0.274197
-0.250572
-0.228547
-0.207985
-0.188835
-0.17104
-0.154607
-0.139533
-0.1258
-0.113362
-0.102151
-0.0920752
-0.0830257
-0.074882
-0.067519
-0.0608141
-0.0546544
-0.0489422
-0.0436041
-0.0385883
-0.0338813
-0.0294807
-0.0254405
-0.0217828
-0.0186227
-0.0159506
-0.0139047
-0.0123885
-0.0114233
-0.0108747
-0.0103553
-0.00992088
-0.00880637
-0.00703604
-0.00511134
-0.00110779
-0.366798
-0.351713
-0.326944
-0.296571
-0.271113
-0.248238
-0.226831
-0.206817
-0.188152
-0.170775
-0.154687
-0.139885
-0.126355
-0.114058
-0.102935
-0.0929011
-0.0838579
-0.0756929
-0.068289
-0.0615303
-0.0553096
-0.0495342
-0.044134
-0.0390599
-0.0342997
-0.029852
-0.0257705
-0.0220782
-0.0188886
-0.0161945
-0.0141297
-0.0126035
-0.0116257
-0.0110748
-0.0105348
-0.010099
-0.00892942
-0.0071839
-0.00511777
-0.00128665
-0.360982
-0.343305
-0.319886
-0.291564
-0.267148
-0.245208
-0.224598
-0.205258
-0.187173
-0.17029
-0.154607
-0.140127
-0.12684
-0.114717
-0.103707
-0.0937347
-0.0847117
-0.0765351
-0.0690963
-0.0622871
-0.0560069
-0.0501681
-0.0447049
-0.0395712
-0.0347562
-0.0302601
-0.0261361
-0.0224084
-0.0191881
-0.0164707
-0.014385
-0.0128456
-0.0118507
-0.0112903
-0.0107228
-0.0102755
-0.00904458
-0.00731929
-0.00510962
-0.00146583
-0.352271
-0.332871
-0.310829
-0.285141
-0.262202
-0.241417
-0.221798
-0.203286
-0.185897
-0.169599
-0.154395
-0.140293
-0.127295
-0.11538
-0.104507
-0.0946138
-0.0856224
-0.0774408
-0.0699702
-0.0631111
-0.0567706
-0.0508672
-0.0453394
-0.0401448
-0.0352742
-0.0307293
-0.0265623
-0.0227985
-0.0195457
-0.0168019
-0.0146897
-0.0131289
-0.0121068
-0.0115231
-0.0109165
-0.0104428
-0.00914443
-0.00743529
-0.00508347
-0.00164234
-0.339951
-0.320436
-0.299775
-0.277069
-0.256077
-0.23671
-0.218295
-0.200787
-0.184234
-0.168631
-0.153994
-0.140342
-0.127688
-0.116024
-0.10532
-0.0955297
-0.0865856
-0.0784087
-0.0709119
-0.0640057
-0.0576058
-0.0516379
-0.0460457
-0.0407908
-0.0358654
-0.0312729
-0.0270638
-0.023264
-0.019977
-0.0172025
-0.0150561
-0.0134623
-0.0123984
-0.0117723
-0.0111115
-0.0105931
-0.00922208
-0.00752536
-0.00503737
-0.00181241
-0.323865
-0.305906
-0.286899
-0.267326
-0.248686
-0.231015
-0.21401
-0.197684
-0.182112
-0.167323
-0.153348
-0.140226
-0.127979
-0.116616
-0.106121
-0.0964617
-0.087586
-0.0794285
-0.071915
-0.0649677
-0.058512
-0.0524818
-0.0468269
-0.0415131
-0.0365346
-0.0318958
-0.0276456
-0.0238095
-0.0204858
-0.0176755
-0.0154859
-0.0138459
-0.0127242
-0.0120354
-0.0113046
-0.0107227
-0.00927471
-0.00758643
-0.00497224
-0.00197196
-0.304525
-0.289428
-0.272543
-0.25609
-0.240057
-0.22433
-0.208918
-0.193936
-0.179487
-0.165627
-0.152414
-0.139901
-0.12813
-0.117123
-0.106881
-0.0973876
-0.0886064
-0.0804875
-0.0729709
-0.0659918
-0.0594868
-0.0533987
-0.0476842
-0.0423139
-0.0372841
-0.0326006
-0.0283096
-0.0244362
-0.0210727
-0.0182205
-0.0159779
-0.0142775
-0.0130816
-0.0123093
-0.0114928
-0.0108288
-0.00930103
-0.00761683
-0.00489042
-0.00211649
-0.282986
-0.27143
-0.257134
-0.24368
-0.230331
-0.216721
-0.203048
-0.189541
-0.176335
-0.163513
-0.151154
-0.139332
-0.128105
-0.117512
-0.107571
-0.0982817
-0.0896256
-0.081569
-0.0740671
-0.0670693
-0.0605242
-0.0543849
-0.0486156
-0.0431922
-0.0381137
-0.0333867
-0.0290552
-0.0251431
-0.0217358
-0.0188347
-0.0165286
-0.0147535
-0.0134667
-0.0125905
-0.0116733
-0.0109099
-0.00930073
-0.00761592
-0.00479523
-0.00224129
-0.260479
-0.252538
-0.241126
-0.23049
-0.219745
-0.208323
-0.196481
-0.184539
-0.172667
-0.16097
-0.149547
-0.138489
-0.127871
-0.117749
-0.108159
-0.0991155
-0.0906188
-0.0826519
-0.0751863
-0.0681861
-0.0616133
-0.0554318
-0.0496142
-0.0441425
-0.0390182
-0.0342494
-0.0298773
-0.0259247
-0.0224692
-0.0195121
-0.017132
-0.0152679
-0.0138743
-0.0128754
-0.0118437
-0.0109653
-0.00927499
-0.0075845
-0.00469095
-0.0023418
-0.238116
-0.233443
-0.224964
-0.216924
-0.208599
-0.199331
-0.189349
-0.179013
-0.168529
-0.158018
-0.147592
-0.137358
-0.127407
-0.117809
-0.108616
-0.0998604
-0.0915588
-0.0837115
-0.0763065
-0.0693234
-0.0627378
-0.0565254
-0.0506678
-0.0451534
-0.039987
-0.0351783
-0.0307656
-0.0267704
-0.0232625
-0.0202423
-0.0177784
-0.0158126
-0.014298
-0.0131602
-0.0120024
-0.0109966
-0.00922684
-0.00752519
-0.00458269
-0.00241408
-0.216748
-0.214787
-0.209063
-0.203369
-0.19722
-0.189985
-0.181822
-0.173086
-0.164001
-0.154703
-0.145312
-0.135944
-0.126704
-0.117673
-0.108919
-0.100491
-0.0924189
-0.0847214
-0.0774027
-0.0704578
-0.0638763
-0.057646
-0.0517579
-0.0462076
-0.0410034
-0.0361569
-0.0317038
-0.0276643
-0.0241001
-0.0210109
-0.0184549
-0.0163771
-0.0147304
-0.0134415
-0.0121492
-0.0110072
-0.00916128
-0.00744243
-0.00447585
-0.00245538
-0.196943
-0.197098
-0.1938
-0.190171
-0.185934
-0.180547
-0.174101
-0.166909
-0.159196
-0.151104
-0.142756
-0.134275
-0.125771
-0.117339
-0.109057
-0.100986
-0.0931753
-0.0856559
-0.0784484
-0.0715631
-0.0650033
-0.058769
-0.052861
-0.0472822
-0.042045
-0.0371633
-0.0326704
-0.0285854
-0.0249621
-0.0217996
-0.0191459
-0.0169491
-0.0151634
-0.0137162
-0.012285
-0.0110023
-0.00908491
-0.00734239
-0.00437567
-0.00246478
-0.179046
-0.180777
-0.179509
-0.177645
-0.175047
-0.171289
-0.166409
-0.160661
-0.154253
-0.147325
-0.14
-0.1324
-0.124639
-0.116818
-0.109027
-0.101337
-0.0938102
-0.0864922
-0.0794179
-0.0726117
-0.0660905
-0.059866
-0.0539488
-0.0483494
-0.0430844
-0.0381704
-0.0336389
-0.0295082
-0.0258246
-0.0225866
-0.0198329
-0.0175146
-0.015588
-0.0139812
-0.0124113
-0.0109884
-0.00900535
-0.00723247
-0.00428664
-0.00244365
-0.163256
-0.166115
-0.166477
-0.166074
-0.164847
-0.162481
-0.158984
-0.154543
-0.149337
-0.143499
-0.137145
-0.130393
-0.123357
-0.116142
-0.108844
-0.101544
-0.0943141
-0.0872129
-0.080288
-0.0735769
-0.0671086
-0.0609064
-0.0549901
-0.0493777
-0.0440902
-0.0391474
-0.0345793
-0.030404
-0.0266607
-0.023348
-0.0204959
-0.0180585
-0.0159946
-0.0142334
-0.01253
-0.0109722
-0.00893021
-0.00712067
-0.00421203
-0.00239599
-0.149693
-0.153329
-0.154954
-0.155721
-0.155607
-0.154394
-0.152072
-0.148772
-0.144636
-0.139782
-0.134318
-0.128353
-0.121998
-0.11536
-0.108538
-0.101621
-0.0946875
-0.0878078
-0.0810403
-0.074434
-0.0680289
-0.0618586
-0.0559516
-0.0503331
-0.0450286
-0.0400609
-0.035459
-0.0312416
-0.0274416
-0.024058
-0.0211131
-0.0185642
-0.0163724
-0.0144683
-0.0126416
-0.0109591
-0.00886591
-0.00701473
-0.00415355
-0.00232839
-0.138451
-0.142601
-0.145167
-0.146834
-0.147592
-0.147296
-0.145933
-0.143585
-0.14036
-0.136355
-0.131668
-0.1264
-0.120656
-0.114541
-0.108156
-0.101594
-0.0949407
-0.088274
-0.0816614
-0.0751615
-0.068824
-0.0626912
-0.0567994
-0.0511803
-0.0458636
-0.0408752
-0.0362437
-0.0319883
-0.0281372
-0.0246897
-0.0216619
-0.0190138
-0.0167092
-0.0146795
-0.0127449
-0.0109527
-0.00881665
-0.00692141
-0.00411129
-0.00224956
-0.129638
-0.134108
-0.137342
-0.139667
-0.141069
-0.141465
-0.140838
-0.139238
-0.136738
-0.13342
-0.129369
-0.124677
-0.119443
-0.11377
-0.107758
-0.101502
-0.0950935
-0.0886153
-0.0821422
-0.0757404
-0.0694672
-0.0633723
-0.0574982
-0.0518822
-0.0465575
-0.0415529
-0.0368971
-0.0326098
-0.0287156
-0.0252145
-0.0221179
-0.0193879
-0.0169905
-0.0148582
-0.0128356
-0.0109532
-0.0087837
-0.00684609
-0.00408432
-0.00216937
-0.123426
-0.128075
-0.131741
-0.134502
-0.136338
-0.137202
-0.137084
-0.136009
-0.134028
-0.131204
-0.127615
-0.123346
-0.118491
-0.113148
-0.107416
-0.101393
-0.0951717
-0.0888395
-0.0824758
-0.0761522
-0.0699314
-0.0638684
-0.0580104
-0.0523988
-0.0470695
-0.0420537
-0.03738
-0.033069
-0.0291427
-0.0256019
-0.0224544
-0.0196644
-0.0171994
-0.0149927
-0.0129063
-0.010958
-0.00876589
-0.00679193
-0.00407281
-0.00209771
-0.120069
-0.124807
-0.128692
-0.131681
-0.133743
-0.134855
-0.135008
-0.134214
-0.132513
-0.129959
-0.126624
-0.122588
-0.117943
-0.112784
-0.107209
-0.101317
-0.0952025
-0.0889536
-0.082653
-0.0763748
-0.0701848
-0.064141
-0.0582931
-0.0526848
-0.0473534
-0.0423316
-0.037648
-0.0333238
-0.0293797
-0.0258168
-0.0226409
-0.0198182
-0.0173156
-0.0150683
-0.0129473
-0.0109615
-0.00876102
-0.00675896
-0.00407802
-0.00204626
-0.460406
-0.468195
-0.474404
-0.479065
-0.482231
-0.48397
-0.484372
-0.483549
-0.481638
-0.478804
-0.475243
-0.471185
-0.466896
-0.462692
-0.458958
-0.456184
-0.454806
-0.45571
-0.465546
-0.489108
-0.41527
-0.423618
-0.430773
-0.436771
-0.441662
-0.445512
-0.448401
-0.450424
-0.451693
-0.452339
-0.452509
-0.452368
-0.452098
-0.451902
-0.452019
-0.452707
-0.454086
-0.456746
-0.464798
-0.474919
-0.374469
-0.382785
-0.390228
-0.396823
-0.402603
-0.40761
-0.411893
-0.415509
-0.418526
-0.421019
-0.423073
-0.424783
-0.426255
-0.427611
-0.428995
-0.430561
-0.432354
-0.434803
-0.440935
-0.447988
-0.337211
-0.345193
-0.352513
-0.359188
-0.36524
-0.370697
-0.375591
-0.379961
-0.383853
-0.387322
-0.390432
-0.393258
-0.395887
-0.398421
-0.400983
-0.403701
-0.406618
-0.410073
-0.416243
-0.422608
-0.303369
-0.310968
-0.318068
-0.32468
-0.330821
-0.336511
-0.341774
-0.346637
-0.351136
-0.355307
-0.359197
-0.362858
-0.366348
-0.369738
-0.373105
-0.376528
-0.380026
-0.383835
-0.389482
-0.395028
-0.272745
-0.279905
-0.286686
-0.293098
-0.29915
-0.304856
-0.310233
-0.315298
-0.320073
-0.324583
-0.328857
-0.332928
-0.336835
-0.340623
-0.344345
-0.348055
-0.351768
-0.355661
-0.360774
-0.365723
-0.245032
-0.251717
-0.258112
-0.264221
-0.270051
-0.275611
-0.28091
-0.285961
-0.290777
-0.295373
-0.299769
-0.303986
-0.308049
-0.311988
-0.315837
-0.319631
-0.323382
-0.327209
-0.331771
-0.336133
-0.220002
-0.226199
-0.23217
-0.237918
-0.243445
-0.248758
-0.253862
-0.258763
-0.263471
-0.267995
-0.272344
-0.276533
-0.280577
-0.284492
-0.288299
-0.292019
-0.295659
-0.299297
-0.303317
-0.307141
-0.197456
-0.203167
-0.208698
-0.214052
-0.219229
-0.224232
-0.229064
-0.233728
-0.238229
-0.242571
-0.246762
-0.250807
-0.254715
-0.258495
-0.262159
-0.265718
-0.269176
-0.272579
-0.276127
-0.27951
-0.177222
-0.18246
-0.187554
-0.192503
-0.197308
-0.201969
-0.206487
-0.210863
-0.2151
-0.219199
-0.223164
-0.226997
-0.230704
-0.234288
-0.237755
-0.24111
-0.244357
-0.247516
-0.250681
-0.253726
-0.159148
-0.163938
-0.16861
-0.173162
-0.177593
-0.181903
-0.186091
-0.190158
-0.194103
-0.197928
-0.201633
-0.20522
-0.20869
-0.212046
-0.21529
-0.218423
-0.221449
-0.224373
-0.227232
-0.230021
-0.143101
-0.147476
-0.151751
-0.155925
-0.159996
-0.163962
-0.167823
-0.171578
-0.175227
-0.178769
-0.182203
-0.185531
-0.188753
-0.191869
-0.19488
-0.197787
-0.200592
-0.203293
-0.205901
-0.208478
-0.128962
-0.132958
-0.136869
-0.140692
-0.144426
-0.148069
-0.151619
-0.155075
-0.158436
-0.161701
-0.16487
-0.167943
-0.170918
-0.173796
-0.176578
-0.179263
-0.181853
-0.184343
-0.186734
-0.189118
-0.116629
-0.120286
-0.123869
-0.127375
-0.130801
-0.134147
-0.137411
-0.140589
-0.143683
-0.146689
-0.149608
-0.152438
-0.15518
-0.157833
-0.160396
-0.162871
-0.165257
-0.167548
-0.169746
-0.171946
-0.106016
-0.109375
-0.112668
-0.115893
-0.119047
-0.122128
-0.125134
-0.128063
-0.130914
-0.133686
-0.136378
-0.138988
-0.141517
-0.143963
-0.146327
-0.148609
-0.150808
-0.15292
-0.154943
-0.156969
-0.0970634
-0.100167
-0.103211
-0.106192
-0.109109
-0.11196
-0.114741
-0.117453
-0.120092
-0.122658
-0.12515
-0.127567
-0.129909
-0.132173
-0.134362
-0.136473
-0.138508
-0.140462
-0.142336
-0.144201
-0.0897296
-0.0926202
-0.0954559
-0.0982343
-0.100953
-0.10361
-0.106204
-0.108733
-0.111194
-0.113588
-0.115913
-0.118168
-0.120352
-0.122465
-0.124506
-0.126476
-0.128374
-0.130197
-0.131947
-0.133674
-0.0840408
-0.0867599
-0.0894277
-0.092042
-0.0946007
-0.0971019
-0.0995438
-0.101925
-0.104244
-0.1065
-0.108691
-0.110817
-0.112877
-0.11487
-0.116796
-0.118656
-0.120448
-0.122171
-0.123827
-0.125445
-0.080028
-0.0826245
-0.0851726
-0.0876701
-0.090115
-0.0925058
-0.0948406
-0.097118
-0.0993368
-0.101496
-0.103594
-0.10563
-0.107604
-0.109515
-0.111363
-0.113147
-0.114868
-0.116524
-0.118118
-0.119661
-0.077901
-0.0804107
-0.082874
-0.0852894
-0.0876553
-0.0899703
-0.0922331
-0.0944426
-0.0965975
-0.0986971
-0.10074
-0.102726
-0.104655
-0.106525
-0.108337
-0.110089
-0.111782
-0.113416
-0.114991
-0.11651
0.016006
-0.0253943
-0.0636116
-0.0966667
-0.128454
-0.159364
-0.189061
-0.21753
-0.244784
-0.270776
-0.29545
-0.318752
-0.340637
-0.361059
-0.379978
-0.397359
-0.413173
-0.427397
-0.440015
-0.451018
0.000423582
-0.0329063
-0.0652751
-0.0930623
-0.119781
-0.1462
-0.171818
-0.196447
-0.220091
-0.242722
-0.264292
-0.284761
-0.304095
-0.322265
-0.339245
-0.355013
-0.369552
-0.38285
-0.394901
-0.405706
-0.0146402
-0.0444174
-0.0721457
-0.0960094
-0.118791
-0.141217
-0.162928
-0.183757
-0.20373
-0.222865
-0.241146
-0.258557
-0.275085
-0.290716
-0.305442
-0.319252
-0.33214
-0.344103
-0.355142
-0.365262
-0.0267833
-0.0528338
-0.0758671
-0.0958543
-0.1151
-0.134059
-0.152444
-0.170123
-0.187119
-0.203447
-0.219101
-0.234069
-0.248344
-0.261919
-0.27479
-0.286955
-0.298412
-0.309161
-0.319207
-0.328555
-0.0355746
-0.0579283
-0.0769013
-0.0935522
-0.109791
-0.12583
-0.141407
-0.15643
-0.17092
-0.184889
-0.198336
-0.211251
-0.223633
-0.235477
-0.246783
-0.25755
-0.267778
-0.277471
-0.28663
-0.295261
-0.0410555
-0.0601204
-0.0757927
-0.0897239
-0.103475
-0.117093
-0.130337
-0.143148
-0.155548
-0.167548
-0.179147
-0.19034
-0.201125
-0.211501
-0.221468
-0.231025
-0.240175
-0.248918
-0.257258
-0.265199
-0.0439858
-0.0601974
-0.0731874
-0.084881
-0.0965494
-0.108138
-0.119433
-0.130395
-0.141048
-0.151401
-0.161452
-0.171196
-0.180633
-0.189761
-0.19858
-0.20709
-0.215291
-0.223183
-0.23077
-0.238052
-0.0450054
-0.0587376
-0.069549
-0.0794074
-0.0893389
-0.0992352
-0.108907
-0.118329
-0.127524
-0.136498
-0.145248
-0.153769
-0.162061
-0.170121
-0.177949
-0.185543
-0.192902
-0.200027
-0.206919
-0.213577
-0.0445748
-0.0561735
-0.0652298
-0.0735975
-0.0820917
-0.0905829
-0.0989086
-0.107051
-0.115028
-0.122846
-0.1305
-0.137986
-0.1453
-0.152442
-0.159409
-0.166199
-0.172811
-0.179243
-0.185495
-0.191567
-0.0430898
-0.0528818
-0.0605337
-0.0676965
-0.0750069
-0.0823348
-0.0895444
-0.0966219
-0.103583
-0.11043
-0.117158
-0.123764
-0.130242
-0.136592
-0.14281
-0.148894
-0.15484
-0.160648
-0.166316
-0.171841
-0.0408914
-0.0491739
-0.0557049
-0.0618944
-0.0682317
-0.074598
-0.0808827
-0.0870748
-0.0931858
-0.0992167
-0.105163
-0.111019
-0.116782
-0.122448
-0.128014
-0.133477
-0.138834
-0.144082
-0.149219
-0.154242
-0.0382576
-0.0452919
-0.0509296
-0.056333
-0.0618723
-0.0674456
-0.072965
-0.078421
-0.0838218
-0.089167
-0.0944516
-0.0996709
-0.104821
-0.109898
-0.114898
-0.119818
-0.124654
-0.129404
-0.134063
-0.13863
-0.0354103
-0.0414213
-0.0463489
-0.0511185
-0.0560056
-0.0609272
-0.0658149
-0.0706605
-0.075469
-0.0802392
-0.0849661
-0.0896452
-0.0942721
-0.098843
-0.103354
-0.107801
-0.112182
-0.116491
-0.120726
-0.124885
-0.0325285
-0.0377076
-0.0420727
-0.0463336
-0.0506906
-0.0550794
-0.0594481
-0.0637897
-0.0681066
-0.0723969
-0.0766559
-0.0808791
-0.0850623
-0.0892015
-0.0932928
-0.0973324
-0.101317
-0.105242
-0.109104
-0.112901
-0.0297559
-0.034265
-0.0381872
-0.0420425
-0.0459722
-0.0499291
-0.0538751
-0.0578038
-0.0617159
-0.065609
-0.0694786
-0.0733206
-0.0771308
-0.0809053
-0.0846403
-0.088332
-0.0919766
-0.0955707
-0.0991108
-0.102594
-0.0272129
-0.0311917
-0.0347694
-0.0383059
-0.0418967
-0.0455088
-0.0491153
-0.0527107
-0.0562943
-0.0598633
-0.0634138
-0.0669416
-0.0704429
-0.073914
-0.0773511
-0.0807506
-0.084109
-0.0874227
-0.0906885
-0.0939031
-0.0249931
-0.0285622
-0.0318779
-0.0351699
-0.0384984
-0.0418418
-0.0451822
-0.0485148
-0.0518378
-0.0551486
-0.0584433
-0.0617182
-0.0649698
-0.0681945
-0.0713888
-0.0745492
-0.0776725
-0.0807552
-0.0837944
-0.0867868
-0.0231993
-0.0264725
-0.0296012
-0.032717
-0.0358542
-0.0390001
-0.0421431
-0.045279
-0.0484056
-0.0515201
-0.0546191
-0.0576992
-0.0607571
-0.0637895
-0.0667932
-0.069765
-0.0727019
-0.0756007
-0.0784587
-0.081273
-0.021885
-0.0249648
-0.0279736
-0.0309746
-0.033985
-0.036998
-0.0400064
-0.0430071
-0.0459975
-0.0489748
-0.0519363
-0.0548787
-0.0577992
-0.0606947
-0.0635625
-0.0663995
-0.069203
-0.0719702
-0.0746984
-0.0773852
-0.0212084
-0.0242202
-0.0271951
-0.0301603
-0.0331244
-0.0360837
-0.0390334
-0.0419707
-0.0448932
-0.0477982
-0.0506833
-0.0535458
-0.0563834
-0.0591935
-0.0619737
-0.0647216
-0.067435
-0.0701118
-0.0727497
-0.0753467
0.221027
0.221274
0.22185
0.22282
0.224156
0.225853
0.227893
0.230242
0.232842
0.235593
0.238327
0.240777
0.242501
0.242804
0.24057
0.233991
0.220391
0.194616
0.151884
0.0670566
0.217115
0.217313
0.217787
0.21858
0.219667
0.221028
0.222634
0.224433
0.226343
0.228235
0.229902
0.231028
0.231118
0.229409
0.224737
0.215244
0.198382
0.169118
0.124209
0.0435108
0.212838
0.213001
0.213379
0.213999
0.214834
0.215856
0.217023
0.21827
0.219495
0.220546
0.221191
0.221083
0.219704
0.216276
0.209662
0.198088
0.179321
0.148891
0.105143
0.0331925
0.208164
0.208279
0.208543
0.208966
0.209519
0.210166
0.210853
0.211499
0.211986
0.21214
0.211705
0.210314
0.207433
0.202284
0.193786
0.180296
0.159891
0.128855
0.0860162
0.0210478
0.203077
0.203139
0.203278
0.203491
0.203745
0.203997
0.204182
0.204206
0.203935
0.203177
0.201662
0.199008
0.19468
0.187926
0.177733
0.162634
0.140979
0.109837
0.0680251
0.0092944
0.197569
0.197576
0.197586
0.197581
0.197529
0.197377
0.197052
0.196449
0.195424
0.193773
0.191218
0.187376
0.181729
0.173571
0.161983
0.145702
0.123335
0.0927092
0.0526163
-1.33298e-05
0.19164
0.191589
0.191467
0.191242
0.190878
0.190319
0.189485
0.188264
0.186503
0.183996
0.180465
0.17554
0.168734
0.159404
0.146746
0.129713
0.107162
0.077594
0.0398481
-0.00699356
0.185298
0.18519
0.184935
0.18449
0.183816
0.182854
0.181522
0.179702
0.177241
0.173934
0.169513
0.163632
0.155846
0.145594
0.13219
0.114804
0.0925294
0.0644106
0.0294002
-0.0121231
0.17857
0.178405
0.178018
0.177358
0.176381
0.175031
0.173222
0.170838
0.167728
0.163696
0.158493
0.151803
0.143236
0.132317
0.118484
0.101103
0.0794845
0.0530794
0.0210052
-0.0156912
0.171498
0.171276
0.170764
0.169897
0.168634
0.166918
0.164666
0.161766
0.158074
0.153411
0.147549
0.140214
0.131073
0.119737
0.105767
0.0886976
0.0680323
0.0435027
0.0144179
-0.0179299
0.164145
0.16387
0.163241
0.162183
0.160655
0.158605
0.155955
0.152599
0.148408
0.143218
0.136833
0.129021
0.119509
0.107993
0.0941403
0.0776307
0.0581269
0.0355437
0.00937735
-0.0190882
0.156599
0.156276
0.15554
0.15431
0.152547
0.150204
0.147209
0.143469
0.138868
0.133265
0.126497
0.118374
0.108681
0.0971911
0.0836667
0.0678997
0.0496808
0.0290352
0.00562124
-0.0194147
0.148975
0.14861
0.147781
0.146404
0.144439
0.141849
0.138571
0.134523
0.129607
0.123707
0.11669
0.108409
0.0987033
0.0874107
0.0743726
0.0594664
0.0425793
0.0237959
0.00290426
-0.0191374
0.141418
0.141017
0.140112
0.138613
0.136485
0.133698
0.1302
0.125922
0.120786
0.114697
0.107555
0.0992502
0.0896688
0.0787028
0.0662557
0.0522671
0.0366928
0.019644
0.00100604
-0.0184563
0.134104
0.133675
0.132709
0.131117
0.128865
0.125931
0.122276
0.117844
0.112573
0.106393
0.0992308
0.0910088
0.0816529
0.0710979
0.0592937
0.0462235
0.0318884
0.0164067
-0.00026604
-0.0175416
0.127244
0.126794
0.125785
0.124125
0.121786
0.118753
0.114997
0.110477
0.105146
0.0989546
0.0918513
0.0837876
0.0747195
0.0646145
0.0534555
0.0412544
0.0280409
0.0139294
-0.00107565
-0.0165353
0.121085
0.12062
0.119582
0.117879
0.115486
0.112395
0.108586
0.104031
0.098696
0.0925478
0.0855549
0.0776898
0.0689315
0.0592707
0.0487132
0.0372882
0.0250423
0.012081
-0.00155789
-0.015553
0.115912
0.11544
0.114384
0.112657
0.110236
0.107117
0.103291
0.0987366
0.093432
0.0873569
0.0804941
0.0728314
0.0643644
0.0550992
0.0450563
0.0342749
0.0228106
0.010759
-0.00182043
-0.0146951
0.112059
0.111581
0.110518
0.10878
0.106347
0.103221
0.0993968
0.0948604
0.0895978
0.0835974
0.0768517
0.0693589
0.0611248
0.0521652
0.0425089
0.0322004
0.0212993
0.00989341
-0.00194402
-0.0140358
0.10991
0.109429
0.108362
0.106622
0.104187
0.101061
0.0972432
0.0927232
0.087491
0.0815397
0.0748668
0.0674756
0.059377
0.0505916
0.041152
0.0311049
0.020511
0.00945321
-0.00198984
-0.0136755
0.254939
0.255376
0.256517
0.258435
0.261136
0.264685
0.269154
0.27464
0.281263
0.28918
0.298574
0.309703
0.322828
0.338395
0.356722
0.378673
0.404405
0.435696
0.471928
0.515489
0.253756
0.254184
0.255303
0.25719
0.259848
0.263341
0.267739
0.273135
0.279646
0.287426
0.296648
0.307564
0.320417
0.335648
0.35352
0.374923
0.399819
0.430199
0.464653
0.506731
0.252515
0.252935
0.254032
0.255885
0.258498
0.261932
0.266254
0.271555
0.277948
0.285579
0.294616
0.305299
0.317854
0.332709
0.350072
0.370846
0.394777
0.424082
0.456412
0.49667
0.251219
0.25163
0.252703
0.254522
0.257088
0.260459
0.264702
0.269902
0.276169
0.283642
0.292479
0.302911
0.315141
0.329582
0.34638
0.366446
0.389285
0.417348
0.447217
0.485325
0.249867
0.25027
0.251318
0.253102
0.255618
0.258925
0.263084
0.268179
0.274311
0.281616
0.290241
0.300402
0.31228
0.32627
0.342449
0.361726
0.383352
0.410005
0.437086
0.472717
0.248462
0.248856
0.249879
0.251627
0.254092
0.257331
0.261402
0.266386
0.272378
0.279505
0.287903
0.297775
0.309277
0.322777
0.338285
0.356691
0.376987
0.402057
0.42604
0.458874
0.247003
0.247389
0.248388
0.250098
0.252511
0.25568
0.25966
0.264527
0.270372
0.277312
0.28547
0.295035
0.306134
0.319106
0.333893
0.351347
0.370204
0.393512
0.414106
0.44382
0.245494
0.245871
0.246845
0.248518
0.250876
0.253972
0.257858
0.262605
0.268295
0.275038
0.282945
0.292183
0.302856
0.315263
0.32928
0.345699
0.363014
0.384375
0.401318
0.427581
0.243935
0.244304
0.245253
0.246887
0.24919
0.252212
0.256
0.260621
0.266151
0.272688
0.28033
0.289226
0.299448
0.311253
0.324453
0.339754
0.355432
0.374651
0.387713
0.410178
0.242327
0.24269
0.243614
0.245209
0.247456
0.250401
0.254088
0.258579
0.263942
0.270265
0.277631
0.286165
0.295914
0.307082
0.319419
0.333518
0.347472
0.364344
0.373335
0.391625
0.240672
0.241029
0.24193
0.243486
0.245675
0.248541
0.252125
0.256482
0.261671
0.267772
0.27485
0.283007
0.292259
0.302754
0.314184
0.326999
0.339149
0.353459
0.358237
0.371926
0.238972
0.239324
0.240202
0.241719
0.243849
0.246636
0.250114
0.254332
0.259343
0.265213
0.271992
0.279756
0.288489
0.298277
0.308756
0.320205
0.330479
0.342
0.342474
0.351072
0.237228
0.237577
0.238433
0.239911
0.241983
0.244688
0.248057
0.252133
0.256961
0.262592
0.269061
0.276416
0.284609
0.293658
0.303143
0.313149
0.321476
0.329975
0.32611
0.329034
0.235443
0.235789
0.236626
0.238065
0.240077
0.2427
0.245958
0.249889
0.254527
0.259913
0.266062
0.272994
0.280626
0.288904
0.297354
0.30584
0.312153
0.317395
0.30921
0.305762
0.233617
0.233963
0.234781
0.236182
0.238135
0.240673
0.243818
0.2476
0.252045
0.257177
0.262997
0.26949
0.276541
0.284017
0.291389
0.298286
0.302512
0.304269
0.291824
0.281173
0.231752
0.2321
0.232901
0.234264
0.236158
0.23861
0.241639
0.245268
0.249513
0.254384
0.259862
0.265901
0.272348
0.278991
0.285239
0.290479
0.292537
0.290594
0.27398
0.255145
0.229852
0.230204
0.230991
0.232317
0.234151
0.236518
0.23943
0.242904
0.246946
0.25155
0.256678
0.262251
0.268074
0.273858
0.278941
0.282466
0.282275
0.276459
0.255781
0.227639
0.227917
0.22828
0.229059
0.230355
0.232136
0.234423
0.237226
0.240552
0.244399
0.248747
0.253535
0.258652
0.263861
0.268793
0.272706
0.274505
0.272007
0.262215
0.237555
0.198794
0.22595
0.226328
0.227105
0.228375
0.230107
0.23232
0.235019
0.238204
0.241865
0.245965
0.250423
0.255095
0.259699
0.263781
0.266511
0.266554
0.261636
0.247707
0.21889
0.167542
0.223939
0.224306
0.22505
0.226253
0.227889
0.22997
0.232495
0.235456
0.238826
0.242552
0.246525
0.250559
0.254319
0.25726
0.258443
0.256307
0.248421
0.229894
0.19611
0.129779
0.266092
0.266625
0.267936
0.270108
0.273151
0.277125
0.282097
0.288154
0.295394
0.303923
0.313858
0.325294
0.33831
0.352849
0.368799
0.385396
0.402078
0.414826
0.424018
0.410632
0.266084
0.266614
0.267933
0.270118
0.273178
0.277177
0.282186
0.288295
0.295607
0.304243
0.314332
0.325996
0.339355
0.354406
0.371147
0.388931
0.407479
0.423117
0.436117
0.43264
0.266021
0.266547
0.267864
0.270044
0.2731
0.277094
0.282099
0.288205
0.29552
0.304169
0.314292
0.326026
0.339518
0.354805
0.371969
0.390471
0.410256
0.428142
0.444172
0.448915
0.265906
0.266427
0.267743
0.269921
0.272975
0.276968
0.281974
0.288085
0.295414
0.304092
0.314269
0.326096
0.33975
0.355309
0.372928
0.392182
0.413181
0.433274
0.452172
0.463699
0.265735
0.266253
0.267568
0.269745
0.272797
0.276791
0.2818
0.28792
0.295267
0.303978
0.314215
0.326144
0.33997
0.355808
0.373884
0.39389
0.416061
0.43828
0.459937
0.477265
0.265507
0.266022
0.267336
0.26951
0.272559
0.27655
0.281559
0.287682
0.29504
0.303776
0.314061
0.326076
0.34005
0.356136
0.374621
0.395314
0.418544
0.44272
0.467013
0.489387
0.265222
0.265734
0.267045
0.269215
0.272258
0.276243
0.281246
0.287367
0.294729
0.30348
0.313799
0.325881
0.339976
0.356276
0.375115
0.396424
0.420602
0.446549
0.473351
0.500121
0.264878
0.265387
0.266695
0.268858
0.271894
0.27587
0.280863
0.286976
0.294334
0.30309
0.313431
0.325564
0.339757
0.356238
0.375383
0.397239
0.422264
0.449791
0.478964
0.509551
0.264476
0.264981
0.266285
0.26844
0.271465
0.275429
0.280409
0.286508
0.293856
0.302608
0.312958
0.325125
0.339393
0.356022
0.375424
0.397756
0.423528
0.452443
0.483818
0.51771
0.264014
0.264516
0.265813
0.267959
0.270971
0.274919
0.279881
0.285962
0.293292
0.30203
0.312377
0.324561
0.338879
0.355623
0.375232
0.397966
0.424382
0.45449
0.487872
0.524611
0.263492
0.26399
0.26528
0.267415
0.270412
0.27434
0.27928
0.285336
0.292641
0.301356
0.311687
0.323869
0.338212
0.355036
0.374801
0.39786
0.424815
0.455924
0.491088
0.530258
0.26291
0.263403
0.264685
0.266806
0.269785
0.273691
0.278604
0.28463
0.291902
0.300585
0.310885
0.323048
0.33739
0.354258
0.374127
0.397434
0.424819
0.456739
0.493432
0.534645
0.262267
0.262756
0.264027
0.266133
0.269092
0.272972
0.277854
0.283844
0.291075
0.299714
0.30997
0.322096
0.336411
0.353286
0.373206
0.396682
0.424383
0.45693
0.494875
0.537763
0.261563
0.262046
0.263307
0.265396
0.268331
0.272182
0.277028
0.282976
0.290158
0.298745
0.308943
0.321012
0.335274
0.352119
0.372035
0.395601
0.423501
0.456493
0.495393
0.539596
0.260797
0.261276
0.262523
0.264593
0.267503
0.271321
0.276127
0.282026
0.289153
0.297675
0.307802
0.319795
0.333976
0.350754
0.370613
0.394187
0.422164
0.455424
0.494966
0.54013
0.259971
0.260444
0.261677
0.263726
0.266608
0.270389
0.27515
0.280996
0.288058
0.296506
0.306546
0.318444
0.332518
0.34919
0.368936
0.392439
0.420369
0.453722
0.493576
0.53935
0.259085
0.259551
0.260769
0.262795
0.265645
0.269387
0.274099
0.279884
0.286874
0.295237
0.305177
0.31696
0.3309
0.347428
0.367004
0.390356
0.418109
0.451386
0.491213
0.537246
0.258138
0.258597
0.259798
0.261799
0.264616
0.268315
0.272973
0.278692
0.285602
0.293869
0.303694
0.315343
0.32912
0.345466
0.364815
0.387936
0.415383
0.448413
0.487869
0.533809
0.257131
0.257583
0.258765
0.26074
0.263521
0.267173
0.271772
0.27742
0.284242
0.292403
0.302099
0.313594
0.327181
0.343306
0.362371
0.385182
0.41219
0.444805
0.48354
0.529035
0.256064
0.256509
0.257671
0.259618
0.26236
0.265963
0.270499
0.276069
0.282795
0.290839
0.300391
0.311713
0.325083
0.340948
0.359673
0.382093
0.40853
0.440565
0.478224
0.522925
0.221644
0.221343
0.220675
0.219581
0.21804
0.216041
0.213565
0.210585
0.20707
0.202989
0.198308
0.192994
0.187016
0.180349
0.172969
0.164866
0.156036
0.146492
0.136249
0.125369
0.222987
0.222698
0.222054
0.220997
0.219506
0.217567
0.215159
0.212253
0.208814
0.204805
0.20019
0.194928
0.188983
0.182322
0.174917
0.166749
0.157809
0.148108
0.137654
0.126521
0.225358
0.225089
0.224489
0.223502
0.222104
0.22028
0.218004
0.215241
0.21195
0.208087
0.203604
0.198453
0.192585
0.185954
0.178519
0.170248
0.16112
0.151136
0.140296
0.128677
0.228463
0.228224
0.227687
0.2268
0.225539
0.223883
0.221801
0.219251
0.216183
0.212544
0.208273
0.203306
0.197578
0.191023
0.183581
0.175198
0.165836
0.15548
0.144115
0.131824
0.232046
0.231844
0.231389
0.230632
0.229549
0.228114
0.226288
0.224023
0.221261
0.217933
0.213964
0.209273
0.20377
0.197364
0.189969
0.181501
0.171894
0.161107
0.149106
0.135966
0.235887
0.235729
0.235372
0.234774
0.233907
0.232743
0.231236
0.22933
0.226957
0.224035
0.220472
0.216164
0.210994
0.204841
0.19758
0.18909
0.179264
0.168022
0.155306
0.141159
0.2398
0.239693
0.239449
0.239034
0.238421
0.237573
0.236444
0.234968
0.23307
0.230653
0.227608
0.223805
0.219098
0.213327
0.206323
0.197912
0.187934
0.17625
0.162773
0.147473
0.243639
0.243589
0.24347
0.243259
0.242928
0.242438
0.241738
0.24076
0.239417
0.237604
0.235191
0.232026
0.227928
0.222695
0.216102
0.207911
0.197895
0.185825
0.171582
0.154994
0.247291
0.2473
0.247315
0.247324
0.247298
0.247199
0.246972
0.246548
0.245835
0.244718
0.243051
0.240659
0.237328
0.232806
0.226811
0.219022
0.209128
0.196775
0.181811
0.163815
0.250671
0.250742
0.250897
0.251136
0.251431
0.251745
0.252025
0.2522
0.252178
0.251837
0.251023
0.249536
0.247132
0.243512
0.238324
0.231156
0.221594
0.209115
0.193534
0.174027
0.253727
0.253859
0.254156
0.254628
0.255253
0.255992
0.256798
0.257604
0.25832
0.258823
0.258951
0.258492
0.257173
0.254647
0.250497
0.2442
0.235232
0.222839
0.206819
0.185714
0.256425
0.256618
0.257054
0.25776
0.258713
0.25988
0.261219
0.262673
0.264156
0.265551
0.266696
0.267369
0.267279
0.266037
0.263161
0.258014
0.249947
0.237911
0.221716
0.198953
0.258754
0.259004
0.259576
0.260509
0.261782
0.26337
0.265239
0.267342
0.269605
0.271919
0.27413
0.276019
0.277283
0.277501
0.276135
0.272428
0.265609
0.25426
0.238251
0.213797
0.260716
0.26102
0.261722
0.262871
0.264451
0.266444
0.268828
0.271567
0.274604
0.277845
0.281151
0.284312
0.287027
0.288857
0.289223
0.28725
0.282053
0.271776
0.25641
0.230274
0.262326
0.26268
0.263502
0.264854
0.266722
0.269098
0.271972
0.275324
0.279114
0.283269
0.287672
0.292134
0.296368
0.299933
0.302226
0.302272
0.299088
0.290319
0.276158
0.248414
0.263607
0.264006
0.264938
0.266477
0.268611
0.271342
0.274675
0.278606
0.283115
0.288155
0.293636
0.2994
0.305189
0.310578
0.314963
0.317294
0.316514
0.309755
0.297475
0.268333
0.264586
0.265024
0.266058
0.267766
0.270142
0.273198
0.276954
0.281422
0.286606
0.292487
0.299009
0.306052
0.313401
0.320664
0.327268
0.332116
0.334107
0.329885
0.320188
0.290011
0.265293
0.265767
0.266891
0.268751
0.271344
0.274694
0.278833
0.283793
0.2896
0.296265
0.303771
0.312039
0.320909
0.330038
0.338904
0.3464
0.351391
0.350116
0.343325
0.312255
0.265761
0.266264
0.267468
0.269461
0.272245
0.275853
0.280332
0.285728
0.292092
0.299464
0.307862
0.317257
0.327543
0.338439
0.349486
0.359601
0.36762
0.369539
0.365511
0.333457
0.266021
0.266546
0.267816
0.269918
0.272858
0.276682
0.281446
0.287216
0.294064
0.30206
0.311267
0.321708
0.333351
0.346001
0.359319
0.372318
0.38397
0.390217
0.390815
0.361876
0.118092
0.115133
0.112162
0.109169
0.106145
0.103091
0.10001
0.096905
0.0937774
0.0906295
0.0874633
0.0842809
0.0810848
0.0778769
0.0746598
0.0714356
0.0682067
0.0649753
0.0617439
0.0585145
0.119066
0.116055
0.113032
0.109989
0.106909
0.103792
0.100641
0.09746
0.0942504
0.0910145
0.0877547
0.0844736
0.0811736
0.0778576
0.0745282
0.0711883
0.0678406
0.0644881
0.0611336
0.05778
0.120841
0.117665
0.114484
0.111293
0.108064
0.104793
0.101483
0.0981393
0.0947641
0.0913596
0.0879286
0.0844739
0.0809983
0.0775047
0.0739963
0.070476
0.066947
0.0634124
0.0598753
0.0563391
0.123474
0.120048
0.11662
0.113203
0.10975
0.10625
0.102706
0.0991253
0.0955104
0.0918637
0.0881879
0.084486
0.0807611
0.0770164
0.073255
0.0694803
0.0656956
0.0619043
0.0581099
0.0543158
0.126969
0.1232
0.119428
0.1157
0.111944
0.108134
0.104277
0.100381
0.0964503
0.0924859
0.0884909
0.0844686
0.080422
0.0763546
0.0722696
0.0681706
0.064061
0.0599444
0.0558243
0.0517043
0.131416
0.127209
0.122991
0.118863
0.11472
0.110519
0.106268
0.101977
0.0976502
0.0932901
0.0888991
0.0844802
0.0800367
0.0755721
0.0710896
0.0665928
0.0620853
0.0575705
0.0530522
0.048534
0.136901
0.132158
0.127376
0.122751
0.118131
0.113451
0.108717
0.103944
0.0991373
0.0942984
0.0894296
0.0845337
0.079614
0.0746739
0.0697165
0.0647454
0.059764
0.0547758
0.0497842
0.044793
0.143537
0.138149
0.132674
0.127443
0.122251
0.116995
0.111682
0.106334
0.100956
0.0955497
0.0901155
0.0846568
0.0791765
0.0736777
0.0681636
0.0626372
0.0571018
0.0515607
0.0460171
0.0404744
0.151441
0.145292
0.138976
0.133021
0.12715
0.121212
0.115217
0.109192
0.103144
0.0970726
0.0909789
0.084865
0.0787338
0.072588
0.0664302
0.0602631
0.0540896
0.0479126
0.0417347
0.0355589
0.160738
0.153702
0.146381
0.139569
0.132902
0.126168
0.119375
0.112561
0.105735
0.0988939
0.0920384
0.08517
0.0782911
0.0714038
0.0645102
0.0576125
0.0507128
0.0438133
0.0369162
0.0300236
0.171562
0.163503
0.15499
0.147175
0.139584
0.131925
0.124208
0.116482
0.108758
0.101033
0.0933046
0.0855739
0.0778429
0.0701131
0.0623859
0.0546627
0.0469448
0.0392337
0.0315305
0.0238363
0.184053
0.174829
0.164917
0.155934
0.147278
0.138552
0.129768
0.120993
0.112241
0.103505
0.0947803
0.0860693
0.0773728
0.0686916
0.0600264
0.0513777
0.0427459
0.0341313
0.0255342
0.0169543
0.198364
0.187831
0.176286
0.165953
0.156072
0.146119
0.13611
0.126134
0.116206
0.106317
0.0964609
0.0866391
0.0768526
0.0671016
0.0573859
0.0477053
0.0380594
0.0284474
0.0188683
0.00932048
0.214656
0.202668
0.189233
0.17735
0.16607
0.154712
0.143299
0.131949
0.12068
0.109478
0.0983371
0.0872585
0.0762434
0.0652918
0.0544032
0.0435767
0.0328112
0.0221052
0.0114566
0.000862741
0.233088
0.219499
0.203894
0.190249
0.177381
0.16442
0.151406
0.138489
0.125693
0.112998
0.100399
0.0878982
0.075499
0.0632012
0.0510047
0.0389089
0.0269126
0.0150141
0.00321074
-0.00850095
0.253878
0.238514
0.220429
0.204791
0.190129
0.175347
0.160512
0.145816
0.131284
0.116893
0.10264
0.0885317
0.0745725
0.0607652
0.0471113
0.0336121
0.0202678
0.00707768
-0.00595994
-0.0188482
0.277298
0.260002
0.239085
0.2212
0.204503
0.187639
0.170727
0.154005
0.137495
0.121172
0.10504
0.08911
0.0733926
0.0578942
0.0426207
0.0275769
0.0127664
-0.00180891
-0.0161485
-0.0302538
0.303188
0.283831
0.259747
0.23945
0.220513
0.201321
0.182103
0.163131
0.144411
0.125925
0.107687
0.0897196
0.0720391
0.0546601
0.0375959
0.0208583
0.00445713
-0.0116005
-0.0273098
-0.0426698
0.332361
0.31053
0.283228
0.260553
0.239099
0.21728
0.195487
0.173958
0.152686
0.131681
0.110985
0.0906393
0.0706776
0.051132
0.032032
0.0134045
-0.00472743
-0.0223446
-0.0394326
-0.0559834
0.363932
0.337392
0.307452
0.281768
0.256804
0.231801
0.207096
0.182739
0.158714
0.135057
0.111823
0.0890618
0.0668242
0.0451587
0.0241119
0.00372736
-0.0159553
-0.0349011
-0.0530804
-0.0704716
0.0552897
0.0520715
0.0488623
0.0456643
0.0424795
0.0393102
0.0361584
0.0330261
0.0299154
0.0268282
0.0237664
0.0207318
0.0177263
0.0147515
0.0118091
0.0089008
0.00602819
0.00319283
0.000395128
-0.00236534
0.0544304
0.0510875
0.0477541
0.0444332
0.0411276
0.0378398
0.0345727
0.0313287
0.0281104
0.0249202
0.0217605
0.0186333
0.0155409
0.0124853
0.0094682
0.00649149
0.00355684
0.000665833
-0.00218126
-0.00498578
0.0528068
0.0492815
0.0457664
0.0422646
0.038779
0.0353127
0.0318684
0.0284491
0.0250574
0.0216959
0.0183671
0.0150735
0.0118173
0.00860079
0.00542587
0.00229453
-0.000791364
-0.00383003
-0.00682119
-0.00976727
0.0505254
0.0467422
0.0429694
0.0392104
0.0354687
0.0317472
0.0280493
0.024378
0.0207362
0.0171267
0.0135523
0.0100156
0.00651919
0.00306532
-0.00034378
-0.003706
-0.00701934
-0.0102822
-0.0134944
-0.016655
0.0475881
0.0434792
0.039381
0.0352971
0.0312309
0.0271858
0.0231652
0.0191721
0.0152096
0.0112808
0.00738859
0.00353561
-0.000275478
-0.00404216
-0.00776208
-0.011433
-0.0150527
-0.0186204
-0.0221364
-0.0255874
0.0440196
0.0395124
0.035016
0.0305341
0.0260702
0.0216276
0.0172097
0.0128198
0.00846094
0.00413627
-0.000151298
-0.00439894
-0.00860393
-0.0127637
-0.0168756
-0.0209373
-0.0249465
-0.0289041
-0.032812
-0.0366288
0.0398057
0.0348256
0.0298563
0.0249012
0.0199639
0.0150475
0.0101555
0.00529079
0.000456607
-0.00434414
-0.00910856
-0.0138339
-0.0185175
-0.0231567
-0.027749
-0.0322915
-0.036782
-0.0412251
-0.0456284
-0.0498944
0.0349359
0.0294046
0.0238837
0.0183766
0.0128863
0.00741579
0.00196804
-0.00345414
-0.00884802
-0.014211
-0.0195404
-0.0248339
-0.0300892
-0.0353039
-0.0404759
-0.045602
-0.0506798
-0.0557219
-0.0607515
-0.0655678
0.0293881
0.0232246
0.0170712
0.0109305
0.00480517
-0.00130255
-0.00739036
-0.0134561
-0.0194979
-0.0255138
-0.031502
-0.0374611
-0.0433896
-0.0492862
-0.0551498
-0.0609775
-0.0667665
-0.0725448
-0.0783743
-0.083874
0.0231375
0.0162596
0.00939167
0.0025355
-0.00430737
-0.0111357
-0.0179483
-0.0247443
-0.0315231
-0.0382842
-0.0450275
-0.0517531
-0.0584614
-0.0651535
-0.0718308
-0.0784912
-0.0851314
-0.0918057
-0.0986576
-0.105015
0.0161522
0.00847856
0.00081593
-0.00683517
-0.0144747
-0.0221029
-0.0297205
-0.0373284
-0.0449281
-0.0525213
-0.0601106
-0.0676988
-0.0752896
-0.0828878
-0.090499
-0.0981236
-0.105756
-0.113491
-0.121619
-0.129035
0.00839134
-0.00015578
-0.00868805
-0.0172067
-0.0257136
-0.0342111
-0.0427022
-0.0511905
-0.0596801
-0.0681762
-0.0766846
-0.0852122
-0.093767
-0.102359
-0.111
-0.119693
-0.128428
-0.137354
-0.146998
-0.155651
-0.000197641
-0.00968898
-0.0191563
-0.0286029
-0.0380328
-0.047451
-0.0568631
-0.0662759
-0.0756969
-0.0851351
-0.0946006
-0.104105
-0.113661
-0.123285
-0.132996
-0.1428
-0.152676
-0.162843
-0.174161
-0.184138
-0.00967967
-0.020175
-0.0306278
-0.0410435
-0.0514283
-0.0617899
-0.0721369
-0.0824792
-0.092828
-0.103196
-0.113599
-0.124052
-0.134576
-0.145191
-0.155927
-0.16679
-0.177743
-0.189093
-0.20212
-0.213362
-0.0201254
-0.0316681
-0.0431351
-0.0545336
-0.0658723
-0.0771611
-0.0884117
-0.099637
-0.110852
-0.122074
-0.133321
-0.144617
-0.155986
-0.167457
-0.179071
-0.190836
-0.202694
-0.215056
-0.229703
-0.242022
-0.0315921
-0.0441966
-0.056669
-0.069018
-0.0812541
-0.0933904
-0.105442
-0.117426
-0.129362
-0.141275
-0.15319
-0.165139
-0.177154
-0.189278
-0.201563
-0.214025
-0.226578
-0.239749
-0.255866
-0.269036
-0.0441295
-0.0577787
-0.0712088
-0.0844295
-0.0974527
-0.110293
-0.122969
-0.135503
-0.147921
-0.160254
-0.17254
-0.184822
-0.197153
-0.209594
-0.222228
-0.235089
-0.248071
-0.26183
-0.279308
-0.293327
-0.057685
-0.0723566
-0.0866945
-0.100712
-0.114424
-0.127853
-0.141022
-0.153959
-0.166699
-0.179279
-0.191746
-0.204152
-0.21656
-0.229047
-0.241715
-0.254614
-0.267603
-0.281458
-0.299883
-0.314775
-0.0719995
-0.0874788
-0.102436
-0.116895
-0.130887
-0.144451
-0.157637
-0.170503
-0.183114
-0.195541
-0.207864
-0.220168
-0.232545
-0.245098
-0.257964
-0.271234
-0.284743
-0.29938
-0.320008
-0.337928
-0.0870692
-0.102857
-0.117848
-0.132068
-0.145553
-0.158359
-0.170558
-0.182237
-0.193499
-0.204459
-0.215242
-0.22598
-0.236808
-0.247868
-0.259344
-0.271463
-0.284261
-0.298613
-0.321656
-0.35246
-0.00898368
-0.0189739
-0.0285067
-0.0374498
-0.0456774
-0.0530736
-0.0595376
-0.064991
-0.0693824
-0.0726889
-0.0749154
-0.0760948
-0.0762856
-0.0755695
-0.0740464
-0.0718297
-0.0690409
-0.0658042
-0.0622414
-0.0584671
-0.0545845
-0.0506822
-0.0468295
-0.0430786
-0.039455
-0.0359725
-0.0326095
-0.0293554
-0.0261488
-0.0229914
-0.0198041
-0.0166549
-0.0134807
-0.0104487
-0.00754897
-0.00499252
-0.00287148
-0.00123042
-0.000355325
0.000268615
-0.0118395
-0.0219799
-0.0315601
-0.0405114
-0.048708
-0.0560191
-0.0623411
-0.0676039
-0.0717676
-0.0748198
-0.0767759
-0.0776785
-0.0775959
-0.0766183
-0.0748524
-0.0724169
-0.0694368
-0.0660382
-0.0623435
-0.0584667
-0.0545094
-0.0505579
-0.0466786
-0.0429204
-0.0393045
-0.0358412
-0.032503
-0.0292764
-0.0260929
-0.0229531
-0.019771
-0.0166167
-0.0134248
-0.0103645
-0.00743758
-0.00484714
-0.00271932
-0.0010785
-0.000247419
0.000306871
-0.0171343
-0.0275602
-0.0372158
-0.0461709
-0.0542966
-0.0614335
-0.0674756
-0.0723709
-0.0761017
-0.0786758
-0.0801275
-0.0805181
-0.0799334
-0.0784784
-0.0762721
-0.0734418
-0.0701183
-0.0664307
-0.0625018
-0.0584442
-0.0543563
-0.0503202
-0.0463967
-0.0426286
-0.0390297
-0.0356033
-0.0323128
-0.029137
-0.0259977
-0.0228891
-0.0197196
-0.0165531
-0.0133343
-0.010217
-0.00724861
-0.00458734
-0.0024559
-0.000803545
-5.24962e-05
0.000376834
-0.0247325
-0.0355188
-0.0452398
-0.0541605
-0.0621434
-0.0689893
-0.074595
-0.0789383
-0.0820339
-0.0839183
-0.0846524
-0.0843233
-0.0830403
-0.0809282
-0.0781208
-0.0747564
-0.0709721
-0.0668999
-0.0626621
-0.0583686
-0.0541128
-0.0499705
-0.0459948
-0.0422202
-0.0386506
-0.0352794
-0.0320577
-0.0289541
-0.0258777
-0.0228131
-0.0196627
-0.0164798
-0.0132266
-0.0100302
-0.00700947
-0.00424578
-0.00211565
-0.00043206
0.000204468
0.000480822
-0.0345593
-0.0457417
-0.0554794
-0.0642922
-0.0720234
-0.0784276
-0.0834154
-0.0870083
-0.0892632
-0.0902522
-0.09007
-0.0888357
-0.0866863
-0.0837685
-0.0802328
-0.076228
-0.0718969
-0.067373
-0.0627767
-0.058213
-0.0537684
-0.0495108
-0.0454835
-0.0417109
-0.0381848
-0.0348868
-0.0317537
-0.0287415
-0.0257443
-0.0227354
-0.0196102
-0.0164095
-0.0131174
-0.00982651
-0.00674661
-0.00385526
-0.00173228
6.75806e-06
0.000498861
0.000622139
-0.0466229
-0.0581771
-0.0678391
-0.0764283
-0.0837527
-0.0895228
-0.0936823
-0.0963107
-0.0975139
-0.0974064
-0.0961233
-0.09382
-0.0906631
-0.0868219
-0.0824622
-0.0777419
-0.0728075
-0.0677914
-0.0628095
-0.0579599
-0.0533203
-0.0489485
-0.0448767
-0.0411176
-0.0376497
-0.0344415
-0.0314138
-0.028509
-0.0256046
-0.0226619
-0.0195683
-0.0163513
-0.0130196
-0.00962606
-0.00648525
-0.00344842
-0.00133918
0.00048122
0.000805939
0.000801563
-0.0609361
-0.0727703
-0.0822307
-0.0904363
-0.0971433
-0.102043
-0.105138
-0.106575
-0.106513
-0.105117
-0.102567
-0.0990563
-0.0947808
-0.0899304
-0.0846836
-0.0792039
-0.0736378
-0.0681136
-0.0627396
-0.0576046
-0.0527753
-0.0482982
-0.0441929
-0.0404598
-0.0370631
-0.0339578
-0.0310482
-0.0282626
-0.0254614
-0.0225937
-0.0195384
-0.0163097
-0.0129423
-0.00944543
-0.00624716
-0.00305587
-0.000966959
0.000958775
0.00110187
0.0010156
-0.0774519
-0.0894085
-0.0985365
-0.10615
-0.111964
-0.115716
-0.117493
-0.117508
-0.115975
-0.113117
-0.10916
-0.104336
-0.0988664
-0.0929569
-0.0867938
-0.0805418
-0.0743429
-0.068317
-0.0625623
-0.0571554
-0.0521507
-0.0475818
-0.0434555
-0.0397591
-0.0364431
-0.0334489
-0.0306645
-0.0280049
-0.0253133
-0.0225273
-0.0195175
-0.0162846
-0.0128895
-0.00929616
-0.00604882
-0.00270347
-0.000641032
0.00140868
0.0013655
0.00125612
-0.0959572
-0.107852
-0.116565
-0.123322
-0.1279
-0.130202
-0.130408
-0.128779
-0.125592
-0.12113
-0.115667
-0.109465
-0.102767
-0.095787
-0.0887139
-0.0817069
-0.0748988
-0.0683977
-0.062288
-0.0566327
-0.0514723
-0.0468273
-0.0426913
-0.0390393
-0.0358083
-0.0329272
-0.0302692
-0.0277366
-0.0251569
-0.0224569
-0.0194993
-0.0162717
-0.0128608
-0.00918414
-0.00590034
-0.00241034
-0.000380036
0.00180487
0.00157996
0.00151145
-0.115958
-0.12768
-0.136002
-0.141572
-0.144521
-0.14508
-0.143485
-0.140021
-0.135038
-0.128881
-0.121863
-0.11427
-0.106355
-0.0983346
-0.0903916
-0.0826744
-0.0753022
-0.0683674
-0.061939
-0.0560648
-0.0507712
-0.0460653
-0.0419284
-0.0383238
-0.0351766
-0.0324047
-0.029868
-0.0274578
-0.024988
-0.0223753
-0.019476
-0.0162644
-0.012852
-0.00910991
-0.00580553
-0.00218801
-0.000195184
0.00212798
0.00173355
0.0017683
-0.136613
-0.148287
-0.156373
-0.160353
-0.161285
-0.159862
-0.156284
-0.150852
-0.143996
-0.136119
-0.127559
-0.118614
-0.10954
-0.100546
-0.0918024
-0.0834418
-0.0755657
-0.0682492
-0.0615445
-0.0554838
-0.0500794
-0.045326
-0.0411934
-0.0376347
-0.0345649
-0.0318924
-0.0294665
-0.0271692
-0.0248032
-0.0222761
-0.0194399
-0.0162547
-0.0128563
-0.00906985
-0.00576273
-0.00204082
-9.06033e-05
0.00236627
0.00182006
0.00201382
-0.156804
-0.16896
-0.177038
-0.178978
-0.177591
-0.174041
-0.168373
-0.160918
-0.152195
-0.142645
-0.132616
-0.122409
-0.112272
-0.102401
-0.0929471
-0.0840238
-0.0757132
-0.0680719
-0.0611351
-0.0549199
-0.0494256
-0.0446352
-0.0405088
-0.0369907
-0.0339875
-0.0314004
-0.0290705
-0.0268724
-0.0246007
-0.0221548
-0.0193844
-0.0162354
-0.0128662
-0.00905774
-0.00576638
-0.00196712
-6.44429e-05
0.00251534
0.00183841
0.00223732
-0.175375
-0.18903
-0.19725
-0.196713
-0.192878
-0.187167
-0.179387
-0.169946
-0.159445
-0.148332
-0.13696
-0.125619
-0.114544
-0.103909
-0.0938462
-0.0844469
-0.0757734
-0.0678641
-0.0607379
-0.0543982
-0.0488321
-0.0440127
-0.0398914
-0.0364056
-0.0334556
-0.030937
-0.0286853
-0.0265699
-0.0243804
-0.0220088
-0.0193051
-0.0162003
-0.0128745
-0.00906627
-0.00580864
-0.00196099
-0.00011037
0.00257704
0.00179185
0.00243115
-0.191474
-0.208013
-0.216256
-0.212926
-0.206718
-0.198906
-0.189082
-0.177782
-0.165654
-0.15314
-0.140582
-0.128257
-0.116379
-0.105101
-0.094532
-0.0847419
-0.0757742
-0.0676501
-0.0603738
-0.0539361
-0.0483135
-0.0434706
-0.0393516
-0.0358883
-0.0329765
-0.0305082
-0.0283159
-0.0262652
-0.0241441
-0.021838
-0.0191999
-0.0161456
-0.0128754
-0.00908829
-0.00588088
-0.00201383
-0.000219166
0.00255796
0.00168683
0.00259092
-0.20485
-0.225667
-0.233426
-0.227207
-0.218868
-0.20908
-0.197355
-0.184386
-0.170825
-0.157094
-0.143522
-0.13037
-0.117825
-0.10602
-0.0950404
-0.0849383
-0.0757387
-0.0674475
-0.0600558
-0.0535431
-0.0478768
-0.0430142
-0.0388937
-0.0354426
-0.0325541
-0.0301178
-0.0279658
-0.0259615
-0.0238943
-0.0216439
-0.0190687
-0.0160693
-0.0128646
-0.00911764
-0.00597484
-0.00211593
-0.000380307
0.00246774
0.0015318
0.00271521
-0.215943
-0.241929
-0.248349
-0.239407
-0.229258
-0.21765
-0.20423
-0.189813
-0.175027
-0.160268
-0.145854
-0.13202
-0.118935
-0.106708
-0.0954058
-0.0850614
-0.0756846
-0.0672678
-0.0597904
-0.0532224
-0.0475232
-0.0426435
-0.0385174
-0.0350687
-0.0321891
-0.0297674
-0.0276372
-0.0256616
-0.0236338
-0.0214287
-0.0189124
-0.0159708
-0.0128395
-0.00914937
-0.00608335
-0.00225772
-0.000583328
0.0023173
0.0013359
0.00280485
-0.22563
-0.256767
-0.260908
-0.249635
-0.237968
-0.224714
-0.209832
-0.194193
-0.178381
-0.162773
-0.147671
-0.133289
-0.119774
-0.107216
-0.0956637
-0.0851356
-0.0756273
-0.0671192
-0.0595809
-0.0529736
-0.04725
-0.0423552
-0.0382194
-0.034764
-0.0318804
-0.0294576
-0.0273327
-0.0253692
-0.023367
-0.0211972
-0.018735
-0.0158523
-0.0127997
-0.00918028
-0.00620035
-0.00242975
-0.000817538
0.00211853
0.00110901
0.00286222
-0.234996
-0.27011
-0.271438
-0.25833
-0.245316
-0.230567
-0.214435
-0.19776
-0.181088
-0.164775
-0.149109
-0.134281
-0.120421
-0.107601
-0.095855
-0.0851865
-0.0755799
-0.0670053
-0.0594233
-0.052788
-0.0470457
-0.0421369
-0.0379886
-0.0345203
-0.0316239
-0.0291892
-0.0270578
-0.0250945
-0.0231071
-0.0209636
-0.0185495
-0.0157242
-0.0127509
-0.0092099
-0.00631984
-0.00261987
-0.00106862
0.00188646
0.000863883
0.00289098
-0.246759
-0.28206
-0.280574
-0.266052
-0.251701
-0.235543
-0.218306
-0.200718
-0.1833
-0.166385
-0.150244
-0.135047
-0.120905
-0.107874
-0.0959749
-0.0851984
-0.0755186
-0.0668962
-0.0592845
-0.0526307
-0.046876
-0.0419569
-0.0377976
-0.0343161
-0.0314051
-0.0289553
-0.0268131
-0.0248446
-0.0228658
-0.0207424
-0.0183699
-0.0155975
-0.0126991
-0.00923755
-0.0064357
-0.00281476
-0.00132209
0.00163724
0.00061227
0.0028965
-0.26796
-0.292082
-0.28714
-0.271515
-0.256062
-0.238759
-0.220695
-0.202429
-0.184479
-0.167146
-0.15069
-0.13526
-0.120954
-0.107813
-0.0958457
-0.0850333
-0.0753404
-0.06672
-0.0591182
-0.0524761
-0.04673
-0.0418124
-0.0376453
-0.0341457
-0.0312084
-0.0287267
-0.0265542
-0.0245612
-0.0225755
-0.0204621
-0.01813
-0.0154174
-0.012608
-0.00924675
-0.00655161
-0.00303111
-0.00160436
0.00135703
0.00033415
0.00288427
-0.29744
-0.293709
-0.285994
-0.270288
-0.255056
-0.237758
-0.2198
-0.2016
-0.183715
-0.166441
-0.150048
-0.134686
-0.120457
-0.1074
-0.0955233
-0.0848037
-0.0752017
-0.0666648
-0.0591335
-0.0525431
-0.0468244
-0.0419059
-0.0377078
-0.0341478
-0.0311264
-0.028544
-0.0262707
-0.0241874
-0.0221458
-0.0200136
-0.0177223
-0.0150933
-0.0124178
-0.00921535
-0.00667393
-0.0032991
-0.00194617
0.00103623
2.75298e-05
0.00285663
-0.31693
-0.294899
-0.286659
-0.27017
-0.254515
-0.236728
-0.218521
-0.200154
-0.182203
-0.164926
-0.148586
-0.133312
-0.119196
-0.106267
-0.0945238
-0.083938
-0.0744649
-0.0660478
-0.0586237
-0.0521253
-0.0464816
-0.0416196
-0.0374598
-0.0339204
-0.0309047
-0.0283163
-0.0260319
-0.0239362
-0.0218913
-0.0197662
-0.0175024
-0.0149176
-0.0123051
-0.00918191
-0.00671572
-0.00342403
-0.00211459
0.000855465
-0.000146091
0.00283111
-0.326614
-0.295129
-0.287406
-0.269882
-0.253712
-0.235389
-0.216925
-0.198406
-0.180423
-0.163186
-0.14694
-0.131792
-0.117822
-0.105046
-0.0934572
-0.0830201
-0.0736865
-0.0653968
-0.0580861
-0.0516856
-0.0461237
-0.0413268
-0.0372157
-0.0337092
-0.0307131
-0.0281325
-0.0258491
-0.0237501
-0.0217048
-0.0195839
-0.0173367
-0.0147814
-0.0122119
-0.00914967
-0.00674135
-0.00352413
-0.00225242
0.000690852
-0.000299564
0.00279972
-0.330657
-0.29457
-0.287781
-0.269337
-0.252798
-0.234067
-0.215437
-0.196825
-0.178846
-0.161664
-0.145517
-0.130491
-0.116656
-0.10402
-0.0925697
-0.0822652
-0.073055
-0.0648771
-0.0576648
-0.0513481
-0.0458542
-0.0411093
-0.0370344
-0.0335489
-0.030561
-0.0279779
-0.0256864
-0.0235765
-0.0215252
-0.019405
-0.0171729
-0.0146474
-0.0121224
-0.00912371
-0.006775
-0.00363493
-0.00239958
0.000515984
-0.000457528
0.00276262
-0.332449
-0.293937
-0.287876
-0.268594
-0.251789
-0.232734
-0.213993
-0.195321
-0.177366
-0.160249
-0.144202
-0.129294
-0.11559
-0.103087
-0.0917677
-0.0815884
-0.0724945
-0.0644215
-0.0573009
-0.0510609
-0.0456281
-0.0409276
-0.0368812
-0.0334089
-0.0304214
-0.0278285
-0.0255226
-0.0233969
-0.0213366
-0.0192163
-0.0170006
-0.0145078
-0.0120318
-0.00910167
-0.00681635
-0.00375741
-0.00255772
0.000329994
-0.00062142
0.00272
-0.332796
-0.293444
-0.287749
-0.26771
-0.250701
-0.23137
-0.212552
-0.193841
-0.175923
-0.158878
-0.142935
-0.128147
-0.114571
-0.1022
-0.0910095
-0.0809528
-0.0719724
-0.0640012
-0.0569689
-0.0508022
-0.0454265
-0.0407664
-0.0367441
-0.0332805
-0.0302891
-0.0276823
-0.0253585
-0.0232143
-0.0211435
-0.0190224
-0.016824
-0.0143658
-0.0119411
-0.00908264
-0.00686267
-0.00388767
-0.00272257
0.000135972
-0.000788514
0.00267194
-0.332007
-0.293052
-0.287395
-0.266723
-0.249559
-0.229998
-0.211132
-0.192399
-0.174531
-0.157563
-0.141726
-0.127057
-0.113609
-0.101366
-0.0903016
-0.080364
-0.0714934
-0.0636202
-0.0566723
-0.0505747
-0.0452519
-0.0406278
-0.0366251
-0.0331658
-0.0301663
-0.0275419
-0.0251969
-0.0230317
-0.0209486
-0.0188262
-0.0166452
-0.0142229
-0.0118511
-0.00906681
-0.00691343
-0.00402466
-0.00289281
-6.49799e-05
-0.000957771
0.00261852
-0.33045
-0.292735
-0.286825
-0.265667
-0.248387
-0.228641
-0.209753
-0.191014
-0.173204
-0.156318
-0.140588
-0.126036
-0.112712
-0.100594
-0.0896507
-0.0798278
-0.0710624
-0.0632827
-0.0564145
-0.0503815
-0.0451067
-0.0405139
-0.036526
-0.0330663
-0.0300543
-0.0274081
-0.0250385
-0.0228496
-0.0207526
-0.018628
-0.0164648
-0.0140795
-0.0117622
-0.0090544
-0.00696875
-0.00416831
-0.00306826
-0.000272479
-0.00112885
0.00255982
-0.328434
-0.292488
-0.286077
-0.264578
-0.24721
-0.22732
-0.208429
-0.189697
-0.171952
-0.155149
-0.139524
-0.125087
-0.111883
-0.0998844
-0.0890581
-0.0793449
-0.07068
-0.062989
-0.0561959
-0.0502225
-0.0449911
-0.0404247
-0.0364469
-0.0329821
-0.0299531
-0.0272813
-0.0248837
-0.0226685
-0.0205558
-0.0184284
-0.0162831
-0.013936
-0.0116747
-0.0090455
-0.00702863
-0.00431838
-0.00324861
-0.000486035
-0.00130134
0.00249598
-0.326186
-0.292299
-0.285202
-0.263494
-0.246052
-0.226053
-0.207172
-0.188458
-0.170781
-0.154061
-0.138539
-0.124212
-0.111123
-0.0992389
-0.0885239
-0.0789154
-0.0703459
-0.0627387
-0.0560158
-0.0500974
-0.0449045
-0.0403598
-0.0363873
-0.032913
-0.0298628
-0.0271616
-0.0247328
-0.0224889
-0.0203589
-0.018228
-0.0161007
-0.0137927
-0.0115888
-0.0090402
-0.00709292
-0.00447448
-0.00343337
-0.000705022
-0.00147474
0.00242712
-0.32388
-0.29216
-0.284257
-0.262447
-0.244937
-0.224856
-0.205997
-0.187305
-0.169697
-0.153057
-0.137634
-0.123412
-0.110433
-0.0986579
-0.0880487
-0.0785394
-0.0700601
-0.0625317
-0.0558741
-0.0500058
-0.0448467
-0.0403188
-0.0363473
-0.0328591
-0.0297837
-0.0270495
-0.0245865
-0.0223115
-0.0201626
-0.0180275
-0.0159183
-0.0136503
-0.0115049
-0.00903858
-0.00716149
-0.00463615
-0.00362199
-0.000928769
-0.0016485
0.00235341
-0.321662
-0.292066
-0.283297
-0.261465
-0.243889
-0.223748
-0.204913
-0.186247
-0.168707
-0.152143
-0.136814
-0.12269
-0.109815
-0.0981426
-0.0876331
-0.0782172
-0.0698226
-0.0623677
-0.0557703
-0.0499471
-0.0448171
-0.0403016
-0.0363265
-0.0328203
-0.029716
-0.0269454
-0.0244454
-0.0221372
-0.0199679
-0.0178277
-0.0157367
-0.0135094
-0.0114233
-0.00904073
-0.00723417
-0.00480294
-0.00381393
-0.00115659
-0.00182209
0.00227501
-0.319652
-0.29202
-0.28238
-0.260575
-0.242931
-0.222743
-0.203934
-0.185294
-0.167816
-0.151324
-0.136081
-0.122049
-0.10927
-0.0976939
-0.0872776
-0.0779489
-0.0696333
-0.0622464
-0.0557041
-0.0499211
-0.0448153
-0.0403077
-0.0363247
-0.0327966
-0.0296597
-0.0268497
-0.0243101
-0.0219667
-0.0197756
-0.0176297
-0.0155565
-0.0133705
-0.0113444
-0.00904671
-0.00731079
-0.00497434
-0.00400862
-0.00138777
-0.00199496
0.00219211
-0.317953
-0.292029
-0.281557
-0.2598
-0.242082
-0.221856
-0.203069
-0.184451
-0.167029
-0.150602
-0.135438
-0.121491
-0.1088
-0.0973126
-0.0869826
-0.0777348
-0.069492
-0.0621675
-0.0556748
-0.0499271
-0.0448408
-0.0403366
-0.0363417
-0.0327879
-0.0296152
-0.0267629
-0.0241813
-0.0218008
-0.0195866
-0.0174343
-0.0153788
-0.0132343
-0.0112687
-0.00905662
-0.00739117
-0.00514984
-0.00420547
-0.00162158
-0.00216658
0.00210492
-0.316652
-0.292104
-0.280879
-0.259157
-0.241364
-0.2211
-0.202326
-0.183726
-0.166353
-0.149982
-0.134888
-0.121017
-0.108407
-0.0969995
-0.0867485
-0.0775747
-0.0693984
-0.0621304
-0.055682
-0.0499644
-0.0448929
-0.0403879
-0.0363771
-0.0327942
-0.0295826
-0.0266854
-0.0240598
-0.0216406
-0.0194019
-0.0172425
-0.0152042
-0.0131015
-0.0111964
-0.0090705
-0.00747509
-0.00532888
-0.00440387
-0.00185728
-0.00233638
0.00201365
-0.315822
-0.292258
-0.280385
-0.258665
-0.240791
-0.220483
-0.201715
-0.183125
-0.16579
-0.149466
-0.134433
-0.120628
-0.10809
-0.0967553
-0.0865755
-0.0774685
-0.0693523
-0.0621347
-0.055725
-0.0500323
-0.0449711
-0.040461
-0.0364307
-0.0328154
-0.0295622
-0.0266179
-0.0239462
-0.0214868
-0.0192227
-0.0170554
-0.0150338
-0.0129728
-0.011128
-0.00908841
-0.00756234
-0.0055109
-0.00460321
-0.00209409
-0.00250383
0.00191855
-0.315524
-0.292502
-0.28011
-0.258334
-0.240378
-0.220016
-0.201242
-0.182652
-0.165345
-0.149058
-0.134075
-0.120327
-0.107851
-0.0965805
-0.0864638
-0.0774163
-0.0693532
-0.0621798
-0.055803
-0.0501303
-0.0450747
-0.0405555
-0.0365022
-0.0328515
-0.0295542
-0.0265607
-0.0238414
-0.0213405
-0.0190498
-0.0168739
-0.0148684
-0.0128487
-0.0110639
-0.00911041
-0.00765268
-0.00569531
-0.00480284
-0.00233124
-0.00266836
0.00181989
-0.31581
-0.292849
-0.280083
-0.258177
-0.240136
-0.219705
-0.200911
-0.182312
-0.16502
-0.14876
-0.133816
-0.120115
-0.107692
-0.0964758
-0.0864138
-0.077418
-0.0694008
-0.0622652
-0.0559156
-0.0502576
-0.0452031
-0.0406709
-0.0365913
-0.0329025
-0.0295589
-0.0265145
-0.023746
-0.0212026
-0.0188843
-0.016699
-0.0147089
-0.01273
-0.0110044
-0.00913651
-0.00774592
-0.00588164
-0.00500234
-0.00256822
-0.00282973
0.00171783
-0.316719
-0.293309
-0.280324
-0.258199
-0.240073
-0.219554
-0.200728
-0.182107
-0.164819
-0.148574
-0.133658
-0.119993
-0.107612
-0.0964416
-0.0864255
-0.0774733
-0.0694948
-0.0623902
-0.0560619
-0.0504135
-0.0453556
-0.0408067
-0.0366976
-0.0329684
-0.0295765
-0.0264797
-0.023661
-0.0210741
-0.0187273
-0.0165318
-0.0145563
-0.0126175
-0.0109501
-0.00916671
-0.00784172
-0.00606912
-0.00520084
-0.00280396
-0.0029871
0.00161275
-0.318281
-0.293892
-0.280845
-0.258406
-0.240194
-0.219567
-0.200693
-0.182039
-0.164742
-0.148501
-0.133602
-0.119963
-0.107613
-0.0964784
-0.0864992
-0.0775822
-0.0696348
-0.0625546
-0.0562416
-0.0505975
-0.0455319
-0.0409626
-0.0368212
-0.0330491
-0.0296073
-0.0264569
-0.023587
-0.0209558
-0.0185798
-0.0163733
-0.0144113
-0.0125115
-0.010901
-0.00920099
-0.00793993
-0.00625747
-0.00539815
-0.00303823
-0.00314053
0.00150477
)
;

boundaryField
{
    inlet
    {
        type            freestreamPressure;
        freestreamValue uniform 0;
        supersonic      false;
        value           nonuniform List<scalar> 
80
(
0.221027
0.217115
0.212838
0.208164
0.203077
0.197569
0.19164
0.185298
0.17857
0.171498
0.164145
0.156599
0.148975
0.141418
0.134104
0.127244
0.121085
0.115912
0.112059
0.10991
0.254939
0.253756
0.252515
0.251219
0.249867
0.248462
0.247003
0.245494
0.243935
0.242327
0.240672
0.238972
0.237228
0.235443
0.233617
0.231752
0.229852
0.227917
0.22595
0.223939
0.266092
0.266084
0.266021
0.265906
0.265735
0.265507
0.265222
0.264878
0.264476
0.264014
0.263492
0.26291
0.262267
0.261563
0.260797
0.259971
0.259085
0.258138
0.257131
0.256064
0.221644
0.222987
0.225358
0.228463
0.232046
0.235887
0.2398
0.243639
0.247291
0.250671
0.253727
0.256425
0.258754
0.260716
0.262326
0.263607
0.264586
0.265293
0.265761
0.266021
)
;
    }
    outlet
    {
        type            freestreamPressure;
        freestreamValue uniform 0;
        supersonic      false;
        value           nonuniform List<scalar> 
80
(
-4.23366e-07
-4.82735e-07
-5.317e-07
-5.68695e-07
-5.91452e-07
-5.98158e-07
-5.87864e-07
-5.60661e-07
-5.17848e-07
-4.61989e-07
-3.96789e-07
-3.26771e-07
-2.56757e-07
-1.91243e-07
-1.338e-07
-8.66454e-08
-5.05357e-08
-2.49974e-08
-8.85983e-09
-9.79931e-10
6.68975e-07
6.27676e-07
5.81773e-07
5.31807e-07
4.78214e-07
4.21598e-07
3.62533e-07
3.01635e-07
2.39529e-07
1.76829e-07
1.14137e-07
5.20274e-08
-8.95657e-09
-6.83134e-08
-1.25588e-07
-1.80374e-07
-2.32312e-07
-2.81108e-07
-3.26595e-07
-3.68763e-07
4.92203e-07
5.26768e-07
5.61338e-07
5.955e-07
6.28813e-07
6.60785e-07
6.9089e-07
7.18593e-07
7.4336e-07
7.6467e-07
7.82025e-07
7.94964e-07
8.03078e-07
8.06016e-07
8.03504e-07
7.95347e-07
7.8144e-07
7.61724e-07
7.3632e-07
7.05295e-07
2.01155e-11
1.87255e-10
5.49539e-10
1.16413e-09
2.12213e-09
3.57638e-09
5.79608e-09
9.24043e-09
1.46322e-08
2.2999e-08
3.56411e-08
5.39913e-08
7.93707e-08
1.12697e-07
1.54229e-07
2.03437e-07
2.59016e-07
3.1909e-07
3.81587e-07
4.44436e-07
)
;
    }
    top
    {
        type            symmetryPlane;
    }
    bottom
    {
        type            symmetryPlane;
    }
    cylinder
    {
        type            zeroGradient;
    }
    frontandback
    {
        type            empty;
    }
}


// ************************************************************************* //
