/*--------------------------------*- C++ -*----------------------------------*\
  =========                 |
  \\      /  F ield         | OpenFOAM: The Open Source CFD Toolbox
   \\    /   O peration     | Website:  https://openfoam.org
    \\  /    A nd           | Version:  6.0
     \\/     M anipulation  |
\*---------------------------------------------------------------------------*/
FoamFile
{
    version     2.0;
    format      ascii;
    class       surfaceScalarField;
    location    "25.0075";
    object      phi;
}
// * * * * * * * * * * * * * * * * * * * * * * * * * * * * * * * * * * * * * //

dimensions      [0 3 -1 0 0 0 0];

internalField   nonuniform List<scalar> 
4670
(
0.00111086
-0.211054
0.209943
0.00458891
-0.174245
0.170767
0.0098476
-0.15408
0.148821
0.0162467
-0.141965
0.135566
0.0232729
-0.133845
0.126819
0.0305517
-0.127612
0.120333
0.037832
-0.122235
0.114955
0.0449639
-0.117238
0.110106
0.0518743
-0.112373
0.105463
-0.107413
0.100748
0.0585392
0.00131231
-0.212367
0.00510252
-0.178035
0.0106531
-0.159631
0.0172575
-0.14857
0.0243748
-0.140963
0.0316284
-0.134865
0.0387797
-0.129387
0.0457009
-0.124159
0.0523485
-0.119021
-0.113804
0.0587391
0.00149927
-0.213866
0.00555839
-0.182094
0.0113307
-0.165403
0.0180506
-0.155289
0.0251583
-0.14807
0.032283
-0.14199
0.0392056
-0.136309
0.045825
-0.130778
0.0521293
-0.125325
-0.119851
0.0581761
0.00166381
-0.21553
0.00594409
-0.186374
0.0118653
-0.171324
0.0186105
-0.162035
0.025611
-0.155071
0.0325104
-0.148889
0.0391155
-0.142914
0.0453547
-0.137018
0.0512484
-0.131219
-0.125496
0.0568936
0.00180728
-0.217337
0.00625659
-0.190824
0.0122519
-0.177319
0.0189344
-0.168717
0.0257365
-0.161873
0.0323242
-0.155477
0.0385347
-0.149125
0.0443273
-0.14281
0.0497528
-0.136644
-0.130688
0.054945
0.00192918
-0.219266
0.00649486
-0.195389
0.0124915
-0.183316
0.0190298
-0.175255
0.025553
-0.168396
0.0317563
-0.16168
0.0375098
-0.154878
0.0428021
-0.148103
0.047711
-0.141553
-0.135383
0.0524057
0.00203066
-0.221297
0.00666183
-0.200021
0.0125918
-0.189246
0.0189134
-0.181577
0.0250906
-0.174573
0.0308531
-0.167443
0.0361055
-0.160131
0.0408623
-0.152859
0.0452214
-0.145912
-0.139541
0.04938
0.0021151
-0.223412
0.00676548
-0.204671
0.0125675
-0.195048
0.0186095
-0.187619
0.0243844
-0.180348
0.0296616
-0.17272
0.034382
-0.164851
0.0385824
-0.15706
0.0423653
-0.149695
-0.1431
0.0459238
0.00219253
-0.225604
0.00682307
-0.209302
0.0124445
-0.200669
0.0181561
-0.193331
0.0234851
-0.185677
0.0282391
-0.177474
0.032389
-0.169001
0.0359846
-0.160655
0.0391224
-0.152833
-0.146002
0.0420251
0.00228888
-0.227893
0.00685508
-0.213868
0.0122516
-0.206066
0.0176046
-0.198684
0.0224777
-0.19055
0.0267087
-0.181705
0.0302763
-0.172569
0.0332108
-0.16359
0.0355837
-0.155206
-0.148184
0.0377649
0.247083
0.00180091
-0.248883
0.245179
0.00190333
0.243176
0.00200364
0.241087
0.00208834
0.238934
0.00215355
0.236735
0.00219875
0.234511
0.00222388
0.232281
0.00222993
0.230071
0.00221059
0.00217718
0.24737
0.0041133
-0.249682
0.244684
0.00458874
0.241662
0.00502569
0.238335
0.00541613
0.234735
0.00575345
0.230898
0.00603521
0.226861
0.00626117
0.222657
0.00643336
0.218317
0.00655065
0.00662687
0.240766
0.00586431
-0.242517
0.238518
0.00683678
0.235799
0.00774459
0.232635
0.0085793
0.229057
0.00933208
0.225095
0.00999705
0.220783
0.0105728
0.216156
0.0110609
0.21124
0.0114661
0.0118014
0.229053
0.00685726
-0.230046
0.227536
0.00835402
0.225507
0.00977349
0.222983
0.0111034
0.219982
0.0123324
0.216529
0.0134502
0.212648
0.014454
0.208366
0.0153423
0.203705
0.0161278
0.0168225
0.215312
0.00723547
-0.215691
0.214431
0.00923504
0.213052
0.0111526
0.211184
0.0129719
0.208837
0.0146788
0.20603
0.0162576
0.202779
0.0177054
0.199108
0.0190128
0.195027
0.0202088
0.0212994
0.201496
0.00722394
-0.201484
0.201044
0.00968666
0.200131
0.0120654
0.198763
0.0143403
0.196946
0.0164952
0.194697
0.0185069
0.192028
0.0203746
0.188969
0.0220713
0.185519
0.0236589
0.0251137
0.188639
0.00702167
-0.188437
0.188419
0.00990683
0.187779
0.0127053
0.186725
0.0153944
0.185264
0.0179563
0.183413
0.0203576
0.181185
0.0226027
0.178628
0.0246287
0.175726
0.0265611
0.0282706
0.177152
0.00676763
-0.176898
0.177018
0.0100408
0.176501
0.0132222
0.175608
0.0162871
0.174348
0.0192161
0.172743
0.0219633
0.170806
0.0245395
0.168618
0.0268167
0.166133
0.029046
0.0308136
0.16706
0.00654078
-0.166834
0.166927
0.0101742
0.166442
0.0137075
0.165614
0.0171145
0.164454
0.0203761
0.162986
0.0234315
0.161225
0.026301
0.159302
0.0287395
0.157138
0.0312104
0.0327451
0.158207
-0.158046
0.0063804
0.158033
0.0103476
0.157539
0.0142017
0.156737
0.0179161
0.155639
0.0214748
0.154267
0.0248034
0.152625
0.0279432
0.150876
0.0304879
0.148992
0.0330943
0.0335537
0.255464
-0.000318938
-0.255145
0.255611
-0.000147089
0.255545
6.64995e-05
0.255249
0.000295417
0.254721
0.000528021
0.253963
0.000757813
0.252984
0.000979038
0.251797
0.00118732
0.250424
0.00137321
0.00154029
0.251339
-0.00221104
-0.249447
0.252846
-0.00165416
0.253956
-0.00104351
0.254648
-0.000396084
0.254907
0.000268974
0.254727
0.00093785
0.254107
0.00159864
0.253053
0.00224142
0.251574
0.00285299
0.00343165
0.235666
-0.00530005
-0.232577
0.238343
-0.00433116
0.240583
-0.00328364
0.242361
-0.00217398
0.243656
-0.0010257
0.244452
0.000141601
0.24474
0.00131088
0.244514
0.00246757
0.243771
0.00359575
0.00468618
0.216256
-0.00909846
-0.212458
0.219669
-0.00774419
0.22266
-0.00627445
0.225201
-0.00471497
0.22727
-0.0030948
0.22885
-0.00143776
0.229926
0.000235046
0.230488
0.00190529
0.230529
0.00355487
0.00516906
0.197605
-0.0132458
-0.193457
0.201395
-0.0115341
0.204783
-0.00966244
0.207743
-0.00767501
0.210256
-0.00560813
0.212307
-0.00348917
0.213885
-0.00134273
0.21498
0.000810426
0.215584
0.00295126
0.00506212
0.181372
-0.0175217
-0.177096
0.185302
-0.0154648
0.18884
-0.0132
0.191964
-0.0107992
0.194661
-0.00830494
0.196921
-0.0057494
0.198739
-0.00316058
0.200109
-0.000559698
0.201026
0.00203474
0.00460383
0.167853
-0.0218288
-0.163546
0.171795
-0.0194071
0.175335
-0.0167393
0.178464
-0.0139285
0.181174
-0.0110146
0.183463
-0.00803913
0.185336
-0.00503291
0.18679
-0.00201434
0.187825
0.00100026
0.00399173
0.156756
-0.0261811
-0.152404
0.160655
-0.0233059
0.164114
-0.0201982
0.167157
-0.0169718
0.169781
-0.0136385
0.171996
-0.0102538
0.173812
-0.00684946
0.175235
-0.00343679
0.176263
-2.81589e-05
0.0033574
0.147656
-0.0305842
-0.143253
0.151459
-0.0271082
0.154778
-0.0235176
0.157676
-0.0198693
0.160161
-0.0161243
0.162251
-0.0123432
0.163958
-0.00855718
0.165291
-0.00476912
0.166249
-0.000986192
0.00277256
0.140081
-0.136341
-0.0343233
0.143732
-0.0307595
0.146914
-0.0266998
0.149623
-0.0225784
0.151946
-0.0184467
0.153894
-0.0142921
0.155474
-0.0101363
0.15669
-0.00598556
0.157547
-0.00184297
0.00227322
0.0436048
0.0905547
-0.0850559
-0.0491036
0.0380114
0.0973261
-0.0917326
0.0323514
0.105649
-0.0999889
0.0266652
0.116149
-0.110463
0.0210095
0.129608
-0.123953
0.0154692
0.146827
-0.141287
0.010184
0.168357
-0.163072
0.00541686
0.193917
-0.18915
0.00169778
0.221016
-0.217296
0.243618
-0.241921
0.0435691
0.0960062
-0.0490206
0.0380096
0.102886
0.0323706
0.111288
0.0266896
0.12183
0.0210232
0.135275
0.0154607
0.152389
0.0101538
0.173664
0.00538323
0.198688
0.00168781
0.224711
0.245306
0.0432686
0.101391
-0.0486533
0.0377647
0.108389
0.0321711
0.116881
0.0265231
0.127478
0.0208766
0.140921
0.0153248
0.157941
0.0100294
0.17896
0.00528554
0.203431
0.00163883
0.228358
0.246945
0.042708
0.106697
-0.0480138
0.0372766
0.113821
0.03175
0.122408
0.0261611
0.133067
0.0205645
0.146518
0.0150565
0.163449
0.00980769
0.184209
0.00512611
0.208113
0.00156344
0.23192
0.248508
0.0418867
0.111918
-0.0471083
0.0365411
0.119166
0.0311018
0.127847
0.0255978
0.138571
0.0200818
0.152034
0.0146522
0.168879
0.00948759
0.189373
0.00490734
0.212693
0.00146515
0.235363
0.249974
0.0407923
0.117056
-0.0459299
0.0355445
0.124414
0.0302143
0.133178
0.024824
0.143961
0.0194219
0.157436
0.0141077
0.174193
0.00906729
0.194414
0.00462934
0.217131
0.00134482
0.238647
0.251318
0.0393862
0.122104
-0.044434
0.0342591
0.129541
0.0290705
0.138366
0.0238302
0.149201
0.0185795
0.162687
0.0134204
0.179352
0.00854639
0.199288
0.0042936
0.221384
0.00120435
0.241736
0.252523
0.0376194
0.127049
-0.0425644
0.0326461
0.134515
0.0276486
0.143364
0.0226041
0.154246
0.0175472
0.167744
0.0125866
0.184313
0.00792396
0.20395
0.00390099
0.225407
0.00104495
0.244592
0.253568
0.0353169
0.131762
-0.0400307
0.0306444
0.139187
0.0259458
0.148062
0.0211517
0.15904
0.0163309
0.172564
0.0116122
0.189031
0.00720688
0.208356
0.00346155
0.229152
0.000878878
0.247175
0.254447
0.0323693
-0.0369484
0.0283033
0.0239618
0.0194558
0.0149245
0.0104983
0.00639578
0.00297074
0.000698457
0.0297086
0.037931
-0.0330486
-0.034591
0.0252483
0.0444364
-0.0399761
0.0212038
0.0531422
-0.0490977
0.0174149
0.0645575
-0.0607686
0.0137923
0.0793292
-0.0757066
0.0102948
0.0982765
-0.094779
0.00693004
0.122281
-0.118916
0.00380635
0.152076
-0.148952
0.001253
0.187531
-0.184978
0.227019
-0.225766
0.0321186
0.0428001
-0.0369877
0.0274355
0.0491194
0.0230088
0.057569
0.0188353
0.068731
0.0148669
0.0832975
0.0110664
0.102077
0.00744157
0.125906
0.00410483
0.155412
0.00138659
0.19025
0.228406
0.0343707
0.0476946
-0.0392653
0.0294875
0.0540027
0.0247581
0.0622984
0.0202419
0.0732472
0.0159389
0.0876005
0.0118339
0.106182
0.00794247
0.129797
0.00438079
0.158974
0.00148501
0.193145
0.229891
0.0363864
0.0527157
-0.0414074
0.0313348
0.0590543
0.0263689
0.0672642
0.0215677
0.0780484
0.016965
0.0922032
0.012572
0.110575
0.00841983
0.133949
0.00463488
0.162759
0.00156795
0.196212
0.231459
0.0381762
0.0578799
-0.0433404
0.0329729
0.0642576
0.0278139
0.0724233
0.022777
0.0830854
0.0179143
0.0970658
0.0132595
0.11523
0.00886269
0.138346
0.0048657
0.166756
0.0016391
0.199439
0.233098
0.0397333
0.0631719
-0.0450254
0.0343977
0.0695933
0.0290793
0.0777416
0.0238483
0.0883163
0.0187649
0.102149
0.0138792
0.120116
0.00926035
0.142965
0.00506861
0.170948
0.00169773
0.20281
0.234796
0.041045
0.0685664
-0.0464395
0.035601
0.0750373
0.0301543
0.0831883
0.0247667
0.0937039
0.0195002
0.107416
0.014417
0.125199
0.00960332
0.147778
0.0052393
0.175312
0.00174345
0.206306
0.236539
0.0420991
0.0740335
-0.0475662
0.0365744
0.080562
0.0310302
0.0887325
0.0255209
0.0992132
0.0201079
0.112829
0.0148615
0.130445
0.00988335
0.152757
0.00537376
0.179821
0.00177561
0.209904
0.238315
0.0428855
0.0795409
-0.048393
0.0373103
0.0861373
0.0316997
0.0943431
0.0261024
0.104811
0.0205785
0.118353
0.0152042
0.135819
0.0100951
0.157866
0.0054719
0.184445
0.00179886
0.213577
0.240113
0.0433992
-0.0489142
0.0378039
0.032158
0.0265057
0.0209056
0.0154385
0.0102322
0.00552682
0.00180717
-0.0286016
0.0268317
-0.0312787
-0.0252038
0.0243276
-0.0277254
-0.0223966
0.0213428
-0.02415
-0.020144
0.0183084
-0.0205609
-0.018443
0.0154642
-0.0171652
-0.0172723
0.012906
-0.0140767
-0.016597
0.0106719
-0.0113472
-0.0163703
0.00876534
-0.00899211
-0.0165378
0.00715931
-0.00699178
0.00579973
-0.0170449
-0.00529265
-0.0362115
0.0230671
-0.0328557
0.0209719
-0.0300556
0.0185426
-0.0278289
0.0160817
-0.0261494
0.0137847
-0.0249778
0.0117345
-0.0242676
0.00996173
-0.0239661
0.00846387
-0.0240189
0.00721209
0.00615613
-0.0243753
-0.045534
0.0195034
-0.0423295
0.0177674
-0.0396172
0.0158303
-0.0374362
0.0139007
-0.0357626
0.0121111
-0.0345531
0.0105249
-0.033757
0.00916563
-0.0333211
0.00802799
-0.0331942
0.00708522
0.00629381
-0.0333319
-0.0573537
0.0160885
-0.0542841
0.0146978
-0.0516602
0.0132064
-0.049507
0.0117475
-0.0478011
0.0104052
-0.0465006
0.00922439
-0.0455565
0.00822153
-0.0449195
0.00739094
-0.0445443
0.00671005
0.00614362
-0.0443941
-0.0724211
0.012803
-0.0694598
0.0117366
-0.0668905
0.010637
-0.0647231
0.00958019
-0.0629343
0.00861642
-0.0614857
0.00777578
-0.0603335
0.0070693
-0.0594347
0.00649208
-0.0587513
0.00602671
0.00564655
-0.0582542
-0.0915959
0.00961996
-0.0887115
0.00885211
-0.08616
0.00808557
-0.0839406
0.00736083
-0.0820306
0.00670641
-0.0803962
0.00614135
-0.0789998
0.00567288
-0.0778053
0.00529757
-0.0767816
0.00500303
0.00477066
-0.0759057
-0.115841
0.00654491
-0.113031
0.00604187
-0.110496
0.00555059
-0.108228
0.00509336
-0.106207
0.0046847
-0.104401
0.00433604
-0.10278
0.00405202
-0.101314
0.00383065
-0.099974
0.00366347
0.00353831
-0.0987416
-0.146081
0.00367414
-0.143434
0.00339431
-0.141007
0.00312382
-0.138791
0.00287777
-0.136767
0.00265999
-0.134907
0.00247639
-0.133184
0.00232947
-0.131572
0.00221838
-0.130045
0.00213691
0.00207512
-0.128582
-0.182589
0.00128561
-0.180375
0.0011799
-0.178329
0.0010782
-0.176443
0.000991526
-0.174698
0.000915139
-0.173073
0.00085097
-0.171543
0.000799784
-0.170086
0.000761479
-0.168682
0.000732167
0.000697601
-0.167304
-0.224481
-0.223301
-0.222222
-0.221231
-0.220316
-0.219465
-0.218665
-0.217904
-0.217171
-0.216474
-0.0178467
0.00461652
-0.00381472
-0.0189068
0.00349794
-0.00243782
-0.0202125
0.0023483
-0.00104261
-0.0217741
0.0010647
0.000496925
-0.0236227
-0.00044281
0.00229137
-0.0258009
-0.0022427
0.00442089
-0.0283481
-0.00438306
0.00693028
-0.0312919
-0.0069041
0.00984793
-0.0346935
-0.00986465
0.0132662
-0.0137182
-0.0382574
0.0172821
-0.0249984
0.0052396
-0.0258583
0.0043578
-0.0269483
0.00343831
-0.0282813
0.00239775
-0.029886
0.0011619
-0.0317977
-0.000331034
-0.0340453
-0.00213547
-0.0366404
-0.00430901
-0.0395589
-0.00694609
-0.010418
-0.0428591
-0.0337064
0.00561406
-0.0342933
0.00494476
-0.0350911
0.00423608
-0.0361138
0.00342048
-0.0373875
0.00243554
-0.0389428
0.00122431
-0.0408085
-0.000269768
-0.0430092
-0.00210834
-0.0455736
-0.0043817
-0.00730498
-0.0486866
-0.044451
0.00567095
-0.0446954
0.0051892
-0.0451303
0.00467094
-0.0457716
0.00406175
-0.0466454
0.0033094
-0.0477845
0.00236338
-0.0492267
0.00117243
-0.0510187
-0.000316367
-0.053232
-0.00216837
-0.00448344
-0.0560535
-0.0579357
0.00535241
-0.0577797
0.00503325
-0.0577936
0.00468477
-0.057996
0.00426422
-0.058416
0.00372932
-0.059091
0.00303841
-0.0600688
0.00215022
-0.0614103
0.00102517
-0.0632009
-0.000377775
-0.00209619
-0.0655882
-0.0751798
0.00462654
-0.07459
0.00444338
-0.0741468
0.00424162
-0.0738721
0.00398945
-0.0737972
0.00365451
-0.0739639
0.00320505
-0.0744243
0.00261067
-0.0752429
0.00184375
-0.0765001
0.000879421
-0.000293736
-0.0783025
-0.0976281
0.00351297
-0.0966187
0.00343405
-0.0957257
0.00334856
-0.0949717
0.00323551
-0.094389
0.00307179
-0.0940191
0.00283517
-0.0939131
0.00250469
-0.0941308
0.00206136
-0.0947398
0.00148843
0.000781327
-0.0958148
-0.127199
0.00212955
-0.125879
0.0021143
-0.124633
0.0021022
-0.123481
0.00208348
-0.122452
0.00204269
-0.121582
0.00196605
-0.120918
0.0018403
-0.12051
0.00165281
-0.120411
0.00138971
0.0010417
-0.120671
-0.165945
0.000770045
-0.164604
0.000773693
-0.163285
0.000783683
-0.162002
0.000799706
-0.160772
0.000812578
-0.159622
0.000816305
-0.158586
0.000804728
-0.157705
0.000771661
-0.157023
0.000707277
0.000588696
-0.15657
-0.215704
-0.21493
-0.214146
-0.213347
-0.212534
-0.211718
-0.210913
-0.210141
-0.209434
-0.208845
-0.000597376
-0.208248
-0.000778107
-0.156389
-7.43556e-05
-0.121375
0.00155402
-0.0974432
0.00400892
-0.0807574
0.00716339
-0.0687426
0.0109082
-0.0597983
0.0151909
-0.0529693
0.020096
-0.0477643
-0.0441541
0.0259927
-0.000472852
-0.207775
-0.000349554
-0.156512
0.00079331
-0.122518
0.0029533
-0.0996032
0.00600214
-0.0838063
0.00979023
-0.0725307
0.0141794
-0.0641875
0.0190499
-0.0578397
0.0242741
-0.0529885
-0.0494586
0.0295786
-0.000335319
-0.20744
0.000116027
-0.156964
0.00171612
-0.124118
0.00440859
-0.102296
0.00802329
-0.087421
0.0123763
-0.0768837
0.0172939
-0.0691051
0.0226064
-0.0631522
0.0281157
-0.0584979
-0.0548819
0.033539
-0.000190559
-0.207249
0.000613945
-0.157768
0.00269082
-0.126195
0.00592114
-0.105526
0.0100903
-0.0915901
0.0149813
-0.0817748
0.0203955
-0.0745193
0.026144
-0.0689008
0.0320247
-0.0643785
-0.0606497
0.0377925
-3.17826e-05
-0.207218
0.00114635
-0.158946
0.00371446
-0.128763
0.00748554
-0.109297
0.0121997
-0.0963042
0.0176101
-0.0871852
0.0235005
-0.0804096
0.0296774
-0.0750777
0.0359508
-0.0706518
-0.0668042
0.0421054
0.000141825
-0.207359
0.00171023
-0.160515
0.00477698
-0.13183
0.00908332
-0.113603
0.014324
-0.101545
0.0202244
-0.0930856
0.0265543
-0.0867395
0.033121
-0.0816444
0.0397492
-0.0772801
-0.0733045
0.0462495
0.000329892
-0.207689
0.00229911
-0.162484
0.00586158
-0.135392
0.0106845
-0.118426
0.0164175
-0.107278
0.0227594
-0.0994275
0.0294688
-0.0934489
0.0363552
-0.0885309
0.0432591
-0.0841839
-0.0800628
0.0500174
0.0005308
-0.20822
0.00290357
-0.164857
0.0069462
-0.139435
0.0122512
-0.123731
0.0184239
-0.113451
0.0251389
-0.106142
0.0321455
-0.100455
0.0392577
-0.0956431
0.0463331
-0.0912594
-0.0869679
0.0532382
0.000744451
-0.208964
0.00351386
-0.167626
0.00800609
-0.143927
0.0137417
-0.129467
0.0202837
-0.119993
0.0272853
-0.113144
0.0344903
-0.10766
0.0417199
-0.102873
0.0488515
-0.098391
-0.0939011
0.0557847
0.000978998
0.00411982
0.00901423
0.0151133
0.0219396
0.0291286
0.0364231
0.0436563
0.0507283
0.0575755
0.0675957
-0.454799
0.445743
0.0705239
-0.38072
0.377792
0.0720467
-0.324839
0.323316
0.0729708
-0.278434
0.27751
0.0733197
-0.240414
0.240065
0.0733098
-0.207668
0.207678
0.0730316
-0.178507
0.178785
0.0725801
-0.152198
0.152649
0.072012
-0.128117
0.128685
0.0713959
-0.106513
0.107129
0.0707631
-0.0864923
0.087125
0.0701306
-0.0697085
0.0703411
0.0695409
-0.053248
0.0538377
0.0689644
-0.0418129
0.0423894
0.0684172
-0.0291323
0.0296795
0.0679534
-0.0216632
0.022127
0.0674716
-0.0166003
0.0170821
0.0670244
-0.00704381
0.00749101
0.066816
-0.014033
0.0142414
-0.00155448
0.00197591
0.0645091
-0.460569
0.0664727
-0.382684
0.0679125
-0.326279
0.0691335
-0.279655
0.0698499
-0.24113
0.0701893
-0.208007
0.0702298
-0.178548
0.0700588
-0.152027
0.0697319
-0.12779
0.0693202
-0.106101
0.0688551
-0.0860271
0.0683604
-0.0692138
0.0678824
-0.0527701
0.0673912
-0.0413216
0.0669217
-0.0286628
0.0665185
-0.02126
0.0660864
-0.0161682
0.0657043
-0.00666164
0.0655545
-0.0138833
-0.00118064
0.0608286
-0.463222
0.0619515
-0.383807
0.0633927
-0.32772
0.0649381
-0.281201
0.0660412
-0.242233
0.0667459
-0.208712
0.0671212
-0.178923
0.0672484
-0.152154
0.0671812
-0.127723
0.0669932
-0.105913
0.0667159
-0.0857498
0.0663808
-0.0688787
0.0660373
-0.0524266
0.0656562
-0.0409405
0.0652908
-0.0282974
0.0649745
-0.0209437
0.0646222
-0.0158159
0.0643369
-0.0063763
0.0642764
-0.0138229
-0.000889772
0.0566509
-0.462979
0.0570442
-0.3842
0.0585321
-0.329208
0.0604107
-0.283079
0.0619145
-0.243737
0.0630009
-0.209798
0.0637289
-0.179651
0.0641728
-0.152598
0.064384
-0.127934
0.0644381
-0.105967
0.0643676
-0.0856793
0.0642123
-0.0687234
0.0640241
-0.0522384
0.0637759
-0.0406924
0.0635389
-0.0280604
0.0633335
-0.0207382
0.0630888
-0.0155713
0.0629292
-0.00621669
0.0629859
-0.0138796
-0.000714524
0.0521169
-0.460151
0.0518728
-0.383956
0.0533897
-0.330725
0.0555815
-0.285271
0.0574923
-0.245648
0.0589768
-0.211283
0.0600761
-0.18075
0.060856
-0.153378
0.0613642
-0.128442
0.0616785
-0.106282
0.0618328
-0.0858336
0.0618757
-0.0687664
0.0618615
-0.0522241
0.0617671
-0.040598
0.0616802
-0.0279734
0.0616076
-0.0206657
0.0614962
-0.01546
0.0614884
-0.00620883
0.0616869
-0.0140781
-0.000684799
0.0473459
-0.455091
0.0464694
-0.38308
0.0479591
-0.332215
0.0504502
-0.287762
0.0527861
-0.247984
0.0546925
-0.213189
0.0561849
-0.182243
0.0573212
-0.154514
0.0581453
-0.129266
0.0587372
-0.106873
0.0591332
-0.0862296
0.0593914
-0.0690246
0.0595683
-0.052401
0.0596465
-0.0406763
0.059729
-0.0280559
0.0598091
-0.0207458
0.0598543
-0.0155052
0.0600213
-0.00637575
0.0603836
-0.0144404
-0.000827648
0.0419782
-0.447689
0.0404364
-0.381538
0.0420071
-0.333785
0.0449135
-0.290669
0.0477618
-0.250832
0.050145
-0.215572
0.0520663
-0.184164
0.0535856
-0.156034
0.0547473
-0.130428
0.0556351
-0.107761
0.0562896
-0.0868841
0.0567789
-0.0695139
0.0571626
-0.0527846
0.0574305
-0.0409442
0.0576996
-0.028325
0.0579502
-0.0209963
0.0581729
-0.0157279
0.0585347
-0.00673754
0.0590799
-0.0149856
-0.00116738
0.0352373
-0.437003
0.0333522
-0.379653
0.0353402
-0.335773
0.0388795
-0.294208
0.042374
-0.254327
0.045317
-0.218515
0.0477203
-0.186567
0.0496591
-0.157972
0.0511851
-0.131954
0.0523897
-0.108966
0.0533202
-0.0878146
0.0540562
-0.0702499
0.0546615
-0.0533899
0.0551346
-0.0414173
0.0556056
-0.0287961
0.0560426
-0.0214333
0.0564615
-0.0161468
0.0570353
-0.0073114
0.0577799
-0.0157302
-0.00172559
0.0291379
-0.424116
0.027009
-0.377524
0.0289736
-0.337738
0.0328292
-0.298064
0.0368346
-0.258332
0.0403113
-0.221992
0.0432056
-0.189461
0.0455811
-0.160348
0.0474892
-0.133862
0.0490265
-0.110503
0.0502476
-0.0890357
0.0512434
-0.0712457
0.052083
-0.0542296
0.0527748
-0.042109
0.0534606
-0.0294819
0.0540981
-0.0220708
0.0547293
-0.0167781
0.0555296
-0.00811167
0.0564875
-0.016688
-0.0025213
0.02927
-0.415621
0.0245911
-0.372845
0.0247154
-0.337862
0.0276455
-0.300994
0.0315841
-0.262271
0.0353688
-0.225777
0.0386604
-0.192753
0.041434
-0.163122
0.0437128
-0.136141
0.0455822
-0.112373
0.0470996
-0.090553
0.048362
-0.0725081
0.0494451
-0.0553126
0.0503664
-0.0430303
0.0512766
-0.0303922
0.0521283
-0.0229224
0.0529842
-0.017634
0.0540237
-0.00915109
0.0552079
-0.0178723
-0.00356965
0.240583
-0.355078
-0.301126
0.203356
-0.335618
0.172831
-0.307337
0.150972
-0.279135
0.136669
-0.247968
0.126726
-0.215834
0.119403
-0.18543
0.113871
-0.15759
0.109627
-0.131897
0.106316
-0.109062
0.103759
-0.0879953
0.101775
-0.0705247
0.100339
-0.0538764
0.0992361
-0.0419275
0.0985661
-0.0297222
0.0981816
-0.0225379
0.0978427
-0.0172952
0.0981013
-0.00940969
0.0984308
-0.0182018
-0.00355382
0.273827
-0.292049
-0.336856
0.232297
-0.294088
0.201258
-0.276298
0.177496
-0.255373
0.160533
-0.231004
0.148232
-0.203534
0.138898
-0.176095
0.131707
-0.150399
0.126162
-0.126352
0.121822
-0.104721
0.118471
-0.0846442
0.115856
-0.0679098
0.113949
-0.0519698
0.112482
-0.0404607
0.111563
-0.0288027
0.111
-0.021975
0.110504
-0.0167993
0.110785
-0.00969097
0.111015
-0.0184319
-0.00341725
0.315522
-0.232368
-0.375203
0.271003
-0.24957
0.23719
-0.242485
0.209517
-0.2277
0.188347
-0.209834
0.172773
-0.18796
0.160955
-0.164277
0.151773
-0.141217
0.144658
-0.119238
0.139082
-0.0991451
0.134775
-0.0803372
0.131399
-0.0645337
0.128918
-0.0494882
0.127002
-0.0385452
0.125768
-0.0275683
0.12496
-0.0211671
0.124271
-0.01611
0.124544
-0.00996414
0.124579
-0.0184668
-0.00312043
0.355794
-0.178735
-0.409427
0.309887
-0.203662
0.273867
-0.206466
0.24389
-0.197723
0.21936
-0.185304
0.200443
-0.169042
0.185861
-0.149696
0.174372
-0.129727
0.165359
-0.110226
0.158266
-0.0920517
0.152781
-0.0748525
0.148471
-0.0602231
0.145283
-0.0463003
0.142816
-0.0360782
0.141185
-0.0259373
0.140056
-0.0200386
0.139128
-0.0151816
0.139338
-0.0101739
0.139045
-0.0181742
-0.00262585
0.39538
-0.133086
-0.441029
0.35059
-0.158872
0.312883
-0.168759
0.281086
-0.165926
0.253793
-0.158011
0.231504
-0.146753
0.213866
-0.132058
0.199776
-0.115637
0.188538
-0.0989884
0.179605
-0.0831184
0.172662
-0.067909
0.167192
-0.0547535
0.163125
-0.0422333
0.159974
-0.0329273
0.157843
-0.0238067
0.156301
-0.0184962
0.155083
-0.0139635
0.155126
-0.0102171
0.154334
-0.0173818
-0.00192316
0.43175
-0.095437
-0.469398
0.390776
-0.117899
0.35296
-0.130943
0.320019
-0.132985
0.290924
-0.128916
0.265839
-0.121668
0.245138
-0.111357
0.228253
-0.0987512
0.214523
-0.0852585
0.203433
-0.072028
0.19471
-0.0591866
0.18781
-0.0478533
0.182642
-0.0370651
0.178634
-0.0289191
0.175869
-0.0210416
0.173797
-0.0164246
0.172225
-0.0123912
0.171927
-0.00991948
0.170436
-0.0158907
-0.00106236
0.466185
-0.0651708
-0.496451
0.430634
-0.0823477
0.394575
-0.0948845
0.361244
-0.099653
0.330956
-0.0986285
0.303714
-0.0944261
0.280127
-0.0877695
0.260292
-0.0789163
0.24382
-0.0687863
0.230271
-0.0584795
0.219433
-0.0483488
0.2108
-0.0392196
0.204263
-0.0305286
0.199184
-0.0238398
0.195611
-0.0174686
0.192868
-0.0136823
0.190846
-0.0103683
0.189946
-0.00902034
0.187564
-0.0135084
-0.000190239
0.502701
-0.040706
-0.527166
0.472429
-0.0520761
0.439185
-0.0616396
0.40619
-0.0666588
0.374962
-0.0674002
0.345913
-0.065377
0.319662
-0.0615186
0.296768
-0.0560223
0.277291
-0.0493093
0.260986
-0.042174
0.247703
-0.0350658
0.237025
-0.0285416
0.22883
-0.0223339
0.222445
-0.0174553
0.217862
-0.0128852
0.214291
-0.0101117
0.211669
-0.00774629
0.209846
-0.00719699
0.206438
-0.0101008
0.000441121
0.547971
-0.0199081
-0.568769
0.52148
-0.0255854
0.490639
-0.0307986
0.457967
-0.0339861
0.425515
-0.0349482
0.394392
-0.0342548
0.365378
-0.0325047
0.339237
-0.0298811
0.316444
-0.0265157
0.29706
-0.0227907
0.281027
-0.0190322
0.268021
-0.0155362
0.257903
-0.012215
0.249999
-0.00955212
0.244213
-0.00709935
0.239673
-0.00557085
0.236266
-0.00433995
0.233243
-0.00417329
0.228773
-0.00563166
0.00055182
0.612431
-0.632339
0.586845
0.556047
0.522061
0.487112
0.452858
0.420353
0.390472
0.363956
0.341165
0.322133
0.306597
0.294382
0.28483
0.277731
0.27216
0.26782
0.263646
0.258015
0.332911
0.0039491
-0.33048
0.334381
0.00887754
0.334798
0.0137847
0.334078
0.018636
0.33213
0.0234234
0.328866
0.0280667
0.324082
0.0327272
0.31771
0.0368601
0.308877
0.041927
0.041305
0.349853
0.00247465
-0.348379
0.35082
0.00791066
0.351236
0.0133685
0.351063
0.0188095
0.350271
0.0242147
0.348847
0.0294905
0.346864
0.0347103
0.344373
0.0393516
0.341792
0.0445082
0.0462412
0.369652
0.0016915
-0.368869
0.370423
0.00713973
0.3712
0.0125918
0.372002
0.0180073
0.372858
0.0233588
0.373758
0.0285902
0.374713
0.0337553
0.375435
0.03863
0.376077
0.0438663
0.0471152
0.390644
0.00116131
-0.390114
0.391513
0.00627086
0.392728
0.0113765
0.394283
0.0164521
0.396163
0.0214789
0.398324
0.0264292
0.400772
0.0313072
0.403409
0.0359938
0.406553
0.0407219
0.0442408
0.411099
0.000746547
-0.410684
0.412083
0.005286
0.413644
0.00981568
0.415786
0.0143104
0.41852
0.0187452
0.421856
0.0230932
0.425826
0.0273373
0.430386
0.0314334
0.435646
0.0354621
0.0388573
0.432031
0.000390089
-0.431674
0.433137
0.00418033
0.435002
0.00795009
0.437636
0.0116764
0.441044
0.0153374
0.445224
0.0189128
0.450176
0.0223852
0.455877
0.0257332
0.462375
0.0289635
0.0318341
0.455728
0.000119289
-0.455457
0.456847
0.00306096
0.45882
0.00597699
0.46165
0.00884685
0.465336
0.0116507
0.469879
0.0143699
0.475277
0.0169872
0.481524
0.0194863
0.488631
0.0218569
0.0240139
0.485697
-3.58498e-05
-0.485542
0.486762
0.00199655
0.488735
0.00400356
0.491613
0.00596841
0.495389
0.00787501
0.500051
0.00970823
0.505584
0.0114542
0.51197
0.0131003
0.519191
0.0146359
0.0160389
0.527234
-6.50891e-05
-0.527205
0.52823
0.00100074
0.530185
0.00204908
0.533083
0.00306957
0.536906
0.00405225
0.541627
0.00498779
0.547213
0.0058676
0.55363
0.00668398
0.560835
0.00743037
0.00810494
0.589092
-0.589158
0.590093
0.592142
0.595212
0.599264
0.604252
0.610119
0.616803
0.624234
0.27968
-0.0328792
-0.281124
0.288154
-0.0392335
0.295345
-0.0338911
0.301493
-0.0287258
0.307487
-0.0244409
0.313229
-0.0200342
0.31849
-0.0153971
0.323171
-0.010667
0.327199
-0.00587099
-0.00100715
0.318505
-0.0361003
-0.315284
0.322806
-0.0435344
0.327455
-0.0385405
0.331333
-0.0326038
0.334823
-0.0279307
0.338201
-0.0234119
0.34133
-0.0185265
0.344089
-0.0134261
0.346447
-0.00822826
-0.00293902
0.358973
-0.0385581
-0.356515
0.360188
-0.0447495
0.361702
-0.0400553
0.363142
-0.034043
0.364253
-0.0290425
0.365263
-0.024421
0.36626
-0.019524
0.367199
-0.0143648
0.368061
-0.00909082
-0.00374678
0.397732
-0.0388421
-0.397448
0.395632
-0.0426497
0.393977
-0.0383998
0.39288
-0.0329461
0.391898
-0.0280606
0.391012
-0.0235354
0.390364
-0.0188755
0.389997
-0.0139975
0.389908
-0.00900252
-0.00395212
0.431822
-0.0365902
-0.434074
0.427018
-0.0378455
0.422821
-0.0342033
0.419568
-0.0296933
0.416885
-0.0253774
0.414607
-0.0212576
0.412804
-0.0170718
0.411542
-0.0127361
0.410836
-0.00829593
-0.00380026
0.461401
-0.0318689
-0.466123
0.455016
-0.0314601
0.449312
-0.028499
0.444634
-0.0250155
0.440775
-0.0215181
0.43757
-0.0180533
0.435023
-0.0145245
0.433179
-0.0108924
0.432061
-0.00717782
-0.00341359
0.490136
-0.0253392
-0.496666
0.483
-0.0243245
0.476583
-0.0220822
0.471115
-0.0195471
0.466519
-0.0169218
0.462708
-0.0142425
0.459674
-0.01149
0.457441
-0.00866007
0.456032
-0.00576858
-0.00283847
0.52358
-0.0177093
-0.53121
0.516028
-0.0167719
0.509209
-0.015264
0.503253
-0.0135907
0.498155
-0.0118237
0.493898
-0.00998558
0.49049
-0.00808164
0.48795
-0.00612019
0.486297
-0.00411534
-0.00208391
0.568683
-0.00928784
-0.577104
0.560672
-0.00876158
0.553406
-0.00799805
0.546968
-0.00715201
0.541389
-0.00624561
0.536695
-0.00529078
0.532908
-0.00429467
0.530052
-0.00326483
0.528147
-0.00221041
-0.00114156
0.635517
-0.644805
0.626755
0.618757
0.611605
0.60536
0.600069
0.595774
0.59251
0.590299
0.127379
0.0120773
-0.0125245
0.128822
0.0368514
-0.0382947
0.131458
0.0623994
-0.0650353
0.135368
0.0904844
-0.0943951
0.141515
0.120219
-0.126366
0.149676
0.156538
-0.164699
0.163857
0.192657
-0.206838
0.180556
0.246462
-0.263161
0.22153
0.279014
-0.319988
0.355352
-0.414946
0.148731
0.0114408
0.15069
0.0348921
0.154256
0.0588334
0.159448
0.0852929
0.167652
0.112015
0.178117
0.146073
0.196874
0.1739
0.217955
0.22538
0.266927
0.230042
0.306995
0.173603
0.0106045
0.176146
0.0323486
0.180789
0.0541902
0.187469
0.0786132
0.198023
0.101462
0.211119
0.132977
0.234224
0.150795
0.260091
0.199513
0.306247
0.183886
0.256727
0.202586
0.00955387
0.205757
0.0291769
0.211541
0.0484063
0.21979
0.0703639
0.232615
0.0886374
0.248418
0.117174
0.273737
0.125475
0.303876
0.169374
0.342423
0.145339
0.201702
0.23635
0.00827578
0.240172
0.0253547
0.247035
0.0415437
0.256855
0.0605433
0.271307
0.0741863
0.289872
0.0986083
0.31446
0.100887
0.348442
0.135392
0.379759
0.114023
0.147387
0.275656
0.00678673
0.280105
0.0209059
0.287799
0.0338498
0.299064
0.0492786
0.31412
0.0591298
0.334954
0.077775
0.357402
0.0784383
0.392392
0.100402
0.419842
0.0865726
0.101107
0.321406
0.00515485
0.326365
0.0159478
0.334533
0.0256816
0.34678
0.0370312
0.361735
0.0441748
0.383188
0.0563219
0.404051
0.0575757
0.435942
0.0685114
0.461344
0.0611705
0.0657851
0.374699
0.00346791
0.37993
0.0107161
0.388297
0.0173146
0.400768
0.0245609
0.415479
0.0294637
0.435688
0.0361125
0.455588
0.0376757
0.482153
0.0419468
0.504928
0.0383946
0.0395035
0.436841
0.00176736
0.442127
0.00542995
0.450599
0.00884223
0.462804
0.0123565
0.477344
0.014923
0.495711
0.0177459
0.514642
0.0187447
0.536562
0.0200269
0.556428
0.018529
0.0188271
0.50938
0.51481
0.523652
0.536008
0.550931
0.568677
0.587422
0.607449
0.625978
0.0714472
0.0105048
-0.0112405
0.0720758
0.0331268
-0.0337554
0.0725664
0.0566473
-0.0571379
0.0728189
0.0818862
-0.0821388
0.0727182
0.109772
-0.109671
0.0720183
0.141149
-0.140449
0.0703555
0.178824
-0.177161
0.06716
0.222569
-0.219374
0.0609291
0.283634
-0.277403
0.354475
-0.34265
0.0713728
0.00983826
0.07188
0.0326196
0.0722092
0.056318
0.0722581
0.0818374
0.071944
0.110086
0.0710004
0.142092
0.0691699
0.180654
0.0658766
0.225863
0.0598871
0.289623
0.365342
0.071251
0.00928907
0.0715889
0.0322817
0.0717078
0.0561991
0.0715028
0.0820424
0.070925
0.110664
0.0696816
0.143335
0.067641
0.182695
0.0641889
0.229315
0.0584482
0.295364
0.375137
0.0710832
0.00890474
0.0712052
0.0321597
0.0710662
0.056338
0.0705588
0.0825498
0.0696671
0.111556
0.0680677
0.144935
0.0657754
0.184987
0.0620934
0.232997
0.0566383
0.300819
0.383761
0.0708708
0.00873168
0.0707321
0.0322985
0.0702892
0.0567809
0.0694333
0.0834057
0.0681772
0.112812
0.066168
0.146944
0.0635817
0.187574
0.0595912
0.236987
0.0544998
0.305911
0.391153
0.0706157
0.00881488
0.0701735
0.0327407
0.0693824
0.057572
0.0681342
0.0846539
0.0664631
0.114483
0.0639947
0.149412
0.0610687
0.1905
0.0566909
0.241365
0.0520935
0.310508
0.397316
0.0703197
0.00919763
0.0695337
0.0335267
0.0683517
0.058754
0.0666696
0.086336
0.0645322
0.11662
0.0615615
0.152383
0.0582426
0.193819
0.0534135
0.246194
0.0494912
0.31443
0.402374
0.0699851
0.00992108
0.0688173
0.0346944
0.0672032
0.0603681
0.0650459
0.0884933
0.0623901
0.119276
0.0588802
0.155893
0.0551057
0.197593
0.0497984
0.251501
0.0467842
0.317444
0.406593
0.0696156
0.011023
0.0680317
0.0362784
0.0659459
0.0624539
0.0632717
0.0911675
0.0600421
0.122506
0.0559588
0.159976
0.0516612
0.201891
0.0459317
0.257231
0.0439191
0.319457
0.410482
0.0692283
0.067212
0.0646306
0.0614031
0.0575427
0.0528203
0.0478733
0.0419436
0.0414129
0.0695043
0.0130176
-0.0118172
0.0686084
0.0366729
-0.035777
0.0679799
0.0605717
-0.0599431
0.0675179
0.0851861
-0.0847242
0.0670148
0.110573
-0.11007
0.0661074
0.136922
-0.136015
0.0640128
0.163245
-0.161151
0.0595477
0.188465
-0.183999
0.0494837
0.20685
-0.196786
0.210284
-0.195392
0.0699223
0.0138113
0.0694115
0.0371836
0.0691203
0.0608629
0.0689515
0.0853549
0.0686935
0.110831
0.0680157
0.1376
0.0661228
0.165138
0.0620257
0.192562
0.0525775
0.216298
0.225874
0.0702829
0.0142526
0.0700925
0.037374
0.0700776
0.0608778
0.0701394
0.0852931
0.0700669
0.110904
0.0695633
0.138103
0.0678545
0.166847
0.0640689
0.196347
0.0551025
0.225265
0.241711
0.0705971
0.0143849
0.0706806
0.0372904
0.0708978
0.0606607
0.0711476
0.0850433
0.0712182
0.110833
0.0708411
0.13848
0.0692629
0.168425
0.0656854
0.199925
0.0571281
0.233822
0.257432
0.0708647
0.0142523
0.0711748
0.0369802
0.0715787
0.0602568
0.0719738
0.0846482
0.0721477
0.110659
0.0718519
0.138776
0.0703578
0.169919
0.0669202
0.203362
0.0587732
0.241969
0.272865
0.0710846
0.0139
0.0715729
0.036492
0.0721163
0.0597133
0.0726122
0.0841523
0.072851
0.11042
0.0725984
0.139029
0.0711613
0.171356
0.067838
0.206686
0.0600868
0.24972
0.287926
0.0712558
0.0133749
0.0718727
0.0358751
0.0725067
0.0590793
0.0730561
0.0836029
0.0733192
0.110157
0.0730705
0.139278
0.0716636
0.172763
0.0684312
0.209918
0.0610427
0.257109
0.302529
0.0713778
0.0127243
0.0720731
0.0351798
0.0727475
0.0584049
0.0733006
0.0830498
0.0735443
0.109914
0.0732565
0.139565
0.071846
0.174174
0.0686756
0.213088
0.0616173
0.264167
0.316581
0.0714503
0.0119967
0.0721737
0.0344565
0.0728377
0.0577409
0.0733431
0.0825444
0.0735211
0.109736
0.0731474
0.139939
0.0716951
0.175626
0.0685549
0.216229
0.0617987
0.270923
0.329986
0.0714734
0.0721745
0.0727774
0.0731831
0.0732471
0.0727377
0.0712026
0.0680574
0.0615775
0.505854
0.00146227
0.501502
0.00435173
0.494387
0.00711576
0.484889
0.00949812
0.473544
0.0113444
0.46102
0.0125239
0.448159
0.0128611
0.435836
0.0123226
0.425187
0.010649
0.00823896
0.416949
0.433425
0.00291211
0.429109
0.00866812
0.422082
0.0141428
0.412645
0.0189348
0.401253
0.0227366
0.388509
0.0252676
0.375215
0.0261555
0.362265
0.0252729
0.350851
0.0220623
0.0173065
0.341784
0.371287
0.00439528
0.366872
0.0130835
0.359662
0.0213522
0.349866
0.0287305
0.337832
0.0347715
0.324077
0.0390224
0.309363
0.0408694
0.294662
0.0399741
0.281323
0.0354014
0.0282506
0.270378
0.318061
0.00586889
0.313664
0.0174805
0.306416
0.0286001
0.296406
0.0387404
0.283828
0.0473492
0.269052
0.0537987
0.252735
0.0571871
0.235898
0.0568105
0.220084
0.0512154
0.0415879
0.206747
0.272509
0.00726552
0.268319
0.0216705
0.261324
0.035595
0.25148
0.0485843
0.238793
0.060037
0.223405
0.0691863
0.205768
0.074824
0.186835
0.0757436
0.168305
0.0697457
0.0576718
0.152221
0.233537
0.00852666
0.229721
0.0254872
0.223262
0.0420534
0.213991
0.0578553
0.201718
0.07231
0.186312
0.084592
0.167917
0.0932191
0.14722
0.0964403
0.12594
0.091026
0.0768763
0.106736
0.20019
0.00961728
0.196851
0.0288257
0.191129
0.0477757
0.182748
0.0662362
0.171353
0.0837055
0.156533
0.0994117
0.138068
0.111684
0.116165
0.118343
0.0923254
0.114866
0.0996306
0.069571
0.17164
0.0105275
0.16882
0.0316464
0.163931
0.0526643
0.156628
0.0735397
0.146436
0.0938971
0.132707
0.113141
0.114857
0.129534
0.0924509
0.140748
0.0664735
0.140843
0.126375
0.0397296
0.147193
0.0112606
0.144883
0.0339561
0.140839
0.0567083
0.134678
0.0797009
0.125864
0.102711
0.11358
0.125425
0.0969318
0.146182
0.0747771
0.162903
0.0471988
0.168422
0.157593
0.0159805
0.12627
0.124449
0.121214
0.116191
0.108832
0.0982426
0.083274
0.0621776
0.0338134
-0.00398549
0.407746
0.00920205
0.399511
0.00823547
0.392257
0.007254
0.386018
0.00623891
0.380827
0.00519064
0.376714
0.00411347
0.373702
0.00301237
0.37181
0.00189174
0.371054
0.000755685
-0.000391732
0.371446
0.334459
0.0165267
0.327897
0.014797
0.322096
0.0130554
0.31709
0.0112453
0.312918
0.00936256
0.309613
0.00741808
0.307202
0.005424
0.305703
0.00339043
0.305132
0.00132674
-0.000757506
0.305498
0.264909
0.0219963
0.260021
0.0196845
0.255681
0.0173956
0.251921
0.0150052
0.248786
0.0124976
0.246311
0.00989304
0.244522
0.00721331
0.243437
0.00447541
0.243068
0.00169531
-0.00111006
0.243421
0.202977
0.0257661
0.199632
0.0230292
0.196648
0.0203796
0.194056
0.0175979
0.191903
0.0146506
0.190224
0.0115715
0.189042
0.00839521
0.18837
0.00514802
0.188209
0.00185598
-0.00145197
0.188551
0.149913
0.0280739
0.147905
0.025037
0.146113
0.0221713
0.144565
0.0191464
0.143305
0.0159108
0.142359
0.0125175
0.141735
0.00901922
0.141425
0.00545715
0.141407
0.00187425
-0.00168164
0.141637
0.1056
0.0292099
0.104674
0.0259624
0.103871
0.0229751
0.103206
0.0198111
0.102706
0.0164102
0.10237
0.0128536
0.102172
0.00921798
0.102063
0.00556594
0.101975
0.00196212
-0.00152655
0.10182
0.0692483
0.0295326
0.0690712
0.0261395
0.0689657
0.0230807
0.0689292
0.0198475
0.0689462
0.0163932
0.0689667
0.0128332
0.0689161
0.00926851
0.0687011
0.00578101
0.0682148
0.00244835
-0.000660331
0.0673486
0.0397196
0.0295426
0.0397932
0.0260659
0.0399294
0.0229445
0.0401026
0.0196743
0.0402353
0.0162605
0.0402242
0.0128442
0.039956
0.0095367
0.0393147
0.00642231
0.0381947
0.00356831
0.00101786
0.0365165
0.015628
0.0298951
0.0151194
0.0265745
0.0148471
0.0232167
0.0147128
0.0198087
0.0145534
0.01642
0.0142063
0.0131913
0.0135305
0.0102125
0.0124159
0.00753695
0.0107936
0.00519055
0.00316707
0.00864442
-0.00536908
-0.00652002
-0.0074533
-0.00820559
-0.00895083
-0.00983621
-0.010971
-0.0124261
-0.0142274
-0.0163529
0.372995
-0.00154865
0.375701
-0.00270627
0.379563
-0.00386246
0.384576
-0.00501256
0.390727
-0.00615165
0.398002
-0.00727445
0.406377
-0.00837525
0.415825
-0.0094476
0.426309
-0.0104838
-0.0114683
0.437777
0.306805
-0.00285642
0.309051
-0.00495176
0.312225
-0.00703669
0.316312
-0.00909976
0.321289
-0.0111288
0.327126
-0.0131108
0.333783
-0.0150322
0.341213
-0.0168782
0.349363
-0.0186338
-0.0202795
0.358174
0.244492
-0.00392764
0.246268
-0.00672786
0.248727
-0.00949504
0.251834
-0.012207
0.255546
-0.0148407
0.259807
-0.0173725
0.264554
-0.0197792
0.269714
-0.0220379
0.275211
-0.0241304
-0.0260568
0.280988
0.189373
-0.00474966
0.190637
-0.00799174
0.19229
-0.0111481
0.194265
-0.0141824
0.196485
-0.0170601
0.198863
-0.0197502
0.20131
-0.0222271
0.203742
-0.0244693
0.206081
-0.0264693
-0.0282805
0.208304
0.142053
-0.00516533
0.142575
-0.00851445
0.143113
-0.0116862
0.143569
-0.0146385
0.143849
-0.0173397
0.143871
-0.0197718
0.143572
-0.021929
0.142912
-0.023809
0.141878
-0.0254353
-0.0269538
0.140551
0.101496
-0.0048414
0.100899
-0.00791773
0.0999336
-0.0107205
0.0985242
-0.0132291
0.0966297
-0.0154451
0.0942501
-0.0173922
0.0914235
-0.0191024
0.0882055
-0.020591
0.0846886
-0.0219184
-0.0233751
0.0811098
0.0660039
-0.00349664
0.0641105
-0.00602439
0.0616369
-0.00824691
0.0586001
-0.0101923
0.0550699
-0.011915
0.0511648
-0.0134871
0.0470287
-0.0149662
0.0427807
-0.016343
0.0385581
-0.0176957
-0.0195576
0.0347406
0.0342386
-0.00121867
0.0313738
-0.00315963
0.0279889
-0.00486201
0.0242037
-0.0064071
0.0201808
-0.00789211
0.0161114
-0.00941776
0.0121872
-0.011042
0.00853444
-0.0126902
0.0052517
-0.014413
-0.0170243
0.0027184
0.00599886
0.00142688
0.00294461
-0.000105374
-0.000388838
-0.00152856
-0.00383889
-0.00295705
-0.0072268
-0.00450421
-0.010376
-0.00626855
-0.0131149
-0.0083031
-0.0152808
-0.0105244
-0.0167825
-0.0129113
-0.0161951
-0.0176117
-0.0187408
-0.021284
-0.0238552
-0.0263153
-0.0285281
-0.0303758
-0.0317486
-0.0324251
-0.0320701
-0.030983
0.453371
-0.015594
0.473646
-0.0202752
0.498203
-0.0245564
0.526403
-0.0282004
0.557487
-0.0310836
0.590375
-0.0328884
0.623599
-0.0332244
0.65583
-0.032231
0.685763
-0.0299328
0.712734
-0.026971
0.735835
-0.0231007
0.755455
-0.0196204
0.770779
-0.0153237
0.783171
-0.0123918
0.792056
-0.00888583
0.798327
-0.00627013
0.803235
-0.00490825
0.804906
-0.00167146
0.807264
-0.00235734
0.000845737
0.372401
-0.0298202
0.390701
-0.0385755
0.412476
-0.0463311
0.43735
-0.0530751
0.464676
-0.0584095
0.493319
-0.061531
0.522009
-0.0619145
0.549636
-0.0598584
0.575148
-0.0554441
0.597951
-0.0497745
0.61743
-0.0425791
0.633776
-0.0359671
0.646599
-0.0281459
0.656835
-0.0226284
0.664132
-0.0161831
0.669398
-0.011536
0.673279
-0.00878884
0.674792
-0.00318501
0.676722
-0.00428645
0.00147285
0.293668
-0.0425
0.309817
-0.0547249
0.329282
-0.065796
0.352232
-0.076025
0.377791
-0.0839682
0.404444
-0.0881842
0.430791
-0.0882618
0.45562
-0.0846873
0.478009
-0.0778334
0.497484
-0.0692494
0.51377
-0.0588649
0.527046
-0.0492434
0.537355
-0.0384547
0.54533
-0.0306036
0.550917
-0.0217693
0.554978
-0.0155975
0.557714
-0.011525
0.558906
-0.00437665
0.560394
-0.00577473
0.00192435
0.218931
-0.0531264
0.233619
-0.0694131
0.253526
-0.085703
0.278219
-0.100718
0.305328
-0.111076
0.332416
-0.115272
0.35777
-0.113616
0.380265
-0.107182
0.399449
-0.0970177
0.415293
-0.0850934
0.427992
-0.0715634
0.437936
-0.0591873
0.445451
-0.0459706
0.451042
-0.0361944
0.45487
-0.0255969
0.457608
-0.0183352
0.459309
-0.0132261
0.460103
-0.00517103
0.461178
-0.00684938
0.0022073
0.151142
-0.0637174
0.168791
-0.0870619
0.194106
-0.111018
0.223449
-0.130061
0.252671
-0.140299
0.27923
-0.141831
0.302
-0.136386
0.320694
-0.125876
0.33566
-0.111984
0.347385
-0.0968177
0.356411
-0.0805895
0.36326
-0.0660366
0.368301
-0.0510113
0.371957
-0.0398505
0.374422
-0.0280622
0.376137
-0.0200503
0.377185
-0.0142733
0.377701
-0.00568759
0.378527
-0.00767538
0.0022881
0.0968266
-0.0794342
0.122314
-0.112549
0.154229
-0.142933
0.18616
-0.161993
0.214418
-0.168556
0.237776
-0.165189
0.256284
-0.154895
0.270549
-0.140141
0.281439
-0.122873
0.289658
-0.105037
0.295828
-0.0867596
0.300435
-0.0706437
0.30376
-0.0543359
0.306164
-0.0422551
0.307774
-0.0296715
0.308864
-0.0211405
0.309595
-0.0150043
0.309965
-0.00605746
0.310681
-0.00839154
0.00216876
0.0593667
-0.10406
0.0927173
-0.1459
0.127668
-0.177883
0.158445
-0.192769
0.183312
-0.193424
0.202447
-0.184323
0.216753
-0.169201
0.2273
-0.150688
0.235093
-0.130667
0.240832
-0.110776
0.245076
-0.0910032
0.24822
-0.0737876
0.250455
-0.0565714
0.252097
-0.0438971
0.25319
-0.0307642
0.253923
-0.021874
0.25451
-0.0155908
0.254801
-0.0063491
0.255471
-0.00906122
0.00189478
0.035682
-0.137024
0.0735431
-0.183761
0.107928
-0.212269
0.135678
-0.220519
0.156653
-0.214399
0.171919
-0.199589
0.182828
-0.18011
0.190603
-0.158463
0.196202
-0.136266
0.200247
-0.114821
0.203202
-0.0939583
0.205377
-0.0759632
0.206906
-0.0580998
0.208056
-0.0450476
0.208815
-0.0315232
0.209335
-0.0223935
0.209835
-0.0160908
0.210074
-0.00658877
0.210712
-0.0096986
0.00152734
0.0210801
-0.175716
0.0601161
-0.222797
0.092323
-0.244476
0.116626
-0.244822
0.133969
-0.231742
0.145991
-0.211611
0.154259
-0.188377
0.159986
-0.16419
0.164015
-0.140295
0.166875
-0.117682
0.168937
-0.0960202
0.170442
-0.0774683
0.171488
-0.0591455
0.172296
-0.0458551
0.172822
-0.0320496
0.1732
-0.0227715
0.173626
-0.0165168
0.173824
-0.00678725
0.174424
-0.0102985
0.00112108
0.0118436
-0.218542
0.0504752
-0.261428
0.0799544
-0.273955
0.100764
-0.265631
0.114859
-0.245838
0.124209
-0.220961
0.130425
-0.194593
0.134625
-0.16839
0.137509
-0.143179
0.139522
-0.119695
0.140942
-0.0974406
0.14197
-0.0784965
0.142672
-0.0598476
0.143227
-0.0464101
0.143588
-0.03241
0.143858
-0.0230422
0.144217
-0.0168758
0.144379
-0.00694929
0.144929
-0.0108481
0.000711797
0.0522244
-0.244774
0.0714952
-0.280699
0.0807287
-0.283188
0.0839265
-0.268829
0.083742
-0.245653
0.0820199
-0.219239
0.0798155
-0.192388
0.0776668
-0.166241
0.0758217
-0.141334
0.0743816
-0.118254
0.0733876
-0.0964466
0.0728209
-0.0779298
0.072639
-0.0596657
0.0728348
-0.0466059
0.0732942
-0.0328695
0.0740387
-0.0237867
0.0750437
-0.0178808
0.0761611
-0.00806666
0.0776343
-0.0123213
-0.000846026
0.0565612
-0.271757
0.0747531
-0.298891
0.0829958
-0.291431
0.0854582
-0.271291
0.0849619
-0.245157
0.0831796
-0.217456
0.0810241
-0.190233
0.0789411
-0.164158
0.0771302
-0.139523
0.0756768
-0.116801
0.0746156
-0.0953854
0.0739286
-0.0772428
0.0735803
-0.0593174
0.0735639
-0.0465895
0.0737703
-0.0330759
0.0742294
-0.0242457
0.0749106
-0.018562
0.0756689
-0.00882501
0.0767575
-0.0134099
-0.00198214
0.0609303
-0.299148
0.0774601
-0.315421
0.0846085
-0.298579
0.0863966
-0.27308
0.0856619
-0.244422
0.0838722
-0.215667
0.0817981
-0.188159
0.0798037
-0.162164
0.0780476
-0.137767
0.0766012
-0.115355
0.0754955
-0.0942797
0.0747123
-0.0764596
0.0742253
-0.0588303
0.0740267
-0.0463909
0.0740135
-0.0330626
0.0742263
-0.0244586
0.0746229
-0.0189585
0.0750696
-0.00927172
0.0758261
-0.0141664
-0.00274736
0.0649109
-0.326266
0.0794825
-0.329993
0.0855408
-0.304638
0.0867654
-0.274304
0.0858811
-0.243538
0.0841423
-0.213928
0.0821801
-0.186197
0.0802911
-0.160275
0.0786021
-0.136078
0.077176
-0.113928
0.0760418
-0.0931455
0.0751825
-0.0756003
0.0745815
-0.0582294
0.0742289
-0.0460383
0.0740294
-0.0328631
0.0740333
-0.0244625
0.0741854
-0.0191107
0.0743673
-0.00945355
0.0748423
-0.0146414
-0.00319381
0.0681789
-0.35234
0.0806844
-0.342498
0.0857031
-0.309656
0.0865003
-0.275101
0.0855633
-0.242601
0.0839418
-0.212306
0.0821333
-0.184388
0.0803779
-0.158519
0.0787785
-0.134479
0.0773938
-0.112544
0.076253
-0.0920047
0.0753416
-0.0746889
0.0746536
-0.0575414
0.074176
-0.0455607
0.0738242
-0.0325113
0.073656
-0.0242944
0.0736036
-0.0190583
0.0735667
-0.0094166
0.0738099
-0.0148847
-0.00337306
0.0705416
-0.376632
0.0810158
-0.352972
0.0850839
-0.313724
0.0855997
-0.275617
0.0847033
-0.241705
0.0832582
-0.210861
0.0816421
-0.182772
0.0800496
-0.156927
0.0785659
-0.132995
0.0772484
-0.111226
0.0761271
-0.0908834
0.0751913
-0.0737531
0.0744456
-0.0567957
0.073874
-0.044989
0.0734046
-0.032042
0.0731011
-0.0239908
0.0728836
-0.0188408
0.0726732
-0.00920618
0.0727329
-0.0149443
-0.0033357
0.0719023
-0.398517
0.0804757
-0.361546
0.0837182
-0.316967
0.0840965
-0.275995
0.0833269
-0.240935
0.082107
-0.209641
0.0807155
-0.181381
0.0793116
-0.155523
0.0779684
-0.131652
0.0767439
-0.110002
0.0756691
-0.0898087
0.0747379
-0.0728219
0.0739649
-0.0560227
0.0733308
-0.0443549
0.0727788
-0.03149
0.0723759
-0.0235879
0.0720322
-0.0184972
0.0716926
-0.00886652
0.071615
-0.0148667
-0.00313089
0.0722373
-0.417516
0.0790943
-0.368403
0.0816638
-0.319536
0.0820356
-0.276367
0.0814675
-0.240367
0.0805117
-0.208686
0.0793703
-0.180239
0.078177
-0.15433
0.0769971
-0.130472
0.0758907
-0.108895
0.0748891
-0.0888071
0.0739914
-0.0719242
0.0732213
-0.0552526
0.0725562
-0.0436897
0.0719562
-0.03089
0.071489
-0.0231207
0.071057
-0.0180652
0.0706309
-0.00844037
0.0704604
-0.0146962
-0.0028061
0.0715801
-0.433311
0.0769274
-0.37375
0.0789896
-0.321599
0.0794655
-0.276843
0.07916
-0.240061
0.078498
-0.208024
0.0776272
-0.179368
0.0766636
-0.153366
0.075668
-0.129476
0.074703
-0.10793
0.0738004
-0.0879045
0.0729645
-0.0710883
0.0722267
-0.0545149
0.0715616
-0.0430246
0.0709473
-0.0302757
0.0704496
-0.022623
0.0699661
-0.0175817
0.0694945
-0.00796883
0.069273
-0.0144747
-0.00240669
0.0700067
0.074049
0.0757669
0.0764338
0.0764374
0.0760915
0.0755085
0.074792
0.0740003
0.0731988
0.0724194
0.0716722
0.070995
0.0703598
0.0697636
0.0692676
0.068768
0.0682901
0.0680569
)
;

boundaryField
{
    inlet
    {
        type            calculated;
        value           nonuniform List<scalar> 
40
(
-0.126932
-0.148094
-0.172766
-0.201535
-0.235072
-0.274167
-0.319775
-0.373012
-0.43514
-0.507612
-0.0707115
-0.0707062
-0.0707018
-0.0706989
-0.0706978
-0.0706989
-0.0707024
-0.0707085
-0.0707176
-0.0707298
-0.0707047
-0.070716
-0.0707242
-0.0707294
-0.070732
-0.0707324
-0.0707307
-0.0707273
-0.0707226
-0.0707172
-0.507316
-0.434875
-0.37277
-0.319535
-0.273906
-0.234798
-0.20128
-0.172551
-0.147926
-0.126826
)
;
    }
    outlet
    {
        type            calculated;
        value           nonuniform List<scalar> 
40
(
0.098415
0.110879
0.124282
0.13855
0.153631
0.169575
0.186692
0.205807
0.228663
0.258567
0.0663946
0.0651806
0.0639856
0.0628107
0.0616572
0.0605264
0.0594196
0.0583381
0.0572832
0.0562563
0.0791921
0.0778936
0.0765913
0.0752888
0.0739892
0.0726955
0.0714102
0.0701356
0.0688736
0.0676261
0.806418
0.676094
0.559943
0.460895
0.378446
0.3108
0.255745
0.211079
0.174831
0.145338
)
;
    }
    top
    {
        type            symmetryPlane;
        value           uniform 0;
    }
    bottom
    {
        type            symmetryPlane;
        value           uniform 0;
    }
    cylinder
    {
        type            calculated;
        value           nonuniform List<scalar> 
80
(
-1.12478e-18
-1.04662e-18
1.92416e-18
7.63975e-18
-7.54998e-18
9.2755e-18
-2.19312e-18
-4.84809e-18
-6.57167e-19
1.06217e-17
1.06364e-18
-4.29818e-18
4.76689e-18
-6.4224e-18
-3.5236e-18
-6.72805e-18
-2.35953e-17
-1.87396e-18
1.49339e-17
-2.47098e-17
8.77955e-18
-1.49339e-17
1.87396e-18
9.71748e-18
7.44156e-18
-8.54206e-18
6.4224e-18
-4.76689e-18
4.29818e-18
1.55428e-19
1.12478e-18
1.04662e-18
-1.92416e-18
-7.63975e-18
1.85097e-18
2.64536e-18
1.74077e-17
4.84809e-18
-1.32206e-17
-2.23662e-17
1.06217e-17
1.32206e-17
-4.84809e-18
1.03479e-17
9.2755e-18
-1.85097e-18
7.63975e-18
1.92416e-18
-1.04662e-18
-1.12478e-18
-8.77955e-18
1.05613e-18
-1.87396e-18
-2.04458e-17
7.86324e-18
8.54206e-18
-6.4224e-18
4.76689e-18
-4.29818e-18
-1.55428e-19
1.55428e-19
4.29818e-18
-4.76689e-18
6.4224e-18
-8.54206e-18
7.44156e-18
2.04458e-17
1.87396e-18
-1.05613e-18
8.77955e-18
-1.06217e-17
6.57167e-19
4.84809e-18
2.19312e-18
1.65231e-17
7.54998e-18
-7.63975e-18
-1.92416e-18
1.04662e-18
1.12478e-18
)
;
    }
    frontandback
    {
        type            empty;
        value           nonuniform 0();
    }
}


// ************************************************************************* //
