/*--------------------------------*- C++ -*----------------------------------*\
  =========                 |
  \\      /  F ield         | OpenFOAM: The Open Source CFD Toolbox
   \\    /   O peration     | Website:  https://openfoam.org
    \\  /    A nd           | Version:  6.0
     \\/     M anipulation  |
\*---------------------------------------------------------------------------*/
FoamFile
{
    version     2.0;
    format      ascii;
    class       surfaceScalarField;
    location    "14.751";
    object      phi;
}
// * * * * * * * * * * * * * * * * * * * * * * * * * * * * * * * * * * * * * //

dimensions      [0 3 -1 0 0 0 0];

internalField   nonuniform List<scalar> 
4670
(
0.00337184
-0.424537
0.421166
0.0107532
-0.389416
0.382035
0.0195998
-0.37242
0.363574
0.0284589
-0.357116
0.348257
0.0367186
-0.341237
0.332978
0.0442268
-0.324581
0.317073
0.051062
-0.307807
0.300972
0.0573949
-0.291688
0.285355
0.0634187
-0.276741
0.270717
-0.263169
0.257255
0.0693331
0.00353486
-0.428072
0.0109227
-0.396804
0.019584
-0.381081
0.0281221
-0.365654
0.0359874
-0.349103
0.0430836
-0.331678
0.0495266
-0.31425
0.0555049
-0.297666
0.0612181
-0.282454
-0.268826
0.0668746
0.00364769
-0.43172
0.0109606
-0.404117
0.0193539
-0.389475
0.027494
-0.373794
0.0349005
-0.356509
0.0415332
-0.33831
0.0475423
-0.320259
0.0531294
-0.303254
0.0584969
-0.287821
-0.27419
0.0638613
0.00368871
-0.435409
0.0108567
-0.411285
0.0189113
-0.397529
0.0265857
-0.381469
0.0334724
-0.363396
0.0395885
-0.344426
0.0451177
-0.325789
0.0502725
-0.308408
0.0552553
-0.292804
-0.279227
0.0602921
0.00367949
-0.439088
0.0106307
-0.418236
0.0182812
-0.40518
0.0254316
-0.388619
0.0317442
-0.369708
0.0372882
-0.34997
0.0422777
-0.330778
0.0469371
-0.313068
0.0514729
-0.29734
-0.28389
0.056136
0.00361652
-0.442705
0.0102888
-0.424908
0.0174803
-0.412371
0.0240629
-0.395202
0.0297655
-0.375411
0.0346989
-0.354904
0.0390942
-0.335173
0.0431824
-0.317156
0.0471881
-0.301345
-0.288113
0.0514113
0.00351105
-0.446216
0.00985104
-0.431248
0.0165308
-0.419051
0.0224992
-0.40117
0.0275576
-0.380469
0.0318616
-0.359208
0.0356501
-0.338962
0.0391367
-0.320643
0.0425399
-0.304749
-0.291701
0.0461276
0.00338341
-0.449599
0.00936252
-0.437227
0.0154871
-0.425176
0.0207784
-0.406461
0.0251124
-0.384803
0.0287083
-0.362804
0.0318467
-0.3421
0.0347303
-0.323526
0.0374649
-0.307483
-0.294196
0.0399604
0.00327832
-0.452878
0.00890787
-0.442857
0.0144719
-0.43074
0.0190559
-0.411045
0.0225739
-0.388321
0.0252599
-0.36549
0.0274264
-0.344267
0.029359
-0.325459
0.0312335
-0.309358
-0.295856
0.0328928
0.0032606
-0.456138
0.00855639
-0.448153
0.0136122
-0.435796
0.0175841
-0.415017
0.0203863
-0.391124
0.0221524
-0.367256
0.0229943
-0.345109
0.0230518
-0.325516
0.0229948
-0.309301
-0.298977
0.0261162
0.482064
0.00275238
-0.484816
0.479246
0.00281817
0.476369
0.00287645
0.473458
0.00291074
0.470535
0.00292315
0.467618
0.0029175
0.464721
0.00289712
0.461839
0.00288199
0.458987
0.00285183
0.00284868
0.485353
0.00538279
-0.487983
0.482288
0.00588233
0.47886
0.00630501
0.475119
0.0066518
0.471112
0.00693048
0.466883
0.00714562
0.462467
0.00731372
0.457885
0.00746348
0.453124
0.007613
0.00782026
0.466182
0.00664231
-0.467441
0.464381
0.00768378
0.462085
0.00860028
0.459349
0.00938758
0.456218
0.010062
0.45274
0.0106231
0.448951
0.0111032
0.444879
0.0115351
0.440506
0.011986
0.0125309
0.435644
0.00684455
-0.435846
0.434922
0.00840586
0.433709
0.00981286
0.432058
0.0110395
0.429999
0.0121203
0.427601
0.0130215
0.424885
0.013819
0.421898
0.0145224
0.418622
0.0152622
0.0161352
0.404664
0.00656772
-0.404387
0.40448
0.00858931
0.403855
0.0104382
0.402847
0.012048
0.401472
0.0134954
0.399826
0.0146669
0.397913
0.0157323
0.395855
0.0165801
0.393593
0.0175239
0.0186049
0.376982
0.00622495
-0.376639
0.376918
0.008653
0.376456
0.0109
0.375672
0.0128323
0.374556
0.014611
0.373271
0.0159521
0.371757
0.0172461
0.370303
0.0180343
0.368733
0.0190939
0.0200823
0.353316
0.00602527
-0.353117
0.353145
0.00882433
0.352599
0.011446
0.351776
0.0136549
0.35062
0.0157678
0.349395
0.0171765
0.347939
0.018702
0.346853
0.0191205
0.345609
0.0203379
0.0205828
0.333244
0.00603761
-0.333257
0.332882
0.0091866
0.332151
0.0121769
0.331171
0.014635
0.329811
0.0171275
0.328464
0.0185238
0.32679
0.0203757
0.325988
0.0199222
0.324795
0.0215318
0.0198611
0.315992
0.0062665
-0.31622
0.315435
0.00974329
0.314513
0.0130983
0.31337
0.0157787
0.311776
0.018721
0.310234
0.0200661
0.308117
0.0224922
0.307466
0.020574
0.306411
0.0225867
0.016971
0.3008
-0.301264
0.00672996
0.300055
0.0104884
0.298971
0.0141822
0.297716
0.0170339
0.295974
0.0204622
0.294293
0.0217473
0.291712
0.0250735
0.290556
0.0217301
0.289323
0.0238195
0.00731703
0.496228
-0.000404854
-0.495823
0.496338
-0.000110483
0.49608
0.000258528
0.495434
0.000645911
0.494411
0.00102302
0.493036
0.00137458
0.491346
0.00169038
0.489375
0.0019709
0.487182
0.0021932
0.00236574
0.48622
-0.00368535
-0.48294
0.488891
-0.00278114
0.49094
-0.00179079
0.492346
-0.000759675
0.493107
0.000261858
0.493238
0.00124372
0.49276
0.00216856
0.491705
0.00302598
0.490099
0.00379885
0.00448161
0.451055
-0.00874639
-0.445994
0.455501
-0.0072265
0.459289
-0.00557909
0.462408
-0.00387889
0.464861
-0.00219062
0.466651
-0.000546582
0.467787
0.0010322
0.468286
0.00252703
0.468163
0.00392225
0.0052031
0.411668
-0.0145024
-0.405912
0.416841
-0.012399
0.421369
-0.0101075
0.425261
-0.00777015
0.42853
-0.00546039
0.431183
-0.00319909
0.433225
-0.00101018
0.434673
0.00107949
0.43554
0.00305489
0.00489695
0.378225
-0.0203731
-0.372355
0.383486
-0.0176595
0.388097
-0.0147182
0.392101
-0.0117748
0.395524
-0.00888305
0.398371
-0.00604629
0.40066
-0.0032996
0.402415
-0.000675482
0.403652
0.00181796
0.00416223
0.351632
-0.026182
-0.345823
0.356697
-0.0227249
0.361081
-0.0191025
0.364889
-0.0155829
0.368131
-0.0121247
0.370816
-0.00873149
0.372984
-0.00546713
0.374666
-0.00235813
0.37588
0.000604309
0.00340341
0.330452
-0.0319944
-0.32464
0.335228
-0.027501
0.339288
-0.0231617
0.342811
-0.0191059
0.345756
-0.0150705
0.348147
-0.0111222
0.350051
-0.00737096
0.351506
-0.00381343
0.352524
-0.00041375
0.00281082
0.313067
-0.0379064
-0.307155
0.31758
-0.0320142
0.321327
-0.0269091
0.324559
-0.0223373
0.327191
-0.0177031
0.329273
-0.0132045
0.330897
-0.00899487
0.332099
-0.00501547
0.332883
-0.00119762
0.00243761
0.298315
-0.0434182
-0.292803
0.302676
-0.0363754
0.306206
-0.0304388
0.309085
-0.0252167
0.311377
-0.0199948
0.313172
-0.0149996
0.314539
-0.0103616
0.315504
-0.00598068
0.316064
-0.00175749
0.00228094
0.285266
-0.283966
-0.0447188
0.289662
-0.0407713
0.293586
-0.0343625
0.295881
-0.0275115
0.297678
-0.0217916
0.299189
-0.0165113
0.300306
-0.0114788
0.301024
-0.00669813
0.301345
-0.00207848
0.0023623
0.0597109
0.226842
-0.220921
-0.0656311
0.0534672
0.238113
-0.231869
0.0469003
0.250889
-0.244322
0.0399818
0.26587
-0.258952
0.0326808
0.284349
-0.277048
0.0250009
0.308432
-0.300752
0.0170592
0.341095
-0.333153
0.00929026
0.384904
-0.377135
0.00286523
0.435666
-0.429241
0.477372
-0.474507
0.0590261
0.232698
-0.0648825
0.0528333
0.244305
0.0463152
0.257407
0.0394434
0.272742
0.0321888
0.291604
0.0245616
0.316059
0.016694
0.348962
0.00904472
0.392553
0.00278632
0.441924
0.480159
0.0580662
0.238457
-0.0638251
0.0519648
0.250407
0.0455309
0.263841
0.0387382
0.279534
0.0315608
0.298781
0.0240161
0.323604
0.0162508
0.356728
0.00874134
0.400063
0.00265629
0.448009
0.482815
0.05712
0.244147
-0.0628105
0.0510681
0.256459
0.0446863
0.270223
0.0379511
0.28627
0.0308419
0.30589
0.023383
0.331063
0.0157327
0.364378
0.00838384
0.407411
0.00249913
0.453894
0.485314
0.0556888
0.249672
-0.0612133
0.0497891
0.262359
0.0435453
0.276466
0.0369381
0.292877
0.0299533
0.312875
0.0226248
0.338391
0.0151265
0.371876
0.00797272
0.414565
0.00232231
0.459544
0.487636
0.0548139
0.25527
-0.0604123
0.0488222
0.26835
0.042521
0.282768
0.0359153
0.299483
0.0289912
0.319799
0.0217747
0.345608
0.0144399
0.379211
0.00750685
0.421498
0.00212175
0.464929
0.489758
0.0527746
0.260586
-0.0580899
0.0470088
0.274116
0.0409224
0.288854
0.0345226
0.305882
0.0277891
0.326533
0.0207627
0.352634
0.0136462
0.386327
0.00698073
0.428164
0.00190038
0.47001
0.491659
0.0526054
0.266768
-0.0587882
0.0460931
0.280628
0.0396402
0.295307
0.0331538
0.312369
0.0264807
0.333206
0.0196147
0.3595
0.0127385
0.393204
0.00638652
0.434516
0.00164818
0.474748
0.493307
0.0490437
0.272766
-0.0550415
0.0430853
0.286587
0.0373232
0.301069
0.0312448
0.318447
0.0248402
0.33961
0.0182457
0.366095
0.0116918
0.399758
0.00572474
0.440483
0.00139485
0.479078
0.494702
0.0476162
-0.0588159
0.0414002
0.0353146
0.0291219
0.0229096
0.0166498
0.010495
0.00498332
0.00112152
0.0576852
0.169382
-0.164442
-0.0626251
0.0510057
0.177689
-0.17101
0.0443021
0.187134
-0.180431
0.0376299
0.198674
-0.192002
0.0309425
0.213531
-0.206843
0.024149
0.233982
-0.227189
0.0171646
0.263704
-0.25672
0.0100657
0.307682
-0.300583
0.00358176
0.36863
-0.362146
0.443223
-0.439642
0.0569828
0.17517
-0.0627709
0.0511084
0.183563
0.044955
0.193288
0.0385268
0.205102
0.031829
0.220228
0.0248624
0.240949
0.0176333
0.270933
0.0103044
0.315011
0.00367874
0.375256
0.446902
0.0573457
0.180663
-0.0628389
0.0516368
0.189272
0.0455694
0.199355
0.0391606
0.211511
0.0324065
0.226983
0.0253107
0.248045
0.0179085
0.278335
0.0104105
0.322509
0.00367791
0.381989
0.45058
0.058193
0.186023
-0.0635531
0.0524247
0.195041
0.0462688
0.205511
0.0397521
0.218028
0.0328717
0.233863
0.0256271
0.255289
0.0180653
0.285897
0.0104291
0.330145
0.00363477
0.388783
0.454215
0.0590302
0.191515
-0.0645218
0.0531298
0.200941
0.0468636
0.211777
0.0402334
0.224658
0.0332279
0.240868
0.025846
0.262671
0.0181438
0.2936
0.0103995
0.337889
0.00357627
0.395606
0.457791
0.059693
0.197193
-0.0653709
0.0536681
0.206966
0.0472981
0.218147
0.0405678
0.231388
0.0334573
0.247979
0.0259634
0.270165
0.018152
0.301411
0.0103302
0.345711
0.00350521
0.402431
0.461296
0.0601833
0.203026
-0.0660164
0.0540488
0.2131
0.047584
0.224612
0.0407652
0.238207
0.0335672
0.255177
0.0259855
0.277747
0.018095
0.309301
0.0102275
0.353579
0.00342759
0.409231
0.464724
0.060479
0.208966
-0.0664195
0.0542553
0.219324
0.0477147
0.231153
0.0408271
0.245095
0.0335634
0.262441
0.0259189
0.285391
0.0179777
0.317243
0.0100948
0.361462
0.00333987
0.415986
0.468064
0.0605235
0.214953
-0.0665105
0.054252
0.225595
0.0476691
0.237736
0.0407426
0.252021
0.0334413
0.269742
0.0257626
0.29307
0.017802
0.325203
0.00993979
0.369324
0.00326206
0.422664
0.471326
0.0602976
-0.0662657
0.0540241
0.0474378
0.0405074
0.0332013
0.0255194
0.0175696
0.00975844
0.00318141
-0.153624
0.0565497
-0.0673678
-0.148814
0.0479846
-0.0527946
-0.145307
0.0422544
-0.0457611
-0.142823
0.0352623
-0.0377464
-0.141143
0.0288326
-0.0305129
-0.140301
0.0223176
-0.0231588
-0.140289
0.0158464
-0.0158585
-0.141124
0.00937326
-0.00853886
-0.142802
0.00294284
-0.0012644
-0.0033857
-0.145307
0.00589063
-0.163582
0.0491221
-0.15846
0.0428622
-0.154396
0.0381908
-0.151569
0.0324348
-0.14965
0.0269138
-0.148633
0.021301
-0.148484
0.0156978
-0.149205
0.0100936
-0.150779
0.00451659
-0.000986005
-0.153178
-0.173619
0.0423105
-0.168599
0.0378424
-0.164361
0.033953
-0.161246
0.0293191
-0.15907
0.0247381
-0.157814
0.0200446
-0.157445
0.0153291
-0.157952
0.0106011
-0.159318
0.00588243
0.00120983
-0.161514
-0.185521
0.0358296
-0.180369
0.0326899
-0.175979
0.0295639
-0.172592
0.025932
-0.170117
0.0222632
-0.16855
0.0184771
-0.167871
0.0146502
-0.168068
0.0107985
-0.169128
0.00694163
0.00310713
-0.171025
-0.200546
0.029532
-0.195184
0.0273285
-0.190569
0.0249488
-0.186864
0.0222268
-0.184025
0.0194242
-0.182063
0.016515
-0.180972
0.0135591
-0.180745
0.0105716
-0.181373
0.00757001
0.00457368
-0.18284
-0.220868
0.0232112
-0.215255
0.0217156
-0.210337
0.0200301
-0.206233
0.0181234
-0.202937
0.0161279
-0.200469
0.0140468
-0.198832
0.0119221
-0.198026
0.00976633
-0.198049
0.00759236
0.00541301
-0.198888
-0.250217
0.0167083
-0.244289
0.015788
-0.238983
0.0147242
-0.234389
0.013529
-0.230523
0.0122614
-0.227411
0.0109347
-0.225062
0.00957383
-0.223484
0.00818771
-0.222674
0.00678238
0.00536565
-0.222626
-0.293917
0.010042
-0.287709
0.00957984
-0.282019
0.00903465
-0.276922
0.00843186
-0.272443
0.00778288
-0.268611
0.00710207
-0.265436
0.00639888
-0.262927
0.00567935
-0.261086
0.00494138
0.0041846
-0.259905
-0.355896
0.00379209
-0.349965
0.00364835
-0.344403
0.0034733
-0.339274
0.00330191
-0.334598
0.00310741
-0.330399
0.00290332
-0.326689
0.00268839
-0.323477
0.00246718
-0.320769
0.00223337
0.00196566
-0.31855
-0.435849
-0.432201
-0.428728
-0.425426
-0.422318
-0.419415
-0.416727
-0.41426
-0.412026
-0.410061
-0.148599
-0.00948121
0.0127732
-0.152604
-0.0153731
0.0193777
-0.157237
-0.0209273
0.025561
-0.162383
-0.0260564
0.0312018
-0.167879
-0.0306769
0.0361736
-0.173531
-0.0347342
0.0403859
-0.179096
-0.0382924
0.0438574
-0.184305
-0.0415611
0.0467698
-0.189488
-0.0445712
0.0497544
-0.0482625
-0.192766
0.0515406
-0.156363
-0.00629679
-0.160254
-0.0114813
-0.164767
-0.0164152
-0.169787
-0.0210355
-0.175175
-0.0252892
-0.180754
-0.0291553
-0.186356
-0.03269
-0.191903
-0.036014
-0.197202
-0.0392724
-0.0432607
-0.202204
-0.164506
-0.00330511
-0.168223
-0.00776421
-0.172589
-0.012049
-0.177509
-0.0161155
-0.182866
-0.0199322
-0.188527
-0.0234949
-0.194377
-0.0268399
-0.20035
-0.030041
-0.206326
-0.0332962
-0.0370226
-0.212564
-0.173737
-0.000592843
-0.177204
-0.00429764
-0.181362
-0.00789042
-0.186135
-0.0113432
-0.191427
-0.0146394
-0.19714
-0.0177826
-0.203183
-0.0207961
-0.209486
-0.0237383
-0.216015
-0.0267674
-0.0300436
-0.222994
-0.185134
0.00170107
-0.188204
-0.00122756
-0.192002
-0.00409215
-0.196468
-0.00687736
-0.20153
-0.00957747
-0.207113
-0.0121995
-0.213147
-0.0147617
-0.219573
-0.017313
-0.226391
-0.0199495
-0.0227071
-0.233727
-0.200548
0.00336101
-0.202986
0.00121024
-0.206169
-0.000909386
-0.210053
-0.00299248
-0.214592
-0.00503929
-0.219733
-0.00705803
-0.225427
-0.00906779
-0.231634
-0.0111058
-0.238362
-0.0132219
-0.0154103
-0.245658
-0.223365
0.00409933
-0.22485
0.0026958
-0.227064
0.00130454
-0.229984
-7.27082e-05
-0.233582
-0.00144141
-0.23783
-0.00280947
-0.242701
-0.0041967
-0.248177
-0.00562973
-0.254263
-0.00713676
-0.00870698
-0.260966
-0.259427
0.00362148
-0.259614
0.00288235
-0.260458
0.00214892
-0.261959
0.00142743
-0.264103
0.000702943
-0.266885
-2.7703e-05
-0.270299
-0.000782197
-0.274346
-0.00158315
-0.279032
-0.00245018
-0.00338602
-0.284353
-0.316826
0.0018983
-0.315607
0.00166306
-0.314889
0.00143051
-0.31468
0.0012183
-0.314979
0.00100251
-0.31579
0.000783541
-0.317125
0.000552746
-0.319007
0.000297916
-0.321457
3.18354e-07
-0.000376469
-0.324467
-0.408162
-0.406499
-0.405069
-0.40385
-0.402848
-0.402064
-0.401512
-0.401214
-0.401213
-0.40159
0.000437729
-0.402027
0.00401062
-0.328039
0.0100134
-0.290356
0.017351
-0.268304
0.0252219
-0.253529
0.0331265
-0.241632
0.0408119
-0.230679
0.0482697
-0.220022
0.0558038
-0.209738
-0.200586
0.0636237
0.000791456
-0.402819
0.00494033
-0.332188
0.0115352
-0.296951
0.0193952
-0.276164
0.0276816
-0.261816
0.0358842
-0.249834
0.0437436
-0.238539
0.051206
-0.227484
0.0583174
-0.21685
-0.20709
0.0648212
0.0011567
-0.403976
0.00586083
-0.336892
0.0130007
-0.304091
0.0213156
-0.284478
0.0299498
-0.27045
0.0384099
-0.258294
0.046461
-0.24659
0.0540137
-0.235037
0.0609489
-0.223785
-0.213131
0.06699
0.00149408
-0.40547
0.00673704
-0.342135
0.0143701
-0.311724
0.0230575
-0.293166
0.0319363
-0.279329
0.0405301
-0.266888
0.0486255
-0.254685
0.0561609
-0.242572
0.0631304
-0.230754
-0.219524
0.0695241
0.00183387
-0.407304
0.00757344
-0.347875
0.015631
-0.319781
0.0246089
-0.302144
0.033649
-0.288369
0.0423024
-0.275542
0.0503874
-0.26277
0.0578758
-0.250061
0.0647976
-0.237676
-0.225885
0.0711586
0.00216295
-0.409467
0.0083508
-0.354063
0.0167574
-0.328188
0.0259376
-0.311324
0.0350494
-0.297481
0.0436806
-0.284173
0.0516916
-0.270781
0.059098
-0.257467
0.0659768
-0.244555
-0.232292
0.0723837
0.00248209
-0.411949
0.00906066
-0.360641
0.0177338
-0.336861
0.0270276
-0.320618
0.0361276
-0.306581
0.0446652
-0.29271
0.0525442
-0.27866
0.0598157
-0.264739
0.0665841
-0.251324
-0.238639
0.0729303
0.00278418
-0.414733
0.00968987
-0.367547
0.0185424
-0.345714
0.0278584
-0.329934
0.036863
-0.315585
0.0452377
-0.301085
0.0529325
-0.286355
0.0600346
-0.271841
0.0666777
-0.257967
-0.24494
0.0729787
0.00307199
-0.417805
0.0102347
-0.37471
0.0191725
-0.354652
0.0284165
-0.339178
0.0372422
-0.324411
0.0453853
-0.309228
0.0528408
-0.29381
0.0597285
-0.278728
0.0662068
-0.264445
-0.251157
0.0724245
0.00336086
0.0106857
0.0196078
0.028687
0.0372538
0.0450988
0.0522605
0.0588874
0.0651592
0.0712568
0.0639108
-1.1449
1.15033
0.063143
-0.955055
0.955822
0.0619491
-0.830053
0.831247
0.0619057
-0.716027
0.716071
0.0612362
-0.602635
0.603305
0.0598532
-0.498817
0.5002
0.0583335
-0.404856
0.406375
0.0568792
-0.321974
0.323428
0.0556306
-0.249571
0.25082
0.0546624
-0.188096
0.189064
0.0539564
-0.133498
0.134204
0.0534162
-0.0870501
0.0875903
0.0528518
-0.0384351
0.0389995
0.0517929
0.00455725
-0.0034983
0.0508834
0.0584299
-0.0575204
0.0505814
0.0845854
-0.0842834
0.0514091
0.0842282
-0.0850559
0.0530116
0.0550735
-0.0566761
0.050053
-0.0386461
0.0416048
0.00464625
-0.000650686
0.057009
-1.13504
0.0547309
-0.952777
0.0537011
-0.829023
0.0542089
-0.716535
0.0545214
-0.602948
0.0541234
-0.498419
0.0534847
-0.404217
0.0527887
-0.321278
0.0521616
-0.248944
0.0516905
-0.187625
0.0513814
-0.133188
0.0511637
-0.0868324
0.0508671
-0.0381386
0.0500588
0.00536557
0.0494259
0.0590628
0.0493178
0.0846936
0.0501959
0.08335
0.051586
0.0536834
0.0484917
-0.0355518
0.00854702
0.049949
-1.12113
0.0460492
-0.948877
0.0451508
-0.828125
0.0462811
-0.717665
0.0475999
-0.604266
0.048221
-0.499041
0.0484828
-0.404479
0.0485587
-0.321354
0.0485633
-0.248948
0.0485973
-0.187659
0.0486922
-0.133283
0.0488081
-0.0869482
0.0487983
-0.0381288
0.0482672
0.00589667
0.0479252
0.0594048
0.0480104
0.0846083
0.04894
0.0824204
0.0501448
0.0524787
0.0469798
-0.0323869
0.0123046
0.0427857
-1.10362
0.0374816
-0.943573
0.0365925
-0.827236
0.0382543
-0.719327
0.0405278
-0.60654
0.0421763
-0.500689
0.0433542
-0.405657
0.0442157
-0.322216
0.0448629
-0.249596
0.0454093
-0.188205
0.0459137
-0.133788
0.0463712
-0.0874057
0.0466635
-0.0384211
0.0464312
0.0061289
0.0463895
0.0594465
0.0466657
0.0843321
0.0476491
0.081437
0.0486976
0.0514302
0.0455226
-0.0292119
0.0158753
0.0360714
-1.08355
0.0296282
-0.937129
0.0282765
-0.825884
0.0301833
-0.721234
0.0333209
-0.609678
0.0360064
-0.503375
0.0381212
-0.407771
0.0397837
-0.323878
0.0410848
-0.250897
0.0421507
-0.189271
0.0430689
-0.134706
0.0438736
-0.0882103
0.0444794
-0.0390269
0.0445627
0.00604559
0.0448265
0.0591828
0.04529
0.0838686
0.0463311
0.0803959
0.0472535
0.0505078
0.0441245
-0.0260829
0.0192203
0.0298256
-1.06197
0.0216083
-0.928912
0.0193565
-0.823632
0.021585
-0.723462
0.0257886
-0.613881
0.0296607
-0.507247
0.0327832
-0.410894
0.0352775
-0.326372
0.0372487
-0.252868
0.0388427
-0.190865
0.0401785
-0.136042
0.0413337
-0.0893656
0.0422613
-0.0399545
0.0426721
0.00563485
0.0432428
0.058612
0.0438896
0.0832218
0.0449937
0.0792917
0.045821
0.0496805
0.0427892
-0.0230511
0.0223052
0.0203679
-1.03621
0.00952047
-0.918065
0.00765673
-0.821768
0.011468
-0.727274
0.0175386
-0.619952
0.0229985
-0.512706
0.0272962
-0.415192
0.0306902
-0.329767
0.0333631
-0.255541
0.0354998
-0.193001
0.0372586
-0.137801
0.0387672
-0.0908742
0.0400218
-0.0412091
0.0407677
0.00488896
0.0416445
0.0577352
0.0424708
0.0823955
0.0436446
0.078118
0.0444075
0.0489176
0.0415192
-0.0201627
0.0250994
0.00344041
-0.99969
-0.00736242
-0.907262
-0.00638161
-0.822749
0.000230007
-0.733885
0.00871533
-0.628437
0.0160272
-0.520018
0.0216451
-0.42081
0.0260158
-0.334137
0.0294312
-0.258956
0.032131
-0.195701
0.0343214
-0.139991
0.0361859
-0.0927386
0.0377705
-0.0427937
0.0388558
0.00380373
0.040036
0.056555
0.0410394
0.081392
0.0422908
0.0768666
0.0430199
0.0481885
0.0403162
-0.0174591
0.0275767
-0.00530225
-0.961495
-0.0145492
-0.898015
-0.0143294
-0.822969
-0.00791347
-0.740301
0.00109769
-0.637448
0.00942331
-0.528344
0.0160964
-0.427483
0.0213688
-0.33941
0.0255089
-0.263096
0.0287702
-0.198963
0.0313913
-0.142612
0.0336091
-0.0949564
0.035522
-0.0447067
0.0369457
0.00238001
0.0384239
0.0550768
0.0396019
0.080214
0.0409392
0.0755294
0.0416638
0.0474639
0.0391813
-0.0149766
0.0297139
0.0328546
-0.968233
0.00598616
-0.871146
-0.006547
-0.810436
-0.00844074
-0.738407
-0.00348048
-0.642408
0.00399974
-0.535824
0.0110574
-0.43454
0.0169543
-0.345307
0.0217061
-0.267848
0.0254823
-0.202739
0.0285155
-0.145645
0.0310733
-0.0975142
0.033306
-0.0469395
0.03506
0.000626011
0.036817
0.0533198
0.0381686
0.0788624
0.0395892
0.0741088
0.0403429
0.0467102
0.0381236
-0.0127573
0.0315009
0.402665
-0.817863
-0.553035
0.335025
-0.803506
0.270863
-0.746274
0.207927
-0.675472
0.161391
-0.595873
0.130427
-0.50486
0.10863
-0.412743
0.0930555
-0.329732
0.0824155
-0.257208
0.0752008
-0.195524
0.0705336
-0.140978
0.0674873
-0.0944678
0.0657459
-0.0451981
0.064721
0.00165094
0.0655963
0.0524446
0.0678565
0.0766022
0.0706878
0.0712775
0.0722625
0.0451354
0.0676273
-0.00812211
0.0355089
0.468233
-0.669486
-0.616609
0.369396
-0.704669
0.296694
-0.673572
0.235382
-0.61416
0.1865
-0.54699
0.151314
-0.469675
0.125981
-0.38741
0.107356
-0.311107
0.0942423
-0.244094
0.0851709
-0.186453
0.0791919
-0.134999
0.0751953
-0.0904713
0.0729629
-0.0429658
0.0718776
0.00273631
0.0731479
0.0511742
0.0760651
0.073685
0.0792981
0.0680446
0.0809627
0.0434708
0.0761396
-0.003299
0.0394665
0.555881
-0.535974
-0.689393
0.44794
-0.596728
0.36287
-0.588502
0.287769
-0.53906
0.224829
-0.48405
0.178722
-0.423568
0.146556
-0.355244
0.123458
-0.288009
0.107136
-0.227772
0.0958114
-0.175128
0.0882891
-0.127477
0.0832142
-0.0853964
0.0804529
-0.0402045
0.079379
0.00381027
0.0812179
0.0493353
0.0849197
0.0699832
0.0886842
0.0642801
0.0904774
0.0416776
0.08571
0.00146832
0.0430183
0.607056
-0.407726
-0.735304
0.484985
-0.474658
0.388989
-0.492506
0.31569
-0.465761
0.254684
-0.423043
0.205208
-0.374093
0.168198
-0.318233
0.14102
-0.260831
0.121273
-0.208025
0.107275
-0.161131
0.0978508
-0.118052
0.0914911
-0.0790367
0.0881481
-0.0368615
0.0871893
0.00476913
0.0898058
0.0467188
0.0944806
0.0653084
0.0989345
0.0598262
0.100993
0.0396189
0.0966578
0.00580365
0.0456879
0.65492
-0.301497
-0.761148
0.544827
-0.364565
0.449649
-0.397328
0.370142
-0.386253
0.298935
-0.351837
0.238382
-0.31354
0.19289
-0.272741
0.16042
-0.228361
0.136832
-0.184437
0.119721
-0.144019
0.107952
-0.106284
0.100041
-0.0711256
0.0960355
-0.032856
0.0953244
0.00548022
0.098976
0.0430672
0.104857
0.059427
0.110238
0.0544453
0.112814
0.0370428
0.109362
0.00925633
0.0468125
0.679826
-0.213222
-0.768101
0.576941
-0.26168
0.476406
-0.296793
0.390567
-0.300415
0.320271
-0.28154
0.262394
-0.255663
0.216332
-0.226679
0.180963
-0.192992
0.153829
-0.157303
0.133301
-0.123491
0.118743
-0.0917266
0.108992
-0.0613741
0.104222
-0.0280862
0.103914
0.00578876
0.108883
0.0380977
0.116267
0.0520431
0.122908
0.0478043
0.126401
0.03355
0.124295
0.0113619
0.0455406
0.684602
-0.142612
-0.755212
0.600109
-0.177187
0.511722
-0.208407
0.431214
-0.219907
0.361979
-0.212305
0.301111
-0.194795
0.248461
-0.174029
0.20587
-0.1504
0.173029
-0.124463
0.148251
-0.0987126
0.130469
-0.0739442
0.118636
-0.0495408
0.113022
-0.0224727
0.11329
0.00552101
0.119856
0.0315315
0.129104
0.0427952
0.137432
0.0394762
0.14237
0.0286125
0.142038
0.0116931
0.0409124
0.683708
-0.0874659
-0.738854
0.615594
-0.109073
0.538133
-0.130946
0.460688
-0.142461
0.390159
-0.141777
0.327894
-0.13253
0.27365
-0.119785
0.228355
-0.105106
0.192238
-0.0883459
0.164215
-0.0706896
0.14347
-0.053199
0.129544
-0.035615
0.123084
-0.0160123
0.124105
0.00449972
0.132522
0.0231152
0.144034
0.0312824
0.154537
0.0289736
0.161486
0.0216635
0.163291
0.0098885
0.0320564
0.693853
-0.0422408
-0.739078
0.637332
-0.0525517
0.57026
-0.0638741
0.498786
-0.0709868
0.429322
-0.0723131
0.365458
-0.0686654
0.308159
-0.0624864
0.258303
-0.0552494
0.216911
-0.0469543
0.184102
-0.0378802
0.159539
-0.0286356
0.143104
-0.0191803
0.135663
-0.0085712
0.137515
0.00264722
0.147983
0.0126476
0.162133
0.0171318
0.175267
0.0158401
0.184673
0.0122569
0.188828
0.00573444
0.018468
0.74018
-0.782421
0.687629
0.623755
0.552768
0.480455
0.411789
0.349303
0.294054
0.247099
0.209219
0.180584
0.161403
0.152832
0.155479
0.168127
0.185259
0.201099
0.213356
0.21909
0.64067
0.000409218
-0.634349
0.644922
0.00623631
0.646686
0.0124176
0.64592
0.0177999
0.641916
0.0244661
0.634934
0.0287295
0.62279
0.0372177
0.606357
0.0381635
0.578905
0.0512709
0.0331872
0.667996
-0.00320249
-0.664384
0.67021
0.00402242
0.670865
0.0117627
0.66949
0.0191742
0.666218
0.0277387
0.660109
0.0348382
0.65278
0.0445472
0.642503
0.0484405
0.635692
0.0580815
0.0522697
0.690476
-0.00450655
-0.689172
0.691345
0.00315365
0.691944
0.0111632
0.692132
0.0189866
0.692659
0.0272118
0.693155
0.0343415
0.695125
0.042577
0.695684
0.0478815
0.696412
0.0573544
0.0592888
0.707983
-0.00492761
-0.707562
0.70903
0.00210621
0.71094
0.00925336
0.713623
0.0163038
0.717305
0.0235294
0.721164
0.0304829
0.725489
0.0382516
0.728445
0.0449255
0.732477
0.0533231
0.0564612
0.715907
-0.00478384
-0.716051
0.71679
0.00122368
0.71872
0.00732253
0.72155
0.0134746
0.725343
0.019736
0.729925
0.0259006
0.735997
0.0321796
0.743127
0.0377957
0.752476
0.0439737
0.0477893
0.710721
-0.00413733
-0.711367
0.71133
0.000614257
0.713268
0.00538513
0.716606
0.0101366
0.7215
0.0148419
0.72796
0.0194401
0.736141
0.0239984
0.745583
0.0283544
0.756642
0.0329139
0.0363308
0.698913
-0.00339939
-0.699651
0.699529
-1.14994e-06
0.701532
0.00338228
0.704941
0.00672724
0.709768
0.0100146
0.715986
0.0132225
0.723642
0.0163419
0.732682
0.0193153
0.743381
0.022214
0.0245003
0.691006
-0.00247761
-0.691928
0.69131
-0.000304825
0.69285
0.00184224
0.695637
0.00394082
0.699682
0.00596934
0.704997
0.00790726
0.711602
0.0097373
0.719476
0.0114409
0.728666
0.0130237
0.0143128
0.701652
-0.00135678
-0.702772
0.701631
-0.000284019
0.702707
0.000766004
0.704869
0.00177835
0.7081
0.00273901
0.712372
0.00363511
0.717654
0.00445515
0.723906
0.00518889
0.7311
0.00582955
0.00633468
0.751979
-0.753335
0.751695
0.752461
0.754239
0.756978
0.760613
0.765068
0.770257
0.776087
0.525418
0.0112779
-0.581415
0.550219
-0.0655723
0.566778
-0.0509215
0.575886
-0.0366191
0.585871
-0.0317762
0.596924
-0.0275643
0.607568
-0.0221235
0.617419
-0.0165492
0.626424
-0.0110836
-0.00556206
0.599982
0.00255492
-0.591259
0.608489
-0.074079
0.620425
-0.0628579
0.627838
-0.0440324
0.63348
-0.0374176
0.6403
-0.0343844
0.647517
-0.0293408
0.654056
-0.0230879
0.659695
-0.0167233
-0.0102509
0.659924
-0.00779011
-0.649579
0.662933
-0.0770882
0.667669
-0.0675932
0.672882
-0.0492455
0.676083
-0.0406189
0.678868
-0.037169
0.682074
-0.0325475
0.685085
-0.0260982
0.687447
-0.0190853
-0.0119761
0.716883
-0.0178539
-0.70682
0.712438
-0.0726425
0.709674
-0.0648293
0.710141
-0.0497132
0.71018
-0.0406571
0.709209
-0.0361981
0.708321
-0.0316602
0.70785
-0.025627
0.707603
-0.0188382
-0.0119346
0.760101
-0.0265363
-0.751418
0.748452
-0.0609943
0.738992
-0.0553692
0.734078
-0.0447984
0.730437
-0.0370165
0.726382
-0.0321434
0.722433
-0.0277112
0.719316
-0.0225098
0.717203
-0.0167249
-0.0107826
0.775852
-0.0302348
-0.772153
0.76076
-0.0459022
0.747691
-0.0423008
0.738897
-0.0360041
0.732346
-0.0304654
0.726373
-0.0261706
0.720904
-0.0222426
0.716447
-0.0180524
0.713268
-0.0135455
-0.00888234
0.767281
-0.0262677
-0.771248
0.752963
-0.0315841
0.740061
-0.029399
0.730081
-0.0260242
0.722234
-0.0226184
0.71556
-0.0194966
0.709802
-0.0164841
0.705133
-0.0133836
0.70173
-0.0101431
-0.00680331
0.753978
-0.0181583
-0.762088
0.742086
-0.0196924
0.731136
-0.0184483
0.721833
-0.0167215
0.71404
-0.0148252
0.707437
-0.0128937
0.701883
-0.0109296
0.697403
-0.00890429
0.69407
-0.0068096
-0.00466183
0.759591
-0.00921032
-0.768539
0.749516
-0.00961791
0.740128
-0.00906024
0.731721
-0.00831412
0.724353
-0.00745733
0.717996
-0.00653713
0.712636
-0.00556925
0.70829
-0.00455865
0.704993
-0.00351215
-0.00244149
0.810404
-0.819614
0.800786
0.791725
0.783411
0.775954
0.769417
0.763848
0.759289
0.755777
0.12903
0.031899
-0.0337732
0.134908
0.0979538
-0.103832
0.145536
0.166977
-0.177606
0.161617
0.243043
-0.259124
0.184817
0.326401
-0.3496
0.215094
0.4209
-0.451178
0.256137
0.519388
-0.560431
0.304312
0.62694
-0.675115
0.403515
0.702715
-0.801918
0.786482
-0.964381
0.150807
0.0295012
0.15796
0.0908007
0.170932
0.154005
0.189963
0.224013
0.218664
0.2977
0.254475
0.385089
0.309933
0.46393
0.364468
0.572405
0.484319
0.582864
0.679541
0.176096
0.0265773
0.18455
0.0823467
0.200357
0.138198
0.22233
0.20204
0.257973
0.262056
0.29833
0.344733
0.371151
0.391109
0.435137
0.508419
0.552171
0.46583
0.582134
0.20548
0.0231838
0.215041
0.0727851
0.233864
0.119375
0.258083
0.177821
0.301067
0.219073
0.343934
0.301865
0.428027
0.307016
0.500985
0.435462
0.61038
0.356434
0.485695
0.239576
0.0194169
0.250058
0.0623026
0.271493
0.0979406
0.297392
0.151922
0.345048
0.171416
0.390892
0.256021
0.471555
0.226353
0.556152
0.350865
0.646296
0.266289
0.380573
0.278969
0.0153451
0.290355
0.0509171
0.312884
0.0754109
0.341139
0.123668
0.386544
0.12601
0.439692
0.202874
0.502738
0.163307
0.596312
0.257291
0.66723
0.195372
0.275649
0.324343
0.0110912
0.336812
0.0384479
0.358024
0.054199
0.38982
0.0918723
0.426813
0.0890172
0.486509
0.143178
0.532618
0.117198
0.620894
0.169015
0.681011
0.135254
0.185412
0.376918
0.00705436
0.390148
0.0252177
0.408885
0.035462
0.441972
0.0587859
0.472039
0.0589496
0.528356
0.086861
0.567731
0.0778228
0.638495
0.0982513
0.690252
0.0834979
0.113576
0.438587
0.003465
0.451453
0.0123522
0.468893
0.0180213
0.499346
0.0283329
0.5279
0.030396
0.574289
0.0404717
0.612783
0.0393291
0.666068
0.0449667
0.709968
0.0395973
0.0550059
0.511141
0.523493
0.541515
0.569848
0.600243
0.640715
0.680044
0.725011
0.764608
0.0720206
0.0339713
-0.0352176
0.0741149
0.103864
-0.105958
0.0769488
0.177215
-0.180049
0.0801722
0.256137
-0.25936
0.0834055
0.341206
-0.34444
0.0858687
0.433915
-0.436379
0.0868735
0.53255
-0.533554
0.086281
0.644466
-0.643874
0.0815357
0.787122
-0.782376
0.973605
-0.957701
0.0718747
0.0328527
0.0736572
0.102081
0.0760345
0.174838
0.0786888
0.253482
0.0812685
0.338627
0.0831061
0.432078
0.0835222
0.532134
0.0825777
0.645411
0.0783229
0.791377
0.987046
0.0716852
0.0319087
0.0731098
0.100657
0.0749774
0.17297
0.0770014
0.251458
0.0788494
0.336779
0.0799623
0.430965
0.0796935
0.532402
0.0782954
0.646809
0.074354
0.795318
0.997575
0.0714547
0.0311851
0.072479
0.0996324
0.0737888
0.17166
0.0751253
0.250122
0.0761686
0.335735
0.0764578
0.430676
0.0754047
0.533455
0.0734854
0.648728
0.0698971
0.798906
1.00466
0.0711862
0.030726
0.0717711
0.0990474
0.0724804
0.170951
0.0730767
0.249526
0.0732483
0.335564
0.0726183
0.431306
0.0706783
0.535395
0.0681549
0.651252
0.0645147
0.802546
1.00796
0.0708821
0.0305737
0.0709922
0.0989374
0.0710637
0.170879
0.0708723
0.249717
0.0701117
0.336324
0.0684707
0.432947
0.0655578
0.538308
0.0624423
0.654367
0.0592834
0.805705
1.00683
0.0705451
0.0307686
0.0701484
0.0993342
0.0695499
0.171478
0.0685293
0.250738
0.0667824
0.338071
0.0640394
0.43569
0.0600471
0.542301
0.0560943
0.65832
0.0523019
0.809498
1.00105
0.0701774
0.0313491
0.0692447
0.100267
0.0679475
0.172775
0.0660629
0.252622
0.0632837
0.34085
0.0593644
0.439609
0.0543518
0.547313
0.0498109
0.662861
0.0486692
0.810639
0.990927
0.0697828
0.0323501
0.0682863
0.101763
0.0662591
0.174802
0.0634824
0.255399
0.0596345
0.344698
0.0543999
0.444844
0.0480977
0.553615
0.0417773
0.669181
0.0402103
0.812206
0.976096
0.0693953
0.0673271
0.0645239
0.060799
0.0558967
0.049563
0.0427472
0.0368134
0.0471013
0.0704741
0.0440161
-0.0437249
0.0723592
0.129673
-0.131558
0.0760367
0.215799
-0.219477
0.0807472
0.302887
-0.307598
0.0853331
0.389513
-0.394099
0.0886386
0.474163
-0.477468
0.0885835
0.557882
-0.557827
0.0809934
0.636556
-0.628966
0.0627342
0.707013
-0.688754
0.768165
-0.768056
0.0709605
0.0438659
0.0732748
0.127358
0.0773496
0.211724
0.0825861
0.297651
0.0880235
0.384076
0.0928756
0.469311
0.0961517
0.554606
0.0945344
0.638174
0.0856076
0.71594
0.791001
0.0713195
0.0433858
0.0738752
0.124803
0.0781009
0.207499
0.0834673
0.292284
0.0890975
0.378446
0.0941991
0.464209
0.0980402
0.550765
0.0973403
0.638874
0.0876233
0.725657
0.815786
0.0716092
0.0426311
0.0743296
0.122082
0.0786135
0.203215
0.0839621
0.286936
0.089537
0.372871
0.0943715
0.459375
0.0977221
0.547414
0.0962875
0.640308
0.0853629
0.736581
0.837596
0.0718366
0.0416541
0.074653
0.119266
0.078923
0.198945
0.0841621
0.281697
0.08958
0.367453
0.0940695
0.454885
0.0969273
0.544556
0.0954643
0.641771
0.0854006
0.746645
0.858474
0.0720048
0.040506
0.074852
0.116419
0.0790446
0.194752
0.0841116
0.27663
0.0893393
0.362225
0.0935843
0.45064
0.0962549
0.541885
0.0953809
0.642645
0.0865002
0.755526
0.879604
0.0721153
0.0392378
0.07493
0.113604
0.0789815
0.190701
0.0838159
0.271795
0.0888103
0.357231
0.0928515
0.446599
0.0954016
0.539335
0.094996
0.643051
0.0869866
0.763535
0.900574
0.07217
0.0379004
0.0748906
0.110883
0.0787353
0.186856
0.0832713
0.267259
0.0879597
0.352542
0.091744
0.442815
0.0940553
0.537024
0.0938209
0.643285
0.0866443
0.770712
0.920799
0.072171
0.0365437
0.0747383
0.108316
0.0783103
0.183284
0.0824785
0.263091
0.0867723
0.348249
0.0902095
0.439377
0.0921622
0.535071
0.0919245
0.643523
0.0856569
0.776979
0.939945
0.0721205
0.0744784
0.0777133
0.0814444
0.0852535
0.0882521
0.0897692
0.0894183
0.0840212
0.499317
0.00724584
0.478249
0.021068
0.444689
0.03356
0.401088
0.0436005
0.350588
0.0505007
0.296921
0.0536669
0.24429
0.0526308
0.197254
0.0470363
0.160567
0.0366865
0.0215335
0.139034
0.427334
0.0140785
0.407385
0.0410171
0.375528
0.0654165
0.333615
0.0855136
0.284116
0.0999996
0.230097
0.107686
0.17521
0.107518
0.12354
0.0987058
0.0795501
0.0806767
0.0531865
0.047897
0.365605
0.0205773
0.346547
0.0600754
0.315844
0.0961193
0.274737
0.126622
0.225022
0.149715
0.169016
0.163691
0.109343
0.167191
0.0488787
0.15917
-0.00863755
0.138193
0.103352
-0.0588031
0.313021
0.0265
0.295526
0.0775699
0.266894
0.124751
0.227624
0.165892
0.178481
0.198858
0.120561
0.221612
0.0554726
0.232279
-0.0142004
0.228844
-0.0844685
0.208461
0.169426
-0.150543
0.268324
0.0315956
0.253096
0.0927983
0.227671
0.150177
0.191984
0.201579
0.146297
0.244544
0.0914547
0.276454
0.0278257
0.295908
-0.0462162
0.302885
-0.128848
0.291093
0.250172
-0.209593
0.230298
0.035729
0.217737
0.105359
0.196254
0.17166
0.165152
0.232681
0.123608
0.286087
0.0708394
0.329223
0.00629085
0.360457
-0.0706096
0.379786
-0.156662
0.377145
0.335314
-0.241804
0.197861
0.038897
0.187988
0.115232
0.170654
0.188993
0.144807
0.258529
0.109339
0.321556
0.0634657
0.375096
0.00737912
0.416543
-0.0621402
0.449305
-0.152311
0.467316
0.434935
-0.251932
0.170106
0.0411907
0.162704
0.122634
0.149285
0.202412
0.128484
0.279329
0.0986496
0.35139
0.057422
0.416324
0.00300655
0.470959
-0.0650151
0.517327
-0.151939
0.55424
0.534194
-0.251198
0.14629
0.0427594
0.140996
0.127928
0.131082
0.212326
0.115116
0.295295
0.0916536
0.374853
0.0587777
0.4492
0.0143514
0.515385
-0.0412536
0.572932
-0.117492
0.630478
0.651736
-0.235034
0.125872
0.122242
0.115091
0.102789
0.0835426
0.0552742
0.0128325
-0.0432017
-0.101477
-0.217797
0.134168
0.00486589
0.130777
0.00339107
0.128914
0.00186269
0.128608
0.00030581
0.129888
-0.00127965
0.132778
-0.0028902
0.137301
-0.00452324
0.143478
-0.00617717
0.151329
-0.00785068
-0.00954224
0.160871
0.0448199
0.007943
0.0425949
0.00561607
0.0412804
0.00317716
0.0409405
0.000645698
0.0416287
-0.00196786
0.0433846
-0.00464606
0.0462356
-0.0073742
0.0501983
-0.0101399
0.0552788
-0.0129312
-0.0157355
0.061472
-0.0610692
0.0102091
-0.063121
0.00766795
-0.0648562
0.00491236
-0.0661767
0.00196613
-0.06701
-0.00113453
-0.0673019
-0.0043541
-0.0670142
-0.00766193
-0.0661238
-0.0110303
-0.0646237
-0.0144313
-0.0178355
-0.0625237
-0.152684
0.0123509
-0.154897
0.00988101
-0.157049
0.00706366
-0.159067
0.00398475
-0.160894
0.000691822
-0.162479
-0.00276923
-0.163785
-0.00635568
-0.164789
-0.0100259
-0.165484
-0.0137362
-0.0174397
-0.16588
-0.212146
0.014903
-0.214694
0.0124299
-0.217255
0.00962388
-0.219785
0.0065154
-0.222235
0.0031417
-0.224562
-0.000442506
-0.226736
-0.00418191
-0.228742
-0.00801918
-0.230585
-0.011894
-0.0157435
-0.232281
-0.245292
0.018391
-0.248449
0.0155862
-0.251583
0.0127586
-0.254632
0.00956427
-0.257555
0.00606421
-0.260318
0.00232128
-0.262907
-0.00159316
-0.265319
-0.00560717
-0.267566
-0.00964715
-0.01364
-0.269669
-0.258138
0.0245974
-0.263329
0.0207769
-0.268173
0.0176023
-0.272551
0.0139426
-0.276514
0.0100269
-0.280059
0.00586637
-0.28319
0.00153813
-0.28591
-0.00288767
-0.28823
-0.00732723
-0.0116961
-0.290173
-0.260234
0.0336343
-0.267618
0.0281603
-0.274566
0.0245499
-0.280704
0.0200808
-0.286107
0.0154304
-0.290735
0.0104942
-0.294606
0.00540935
-0.297733
0.000239179
-0.300142
-0.00491888
-0.00997386
-0.301864
-0.250777
0.0493775
-0.261804
0.0391866
-0.271511
0.0342577
-0.279572
0.0281417
-0.286465
0.0223227
-0.29226
0.0162898
-0.297054
0.0102031
-0.300869
0.00405465
-0.303721
-0.002067
-0.00807635
-0.305619
-0.235787
-0.249395
-0.260899
-0.270504
-0.278694
-0.285563
-0.291218
-0.295702
-0.299034
-0.30122
0.172122
-0.0112505
0.185093
-0.0129711
0.199794
-0.0147007
0.216228
-0.0164342
0.234393
-0.018165
0.254279
-0.019886
0.275869
-0.02159
0.299142
-0.0232729
0.324083
-0.0249414
-0.0265831
0.350666
0.0687602
-0.0185386
0.0771141
-0.021325
0.08649
-0.0240767
0.0968299
-0.0267741
0.108061
-0.0293958
0.120093
-0.0319178
0.132817
-0.0343141
0.146109
-0.0365656
0.159855
-0.038687
-0.0406162
0.173888
-0.059855
-0.0212073
-0.0566625
-0.0245175
-0.0530131
-0.027726
-0.0489914
-0.0307957
-0.0446984
-0.0336888
-0.0402616
-0.0363546
-0.0358597
-0.038716
-0.0317139
-0.0407113
-0.0279274
-0.0424736
-0.0440561
-0.0244875
-0.16601
-0.0210777
-0.165919
-0.0246085
-0.165677
-0.0279681
-0.165363
-0.0311097
-0.165054
-0.0339974
-0.164863
-0.0365457
-0.16505
-0.0385288
-0.166004
-0.0397579
-0.167639
-0.0408384
-0.0427144
-0.16898
-0.23387
-0.0194887
-0.235398
-0.0230808
-0.236933
-0.0264326
-0.23854
-0.0295026
-0.240238
-0.0322998
-0.242062
-0.0347216
-0.244351
-0.0362399
-0.24779
-0.0363189
-0.252118
-0.0365102
-0.0400931
-0.254739
-0.271665
-0.0174935
-0.273587
-0.0211587
-0.275496
-0.024523
-0.277455
-0.0275441
-0.279447
-0.0303072
-0.281404
-0.0327651
-0.283625
-0.0340189
-0.287066
-0.0328775
-0.291543
-0.0320335
-0.0383109
-0.293325
-0.291778
-0.0158884
-0.293075
-0.0198618
-0.294121
-0.0234772
-0.295006
-0.0266589
-0.295782
-0.0295317
-0.296354
-0.0321935
-0.296826
-0.0335461
-0.298102
-0.0316021
-0.30024
-0.0298948
-0.0385571
-0.299994
-0.30294
-0.0148124
-0.303389
-0.0194125
-0.303245
-0.0236213
-0.302596
-0.0273083
-0.301613
-0.0305144
-0.300338
-0.0334683
-0.298558
-0.0353265
-0.296639
-0.0335206
-0.295104
-0.0314298
-0.0422791
-0.291382
-0.306586
-0.0138449
-0.306638
-0.0193604
-0.305795
-0.0244647
-0.304096
-0.0290073
-0.301732
-0.0328781
-0.299004
-0.0361967
-0.295517
-0.0388132
-0.290267
-0.0387707
-0.284733
-0.0369643
-0.0499777
-0.277034
-0.302291
-0.302274
-0.301178
-0.298983
-0.295688
-0.291498
-0.286454
-0.278455
-0.265665
-0.264102
0.450891
-0.100225
0.542791
-0.0918994
0.634452
-0.0916611
0.730949
-0.0964975
0.827637
-0.0966879
0.920031
-0.0923942
1.00424
-0.0842085
1.0785
-0.0742621
1.13999
-0.0614849
1.18877
-0.0487805
1.22409
-0.0353202
1.24683
-0.0227445
1.2593
-0.0124693
1.25875
0.000548134
1.25439
0.00436124
1.235
0.0193926
1.2206
0.0144005
1.19566
0.0249406
1.17989
0.0157671
0.00480219
0.259022
-0.185359
0.320974
-0.153851
0.399765
-0.170453
0.484724
-0.181456
0.569836
-0.1818
0.65213
-0.174689
0.727695
-0.159773
0.793889
-0.140456
0.848591
-0.116187
0.892142
-0.0923318
0.924004
-0.0671827
0.946213
-0.0449527
0.958424
-0.0246806
0.962379
-0.00340721
0.960066
0.00667502
0.947346
0.0321124
0.940154
0.0215918
0.919168
0.0459274
0.909267
0.0256675
0.00279596
0.0592598
-0.269106
0.115745
-0.210336
0.201452
-0.25616
0.288668
-0.268672
0.372879
-0.266011
0.450434
-0.252244
0.518673
-0.228013
0.576076
-0.197859
0.622402
-0.162512
0.65837
-0.1283
0.684506
-0.0933191
0.702861
-0.0633076
0.712526
-0.034346
0.716979
-0.00785928
0.713144
0.0105091
0.706298
0.0389593
0.699484
0.0284058
0.677674
0.0677372
0.677542
0.0257994
-0.00674119
-0.0743676
-0.363719
0.00069277
-0.285397
0.0934419
-0.348909
0.179703
-0.354933
0.258282
-0.344589
0.327087
-0.321049
0.385291
-0.286216
0.432406
-0.244974
0.469375
-0.199481
0.497121
-0.156045
0.516952
-0.11315
0.530405
-0.0767604
0.536749
-0.0406902
0.539371
-0.0104812
0.53438
0.0154996
0.529677
0.0436631
0.518191
0.0398912
0.499471
0.0864576
0.510039
0.0152311
-0.0191736
-0.155433
-0.463025
-0.061098
-0.379732
0.0291158
-0.439123
0.11083
-0.436647
0.182724
-0.416484
0.243363
-0.381689
0.292653
-0.335506
0.331041
-0.283362
0.360246
-0.228686
0.381499
-0.177299
0.396483
-0.128134
0.406207
-0.0864848
0.410384
-0.0448668
0.411868
-0.0119649
0.406837
0.0205302
0.401745
0.0487549
0.387673
0.053963
0.376423
0.0977081
0.392622
-0.000968144
-0.0292888
-0.199699
-0.556651
-0.09346
-0.485971
-0.00716897
-0.525414
0.0702781
-0.514094
0.135501
-0.481707
0.18789
-0.434077
0.228522
-0.376139
0.258942
-0.313782
0.281353
-0.251098
0.297246
-0.193191
0.3083
-0.139188
0.315225
-0.0934103
0.318119
-0.0477609
0.319003
-0.0128491
0.314191
0.0253423
0.308398
0.0545478
0.295367
0.0669948
0.29148
0.101595
0.307579
-0.0170673
-0.0350622
-0.216137
-0.640508
-0.104981
-0.597127
-0.0217993
-0.608596
0.049574
-0.585467
0.106724
-0.538857
0.150411
-0.477764
0.182864
-0.408592
0.206317
-0.337235
0.223088
-0.267868
0.234728
-0.204832
0.242712
-0.147172
0.247621
-0.09832
0.249717
-0.0498567
0.250153
-0.0132846
0.24566
0.029835
0.239814
0.0603938
0.229721
0.0770878
0.230772
0.100544
0.243679
-0.0299743
-0.0368939
-0.211544
-0.720347
-0.101186
-0.707484
-0.0215462
-0.688236
0.0413446
-0.648358
0.0892715
-0.586784
0.124326
-0.512818
0.149422
-0.433687
0.167001
-0.354814
0.179239
-0.280106
0.187589
-0.213182
0.193245
-0.152828
0.196718
-0.101793
0.19825
-0.051388
0.198301
-0.0133358
0.194261
0.0338747
0.188966
0.0656885
0.182025
0.0840291
0.185596
0.0969728
0.194627
-0.0390054
-0.0359808
-0.192247
-0.805134
-0.0879286
-0.811802
-0.0132411
-0.762924
0.0395009
-0.7011
0.0780172
-0.6253
0.105234
-0.540035
0.124093
-0.452546
0.136935
-0.367656
0.145653
-0.288824
0.151515
-0.219043
0.155446
-0.156759
0.157886
-0.104233
0.158983
-0.0524858
0.158737
-0.0130899
0.155246
0.0373658
0.150797
0.0701381
0.14643
0.0883956
0.150896
0.0925066
0.156565
-0.0446744
-0.0334558
-0.161155
-0.908082
-0.0708372
-0.90212
-0.00432323
-0.829438
0.0388631
-0.744286
0.0692799
-0.655717
0.0901476
-0.560903
0.104131
-0.46653
0.113392
-0.376917
0.119485
-0.294918
0.123533
-0.223091
0.126194
-0.15942
0.127899
-0.105938
0.128647
-0.0532331
0.128198
-0.0126415
0.125309
0.0402548
0.121702
0.0737453
0.119229
0.0908686
0.123665
0.0880708
0.126765
-0.0477751
-0.0301975
0.0991432
-0.943601
0.118444
-0.92142
0.122596
-0.83359
0.118067
-0.739757
0.110383
-0.648034
0.100976
-0.551496
0.0916459
-0.457199
0.0833794
-0.368651
0.0766416
-0.28818
0.0715508
-0.218
0.0678972
-0.155766
0.0654058
-0.103447
0.0637291
-0.0515564
0.0622655
-0.0111778
0.0605457
0.0419746
0.0593605
0.0749304
0.0598447
0.0903844
0.0643479
0.0835676
0.0667395
-0.0501666
-0.0290192
0.110826
-0.989605
0.118811
-0.929406
0.121118
-0.835896
0.115511
-0.73415
0.107708
-0.64023
0.0987592
-0.542547
0.0899954
-0.448435
0.0822889
-0.360944
0.0760052
-0.281896
0.0712304
-0.213226
0.0677646
-0.1523
0.0653528
-0.101035
0.0636574
-0.049861
0.0620539
-0.00957435
0.0601929
0.0438356
0.0588982
0.0762252
0.0593682
0.0899144
0.0635644
0.0793714
0.0651009
-0.0517031
-0.0271972
0.107076
-1.02969
0.113459
-0.935789
0.115695
-0.838133
0.1112
-0.729654
0.104045
-0.633076
0.0959206
-0.534422
0.0878792
-0.440394
0.0807906
-0.353855
0.0749892
-0.276095
0.0705515
-0.208788
0.0672983
-0.149047
0.0649903
-0.0987268
0.0633071
-0.0481778
0.0616075
-0.00787474
0.0596597
0.0457834
0.0583311
0.0775538
0.0588005
0.0894451
0.0626921
0.0754798
0.0634434
-0.0524544
-0.0248082
0.105299
-1.06547
0.109919
-0.940409
0.110457
-0.838671
0.106629
-0.725826
0.0999854
-0.626432
0.0926541
-0.527091
0.0853806
-0.433121
0.0789476
-0.347422
0.0736539
-0.270801
0.0695701
-0.204704
0.0665437
-0.146021
0.0643558
-0.0965389
0.0627053
-0.0465273
0.0609441
-0.00611353
0.0589662
0.0477613
0.0576569
0.0788631
0.0581474
0.0889545
0.0617306
0.0718967
0.0617609
-0.0524847
-0.0219426
0.100264
-1.09457
0.104645
-0.94479
0.10438
-0.838407
0.101459
-0.722905
0.0955116
-0.620484
0.0889757
-0.520555
0.0824876
-0.426632
0.0767307
-0.341665
0.0719723
-0.266043
0.0682727
-0.201004
0.0655016
-0.14325
0.0634605
-0.0944978
0.0618688
-0.0449355
0.060083
-0.00432778
0.058128
0.0497163
0.0568831
0.080108
0.0574098
0.0884279
0.0606836
0.0686228
0.0600629
-0.0518639
-0.0186879
0.0955198
-1.11771
0.0992552
-0.948525
0.0981535
-0.837305
0.0958478
-0.7206
0.0906553
-0.615292
0.0849102
-0.51481
0.0792189
-0.420941
0.0741501
-0.336597
0.0699456
-0.261839
0.0666576
-0.197716
0.0641736
-0.140766
0.0623121
-0.0926363
0.060811
-0.0434344
0.0590419
-0.00255872
0.0571605
0.0515977
0.0560182
0.0812503
0.0565902
0.0878559
0.0595571
0.0656558
0.0583585
-0.0506653
-0.015128
0.0898362
-1.13461
0.0929831
-0.951672
0.0915335
-0.835855
0.0897737
-0.71884
0.0854245
-0.610943
0.080487
-0.509872
0.0756037
-0.416058
0.0712342
-0.332227
0.067598
-0.258202
0.0647436
-0.194862
0.0625751
-0.138597
0.0609257
-0.0909869
0.059549
-0.0420577
0.0578396
-0.000849354
0.0560789
0.0533584
0.0550699
0.0822593
0.055692
0.0872338
0.058358
0.0629898
0.056657
-0.0489642
-0.0113422
0.0839607
-1.1456
0.086264
-0.953976
0.0846365
-0.834228
0.0833066
-0.71751
0.0798425
-0.607478
0.0757386
-0.505768
0.0716747
-0.411994
0.0680159
-0.328568
0.0649602
-0.255147
0.0625573
-0.192459
0.0607282
-0.136768
0.0593207
-0.0895793
0.0581019
-0.0408389
0.0564952
0.00075731
0.0548975
0.0549561
0.0540452
0.0831116
0.0547194
0.0865597
0.0570947
0.0606145
0.0549673
-0.0468368
-0.00740509
0.0775606
-1.15073
0.0789813
-0.955396
0.0774087
-0.832655
0.0764846
-0.716586
0.0739342
-0.604928
0.070698
-0.502532
0.067466
-0.408762
0.0645292
-0.325632
0.0620649
-0.252682
0.0601281
-0.190522
0.0586584
-0.135298
0.0575189
-0.0884398
0.0564897
-0.0398097
0.0550274
0.00221959
0.0536296
0.0563539
0.0529512
0.08379
0.0536774
0.0858335
0.055776
0.0585159
0.0532981
-0.0443589
-0.00338609
0.070851
0.071277
0.0698687
0.0693534
0.0677299
0.065398
0.0630117
0.0608085
0.0589458
0.0574873
0.0563926
0.0555432
0.0547329
0.0534542
0.0522877
0.0517943
0.0525718
0.0544117
0.0516574
)
;

boundaryField
{
    inlet
    {
        type            calculated;
        value           nonuniform List<scalar> 
40
(
-0.127156
-0.148409
-0.173172
-0.202086
-0.235809
-0.274897
-0.320089
-0.372881
-0.434998
-0.507676
-0.0707743
-0.0707561
-0.0707412
-0.0707311
-0.070727
-0.0707299
-0.0707401
-0.0707579
-0.0707838
-0.0708184
-0.0707653
-0.0708103
-0.0708394
-0.0708545
-0.0708595
-0.0708567
-0.0708472
-0.0708326
-0.0708144
-0.0707944
-0.506563
-0.434167
-0.372104
-0.318944
-0.27342
-0.234432
-0.201029
-0.1724
-0.147858
-0.126837
)
;
    }
    outlet
    {
        type            calculated;
        value           nonuniform List<scalar> 
40
(
0.0636193
0.0721821
0.0821582
0.0939882
0.108237
0.125567
0.146667
0.172147
0.202416
0.237558
0.0460574
0.0445909
0.0432223
0.0419518
0.0407795
0.0397043
0.0387249
0.037839
0.0370441
0.0363366
0.0655611
0.0632788
0.0610544
0.0588953
0.0568082
0.0547986
0.0528712
0.0510302
0.0492791
0.0476207
1.17509
0.911273
0.687079
0.522472
0.402737
0.313353
0.24551
0.193714
0.15404
0.123507
)
;
    }
    top
    {
        type            symmetryPlane;
        value           uniform 0;
    }
    bottom
    {
        type            symmetryPlane;
        value           uniform 0;
    }
    cylinder
    {
        type            calculated;
        value           nonuniform List<scalar> 
80
(
-2.24957e-18
-2.09323e-18
3.84833e-18
1.52795e-17
-1.51e-17
1.8551e-17
-4.38623e-18
-9.69617e-18
-1.31433e-18
2.12433e-17
2.12727e-18
-8.59637e-18
9.53378e-18
-1.28448e-17
-7.04719e-18
-1.34561e-17
-4.71905e-17
-3.74792e-18
2.98678e-17
-4.94195e-17
1.75591e-17
-2.98678e-17
3.74792e-18
1.9435e-17
1.48831e-17
-1.70841e-17
1.28448e-17
-9.53378e-18
8.59637e-18
3.10856e-19
2.24957e-18
2.09323e-18
-3.84833e-18
-1.52795e-17
3.70194e-18
5.29072e-18
3.48153e-17
9.69617e-18
-2.64412e-17
-4.47323e-17
2.12433e-17
2.64412e-17
-9.69617e-18
2.06958e-17
1.8551e-17
-3.70194e-18
1.52795e-17
3.84833e-18
-2.09323e-18
-2.24957e-18
-1.75591e-17
2.11226e-18
-3.74792e-18
-4.08916e-17
1.57265e-17
1.70841e-17
-1.28448e-17
9.53378e-18
-8.59637e-18
-3.10856e-19
3.10856e-19
8.59637e-18
-9.53378e-18
1.28448e-17
-1.70841e-17
1.48831e-17
4.08916e-17
3.74792e-18
-2.11226e-18
1.75591e-17
-2.12433e-17
1.31433e-18
9.69617e-18
4.38623e-18
3.30463e-17
1.51e-17
-1.52795e-17
-3.84833e-18
2.09323e-18
2.24957e-18
)
;
    }
    frontandback
    {
        type            empty;
        value           nonuniform 0();
    }
}


// ************************************************************************* //
