/*--------------------------------*- C++ -*----------------------------------*\
  =========                 |
  \\      /  F ield         | OpenFOAM: The Open Source CFD Toolbox
   \\    /   O peration     | Website:  https://openfoam.org
    \\  /    A nd           | Version:  6.0
     \\/     M anipulation  |
\*---------------------------------------------------------------------------*/
FoamFile
{
    version     2.0;
    format      ascii;
    class       volVectorField;
    location    "23";
    object      U;
}
// * * * * * * * * * * * * * * * * * * * * * * * * * * * * * * * * * * * * * //

dimensions      [0 1 -1 0 0 0 0];

internalField   nonuniform List<vector> 
2400
(
(3.69425 -15.2798 -1.97974e-18)
(0.832861 -15.8165 7.27023e-19)
(1.4312 -16.3249 -6.77557e-19)
(1.94686 -16.3375 -3.9442e-19)
(2.16953 -16.1418 -6.05004e-19)
(2.32597 -15.8842 8.08887e-19)
(2.47024 -15.6412 2.9453e-19)
(2.60196 -15.4404 2.34997e-19)
(2.75112 -15.2831 -5.27649e-19)
(2.88536 -15.2046 -3.11397e-20)
(4.96215 -15.188 2.23371e-18)
(2.13973 -16.1271 -1.41953e-19)
(2.74317 -16.5932 3.98269e-19)
(3.22036 -16.5272 3.74802e-18)
(3.40113 -16.2814 -2.60036e-18)
(3.52033 -15.9956 -1.36631e-19)
(3.63164 -15.7391 -2.7327e-20)
(3.73982 -15.5313 -2.91914e-19)
(3.87873 -15.3698 -4.3774e-19)
(3.97274 -15.2985 -7.53971e-20)
(6.23211 -14.9929 3.96479e-18)
(3.48288 -16.3148 3.17103e-18)
(4.08356 -16.7329 -8.21273e-18)
(4.50857 -16.5923 2.45123e-18)
(4.63775 -16.3026 3.56693e-18)
(4.71295 -15.9942 -1.98659e-18)
(4.78673 -15.7279 -1.52735e-18)
(4.86917 -15.5133 1.26526e-18)
(4.99001 -15.3445 -2.67914e-18)
(5.03376 -15.2859 2.33372e-18)
(7.49069 -14.6852 -1.37329e-17)
(4.84859 -16.3676 5.19101e-18)
(5.4378 -16.7358 -4.76214e-18)
(5.79937 -16.5283 2.16344e-18)
(5.86999 -16.2037 -2.28156e-18)
(5.89694 -15.8799 3.28767e-18)
(5.93149 -15.608 1.45477e-18)
(5.98946 -15.3885 -4.76874e-18)
(6.09316 -15.218 -4.12325e-18)
(6.07841 -15.1855 3.9577e-18)
(8.72618 -14.2598 7.57906e-19)
(6.22075 -16.2802 -1.98664e-18)
(6.79062 -16.5988 -7.50101e-19)
(7.07953 -16.3344 -9.70106e-19)
(7.08701 -15.9857 -5.52991e-18)
(7.06376 -15.6552 8.71105e-19)
(7.05777 -15.3826 -5.07334e-19)
(7.0875 -15.1593 4.97439e-18)
(7.16046 -14.9909 -3.39607e-18)
(7.07528 -15 -1.85542e-18)
(9.92447 -13.7121 1.20763e-17)
(7.58306 -16.0459 -8.88455e-19)
(8.12477 -16.3167 1.33309e-17)
(8.3326 -16.0063 -1.65683e-18)
(8.27376 -15.6455 6.79752e-18)
(8.20193 -15.3192 -7.36753e-19)
(8.16007 -15.0538 -3.92934e-20)
(8.16284 -14.8318 4.08559e-18)
(8.19578 -14.6739 -2.2052e-18)
(8.02838 -14.7355 3.0206e-18)
(11.0742 -13.0425 -4.66457e-18)
(8.92145 -15.6639 1.17634e-18)
(9.4256 -15.8884 -3.62504e-18)
(9.54266 -15.5413 -3.46872e-18)
(9.4109 -15.1782 -2.15093e-19)
(9.28892 -14.8652 1.04025e-17)
(9.21676 -14.6153 -3.66992e-18)
(9.20066 -14.4031 1.54326e-18)
(9.19416 -14.2654 -5.46098e-18)
(8.94589 -14.3827 -2.43441e-18)
(12.1655 -12.2545 1.96096e-17)
(10.2255 -15.1355 -1.89397e-18)
(10.6835 -15.3142 -1.74644e-17)
(10.7004 -14.937 9.50575e-19)
(10.4846 -14.5762 3.37031e-18)
(10.3002 -14.2788 -4.89524e-18)
(10.1901 -14.0472 -5.89097e-18)
(10.1603 -13.8547 8.81573e-18)
(10.1394 -13.7609 -7.91296e-19)
(9.85312 -13.9688 -6.3191e-18)
(13.191 -11.3546 -1.58474e-17)
(11.4875 -14.4667 7.68446e-18)
(11.8944 -14.6 1.06595e-17)
(11.8071 -14.1965 2.75179e-18)
(11.5001 -13.8369 -9.56993e-18)
(11.2348 -13.5482 5.9138e-18)
(11.0523 -13.3286 3.39866e-18)
(10.965 -13.1644 6.77402e-18)
(10.9089 -13.1581 -4.06277e-18)
(10.6224 -13.546 -5.21817e-18)
(14.1429 -10.3501 5.07981e-18)
(12.6996 -13.665 -1.99332e-18)
(13.0543 -13.7534 -4.43235e-19)
(12.867 -13.3263 2.70433e-18)
(12.4757 -12.9639 2.03133e-18)
(12.1312 -12.6734 -1.47203e-18)
(11.8516 -12.4563 -2.76834e-18)
(11.6204 -12.3304 4.06899e-18)
(11.3719 -12.4509 -3.48008e-18)
(10.9416 -13.0408 2.73294e-18)
(18.7036 3.2502 2.79054e-19)
(18.7182 1.73298 8.51234e-19)
(18.6101 0.226829 -2.75905e-18)
(18.3886 -1.25818 2.52186e-18)
(18.0601 -2.71244 9.51774e-19)
(17.632 -4.12857 1.30116e-17)
(17.1082 -5.4979 -5.04195e-18)
(16.4957 -6.81382 -7.53934e-18)
(15.7945 -8.06692 8.62675e-18)
(15.0126 -9.25001 -1.49392e-17)
(20.2189 -0.651824 7.83733e-19)
(19.9694 -2.20583 -3.22547e-19)
(19.5842 -3.73222 -2.31246e-18)
(19.0729 -5.21973 6.04896e-18)
(18.4433 -6.65582 -2.14967e-18)
(17.7061 -8.03256 1.68007e-17)
(16.8689 -9.33772 -1.07849e-17)
(15.9427 -10.5653 1.63293e-17)
(14.9335 -11.7012 -1.20072e-17)
(13.852 -12.7411 -6.53043e-18)
(19.9076 -0.654709 -1.45697e-18)
(19.7366 -2.1634 1.77426e-19)
(19.4322 -3.65886 -6.46635e-18)
(19.0005 -5.12992 4.93576e-18)
(18.447 -6.56379 -5.48703e-18)
(17.7807 -7.95029 -1.07326e-17)
(17.0084 -9.27662 -3.80212e-18)
(16.1413 -10.5333 -3.15359e-18)
(15.1864 -11.7064 1.08196e-17)
(14.1556 -12.7854 6.20246e-18)
(19.0571 -0.468056 6.16417e-19)
(18.9262 -1.90473 -1.07888e-18)
(18.6706 -3.33748 -1.51557e-18)
(18.2938 -4.75734 -6.10712e-18)
(17.8011 -6.15144 3.81958e-18)
(17.1994 -7.50982 1.12397e-17)
(16.4962 -8.8195 4.67565e-18)
(15.7017 -10.0697 9.69681e-19)
(14.8239 -11.2469 2.76222e-18)
(13.8763 -12.3384 -1.18081e-21)
(18.3947 -0.411217 -6.85141e-19)
(18.2571 -1.79064 -2.68222e-18)
(18.003 -3.16763 2.94499e-19)
(17.6327 -4.53889 4.86753e-18)
(17.1551 -5.8885 5.25696e-18)
(16.5739 -7.21147 -3.64934e-18)
(15.8996 -8.49218 -6.73756e-18)
(15.1407 -9.72188 -3.62386e-18)
(14.3077 -10.8862 4.0935e-18)
(13.4164 -11.9729 6.36415e-18)
(17.9412 -0.355037 1.43226e-19)
(17.786 -1.69238 2.188e-18)
(17.5235 -3.02266 -5.14851e-18)
(17.1434 -4.35702 6.40161e-18)
(16.6671 -5.6662 3.88985e-18)
(16.086 -6.96215 7.46948e-18)
(15.424 -8.21717 -1.60297e-18)
(14.6777 -9.43584 -4.78799e-18)
(13.8711 -10.5916 1.13764e-17)
(13.0186 -11.6754 -9.96603e-18)
(17.6001 -0.294184 3.29855e-19)
(17.4244 -1.60115 -2.4857e-18)
(17.1597 -2.88751 -1.56551e-18)
(16.762 -4.19695 -3.39485e-18)
(16.292 -5.46355 -4.90183e-19)
(15.6964 -6.74252 -5.07844e-18)
(15.0463 -7.96918 -3.33812e-18)
(14.29 -9.1968 -6.05499e-19)
(13.5054 -10.3572 -6.7906e-18)
(12.6789 -11.4508 9.77159e-18)
(17.3066 -0.218749 -2.81902e-19)
(17.1022 -1.51131 2.02964e-18)
(16.8512 -2.75639 -8.89618e-19)
(16.4217 -4.05903 1.97501e-18)
(15.9793 -5.27605 4.81726e-18)
(15.3443 -6.55195 8.13331e-18)
(14.7267 -7.72993 -2.21193e-18)
(13.9129 -8.99297 -8.22149e-18)
(13.1678 -10.1697 2.48761e-18)
(12.3258 -11.3365 -1.52102e-17)
(17.0396 -0.101773 4.00575e-19)
(16.7857 -1.39818 -4.64804e-19)
(16.5756 -2.60718 -4.55597e-18)
(16.0833 -3.93511 1.3771e-18)
(15.7104 -5.10019 -3.27456e-18)
(14.9832 -6.41322 -1.43345e-18)
(14.4522 -7.50738 -9.74132e-19)
(13.4688 -8.86331 3.64789e-18)
(12.8249 -10.0186 3.63903e-18)
(11.796 -11.4897 2.93712e-18)
(16.8071 -0.0305894 -8.65821e-19)
(16.4654 -1.33007 1.49491e-18)
(16.3217 -2.50346 7.17676e-19)
(15.7225 -3.88235 2.03449e-18)
(15.4546 -5.0198 -2.11986e-19)
(14.5674 -6.42429 -1.54259e-19)
(14.1575 -7.45769 -5.00764e-18)
(12.8617 -8.97219 6.79839e-18)
(12.3646 -10.0234 -4.44941e-18)
(10.8941 -12.0154 1.34656e-18)
(11.3883 16.0431 -8.65781e-18)
(12.6414 15.147 8.96048e-18)
(13.8026 14.1384 -4.24274e-19)
(14.8607 13.0256 -1.49465e-17)
(15.8035 11.8174 1.06757e-17)
(16.6224 10.5238 -7.3245e-18)
(17.309 9.15737 -1.65043e-18)
(17.8615 7.73227 -1.51505e-18)
(18.2763 6.26304 2.46486e-18)
(18.5581 4.76488 1.71653e-19)
(14.8503 13.1363 1.06106e-17)
(15.96 12.0989 2.16536e-18)
(16.9681 10.959 -1.02191e-17)
(17.8621 9.72367 -1.0341e-17)
(18.6291 8.40152 8.14999e-18)
(19.2609 7.00162 -6.52549e-18)
(19.7486 5.53813 7.19167e-18)
(20.0905 4.02466 -1.99299e-18)
(20.2814 2.479 -5.98674e-18)
(20.3257 0.914096 -4.29458e-19)
(14.3042 12.2348 -1.39171e-18)
(15.3858 11.2951 -1.14139e-18)
(16.3758 10.2585 5.38586e-18)
(17.2623 9.128 5.26444e-18)
(18.034 7.90886 1.13089e-17)
(18.6828 6.60828 3.57677e-18)
(19.2014 5.23888 -2.62381e-18)
(19.5864 3.81373 -5.18163e-18)
(19.8331 2.34764 4.06835e-18)
(19.9411 0.853369 2.77632e-19)
(13.6238 11.5522 3.11359e-18)
(14.6553 10.6861 -6.41e-18)
(15.5972 9.73377 -2.41527e-18)
(16.4391 8.69264 -1.02586e-17)
(17.1733 7.56455 -5.14239e-18)
(17.7939 6.35503 1.01305e-17)
(18.2965 5.07785 6.1176e-18)
(18.6773 3.74432 -5.15086e-18)
(18.9325 2.36832 2.25494e-19)
(19.0597 0.959646 -2.12075e-19)
(13.3534 11.073 -1.02886e-17)
(14.3415 10.2416 1.13873e-17)
(15.234 9.33646 -2.88861e-18)
(16.0206 8.34548 5.63875e-18)
(16.7003 7.26882 -3.83498e-18)
(17.2702 6.11163 -5.78941e-18)
(17.7304 4.89197 2.90459e-18)
(18.0755 3.61735 -3.05062e-18)
(18.3035 2.30331 -2.80424e-18)
(18.4097 0.954957 1.18324e-18)
(13.231 10.7562 -1.46434e-18)
(14.1939 9.94865 2.25352e-18)
(15.0557 9.07815 -2.59395e-18)
(15.7994 8.11697 -1.13687e-17)
(16.4345 7.07105 5.98981e-18)
(16.9595 5.94675 9.27431e-19)
(17.3824 4.76872 -5.21835e-18)
(17.6923 3.53516 -1.79951e-18)
(17.8932 2.26778 1.54142e-18)
(17.9734 0.962458 -4.1772e-19)
(13.1347 10.5216 -5.99516e-18)
(14.0679 9.74995 -1.10643e-19)
(14.9111 8.91232 2.68177e-18)
(15.6255 7.96281 6.56791e-18)
(16.2335 6.93333 1.34587e-18)
(16.7242 5.83016 3.11425e-18)
(17.1228 4.6856 5.86949e-18)
(17.4025 3.48078 -2.52605e-18)
(17.5859 2.25263 2.10494e-18)
(17.6415 0.979061 -7.64092e-19)
(13.0834 10.3119 -1.85093e-18)
(13.9309 9.63026 2.32444e-18)
(14.738 8.83365 2.37227e-18)
(15.4238 7.88016 -3.07975e-18)
(16.0232 6.86291 -1.64471e-18)
(16.4882 5.77481 -3.64958e-18)
(16.8788 4.65677 3.16336e-19)
(17.1312 3.46608 -8.15477e-19)
(17.3126 2.26944 -4.45678e-18)
(17.3424 1.0142 5.94607e-19)
(13.3033 9.94943 -6.35608e-19)
(13.9432 9.47107 -4.20359e-18)
(14.6278 8.73051 -1.34984e-18)
(15.2416 7.78046 7.13116e-19)
(15.8298 6.80527 -4.44277e-19)
(16.2546 5.74945 3.20166e-18)
(16.6436 4.66914 1.24896e-18)
(16.8582 3.49199 1.8423e-18)
(17.055 2.33186 2.11369e-18)
(17.0487 1.08902 -8.55966e-19)
(13.9454 9.1952 -2.75042e-18)
(14.3582 9.01212 4.65076e-18)
(14.7812 8.30992 -7.25536e-18)
(15.2318 7.39949 -7.1661e-20)
(15.7784 6.52013 5.57084e-18)
(16.1164 5.52965 2.71751e-19)
(16.4876 4.52542 2.30359e-18)
(16.6265 3.38997 -4.68594e-18)
(16.8457 2.30329 -3.64814e-20)
(16.773 1.09271 4.01021e-19)
(1.8536 14.275 2.18898e-19)
(1.83121 14.3499 -9.31479e-20)
(1.83955 14.3771 -4.54635e-20)
(1.81516 14.3913 6.05865e-19)
(1.7405 14.4245 -2.82458e-19)
(1.6269 14.5257 -9.18097e-19)
(1.50125 14.8324 9.7091e-19)
(1.55328 15.6663 2.97137e-19)
(1.38385 17.1156 3.90138e-19)
(-3.08415 18.3328 1.80318e-18)
(3.03296 14.0057 5.73793e-19)
(2.98909 14.1983 -1.70264e-18)
(2.98145 14.3074 1.67371e-18)
(2.94662 14.3796 3.26467e-19)
(2.87209 14.4594 -6.19804e-19)
(2.77013 14.6048 7.31324e-19)
(2.67509 14.9568 2.30129e-18)
(2.79627 15.8139 -2.89384e-18)
(2.72992 17.2453 3.33747e-20)
(-1.66209 18.6416 -2.05002e-18)
(4.07974 13.9331 2.22302e-18)
(4.08472 14.1003 -3.06332e-18)
(4.10092 14.2095 -1.17336e-18)
(4.0841 14.3 -8.55569e-20)
(4.02655 14.4092 -1.01817e-18)
(3.94464 14.5913 -4.13351e-19)
(3.88455 14.9836 7.19111e-19)
(4.07486 15.8563 1.97365e-18)
(4.10575 17.2597 1.41895e-18)
(-0.205883 18.832 -3.62893e-18)
(5.34676 13.4782 2.05491e-18)
(5.30117 13.7693 -2.45542e-18)
(5.28815 13.9591 -2.29348e-18)
(5.26207 14.1054 1.47437e-18)
(5.20999 14.2585 6.76475e-18)
(5.14559 14.4804 -2.51975e-18)
(5.12151 14.9099 1.90436e-18)
(5.37992 15.7909 -5.87711e-18)
(5.50197 17.1575 -6.39796e-18)
(1.27478 18.9046 7.03334e-18)
(6.41816 13.2659 1.52069e-18)
(6.42181 13.5064 -1.02309e-18)
(6.43476 13.6861 3.00894e-18)
(6.43342 13.8443 -2.57212e-18)
(6.40274 14.0219 1.79566e-18)
(6.3617 14.2745 1.54778e-18)
(6.37607 14.7346 1.51112e-18)
(6.70101 15.6158 1.04103e-18)
(6.9064 16.9376 3.70677e-18)
(2.76876 18.858 3.15807e-18)
(7.69997 12.6307 -4.49152e-18)
(7.63193 13.0117 -1.25826e-18)
(7.61698 13.2699 5.16807e-18)
(7.61679 13.4766 -5.5672e-18)
(7.60007 13.6895 -2.50338e-18)
(7.58234 13.9721 -5.77113e-18)
(7.63733 14.4569 4.30483e-19)
(8.02775 15.3296 -5.51267e-18)
(8.31005 16.5991 -6.02631e-19)
(4.26662 18.692 -9.64512e-18)
(8.77576 12.2078 6.27539e-18)
(8.75419 12.5594 -1.08437e-17)
(8.76476 12.8201 5.9598e-18)
(8.78824 13.0382 3.07364e-18)
(8.791 13.27 -6.14588e-19)
(8.79767 13.5743 7.64775e-18)
(8.89428 14.0762 -5.09827e-18)
(9.34811 14.932 -1.11618e-17)
(9.6984 16.1421 -1.27029e-18)
(5.75584 18.4048 8.9703e-18)
(10.0715 11.3592 -3.76334e-21)
(9.95316 11.8974 5.09125e-18)
(9.92138 12.248 -2.40241e-18)
(9.94075 12.5073 2.23392e-18)
(9.95877 12.7616 2.36069e-18)
(9.99339 13.0826 -3.63412e-18)
(10.1348 13.5936 2.4664e-18)
(10.6505 14.4227 -4.86246e-18)
(11.0625 15.5664 1.4195e-17)
(7.22634 17.9973 -4.30123e-18)
(11.276 10.6662 -2.77368e-18)
(11.1328 11.2615 -1.43941e-18)
(11.0578 11.641 6.72231e-18)
(11.067 11.9061 -9.21327e-18)
(11.0984 12.1684 8.81987e-18)
(11.1608 12.4983 -4.32876e-18)
(11.3466 13.01 -7.19015e-18)
(11.9204 13.8023 1.12462e-18)
(12.384 14.8732 -2.3477e-17)
(8.6637 17.4671 1.64305e-17)
(12.6302 9.8333 7.20559e-18)
(12.3154 10.5436 -6.67241e-18)
(12.116 10.9795 6.69055e-18)
(12.1233 11.2433 -5.65594e-19)
(12.1883 11.4992 -6.5949e-18)
(12.2856 11.827 -3.35787e-18)
(12.5156 12.3282 3.85621e-18)
(13.1444 13.0722 9.45593e-18)
(13.6547 14.0627 1.09724e-17)
(10.057 16.8176 -4.52741e-21)
(-6.05215 11.1971 -4.8389e-18)
(-6.26151 10.5332 3.79689e-18)
(-6.36863 10.0391 -1.54413e-18)
(-6.41253 9.74186 3.53147e-18)
(-6.47866 9.50553 2.72259e-18)
(-6.59287 9.28423 4.38591e-18)
(-6.83008 9.174 5.7383e-18)
(-7.28918 9.58654 2.83354e-18)
(-8.46033 10.6646 4.24446e-18)
(-13.3242 9.80738 -2.49525e-18)
(-5.82564 11.752 2.70745e-18)
(-5.97376 11.211 2.92061e-18)
(-5.97463 10.8315 -4.95492e-18)
(-5.93896 10.5736 -2.46145e-18)
(-5.96965 10.3386 -4.08775e-18)
(-6.0794 10.1143 7.40511e-18)
(-6.31899 10.0134 -2.98517e-18)
(-6.74957 10.4561 -6.55335e-18)
(-7.8428 11.6012 -4.68842e-18)
(-12.72 10.9816 6.34971e-18)
(-5.2246 12.2612 -1.00278e-18)
(-5.41842 11.8571 5.8169e-19)
(-5.43645 11.551 -6.46661e-18)
(-5.39524 11.3189 4.23957e-18)
(-5.41499 11.0945 3.49586e-18)
(-5.51851 10.8848 -2.30429e-18)
(-5.75068 10.8099 7.2241e-20)
(-6.14142 11.2923 1.13248e-17)
(-7.14504 12.5016 1.05066e-18)
(-12.0153 12.1119 -5.25441e-18)
(-4.44404 12.6795 -6.87916e-18)
(-4.66046 12.3787 4.1157e-18)
(-4.71737 12.1396 -1.23269e-18)
(-4.71264 11.9495 2.68892e-18)
(-4.75697 11.7593 -7.4883e-18)
(-4.87403 11.5853 2.63504e-19)
(-5.10497 11.5527 1.52855e-18)
(-5.45377 12.0835 -4.61243e-19)
(-6.36173 13.3535 -8.07333e-19)
(-11.2099 13.1872 6.20732e-18)
(-3.72161 13.178 5.67946e-18)
(-3.90525 12.923 1.65522e-19)
(-3.95125 12.7065 -3.11666e-18)
(-3.95673 12.5303 6.95299e-20)
(-4.01669 12.3626 4.89168e-19)
(-4.14632 12.2234 -4.96246e-18)
(-4.37623 12.2376 1.10424e-18)
(-4.68107 12.8203 -1.17887e-18)
(-5.49014 14.1455 -1.97176e-19)
(-10.3047 14.1955 -8.04322e-18)
(-2.88148 13.4826 -1.92622e-19)
(-3.05331 13.3181 4.18482e-18)
(-3.09991 13.1643 -3.89892e-18)
(-3.11984 13.0271 3.76131e-19)
(-3.19561 12.8944 -7.13424e-19)
(-3.33682 12.7955 4.11475e-18)
(-3.56414 12.8597 6.93787e-19)
(-3.82213 13.4943 4.36346e-19)
(-4.52947 14.8668 2.73658e-18)
(-9.30236 15.1261 1.68165e-18)
(-2.06731 13.8556 -2.86245e-18)
(-2.20134 13.7325 3.34588e-18)
(-2.22915 13.6 1.70185e-19)
(-2.24687 13.4772 4.61079e-18)
(-2.3234 13.3672 -2.60935e-18)
(-2.46389 13.3032 1.78764e-18)
(-2.67915 13.4154 -1.63066e-18)
(-2.88339 14.0986 3.47152e-18)
(-3.48551 15.5081 3.4627e-18)
(-8.20859 15.9693 3.32343e-18)
(-1.08825 13.9903 -1.78514e-18)
(-1.22085 13.964 2.2304e-18)
(-1.25961 13.9013 -1.05074e-18)
(-1.29441 13.8258 -7.88315e-19)
(-1.38142 13.7561 1.62022e-18)
(-1.52338 13.7348 -2.88866e-18)
(-1.72381 13.8971 -1.93094e-18)
(-1.86965 14.6252 6.39254e-18)
(-2.36339 16.0611 -1.18151e-18)
(-7.03105 16.7179 -3.93217e-18)
(-0.18382 14.236 -1.84158e-18)
(-0.266539 14.2211 3.74231e-19)
(-0.282688 14.1696 2.37059e-19)
(-0.311346 14.1118 1.52209e-20)
(-0.393684 14.0702 -1.08509e-18)
(-0.527427 14.0874 3.4305e-18)
(-0.705865 14.2982 -3.10066e-18)
(-0.788246 15.0669 -3.07086e-19)
(-1.17311 16.5179 1.12647e-19)
(-5.77832 17.365 -3.03455e-18)
(0.889316 14.187 5.52292e-19)
(0.807247 14.2685 8.2946e-20)
(0.78399 14.2899 -2.02771e-19)
(0.743634 14.2852 -2.59004e-19)
(0.656263 14.2887 -6.92222e-19)
(0.527469 14.351 5.27118e-19)
(0.372247 14.6116 3.24831e-19)
(0.355612 15.416 5.69219e-19)
(0.080157 16.8719 -6.35253e-19)
(-4.45991 17.9057 5.71021e-19)
(-5.90169 10.1135 -5.37888e-18)
(-7.26312 8.44579 2.32347e-18)
(-7.45481 7.45218 -9.06797e-19)
(-8.59118 6.16541 -3.25377e-18)
(-8.82675 5.21872 -2.05367e-18)
(-9.59085 4.04982 -1.46251e-19)
(-9.805 3.03953 -1.09216e-18)
(-10.3214 1.90169 -3.0602e-19)
(-10.5016 0.862491 -3.97647e-19)
(-10.8197 -0.223677 1.75282e-19)
(-6.47469 9.55574 -3.23582e-18)
(-7.38531 8.22048 -2.67985e-18)
(-7.6875 7.21091 -3.3893e-18)
(-8.5563 6.00666 7.45175e-19)
(-8.8475 5.07503 1.43921e-18)
(-9.48673 3.96662 2.25908e-18)
(-9.74475 2.99536 -9.66982e-19)
(-10.193 1.91546 3.18924e-18)
(-10.3993 0.914271 3.16347e-19)
(-10.6763 -0.132062 -2.79693e-19)
(-6.78829 9.06893 9.46697e-18)
(-7.42478 8.01822 -1.26541e-18)
(-7.8307 7.03239 5.85407e-18)
(-8.48689 5.93782 1.5582e-18)
(-8.84529 4.99887 -5.57941e-18)
(-9.37517 3.94759 -3.29916e-18)
(-9.67896 2.99266 -1.33149e-18)
(-10.0701 1.95918 5.88306e-19)
(-10.3034 0.98067 -1.35879e-18)
(-10.5525 -0.0349142 1.92832e-19)
(-6.90832 8.80128 2.3305e-18)
(-7.44185 7.85414 4.59422e-18)
(-7.89208 6.89605 4.44848e-19)
(-8.42174 5.88877 2.22494e-18)
(-8.81035 4.947 3.3702e-18)
(-9.25825 3.94658 3.21715e-19)
(-9.58263 3.00234 2.18678e-18)
(-9.92814 2.01052 1.01507e-18)
(-10.1754 1.05198 1.65313e-18)
(-10.4052 0.0664825 -2.14299e-19)
(-6.98054 8.60051 6.6296e-18)
(-7.46563 7.68554 -7.7304e-18)
(-7.91059 6.75354 -7.11112e-19)
(-8.36111 5.80604 1.02078e-18)
(-8.74187 4.87992 -1.46046e-18)
(-9.12775 3.92949 -2.47127e-18)
(-9.44573 3.00644 -4.07142e-18)
(-9.75361 2.05902 3.2259e-18)
(-9.9995 1.12791 -3.77586e-19)
(-10.2145 0.178304 -7.80697e-20)
(-7.07414 8.40616 -1.04902e-17)
(-7.52129 7.51091 6.08743e-18)
(-7.93564 6.60398 2.27542e-18)
(-8.32754 5.69598 3.68842e-19)
(-8.67782 4.79585 2.18338e-18)
(-9.0114 3.89045 -3.10523e-18)
(-9.30348 2.99755 -2.89618e-18)
(-9.57453 2.09485 -2.13156e-19)
(-9.80362 1.1981 5.99644e-19)
(-10.0003 0.289034 4.26172e-19)
(-7.29215 8.30366 -2.07862e-18)
(-7.70979 7.41835 -1.66733e-18)
(-8.08911 6.52784 -5.58994e-19)
(-8.4344 5.64172 2.29677e-18)
(-8.74519 4.76312 -6.53104e-18)
(-9.03029 3.8893 -2.08262e-18)
(-9.28385 3.02383 3.52417e-18)
(-9.51291 2.15741 8.91125e-19)
(-9.70969 1.29309 6.30916e-19)
(-9.87618 0.421341 -3.59515e-19)
(-7.76618 8.69533 -6.05938e-18)
(-8.18714 7.79446 -6.09882e-18)
(-8.55816 6.89283 1.01565e-17)
(-8.88582 5.99795 2.16197e-18)
(-9.17446 5.1123 8.75912e-18)
(-9.42971 4.23599 3.12473e-19)
(-9.65232 3.36837 -2.7497e-18)
(-9.84568 2.50505 3.57999e-18)
(-10.0075 1.64422 -1.32121e-19)
(-10.1379 0.780443 8.00958e-19)
(-8.99981 9.70402 9.04393e-19)
(-9.46956 8.73081 9.00874e-18)
(-9.87287 7.75568 -9.07468e-18)
(-10.2196 6.78433 5.74986e-18)
(-10.5137 5.82046 -9.00212e-18)
(-10.7606 4.86551 1.12409e-18)
(-10.9626 3.91946 -3.15594e-18)
(-11.1225 2.98079 1.21768e-18)
(-11.2399 2.0479 1.3939e-19)
(-11.3145 1.11868 -4.21507e-19)
(-13.8266 8.60045 2.1581e-18)
(-14.2313 7.37726 -6.1135e-18)
(-14.5473 6.14528 2.88443e-18)
(-14.7777 4.91386 -2.47186e-18)
(-14.9275 3.68774 1.02504e-18)
(-14.9994 2.47228 5.12882e-18)
(-14.9965 1.27082 6.06208e-19)
(-14.9207 0.0867557 1.43814e-18)
(-14.7734 -1.07724 -6.76544e-19)
(-14.5539 -2.21816 -1.68054e-19)
(-10.901 -1.23584 1.64607e-19)
(-11.0133 -2.27145 -6.80796e-19)
(-10.9606 -3.27138 3.18257e-18)
(-10.9021 -4.27617 -2.10298e-18)
(-10.7323 -5.23822 2.02209e-19)
(-10.5312 -6.16126 -1.69431e-18)
(-10.216 -7.02775 8.36472e-18)
(-9.84702 -7.88145 5.1883e-19)
(-9.50178 -8.62835 -2.33412e-18)
(-9.2418 -8.94889 4.83882e-18)
(-10.7791 -1.12843 6.01414e-19)
(-10.8783 -2.14586 -1.49031e-18)
(-10.8475 -3.1393 -1.32842e-18)
(-10.7815 -4.13722 -8.98793e-19)
(-10.6128 -5.10646 -2.35663e-18)
(-10.3898 -6.05085 -1.53575e-19)
(-10.0639 -6.96164 -5.56302e-19)
(-9.64787 -7.85231 2.03859e-18)
(-9.13259 -8.64352 5.12234e-18)
(-8.58627 -9.20885 -7.74995e-19)
(-10.6786 -1.01879 -4.07972e-19)
(-10.775 -2.01898 3.06103e-18)
(-10.7701 -3.0017 5.94856e-19)
(-10.7139 -3.98466 -2.13824e-19)
(-10.568 -4.94544 2.64654e-18)
(-10.3594 -5.88836 1.18032e-18)
(-10.0614 -6.80522 2.23525e-18)
(-9.6685 -7.68672 -1.87502e-18)
(-9.14522 -8.4865 -4.16e-18)
(-8.50751 -9.19731 -9.56456e-18)
(-10.5484 -0.902371 5.04362e-19)
(-10.6463 -1.88491 -1.42934e-18)
(-10.6631 -2.8581 1.73742e-18)
(-10.6192 -3.83176 -3.98212e-18)
(-10.4953 -4.79121 -2.17048e-18)
(-10.303 -5.73796 -9.39916e-19)
(-10.0272 -6.66035 -4.76999e-18)
(-9.6585 -7.5423 -2.03951e-18)
(-9.16711 -8.36581 1.40566e-19)
(-8.54691 -9.15777 3.11849e-18)
(-10.3667 -0.766359 2.55567e-19)
(-10.469 -1.72379 2.91065e-20)
(-10.504 -2.68033 1.22115e-18)
(-10.476 -3.64105 3.53619e-18)
(-10.3749 -4.59671 -6.20903e-19)
(-10.2019 -5.54564 -4.93317e-18)
(-9.94639 -6.47529 8.08291e-18)
(-9.59865 -7.37243 -2.39493e-18)
(-9.1411 -8.23346 -1.87538e-18)
(-8.56681 -9.08115 -8.15326e-19)
(-10.1493 -0.622653 -7.38514e-19)
(-10.251 -1.54676 6.69314e-19)
(-10.2961 -2.47674 1.99425e-18)
(-10.2817 -3.41518 -1.92156e-18)
(-10.2007 -4.35646 3.7287e-18)
(-10.0484 -5.2973 -4.42804e-19)
(-9.81553 -6.22747 3.72974e-19)
(-9.49272 -7.13891 2.11482e-18)
(-9.07046 -8.03254 1.50995e-18)
(-8.54508 -8.92013 5.51689e-19)
(-10.0043 -0.45611 1.23564e-19)
(-10.0905 -1.34464 -1.38049e-19)
(-10.1287 -2.24254 3.1506e-18)
(-10.1138 -3.15129 -3.74084e-18)
(-10.0395 -4.06781 -6.57559e-18)
(-9.89892 -4.98884 3.20389e-18)
(-9.6834 -5.90767 -1.65821e-18)
(-9.38483 -6.82029 1.6822e-18)
(-8.99715 -7.72804 4.64717e-18)
(-8.518 -8.6355 -4.88801e-18)
(-10.2322 -0.0875746 -1.46644e-19)
(-10.287 -0.962373 -2.28495e-18)
(-10.2976 -1.8446 2.99157e-18)
(-10.2602 -2.73532 1.64637e-18)
(-10.1691 -3.63296 -5.19458e-18)
(-10.0181 -4.53505 -3.93697e-18)
(-9.8007 -5.43815 -3.29281e-19)
(-9.51081 -6.34089 5.80384e-19)
(-9.14397 -7.24456 7.93404e-19)
(-8.69792 -8.15116 -2.02814e-18)
(-11.3427 0.193559 2.37381e-19)
(-11.3239 -0.72838 3.27039e-18)
(-11.2549 -1.64569 1.12319e-18)
(-11.1344 -2.559 -4.01609e-18)
(-10.9588 -3.46631 3.76721e-18)
(-10.7251 -4.36566 -4.79841e-18)
(-10.4301 -5.25523 6.29257e-18)
(-10.0719 -6.1355 -7.43042e-18)
(-9.64866 -7.00827 -3.90073e-18)
(-9.15922 -7.87464 -1.06173e-17)
(-14.2604 -3.33167 -6.5932e-20)
(-13.8955 -4.41137 -1.06455e-18)
(-13.4605 -5.45694 7.86431e-19)
(-12.9562 -6.46238 8.65502e-19)
(-12.3829 -7.42434 -1.91708e-18)
(-11.7418 -8.33762 1.80471e-18)
(-11.0348 -9.19885 -2.2302e-18)
(-10.2654 -10.0057 1.7297e-18)
(-9.43753 -10.7574 -4.4567e-18)
(-8.55454 -11.4525 4.8717e-18)
(-7.61974 -12.0877 7.24601e-18)
(-8.60323 -8.73299 -4.52688e-18)
(-8.17123 -9.05918 -4.24912e-18)
(-7.94757 -9.54219 5.40572e-18)
(-7.91963 -9.80618 -3.49e-19)
(-7.8841 -9.93327 5.26696e-18)
(-7.8138 -9.96525 4.43438e-19)
(-7.75755 -9.92295 -4.01898e-18)
(-7.86331 -9.7604 6.83865e-18)
(-8.44099 -9.26393 -1.08992e-18)
(-6.64349 -12.6631 -7.88553e-18)
(-7.97997 -9.58207 1.75702e-17)
(-7.56282 -9.96186 -8.1855e-19)
(-7.28764 -10.44 -4.8217e-18)
(-7.20353 -10.6808 3.47067e-18)
(-7.1167 -10.7752 -7.26766e-18)
(-7.00284 -10.7753 7.72072e-18)
(-6.89338 -10.7147 -5.75022e-18)
(-6.83259 -10.6017 1.22334e-18)
(-7.06873 -10.277 3.42042e-18)
(-5.62682 -13.1871 4.62075e-18)
(-7.2902 -10.4212 -1.10667e-17)
(-6.87367 -10.8563 3.66683e-18)
(-6.54336 -11.3231 -1.80794e-18)
(-6.40607 -11.5357 3.03043e-18)
(-6.27443 -11.5961 -2.07869e-18)
(-6.12153 -11.5644 -1.85436e-18)
(-5.97238 -11.4736 2.13181e-18)
(-5.87541 -11.3243 -4.53242e-18)
(-6.04875 -11.0224 5.22846e-18)
(-4.57427 -13.6578 -1.0321e-17)
(-6.53073 -11.2468 1.02016e-18)
(-6.10295 -11.7325 3.73563e-18)
(-5.71754 -12.1781 4.5088e-18)
(-5.53269 -12.3563 -6.72157e-18)
(-5.36261 -12.3812 5.03844e-19)
(-5.17417 -12.3247 -2.81225e-18)
(-4.98611 -12.2313 -5.36173e-18)
(-4.82701 -12.1272 9.86753e-18)
(-4.87273 -11.96 2.46351e-18)
(-3.48617 -14.0772 7.39692e-18)
(-5.6993 -12.0528 1.42122e-18)
(-5.25092 -12.5812 4.83501e-18)
(-4.81387 -12.9943 -3.77817e-19)
(-4.58938 -13.1304 5.23862e-18)
(-4.3918 -13.1148 2.35343e-18)
(-4.1858 -13.0262 5.13175e-18)
(-3.99337 -12.9091 -4.82557e-18)
(-3.84943 -12.7808 -3.4454e-19)
(-3.85324 -12.6265 -3.43764e-18)
(-2.36431 -14.4424 5.20152e-18)
(-4.79335 -12.8296 -4.78355e-18)
(-4.3178 -13.389 -8.56276e-19)
(-3.83571 -13.7576 -1.4339e-18)
(-3.58099 -13.8452 -1.44232e-18)
(-3.36478 -13.7876 -1.65107e-18)
(-3.1469 -13.6699 2.49506e-18)
(-2.94654 -13.5396 -2.9199e-18)
(-2.78283 -13.4203 2.56121e-18)
(-2.7152 -13.3103 1.93145e-19)
(-1.2093 -14.7508 -9.15109e-18)
(-3.81166 -13.5659 -3.5494e-18)
(-3.30573 -14.1428 5.80255e-18)
(-2.7885 -14.4553 -1.89339e-18)
(-2.51516 -14.4889 2.4702e-18)
(-2.29203 -14.3872 -6.70136e-18)
(-2.07557 -14.2376 4.80642e-18)
(-1.88394 -14.0845 -1.59622e-18)
(-1.73075 -13.9435 2.48341e-18)
(-1.62232 -13.8289 -2.4727e-18)
(-0.022809 -14.9972 4.2402e-18)
(-2.75439 -14.2481 -1.44138e-18)
(-2.21813 -14.8276 -1.97573e-18)
(-1.67828 -15.0738 -7.42792e-19)
(-1.39836 -15.0502 4.42239e-19)
(-1.17721 -14.9057 1.02657e-18)
(-0.96621 -14.7287 -2.08096e-18)
(-0.778679 -14.562 1.22671e-18)
(-0.611369 -14.4213 3.19874e-18)
(-0.461642 -14.3211 -2.47551e-18)
(1.19312 -15.1745 3.29446e-18)
(-1.62383 -14.8613 -2.66053e-20)
(-1.06066 -15.4289 3.08251e-18)
(-0.513043 -15.6011 -2.44584e-18)
(-0.239782 -15.5187 6.87279e-19)
(-0.0314575 -15.3328 -7.23482e-19)
(0.163573 -15.1298 -3.40397e-19)
(0.335734 -14.9482 -1.7921e-18)
(0.49745 -14.7973 1.83836e-18)
(0.662825 -14.7002 1.37504e-18)
(2.43445 -15.2726 -6.08166e-19)
(-0.425105 -15.3894 -4.21036e-19)
(0.159111 -15.9325 -3.208e-19)
(0.698685 -16.0257 -1.07121e-18)
(0.952763 -15.8853 1.01841e-18)
(1.13968 -15.6615 3.0223e-19)
(1.31346 -15.437 -6.69038e-19)
(1.4697 -15.2461 4.76913e-20)
(1.63398 -15.0959 -3.12321e-19)
(1.79611 -15.0105 -5.99782e-22)
(2.63578 -14.8498 -2.94389e-20)
(1.69479 -12.6235 -1.04805e-20)
(0.748946 -9.94538 2.31228e-20)
(0.61165 -8.06916 -9.13012e-21)
(0.725315 -6.51386 -5.24928e-22)
(0.568819 -4.71666 -1.64769e-21)
(0.480529 -3.11689 2.4501e-22)
(0.442622 -1.99518 -9.54967e-23)
(0.387842 -1.23358 3.72144e-23)
(0.351029 -0.708092 3.00118e-23)
(0.297203 -0.377026 -7.35844e-23)
(0.252593 -0.205821 3.87291e-23)
(0.225058 -0.129291 -3.14009e-23)
(0.211919 -0.094181 -9.65749e-23)
(0.200891 -0.0747781 1.55299e-23)
(0.193006 -0.0569709 -4.83539e-23)
(0.178932 -0.0357654 1.82874e-23)
(0.166558 -0.0085783 1.84262e-23)
(0.130206 0.0691395 -3.91183e-23)
(0.0236684 0.102233 -5.93012e-23)
(3.66694 -15.0781 1.80648e-19)
(2.51682 -12.8955 5.7518e-20)
(1.28641 -10.1669 -4.38758e-20)
(0.876072 -8.15823 9.53572e-21)
(0.875631 -6.54864 -1.26438e-20)
(0.670644 -4.75296 -1.87821e-21)
(0.529993 -3.12472 -5.55206e-22)
(0.462799 -1.99524 -1.98027e-22)
(0.390444 -1.23143 9.45209e-23)
(0.342078 -0.70364 7.01756e-24)
(0.281947 -0.371527 2.58899e-24)
(0.233623 -0.201722 2.47731e-22)
(0.204207 -0.127006 -3.36484e-22)
(0.189331 -0.0928571 -9.61199e-23)
(0.176513 -0.0737536 7.34339e-23)
(0.166708 -0.0559177 7.09297e-23)
(0.150957 -0.0346102 -1.60967e-22)
(0.138109 -0.0067274 2.87233e-22)
(0.0985703 0.0741653 9.08447e-23)
(0.00426846 0.105785 1.40986e-22)
(4.54071 -14.9648 -4.16265e-19)
(3.24861 -12.8909 1.56455e-19)
(1.79843 -10.2823 2.04922e-19)
(1.14828 -8.2406 -5.76099e-20)
(1.03248 -6.58704 2.75618e-21)
(0.778016 -4.79022 -9.9399e-21)
(0.586703 -3.14182 -8.07859e-22)
(0.486882 -2.00168 -7.04044e-22)
(0.395331 -1.2334 -1.14464e-22)
(0.334723 -0.701714 -9.51441e-23)
(0.268234 -0.367321 -5.11213e-23)
(0.215995 -0.198098 1.1731e-23)
(0.184537 -0.124817 3.60247e-22)
(0.167882 -0.0914659 -1.75405e-22)
(0.153328 -0.0726125 -1.90194e-22)
(0.141756 -0.0547532 2.08482e-22)
(0.124498 -0.0334089 -6.93103e-23)
(0.1114 -0.00481411 -1.67296e-22)
(0.0689739 0.0787263 -3.31315e-22)
(-0.00952357 0.108612 2.39951e-22)
(5.54557 -15.005 -1.18057e-19)
(4.07034 -13.0076 3.39397e-19)
(2.37752 -10.4033 -1.45295e-19)
(1.46593 -8.3008 -2.88574e-20)
(1.2079 -6.60125 1.73323e-20)
(0.891654 -4.81121 -6.82728e-22)
(0.648907 -3.15991 2.35452e-21)
(0.514624 -2.0127 1.04327e-22)
(0.402571 -1.23918 4.56943e-22)
(0.329015 -0.702313 2.73539e-22)
(0.256069 -0.364426 -6.06493e-22)
(0.19969 -0.194938 8.62087e-23)
(0.166023 -0.122714 -4.98026e-23)
(0.147554 -0.0900139 2.85196e-22)
(0.13133 -0.0713731 8.75515e-23)
(0.118148 -0.0535007 -1.51913e-22)
(0.0995518 -0.032186 -1.53635e-22)
(0.086404 -0.00287032 -3.97532e-22)
(0.0413984 0.082724 5.09448e-22)
(-0.0211468 0.111143 -5.11596e-22)
(6.43697 -14.8183 6.79871e-21)
(4.83835 -12.8823 2.16733e-20)
(2.95135 -10.3562 1.17722e-20)
(1.7968 -8.26625 6.27672e-20)
(1.38968 -6.56942 1.9985e-20)
(1.00521 -4.81354 1.25872e-20)
(0.712545 -3.17822 -3.597e-21)
(0.544812 -2.02821 4.59415e-22)
(0.412031 -1.24867 2.03763e-22)
(0.324977 -0.705422 3.35853e-22)
(0.245452 -0.362856 -6.40068e-23)
(0.184692 -0.192229 -6.19074e-22)
(0.148638 -0.120691 -1.05596e-22)
(0.128335 -0.0885103 4.74413e-22)
(0.110517 -0.0700554 3.9595e-22)
(0.095876 -0.0521832 -2.16242e-22)
(0.0761075 -0.0309649 5.98896e-22)
(0.0630855 -0.000925106 1.18061e-22)
(0.0158 0.0861797 1.74616e-22)
(-0.0309323 0.113089 -5.81336e-23)
(7.40775 -14.6415 -8.33419e-19)
(5.67401 -12.7144 -1.19856e-19)
(3.56481 -10.2281 9.71471e-20)
(2.14825 -8.18687 -1.63427e-19)
(1.57414 -6.54103 -4.95606e-20)
(1.11466 -4.83807 -3.49943e-20)
(0.775377 -3.21613 4.84668e-21)
(0.576873 -2.05368 4.78023e-22)
(0.423703 -1.26276 -8.30481e-22)
(0.322641 -0.711132 -2.99514e-22)
(0.236372 -0.362626 -2.14789e-22)
(0.170984 -0.189961 5.80221e-22)
(0.132361 -0.118741 -2.67497e-22)
(0.11021 -0.0869658 -3.19831e-22)
(0.0908806 -0.0686793 -2.61138e-22)
(0.0749298 -0.0508229 3.87632e-22)
(0.0541467 -0.029766 5.48366e-23)
(0.0414034 0.000996525 2.23554e-22)
(-0.00788011 0.0891039 -3.47882e-22)
(-0.0391666 0.114449 1.90471e-22)
(8.31161 -14.2157 8.21278e-19)
(6.46664 -12.4475 2.9434e-19)
(4.16932 -10.1517 -1.34819e-20)
(2.50515 -8.22128 1.93257e-19)
(1.76011 -6.64125 -5.52481e-20)
(1.22591 -4.96173 6.44976e-21)
(0.843027 -3.30827 1.18699e-20)
(0.613537 -2.09982 -2.42365e-21)
(0.438433 -1.28391 -2.19062e-21)
(0.322179 -0.71999 1.00416e-22)
(0.228822 -0.36389 -4.40484e-22)
(0.158545 -0.188171 7.34428e-22)
(0.117173 -0.116877 -4.64479e-22)
(0.0931684 -0.0853972 1.4447e-21)
(0.0724126 -0.067267 3.86637e-22)
(0.055291 -0.0494424 -6.69625e-22)
(0.0336432 -0.0286093 -2.49709e-22)
(0.0213078 0.00287122 -7.48025e-22)
(-0.0297106 0.0915008 1.81735e-22)
(-0.0461003 0.115273 -2.04694e-22)
(9.26181 -14.0499 1.11104e-18)
(7.31998 -12.6729 1.6986e-19)
(4.85732 -10.49 -2.6385e-19)
(2.91933 -8.5709 -3.57873e-20)
(1.97678 -6.96174 -7.99723e-20)
(1.36075 -5.21631 1.86006e-20)
(0.929534 -3.46582 -1.5556e-20)
(0.661241 -2.17183 2.59844e-21)
(0.458279 -1.31447 3.13187e-22)
(0.324075 -0.733036 1.03398e-21)
(0.222859 -0.36714 -1.82381e-22)
(0.147371 -0.187065 -1.3715e-23)
(0.103056 -0.115172 -4.13368e-22)
(0.0771943 -0.0838442 -4.31674e-24)
(0.0550981 -0.065853 -9.51067e-22)
(0.0369339 -0.0480738 -1.13881e-22)
(0.0145623 -0.0275273 3.17925e-22)
(0.0027408 0.00466453 7.5636e-22)
(-0.0497687 0.0933678 -2.31129e-22)
(-0.0519498 0.115588 2.33804e-22)
(10.1072 -14.3104 -1.75425e-19)
(8.21844 -13.2153 1.0329e-18)
(5.65979 -11.077 -4.0629e-19)
(3.4293 -9.08676 -2.14566e-19)
(2.25572 -7.34286 1.78145e-20)
(1.5376 -5.4776 9.53084e-21)
(1.04439 -3.62669 -1.20841e-20)
(0.724753 -2.2514 2.02564e-22)
(0.485279 -1.35083 -2.64901e-22)
(0.329016 -0.749795 -4.22445e-22)
(0.218632 -0.372572 -1.42919e-21)
(0.137495 -0.186831 6.74406e-22)
(0.0900082 -0.113711 -4.25083e-22)
(0.0622749 -0.0823519 -2.27872e-22)
(0.0389176 -0.0644731 1.15739e-21)
(0.0198258 -0.0467504 -3.84258e-25)
(-0.00313854 -0.0265566 -8.29081e-22)
(-0.014363 0.00633612 8.233e-23)
(-0.0681381 0.0946963 -1.20877e-22)
(-0.0568959 0.115412 1.39001e-22)
(10.796 -13.8176 -1.75004e-20)
(9.08889 -12.8075 1.16623e-18)
(6.45825 -10.9706 -2.27888e-19)
(3.98059 -9.07924 -2.37004e-19)
(2.57637 -7.33246 6.90713e-20)
(1.73745 -5.48835 7.15599e-20)
(1.17304 -3.66907 -2.00521e-20)
(0.798238 -2.2944 1.23832e-20)
(0.518515 -1.37815 -4.37014e-21)
(0.337108 -0.764333 2.45188e-21)
(0.216173 -0.377655 -4.42472e-22)
(0.128931 -0.186459 -7.90002e-22)
(0.0780301 -0.112138 -1.10396e-21)
(0.0483953 -0.0807964 6.72745e-22)
(0.0238458 -0.0630562 1.41287e-22)
(0.00392632 -0.0454107 -4.53544e-22)
(-0.0195096 -0.0256136 5.65737e-22)
(-0.0300757 0.00797009 -8.25009e-23)
(-0.0849069 0.0956066 4.83335e-23)
(-0.0610843 0.114821 -6.59529e-23)
(11.3956 -10.9893 0)
(9.39598 -10.1616 0)
(6.77037 -9.15414 0)
(4.33703 -7.87593 0)
(2.86584 -6.58661 0)
(1.94697 -5.10784 0)
(1.3229 -3.55312 0)
(0.894794 -2.29377 0)
(0.567544 -1.39376 0)
(0.350975 -0.772812 0)
(0.214436 -0.377651 0)
(0.1185 -0.182058 0)
(0.0626203 -0.108248 0)
(0.0302316 -0.0778903 0)
(0.00398865 -0.0606206 0)
(-0.0170717 -0.0431625 0)
(-0.0410673 -0.0238743 0)
(-0.0506175 0.0107165 0)
(-0.106574 0.096894 0)
(-0.0660822 0.113713 0)
(11.6872 -9.94198 0)
(10.2135 -10.1869 0)
(7.18379 -9.25826 0)
(4.2722 -7.57199 0)
(2.76582 -5.98013 0)
(1.85368 -4.41346 0)
(1.26426 -3.01293 0)
(0.878724 -2.00042 0)
(0.562268 -1.24873 0)
(0.337056 -0.6947 0)
(0.197324 -0.338147 0)
(0.0988508 -0.161811 0)
(0.0403105 -0.0978297 0)
(0.00581647 -0.0716975 0)
(-0.0218994 -0.0559723 0)
(-0.0439172 -0.0392602 0)
(-0.0680134 -0.0209004 0)
(-0.0757254 0.0148579 0)
(-0.132616 0.0977358 0)
(-0.071264 0.110834 0)
(11.9203 -7.21384 0)
(9.38155 -6.87021 0)
(6.67945 -6.56402 0)
(4.77327 -6.06862 0)
(3.28714 -5.21067 0)
(2.10363 -4.0463 0)
(1.36277 -2.8566 0)
(0.926099 -1.92122 0)
(0.577107 -1.1883 0)
(0.319727 -0.636301 0)
(0.170492 -0.297996 0)
(0.072432 -0.139205 0)
(0.0141966 -0.0855767 0)
(-0.0208449 -0.0641977 0)
(-0.0491669 -0.0503403 0)
(-0.0715592 -0.0347167 0)
(-0.0950469 -0.0175572 0)
(-0.100363 0.0191111 0)
(-0.15785 0.0970924 0)
(-0.0756261 0.10605 0)
(10.1356 -5.7127 0)
(8.76726 -7.00551 0)
(7.17713 -7.43663 0)
(4.79701 -6.31117 0)
(3.00042 -4.89314 0)
(1.77241 -3.40383 0)
(1.16542 -2.29556 0)
(0.861898 -1.62372 0)
(0.55797 -1.05253 0)
(0.290293 -0.557807 0)
(0.133646 -0.251792 0)
(0.0395284 -0.114889 0)
(-0.0154499 -0.0722179 0)
(-0.0493878 -0.0556973 0)
(-0.0772202 -0.0438738 0)
(-0.0992219 -0.0296642 0)
(-0.121205 -0.0139476 0)
(-0.123594 0.0231599 0)
(-0.181408 0.0944484 0)
(-0.0792167 0.0990239 0)
(8.94789 -4.34331 0)
(8.44865 -5.04468 0)
(6.15108 -4.01486 0)
(4.45793 -3.67912 0)
(3.29119 -3.61969 0)
(1.99861 -2.85926 0)
(1.245 -2.08789 0)
(0.87241 -1.49465 0)
(0.539848 -0.941886 0)
(0.249803 -0.471313 0)
(0.0855909 -0.198062 0)
(-1.59579e-05 -0.0882901 0)
(-0.0481654 -0.057919 0)
(-0.0791706 -0.0462942 0)
(-0.105226 -0.0366272 0)
(-0.125925 -0.0241917 0)
(-0.145367 -0.0101275 0)
(-0.144415 0.0266165 0)
(-0.202483 0.0893115 0)
(-0.0821531 0.0894737 0)
(8.16086 -3.28367 0)
(7.1001 -3.53141 0)
(5.72864 -4.26686 0)
(4.7631 -5.11657 0)
(2.92784 -4.21084 0)
(1.28521 -2.49859 0)
(0.843169 -1.54798 0)
(0.715192 -1.13744 0)
(0.451032 -0.73395 0)
(0.176461 -0.356215 0)
(0.0220992 -0.138676 0)
(-0.0460388 -0.0616975 0)
(-0.0830133 -0.0437781 0)
(-0.109167 -0.0364612 0)
(-0.132106 -0.0288906 0)
(-0.150544 -0.0185456 0)
(-0.166379 -0.00629623 0)
(-0.16189 0.0288493 0)
(-0.220427 0.0811602 0)
(-0.0845869 0.0772892 0)
(6.56169 -2.34813 0)
(5.75287 -2.73515 0)
(5.02247 -3.32792 0)
(3.49144 -2.39324 0)
(1.80063 -0.87948 0)
(1.39021 -0.938804 0)
(1.23406 -1.25407 0)
(0.793096 -1.00034 0)
(0.355715 -0.571736 0)
(0.0670707 -0.245036 0)
(-0.055772 -0.0873242 0)
(-0.0953569 -0.040835 0)
(-0.117856 -0.0316778 0)
(-0.137793 -0.0269801 0)
(-0.156564 -0.0211724 0)
(-0.171918 -0.013099 0)
(-0.18323 -0.00280863 0)
(-0.175292 0.0290453 0)
(-0.234815 0.0695328 0)
(-0.086653 0.0626173 0)
(4.92959 -1.47934 0)
(4.51139 -1.89459 0)
(3.75488 -1.90872 0)
(2.74791 -1.79163 0)
(2.19635 -2.23628 0)
(1.76506 -2.30338 0)
(0.958816 -1.63128 0)
(0.180053 -0.697998 0)
(-0.0826723 -0.260182 0)
(-0.117167 -0.137383 0)
(-0.133355 -0.0615775 0)
(-0.138369 -0.0308436 0)
(-0.148502 -0.0227637 0)
(-0.162772 -0.0184872 0)
(-0.177153 -0.0140273 0)
(-0.189003 -0.0082574 0)
(-0.195267 -0.000147862 0)
(-0.184286 0.0263233 0)
(-0.245485 0.054137 0)
(-0.0884136 0.0458657 0)
(3.52223 -0.851634 0)
(3.16617 -1.02025 0)
(2.64406 -1.08324 0)
(2.10381 -1.18137 0)
(1.51939 -0.924782 0)
(0.536982 0.0945201 0)
(-0.135899 0.407878 0)
(-0.11492 -0.0724338 0)
(-0.13702 -0.18565 0)
(-0.145268 -0.134317 0)
(-0.150554 -0.0615902 0)
(-0.158583 -0.0262872 0)
(-0.169463 -0.0153402 0)
(-0.181482 -0.0109512 0)
(-0.192429 -0.00782179 0)
(-0.201019 -0.00433085 0)
(-0.2024 0.00115 0)
(-0.189143 0.0197154 0)
(-0.252649 0.0349397 0)
(-0.0898135 0.0276789 0)
(2.44831 -0.292551 0)
(2.18017 -0.338688 0)
(1.87435 -0.378229 0)
(1.52975 -0.354302 0)
(1.0665 -0.244517 0)
(0.70911 -0.290388 0)
(0.53496 -0.338392 0)
(0.465778 -0.345988 0)
(0.163199 -0.212149 0)
(-0.053457 -0.0936467 0)
(-0.126811 -0.0339188 0)
(-0.159585 -0.0120943 0)
(-0.179028 -0.00579673 0)
(-0.191821 -0.00366424 0)
(-0.20103 -0.00247087 0)
(-0.207447 -0.00129569 0)
(-0.20527 0.000724102 0)
(-0.190846 0.00771753 0)
(-0.256815 0.0121818 0)
(-0.0907426 0.00911931 0)
(16.4667 -0.378634 8.17944e-20)
(15.87 -1.63942 -8.93626e-20)
(15.9207 -2.56816 -7.85606e-19)
(15.0758 -3.94266 -1.40306e-19)
(15.1148 -4.80457 5.58917e-19)
(13.9568 -6.28134 5.89608e-19)
(13.9024 -7.01307 1.7594e-18)
(12.2655 -8.65719 -1.08747e-18)
(12.2187 -9.15536 1.73659e-19)
(10.4889 -11.0768 -2.45901e-19)
(15.2605 -0.437097 -1.04424e-20)
(14.6536 -1.55708 -1.78741e-19)
(14.5607 -2.48877 5.4907e-19)
(13.8146 -3.63178 3.67481e-19)
(13.7251 -4.51196 4.64249e-19)
(12.7936 -5.66975 7.13531e-19)
(12.638 -6.45202 5.17741e-19)
(11.5553 -7.60853 -1.44952e-19)
(11.6519 -8.14668 -8.03603e-19)
(10.9562 -9.25125 1.16133e-18)
(14.0324 -0.70778 3.38812e-20)
(13.5142 -1.61648 -3.62533e-20)
(13.3251 -2.29761 1.41162e-19)
(12.8071 -3.15462 -3.28946e-20)
(12.735 -3.70702 -1.23588e-19)
(12.2424 -4.52731 -6.15504e-19)
(12.2945 -4.914 2.38402e-19)
(11.8712 -5.72481 -1.90562e-19)
(12.0796 -5.92838 1.0371e-18)
(11.76 -6.83981 6.57181e-19)
(11.6463 -1.2865 5.86938e-20)
(11.3446 -1.90469 2.89409e-20)
(11.1839 -2.3198 -5.10525e-20)
(11.022 -2.85483 -1.73884e-19)
(11.0071 -3.1364 8.0224e-21)
(10.9622 -3.6577 6.05154e-20)
(10.9568 -3.85331 -1.94884e-19)
(10.886 -4.45848 4.26245e-20)
(10.7268 -4.61789 -4.2392e-19)
(10.7136 -5.37651 -6.2103e-19)
(9.79739 -0.851077 -2.57955e-20)
(9.66588 -1.23211 2.57349e-21)
(9.59526 -1.52311 1.67975e-20)
(9.55347 -1.86126 9.30226e-20)
(9.51301 -2.11056 -1.20282e-20)
(9.44259 -2.48668 -1.16681e-19)
(9.29517 -2.74156 -3.24341e-21)
(9.15982 -3.19359 1.51693e-19)
(9.01785 -3.41687 4.01949e-20)
(9.12504 -3.90532 1.26496e-19)
(8.57789 -0.580032 -2.13864e-21)
(8.49857 -0.843845 -9.64768e-21)
(8.43798 -1.0849 -1.09881e-20)
(8.35643 -1.33981 3.31908e-20)
(8.26274 -1.57874 1.43479e-20)
(8.14088 -1.84645 6.16858e-20)
(8.05238 -2.07241 1.31863e-19)
(7.9979 -2.3254 -1.8137e-19)
(8.0262 -2.50539 1.55515e-19)
(8.08275 -2.75135 -6.41701e-20)
(6.92481 -0.68394 8.98596e-21)
(6.86515 -0.858009 -1.79963e-21)
(6.80752 -1.0227 -1.83611e-20)
(6.75754 -1.19007 -2.63977e-20)
(6.71062 -1.34033 -1.0184e-19)
(6.69541 -1.49406 1.66479e-20)
(6.68218 -1.61628 -4.63217e-20)
(6.70732 -1.76364 2.96594e-20)
(6.68292 -1.87172 -9.17392e-21)
(6.73681 -2.05383 -5.13531e-20)
(5.40301 -0.548616 -1.43812e-21)
(5.36812 -0.637522 -1.18883e-20)
(5.33749 -0.722631 3.36975e-21)
(5.31394 -0.807961 -6.01309e-21)
(5.28719 -0.888063 -1.63733e-21)
(5.26673 -0.974998 -1.35926e-20)
(5.22618 -1.05409 -1.17166e-21)
(5.20431 -1.15665 -1.7143e-20)
(5.14322 -1.23198 1.78941e-20)
(5.16959 -1.36479 -1.4846e-20)
(4.05396 -0.317753 2.26179e-21)
(4.01737 -0.360914 -4.13083e-21)
(3.97885 -0.405403 8.67803e-21)
(3.93798 -0.451838 -2.1991e-20)
(3.89393 -0.500178 1.65662e-20)
(3.84919 -0.550773 1.6489e-21)
(3.80252 -0.601557 -3.44757e-21)
(3.76313 -0.654443 5.44443e-21)
(3.71713 -0.702038 -3.70548e-21)
(3.69878 -0.760253 3.38176e-22)
(3.01673 -0.155797 -2.92678e-21)
(2.98136 -0.166843 2.92817e-21)
(2.94342 -0.178527 3.26586e-21)
(2.90308 -0.190687 -2.67176e-21)
(2.86036 -0.203082 -1.60134e-20)
(2.81534 -0.215501 3.11012e-21)
(2.76769 -0.227846 1.56776e-21)
(2.71792 -0.240342 7.89699e-21)
(2.66404 -0.252838 -2.1735e-20)
(2.6125 -0.267297 -6.25064e-21)
(14.0538 8.24006 8.80137e-19)
(15.4325 7.84412 -4.87374e-19)
(15.2146 7.28835 1.01435e-18)
(15.3165 6.4618 -1.66014e-18)
(15.839 5.62294 -9.55299e-19)
(16.0351 4.64333 -3.66367e-19)
(16.3745 3.74074 3.33196e-19)
(16.3245 2.64856 9.91424e-19)
(16.5984 1.7124 9.07225e-20)
(16.3232 0.544743 -1.5587e-19)
(14.2615 9.02832 -2.17891e-18)
(14.942 8.29357 1.29331e-18)
(14.7257 7.42694 2.57355e-19)
(14.6548 6.47077 -6.42542e-19)
(15.0573 5.54146 -1.27493e-18)
(15.2427 4.52978 3.21193e-19)
(15.4956 3.58839 -4.39002e-19)
(15.4034 2.54328 -6.95896e-19)
(15.5639 1.59597 1.34842e-19)
(15.2607 0.510596 5.04317e-20)
(15.0579 8.21754 -1.47383e-18)
(14.9309 7.33064 -2.05962e-18)
(14.2718 6.31055 6.31604e-20)
(14.1324 5.33435 9.31963e-19)
(14.4242 4.46574 1.08512e-18)
(14.5852 3.55643 -7.15877e-19)
(14.6888 2.72252 2.82607e-19)
(14.5481 1.81425 -1.69378e-19)
(14.514 1.00167 -7.59687e-20)
(14.2008 0.0742232 8.46818e-21)
(13.96 5.83143 1.40784e-18)
(13.462 4.93778 1.01703e-18)
(12.364 4.09387 -7.95753e-20)
(12.034 3.33608 -6.44441e-19)
(12.2608 2.63892 -1.14914e-19)
(12.4587 1.92272 3.2482e-20)
(12.4832 1.26094 2.87476e-19)
(12.3252 0.571769 2.48359e-20)
(12.1502 -0.0480186 -3.12742e-20)
(11.8796 -0.727637 -3.88542e-20)
(12.1978 4.29755 -5.15233e-19)
(11.6575 3.59491 1.71323e-19)
(10.5255 2.99604 -3.21884e-19)
(10.0464 2.48245 -9.65425e-20)
(10.1727 1.9728 2.71396e-20)
(10.3997 1.43959 1.64068e-19)
(10.4566 0.927968 -1.35483e-19)
(10.3357 0.432612 6.82625e-20)
(10.1542 -0.0198495 -4.35566e-20)
(9.95809 -0.467478 2.87319e-20)
(10.5429 3.28269 1.13112e-19)
(10.0614 2.69651 -2.74015e-19)
(9.13307 2.21107 1.95919e-19)
(8.65282 1.82658 4.97241e-20)
(8.66648 1.46501 3.25528e-20)
(8.85289 1.08188 -2.9236e-20)
(8.95599 0.697227 3.22834e-20)
(8.91433 0.332298 -9.6698e-20)
(8.80019 0.00151612 4.55558e-20)
(8.67468 -0.30484 -8.1196e-21)
(8.30144 1.90827 1.5892e-19)
(7.8852 1.44206 7.1573e-20)
(7.23564 1.08069 -4.57669e-20)
(6.88722 0.824184 2.6548e-20)
(6.86919 0.606984 -2.70733e-21)
(6.99939 0.379506 7.06836e-20)
(7.10468 0.139987 1.05275e-20)
(7.11993 -0.0940448 1.52267e-21)
(7.06812 -0.308181 -1.02976e-20)
(6.99484 -0.50435 7.45765e-21)
(6.01806 0.648011 6.21412e-23)
(5.81616 0.392217 9.13674e-21)
(5.51206 0.222185 3.07871e-20)
(5.34812 0.121376 -3.19179e-20)
(5.34223 0.0436213 4.78467e-20)
(5.41406 -0.0430901 -1.00822e-20)
(5.48016 -0.145047 -1.37635e-20)
(5.50155 -0.253393 2.97774e-20)
(5.48224 -0.358307 -7.36607e-21)
(5.44391 -0.456642 6.33571e-22)
(4.24288 0.027068 1.41331e-20)
(4.23248 -0.0497129 -1.51904e-20)
(4.17719 -0.0865331 -1.22771e-20)
(4.13543 -0.0972121 -3.70752e-21)
(4.12573 -0.104063 7.15814e-21)
(4.13583 -0.121207 9.28802e-21)
(4.14468 -0.151349 -2.63291e-20)
(4.13937 -0.190202 1.58629e-20)
(4.1189 -0.232465 -6.72552e-21)
(4.08863 -0.275155 -6.73943e-23)
(3.11201 -0.142789 -7.83846e-21)
(3.20007 -0.144262 -1.68762e-20)
(3.22383 -0.137734 -4.15861e-20)
(3.20047 -0.127948 -2.4063e-21)
(3.16679 -0.120449 2.99877e-20)
(3.14044 -0.118101 -1.17329e-20)
(3.12071 -0.120894 1.99665e-21)
(3.10114 -0.127334 3.34356e-21)
(3.07752 -0.135839 2.52823e-21)
(3.04909 -0.145443 -3.01275e-21)
(1.02076 0.391618 0)
(1.11232 1.23162 0)
(1.67643 2.58924 0)
(2.34024 3.92479 0)
(2.85937 5.0198 0)
(3.78993 6.24643 0)
(4.79356 7.53238 0)
(6.11297 8.90376 0)
(8.8101 9.28827 0)
(10.3085 10.0857 0)
(1.03846 0.375813 0)
(1.11517 1.09384 0)
(1.63396 2.31569 0)
(2.34745 3.63976 0)
(2.97225 4.7774 0)
(3.92896 5.968 0)
(5.034 7.1443 0)
(6.17341 8.54709 0)
(9.33232 8.97171 0)
(11.293 9.67883 0)
(1.04327 0.352607 0)
(1.13628 0.96669 0)
(1.54544 1.94828 0)
(2.37439 3.28162 0)
(2.98176 4.28345 0)
(4.01218 5.48358 0)
(5.40818 6.49992 0)
(6.20881 7.828 0)
(9.11917 7.947 0)
(11.4325 7.76444 0)
(1.03155 0.311512 0)
(1.16552 0.866266 0)
(1.43861 1.54514 0)
(2.23817 2.73639 0)
(3.09169 3.78497 0)
(3.84505 4.74598 0)
(5.47177 5.37045 0)
(6.23968 6.73574 0)
(9.32116 7.50924 0)
(9.48237 5.2158 0)
(1.01007 0.248911 0)
(1.18303 0.769888 0)
(1.34416 1.1761 0)
(2.024 2.1605 0)
(2.83176 2.82882 0)
(3.74603 4.20062 0)
(5.44767 4.45082 0)
(5.22473 4.55235 0)
(9.82024 6.9479 0)
(8.32824 4.47413 0)
(0.992441 0.164373 0)
(1.18053 0.6827 0)
(1.29743 0.824667 0)
(1.7501 1.72709 0)
(2.74036 2.07607 0)
(2.53085 2.61408 0)
(5.86882 4.53098 0)
(2.91987 1.96577 0)
(9.15316 5.37065 0)
(7.54286 3.61814 0)
(1.02514 0.107861 0)
(1.08357 0.475761 0)
(1.44536 0.790246 0)
(0.919302 0.822571 0)
(3.03998 2.29605 0)
(-0.412732 -0.526603 0)
(5.97451 4.06278 0)
(2.31712 1.22419 0)
(7.31007 3.28679 0)
(6.22838 2.14484 0)
(1.14275 0.162976 0)
(0.873553 0.0278008 0)
(1.95049 1.08054 0)
(0.326706 -0.427868 0)
(3.50247 2.32245 0)
(1.07881 0.156055 0)
(4.78388 2.47421 0)
(3.29821 1.42918 0)
(5.1964 1.55022 0)
(4.84832 0.871437 0)
(1.17348 0.198943 0)
(0.950885 -0.123534 0)
(1.92446 0.827757 0)
(1.19162 -0.0404891 0)
(2.61998 1.14247 0)
(1.8959 0.33237 0)
(2.96412 0.7059 0)
(2.71281 0.42627 0)
(3.38291 0.279637 0)
(3.67286 0.133685 0)
(1.0739 0.0757072 0)
(1.04791 0.00924549 0)
(1.30439 0.206861 0)
(1.0887 -0.0366004 0)
(1.37783 0.0990623 0)
(1.29956 -0.139455 0)
(1.61337 -0.15594 0)
(1.86966 -0.154147 0)
(2.22299 -0.179912 0)
(2.74184 -0.142214 0)
(0.952652 0.577311 -6.31044e-22)
(1.23328 2.01704 9.75402e-22)
(1.5474 3.4675 -1.1447e-21)
(1.70504 4.57647 7.82032e-22)
(1.88151 5.68946 2.34692e-22)
(2.22657 7.14409 -8.891e-22)
(2.36529 8.68368 3.98933e-22)
(2.82114 10.0695 1.1743e-20)
(2.81746 11.7387 -3.38874e-20)
(2.01571 13.796 1.6938e-20)
(0.948843 0.544954 1.34126e-21)
(1.21814 1.92861 -3.52574e-21)
(1.58248 3.39732 5.99861e-22)
(1.79043 4.52127 -2.05469e-21)
(2.00661 5.60709 -1.65605e-21)
(2.41199 7.0334 -6.50079e-21)
(2.64202 8.54995 4.80568e-20)
(3.28735 9.82461 -2.49473e-20)
(3.55727 11.3238 6.24026e-20)
(3.23474 13.1442 -2.28924e-19)
(0.948295 0.5157 -1.66711e-21)
(1.20182 1.83989 9.59261e-21)
(1.61162 3.32181 -3.74836e-21)
(1.86844 4.46545 -5.24551e-22)
(2.12447 5.52746 8.32461e-22)
(2.58455 6.92496 1.0281e-20)
(2.88226 8.44448 -3.78325e-20)
(3.65345 9.6642 -9.85336e-20)
(4.26144 11.0519 3.23155e-19)
(3.89854 13.2351 -1.5016e-19)
(0.950835 0.489881 5.42998e-21)
(1.18542 1.75287 -9.66514e-21)
(1.63579 3.24198 4.39131e-21)
(1.93989 4.40944 8.61922e-22)
(2.23772 5.45433 1.66162e-21)
(2.76113 6.8168 -1.78454e-20)
(3.12807 8.34587 4.15729e-20)
(4.04937 9.48552 8.80911e-20)
(4.94171 10.6308 7.20827e-22)
(5.23415 12.3842 -1.74772e-19)
(0.956075 0.467609 -1.39712e-21)
(1.16986 1.66924 8.65047e-22)
(1.6558 3.15891 -1.66247e-21)
(2.00573 4.35168 -2.75806e-21)
(2.34102 5.38582 2.41507e-21)
(2.92424 6.70016 2.62233e-20)
(3.34086 8.2564 -2.78832e-20)
(4.32953 9.42045 2.68268e-20)
(5.57405 10.4283 8.19706e-20)
(5.75844 12.5621 -2.01389e-19)
(0.963472 0.448806 -6.92529e-23)
(1.15584 1.5902 3.43805e-21)
(1.6722 3.07436 5.98624e-22)
(2.06801 4.29293 2.39411e-21)
(2.44261 5.33159 1.76545e-20)
(3.10347 6.58861 -5.59878e-20)
(3.59667 8.13778 5.88422e-20)
(4.70247 9.27479 -2.05751e-20)
(6.22044 9.96127 -1.02816e-19)
(7.23329 11.4271 9.43746e-19)
(0.972409 0.433245 -5.4558e-21)
(1.14403 1.51661 -1.88023e-21)
(1.68506 2.98916 -2.77708e-21)
(2.12623 4.22812 7.08217e-23)
(2.52642 5.27679 1.18941e-20)
(3.24694 6.47683 -2.43005e-20)
(3.79828 8.00974 2.61609e-20)
(4.91354 9.26789 3.30799e-20)
(6.77206 9.80538 5.22317e-19)
(7.55221 11.6005 -1.4013e-18)
(0.982303 0.420635 3.88012e-21)
(1.13484 1.44855 3.24028e-21)
(1.69543 2.90798 8.59029e-22)
(2.18651 4.16783 -4.1475e-21)
(2.62592 5.24318 -7.7978e-21)
(3.42634 6.40727 3.88125e-20)
(4.09083 7.84164 5.47256e-21)
(5.31199 9.09772 -3.58973e-19)
(7.38906 9.3617 -2.44858e-20)
(9.25803 9.99435 -5.57008e-19)
(0.992716 0.410704 -1.14245e-21)
(1.12903 1.38718 2.12839e-21)
(1.7001 2.82268 -4.61507e-22)
(2.23641 4.09459 -3.68504e-21)
(2.6891 5.17976 -1.56449e-20)
(3.52324 6.34098 3.92063e-20)
(4.26587 7.70087 -1.70866e-19)
(5.4648 9.09831 2.329e-19)
(7.80221 9.42473 1.13456e-19)
(9.2671 10.2971 -3.77654e-19)
(1.00369 0.402943 1.47486e-21)
(1.12521 1.33527 -6.46033e-22)
(1.71422 2.76389 -8.77426e-22)
(2.3049 4.06002 7.28288e-21)
(2.82068 5.17278 7.62742e-21)
(3.72428 6.35896 -2.8809e-20)
(4.60972 7.60782 -9.61811e-20)
(5.96104 8.8834 4.46475e-19)
(8.41143 9.15 9.09093e-20)
(11.3241 8.56123 -8.42306e-19)
(1.05192 0.882304 -1.42635e-21)
(1.08179 2.5199 -3.09947e-22)
(0.804408 3.75503 -4.40715e-21)
(0.530904 4.88815 1.43078e-20)
(0.269404 6.29186 -1.78403e-20)
(-0.438999 8.01307 6.73763e-21)
(-1.81856 9.7052 1.84803e-19)
(-3.25305 11.1429 -7.21033e-19)
(-5.1248 12.2807 -1.29949e-19)
(-6.28663 12.5492 1.33886e-18)
(1.05265 0.870483 -2.735e-21)
(1.13421 2.52607 -5.45855e-21)
(0.912071 3.79221 -5.90442e-21)
(0.678857 4.95456 1.85735e-20)
(0.492625 6.35824 1.1963e-20)
(-0.0575846 8.06932 -1.74947e-20)
(-1.25957 9.7893 2.91496e-19)
(-2.53754 11.3595 -3.29571e-19)
(-4.36376 12.7038 -5.97768e-20)
(-5.72178 13.0451 2.40143e-19)
(1.0484 0.850782 1.17823e-20)
(1.18031 2.51025 2.55206e-20)
(1.0183 3.78821 -1.38698e-20)
(0.822851 4.92842 8.22108e-21)
(0.693503 6.2633 1.17045e-20)
(0.288703 7.86979 -3.98934e-20)
(-0.727288 9.48313 -1.41942e-19)
(-1.81812 10.9589 3.50886e-19)
(-3.5455 12.2812 -5.37669e-20)
(-5.04871 12.8878 2.61939e-19)
(1.03897 0.82492 -1.59217e-20)
(1.21548 2.47854 -2.47057e-20)
(1.11346 3.76248 -6.93103e-21)
(0.951389 4.86423 2.47231e-21)
(0.861575 6.12805 -1.58698e-21)
(0.579889 7.65707 1.78259e-20)
(-0.265883 9.20431 5.26275e-20)
(-1.1645 10.6352 1.05753e-19)
(-2.75519 12.0561 -6.16551e-19)
(-4.20191 12.9961 1.6039e-18)
(1.02586 0.794384 5.79798e-21)
(1.23918 2.43624 -4.54162e-21)
(1.19637 3.73172 2.1794e-20)
(1.06756 4.80721 -3.42066e-21)
(1.01045 6.03133 -7.11382e-21)
(0.83761 7.544 3.03126e-20)
(0.15528 9.10962 -8.53769e-20)
(-0.552276 10.6087 -8.29462e-20)
(-1.94404 12.1932 1.30706e-19)
(-3.41263 13.451 -9.05938e-19)
(1.01098 0.760349 -5.05278e-21)
(1.25319 2.3855 -9.00492e-22)
(1.27019 3.70183 -4.55393e-21)
(1.17921 4.7703 -1.05255e-20)
(1.15656 5.98215 4.47181e-21)
(1.08824 7.51393 -2.2232e-20)
(0.56897 9.13196 -5.17951e-21)
(0.0715995 10.7047 1.61912e-19)
(-1.13148 12.3748 -1.02514e-19)
(-2.46916 13.6046 2.62947e-19)
(0.995928 0.723996 5.04823e-21)
(1.25966 2.32657 -9.44131e-21)
(1.33783 3.67051 1.91084e-21)
(1.29096 4.74419 5.94156e-21)
(1.30703 5.95141 3.73057e-21)
(1.33931 7.49968 1.44859e-21)
(0.977887 9.14825 -2.02872e-20)
(0.673882 10.7449 -1.28619e-19)
(-0.314677 12.4358 -6.22748e-20)
(-1.6699 13.8762 3.46842e-20)
(0.981844 0.68649 -3.34579e-21)
(1.26007 2.25938 1.07651e-20)
(1.40011 3.63312 1.40831e-21)
(1.40237 4.71539 -6.88244e-21)
(1.45941 5.91043 2.10262e-22)
(1.58521 7.45345 6.50934e-21)
(1.36925 9.09401 3.61782e-20)
(1.26642 10.6613 -1.91205e-20)
(0.474403 12.3558 -3.2e-19)
(-0.634936 13.7693 2.9165e-19)
(0.969543 0.648901 1.09893e-21)
(1.25529 2.18443 -4.80562e-21)
(1.45631 3.58676 1.64179e-21)
(1.51024 4.67702 -2.22088e-21)
(1.60803 5.8491 1.24785e-21)
(1.81628 7.36759 3.07159e-21)
(1.73174 8.97763 -3.28516e-20)
(1.81021 10.5065 8.27034e-20)
(1.26821 12.237 -8.01454e-20)
(0.154649 13.9967 2.62292e-19)
(0.959651 0.612211 -1.08091e-21)
(1.24605 2.10303 5.31902e-22)
(1.5055 3.53114 -2.16508e-22)
(1.61159 4.62949 7.99613e-22)
(1.74908 5.77246 -3.78999e-22)
(2.03074 7.25882 8.56983e-22)
(2.06654 8.83 -1.02079e-22)
(2.34976 10.2867 -2.21836e-20)
(2.04423 11.9906 3.64488e-20)
(1.27798 13.6721 -5.25307e-20)
(0.987229 0.0877527 0)
(0.833262 0.237541 0)
(0.574955 0.42958 0)
(-0.273972 0.581575 0)
(-0.986451 0.441162 0)
(-0.863348 0.183083 0)
(-0.969001 0.0977355 0)
(-1.02571 0.113011 0)
(-1.06119 0.13344 0)
(-1.16445 0.11035 0)
(0.99714 0.220295 0)
(0.928396 0.568197 0)
(0.923981 0.798165 0)
(0.862469 0.913467 0)
(0.79496 0.66338 0)
(1.06564 -0.0125367 0)
(0.12033 0.17578 0)
(-1.00549 0.862904 0)
(-1.49872 0.896557 0)
(-2.12233 0.850258 0)
(0.993154 0.31463 0)
(0.848405 0.818097 0)
(0.700569 1.07425 0)
(0.172293 1.43209 0)
(-1.02985 2.21309 0)
(-1.72926 2.49127 0)
(-1.6458 2.00912 0)
(-2.26147 2.01572 0)
(-3.68929 2.3104 0)
(-4.26665 1.79812 0)
(0.989514 0.425543 0)
(0.781688 1.1116 0)
(0.512211 1.5588 0)
(0.096032 1.92073 0)
(-0.492102 2.0533 0)
(0.362815 0.860089 0)
(-0.973321 1.54563 0)
(-4.42069 3.74315 0)
(-5.51839 3.41948 0)
(-6.28167 2.71661 0)
(0.994277 0.544684 0)
(0.772823 1.41435 0)
(0.474627 1.93626 0)
(0.170785 2.26611 0)
(-0.436215 2.83767 0)
(-1.73253 4.04553 0)
(-4.07642 5.33456 0)
(-5.58573 5.4177 0)
(-6.11969 4.25705 0)
(-7.47711 3.92274 0)
(1.00256 0.651337 0)
(0.780385 1.70725 0)
(0.405558 2.40019 0)
(-0.0192968 2.9285 0)
(-0.727378 3.57746 0)
(-1.83243 4.30846 0)
(-3.33192 4.80891 0)
(-4.84421 5.15012 0)
(-6.72981 5.5501 0)
(-8.03912 5.35351 0)
(1.01411 0.739751 0)
(0.816505 1.95111 0)
(0.432146 2.73748 0)
(0.0574145 3.31167 0)
(-0.476488 4.11784 0)
(-1.67507 5.4836 0)
(-3.78131 7.05783 0)
(-5.66955 7.89718 0)
(-7.26607 7.72168 0)
(-8.24943 6.40395 0)
(1.02672 0.804779 0)
(0.868414 2.17598 0)
(0.468008 3.12352 0)
(0.071389 3.8918 0)
(-0.491928 4.89389 0)
(-1.65454 6.17905 0)
(-3.21298 7.20953 0)
(-4.7274 7.63158 0)
(-6.7437 7.71211 0)
(-8.21159 7.40693 0)
(1.03808 0.851302 0)
(0.941795 2.31867 0)
(0.576861 3.35596 0)
(0.237036 4.19926 0)
(-0.13681 5.28981 0)
(-1.06137 6.82936 0)
(-2.87582 8.55451 0)
(-4.80617 9.68805 0)
(-6.79732 10.1816 0)
(-7.7154 9.81641 0)
(1.04754 0.887328 0)
(1.01069 2.48033 0)
(0.672734 3.64528 0)
(0.353102 4.66729 0)
(0.00132935 5.93017 0)
(-0.858181 7.44359 0)
(-2.36354 8.82953 0)
(-3.79772 9.73376 0)
(-5.66611 10.3883 0)
(-6.80444 10.2805 0)
(-1.28844 0.113661 -2.75612e-20)
(-1.33328 0.107085 -8.91627e-20)
(-1.37808 0.0976657 -1.5745e-19)
(-1.42174 0.0859738 7.35255e-21)
(-1.46386 0.0722204 7.7458e-20)
(-1.50417 0.0566881 -5.89871e-20)
(-1.54241 0.0397325 -8.81702e-21)
(-1.57828 0.0217522 1.14947e-20)
(-1.61149 0.00319311 9.77917e-21)
(-1.64163 -0.0155223 -9.82805e-21)
(-2.33679 0.744481 5.62737e-21)
(-2.37202 0.699778 -1.14642e-20)
(-2.41641 0.658544 1.5251e-21)
(-2.45592 0.618284 -1.38736e-20)
(-2.49313 0.578371 5.62007e-20)
(-2.52718 0.539108 3.66036e-20)
(-2.55737 0.500379 -6.936e-20)
(-2.58332 0.462334 2.85619e-20)
(-2.60445 0.42486 -1.3386e-20)
(-2.62083 0.387579 6.2714e-21)
(-4.59265 1.61609 -2.33243e-20)
(-4.55656 1.46755 4.3106e-20)
(-4.61319 1.36757 -1.20587e-20)
(-4.63314 1.24053 -1.86166e-20)
(-4.67579 1.12582 -1.26696e-20)
(-4.7061 1.00091 1.26219e-20)
(-4.74061 0.876902 -1.4779e-20)
(-4.77088 0.746281 2.01654e-20)
(-4.80145 0.612107 -2.69611e-20)
(-4.8321 0.471102 -3.84116e-21)
(-6.53007 2.40208 -4.9379e-21)
(-6.52675 2.12615 6.7675e-22)
(-6.59924 1.96855 7.58329e-20)
(-6.6537 1.72897 -5.77532e-21)
(-6.72143 1.53649 4.84449e-20)
(-6.78422 1.30036 -4.68488e-20)
(-6.8499 1.08036 -2.22304e-20)
(-6.91392 0.835971 4.71797e-21)
(-6.97601 0.594756 -3.14334e-21)
(-7.04001 0.336146 8.34929e-21)
(-7.34795 3.35499 6.06079e-20)
(-7.46973 3.00198 2.15965e-21)
(-7.46565 2.76817 -1.70001e-20)
(-7.62575 2.43613 -7.29464e-21)
(-7.6896 2.15432 2.40798e-20)
(-7.83661 1.81787 4.10107e-20)
(-7.91104 1.50613 1.48812e-20)
(-8.02273 1.16391 7.49133e-21)
(-8.09291 0.827972 4.26385e-21)
(-8.1923 0.463417 -2.03732e-21)
(-7.70276 4.4729 -1.77261e-20)
(-7.94457 4.03317 -6.01732e-20)
(-7.94633 3.68995 -4.96505e-20)
(-8.25927 3.2477 -4.47825e-20)
(-8.34629 2.85824 5.09056e-20)
(-8.57821 2.41531 4.72869e-20)
(-8.64844 2.00089 -4.29822e-20)
(-8.81651 1.54544 -3.76064e-21)
(-8.90858 1.08936 4.04301e-21)
(-9.07835 0.584651 1.30576e-20)
(-8.01768 5.55144 4.39727e-19)
(-8.45708 4.88957 2.67871e-19)
(-8.50396 4.49788 -7.78212e-20)
(-8.95987 3.88024 -3.18649e-19)
(-9.05408 3.40898 -2.54144e-20)
(-9.38679 2.79868 3.87304e-20)
(-9.4875 2.25935 1.09925e-19)
(-9.77165 1.61871 3.96439e-20)
(-9.93358 1.00095 -2.01e-20)
(-10.218 0.298475 -3.81182e-20)
(-7.62468 7.0432 -4.6767e-19)
(-8.28904 6.11541 -7.87376e-19)
(-8.25161 5.72483 1.16357e-19)
(-8.92368 4.87049 3.34375e-19)
(-9.05876 4.28922 4.98723e-19)
(-9.59879 3.43541 -1.99134e-19)
(-9.77396 2.72759 3.04314e-20)
(-10.2175 1.85041 -1.07197e-19)
(-10.4385 1.05354 2.72165e-20)
(-10.8205 0.145831 -2.66706e-20)
(-6.55766 8.51431 -9.69713e-19)
(-7.56707 7.54014 6.43081e-19)
(-7.63246 6.78762 2.55835e-19)
(-8.6698 5.7821 -4.09468e-19)
(-8.9402 4.89113 -5.76392e-19)
(-9.70515 3.87087 7.06324e-20)
(-9.93179 2.92759 -2.87031e-19)
(-10.4917 1.89932 -4.11994e-19)
(-10.7085 0.93078 1.35188e-19)
(-11.132 -0.0881306 8.13339e-21)
(-5.59946 9.69437 1.90694e-18)
(-7.38252 8.04327 4.14152e-19)
(-7.40967 7.32499 -9.9314e-19)
(-8.78472 5.9946 2.16256e-18)
(-8.93962 5.11344 4.82386e-19)
(-9.84226 3.91633 4.85958e-19)
(-9.97732 2.95742 -7.2426e-20)
(-10.5984 1.81593 5.09276e-19)
(-10.7374 0.823657 -2.43391e-19)
(-11.1608 -0.256702 1.41831e-19)
(-1.66824 -0.0340609 -9.71999e-21)
(-1.69075 -0.0522121 8.21288e-21)
(-1.70873 -0.0697621 1.05298e-20)
(-1.72219 -0.0862169 5.93699e-21)
(-1.73198 -0.100637 -1.88282e-20)
(-1.73973 -0.111946 7.87454e-20)
(-1.74678 -0.119756 -7.92428e-21)
(-1.75162 -0.125214 6.82842e-20)
(-1.74694 -0.13112 -4.96902e-20)
(-1.72171 -0.140834 -2.47472e-20)
(-2.63244 0.349592 3.12809e-22)
(-2.63874 0.30977 -1.89491e-20)
(-2.63723 0.267833 4.51727e-20)
(-2.62413 0.226039 -7.94483e-20)
(-2.59766 0.18987 -7.4727e-20)
(-2.56303 0.16475 3.80852e-20)
(-2.53296 0.148668 -1.13204e-20)
(-2.51976 0.126313 -1.82388e-20)
(-2.52243 0.0740234 -4.89537e-20)
(-2.51436 -0.01845 3.50037e-20)
(-4.86421 0.322823 2.03907e-21)
(-4.89447 0.16478 -1.60742e-20)
(-4.91078 -0.00310854 4.90781e-20)
(-4.8943 -0.17767 -2.98447e-20)
(-4.83449 -0.349105 -4.10034e-20)
(-4.75701 -0.506918 1.02923e-19)
(-4.73264 -0.654686 -6.52184e-20)
(-4.83689 -0.823922 3.11658e-20)
(-5.05215 -1.05977 1.95965e-20)
(-5.15438 -1.36652 -2.99456e-20)
(-7.10533 0.0710613 7.79424e-21)
(-7.16954 -0.210919 -7.88988e-21)
(-7.21301 -0.505014 -2.73591e-20)
(-7.20204 -0.814301 -2.08961e-21)
(-7.10817 -1.12758 -1.2613e-20)
(-6.97126 -1.43163 -4.19752e-20)
(-6.93192 -1.7199 7.40436e-20)
(-7.15794 -2.02387 -5.10323e-20)
(-7.61937 -2.39909 9.61878e-21)
(-7.80455 -2.8527 -5.15991e-20)
(-8.27319 0.0885966 1.62446e-21)
(-8.36701 -0.311724 -6.17662e-21)
(-8.43188 -0.72584 -4.58656e-21)
(-8.44416 -1.16376 -1.27689e-20)
(-8.33374 -1.61652 -3.80783e-20)
(-8.12459 -2.0737 -1.37328e-20)
(-7.99251 -2.51559 1.6439e-20)
(-8.23141 -2.96701 -6.59921e-20)
(-8.86657 -3.49066 1.21749e-19)
(-9.12965 -4.09327 -1.29306e-19)
(-9.19217 0.0609938 -1.48723e-20)
(-9.3274 -0.49784 1.40958e-20)
(-9.40677 -1.0663 -3.30946e-20)
(-9.45146 -1.65974 7.62464e-20)
(-9.35226 -2.26905 -1.34772e-19)
(-9.10776 -2.89434 -2.93633e-20)
(-8.8703 -3.5109 -1.17099e-22)
(-9.05141 -4.14915 2.14093e-19)
(-9.77573 -4.87669 -4.81701e-20)
(-10.0566 -5.66759 2.68325e-19)
(-10.3743 -0.401552 2.49587e-20)
(-10.547 -1.15069 2.18303e-20)
(-10.6117 -1.88575 -2.19353e-20)
(-10.6696 -2.64728 -1.92972e-19)
(-10.584 -3.40785 -6.45459e-20)
(-10.3537 -4.19343 7.16623e-20)
(-10.0572 -4.97047 -2.14994e-19)
(-10.1564 -5.77645 1.37988e-19)
(-10.8371 -6.65444 -7.49178e-19)
(-10.9914 -7.53933 -1.04356e-18)
(-10.9798 -0.711939 -5.54514e-21)
(-11.1621 -1.6319 5.82639e-20)
(-11.1765 -2.50817 1.2573e-19)
(-11.2174 -3.41628 -2.20109e-19)
(-11.1197 -4.30068 -1.78501e-19)
(-10.9129 -5.21811 -8.4832e-19)
(-10.5783 -6.12473 1.27606e-19)
(-10.5774 -7.04741 -1.56987e-20)
(-11.0919 -7.98146 1.60632e-18)
(-11.0178 -8.8344 1.0717e-18)
(-11.2507 -1.05386 -3.82431e-20)
(-11.4307 -2.05465 -1.00867e-19)
(-11.392 -3.01555 5.22159e-19)
(-11.4143 -3.99407 3.33796e-19)
(-11.2988 -4.93626 4.67133e-19)
(-11.1294 -5.89319 9.96042e-19)
(-10.7815 -6.83749 5.02489e-19)
(-10.6836 -7.7623 -4.29753e-19)
(-11.0102 -8.59853 -1.02066e-18)
(-10.6228 -9.32125 1.75095e-18)
(-11.2274 -1.23085 -9.01169e-20)
(-11.4122 -2.26365 2.55951e-19)
(-11.3599 -3.2416 -6.50524e-19)
(-11.3795 -4.24572 -5.40466e-20)
(-11.2687 -5.19364 -4.86558e-19)
(-11.1589 -6.12898 -6.07464e-19)
(-10.8689 -7.0314 -2.79616e-18)
(-10.6603 -7.91192 1.3627e-18)
(-10.8652 -8.62156 -2.87893e-19)
(-10.4129 -9.0843 -3.04744e-18)
(-1.59389 -0.179632 0)
(-0.995076 -0.39853 0)
(-0.396931 -1.01666 0)
(-0.805118 -2.30301 0)
(1.57113 -1.71449 0)
(2.53362 -1.36487 0)
(3.32207 -1.07697 0)
(3.95347 -0.847519 0)
(4.47027 -0.673798 0)
(4.78926 -0.543572 0)
(5.01497 -0.445864 0)
(5.09356 -0.367286 0)
(5.16713 -0.305235 0)
(5.14441 -0.24999 0)
(5.17138 -0.207659 0)
(5.10472 -0.163938 0)
(5.11525 -0.136328 0)
(5.0109 -0.0971487 0)
(5.01002 -0.0815669 0)
(4.86187 -0.0365404 0)
(-2.1052 -0.118756 0)
(-0.877674 0.541368 0)
(0.289223 -0.416963 0)
(-1.61258 -3.09167 0)
(1.19132 -2.47754 0)
(1.66051 -1.86148 0)
(2.26658 -1.29289 0)
(2.82767 -0.853607 0)
(3.28685 -0.543623 0)
(3.58657 -0.336928 0)
(3.78852 -0.201576 0)
(3.8761 -0.111277 0)
(3.94585 -0.0499901 0)
(3.95636 -0.00702557 0)
(3.99491 0.0211826 0)
(3.98305 0.0407596 0)
(4.01112 0.0497501 0)
(3.97216 0.0581941 0)
(3.99066 0.0613752 0)
(3.92018 0.0651605 0)
(-3.9082 -1.64333 0)
(-3.2243 -1.36641 0)
(0.922941 -0.342556 0)
(-2.21897 -3.39857 0)
(0.24259 -3.16031 0)
(0.569626 -2.41977 0)
(1.20305 -1.7147 0)
(1.74682 -1.15899 0)
(2.16745 -0.755091 0)
(2.4504 -0.479697 0)
(2.62757 -0.297948 0)
(2.71454 -0.177659 0)
(2.77369 -0.097518 0)
(2.80356 -0.0421198 0)
(2.84528 -0.00628587 0)
(2.87252 0.0183035 0)
(2.90813 0.0298279 0)
(2.92777 0.0421889 0)
(2.95332 0.048138 0)
(2.958 0.054121 0)
(-5.85279 -3.23212 0)
(-5.79698 -3.9658 0)
(-0.473458 -1.99095 0)
(-2.77245 -3.93058 0)
(-0.614407 -3.85014 0)
(-0.00832126 -3.10037 0)
(0.627859 -2.25722 0)
(1.13711 -1.54002 0)
(1.51586 -1.00531 0)
(1.7643 -0.638424 0)
(1.90494 -0.397905 0)
(1.97073 -0.243043 0)
(2.00468 -0.143818 0)
(2.02649 -0.0784688 0)
(2.05433 -0.0383696 0)
(2.08784 -0.0110998 0)
(2.12098 0.00299837 0)
(2.16248 0.0209967 0)
(2.1909 0.0290061 0)
(2.22251 0.0475478 0)
(-6.75752 -4.44981 0)
(-7.29006 -5.88107 0)
(-2.67823 -4.55059 0)
(-2.84742 -4.52042 0)
(-1.2954 -4.52193 0)
(-0.438581 -3.66718 0)
(0.231846 -2.65114 0)
(0.736389 -1.7861 0)
(1.09066 -1.14693 0)
(1.31116 -0.712194 0)
(1.42665 -0.431897 0)
(1.47651 -0.257642 0)
(1.49476 -0.151489 0)
(1.50993 -0.0864327 0)
(1.52951 -0.0490261 0)
(1.56296 -0.0237901 0)
(1.59498 -0.00993313 0)
(1.63936 0.0092333 0)
(1.66953 0.0194996 0)
(1.69539 0.0450477 0)
(-6.93132 -5.84129 0)
(-7.46115 -7.11201 0)
(-3.76972 -6.4709 0)
(-2.98764 -5.7132 0)
(-1.54522 -5.18386 0)
(-0.637317 -4.21473 0)
(0.0407609 -3.03493 0)
(0.517005 -2.02614 0)
(0.834873 -1.28714 0)
(1.02258 -0.78721 0)
(1.11375 -0.467767 0)
(1.14806 -0.27338 0)
(1.15531 -0.159481 0)
(1.16584 -0.0939021 0)
(1.18121 -0.0579317 0)
(1.21307 -0.0342562 0)
(1.24345 -0.0202837 0)
(1.2824 -0.000527212 0)
(1.31157 0.0133912 0)
(1.31694 0.0441144 0)
(-7.44532 -7.81982 0)
(-7.06413 -8.3447 0)
(-4.04248 -7.87738 0)
(-2.86062 -6.76701 0)
(-1.61133 -5.86066 0)
(-0.68397 -4.64642 0)
(-0.0420868 -3.30962 0)
(0.391967 -2.18502 0)
(0.67101 -1.3748 0)
(0.82937 -0.831103 0)
(0.901021 -0.486254 0)
(0.923457 -0.279897 0)
(0.924139 -0.162927 0)
(0.931998 -0.0988259 0)
(0.945106 -0.0648539 0)
(0.974502 -0.0428652 0)
(1.00167 -0.0283904 0)
(1.03248 -0.00811791 0)
(1.05792 0.0106194 0)
(1.03878 0.0454614 0)
(-7.65712 -9.59296 0)
(-6.69271 -9.68285 0)
(-3.94941 -9.03624 0)
(-2.59995 -7.6843 0)
(-1.43573 -6.40033 0)
(-0.612349 -5.00658 0)
(-0.0367337 -3.53353 0)
(0.33602 -2.31508 0)
(0.570138 -1.447 0)
(0.699713 -0.866644 0)
(0.753973 -0.49975 0)
(0.766595 -0.283345 0)
(0.762867 -0.164486 0)
(0.768766 -0.102111 0)
(0.780067 -0.0700208 0)
(0.806216 -0.0493528 0)
(0.828934 -0.0340552 0)
(0.851576 -0.0133128 0)
(0.8715 0.0109293 0)
(0.828884 0.0487181 0)
(-7.27771 -10.5981 0)
(-6.054 -10.6005 0)
(-3.64196 -9.74156 0)
(-2.22718 -8.20606 0)
(-1.21018 -6.76093 0)
(-0.481409 -5.22483 0)
(0.00484004 -3.66738 0)
(0.313751 -2.39563 0)
(0.505461 -1.49505 0)
(0.610144 -0.891844 0)
(0.649871 -0.509343 0)
(0.654404 -0.285426 0)
(0.647326 -0.165388 0)
(0.651393 -0.104496 0)
(0.660795 -0.0738745 0)
(0.683195 -0.0540374 0)
(0.701013 -0.0377822 0)
(0.71647 -0.0165985 0)
(0.730126 0.0134013 0)
(0.666996 0.0531161 0)
(-6.91679 -10.6716 0)
(-5.38253 -10.797 0)
(-3.21401 -9.98324 0)
(-1.87191 -8.36176 0)
(-0.963752 -6.87738 0)
(-0.349655 -5.34051 0)
(0.0582497 -3.73904 0)
(0.307368 -2.44506 0)
(0.462856 -1.52739 0)
(0.547112 -0.908898 0)
(0.574855 -0.515491 0)
(0.572518 -0.286411 0)
(0.562482 -0.165891 0)
(0.564587 -0.106264 0)
(0.571881 -0.0767114 0)
(0.590377 -0.0572677 0)
(0.603435 -0.0400167 0)
(0.612954 -0.0183334 0)
(0.62031 0.0173773 0)
(0.540095 0.0581141 0)
(-6.96723 -9.69237 -9.5677e-20)
(-4.91636 -10.3916 -4.85168e-19)
(-2.95001 -9.9137 9.09582e-20)
(-1.64327 -8.29339 7.66279e-20)
(-0.836319 -6.83897 -1.09785e-20)
(-0.272209 -5.37391 -7.29187e-21)
(0.0912557 -3.76172 6.63288e-22)
(0.302848 -2.4618 -2.9831e-21)
(0.437887 -1.53762 -2.04602e-22)
(0.509938 -0.909789 1.88711e-21)
(0.52983 -0.511529 -9.31504e-22)
(0.522707 -0.282175 -8.97886e-23)
(0.510361 -0.163886 9.39783e-23)
(0.510679 -0.1064 1.33055e-22)
(0.516025 -0.077987 -1.12046e-22)
(0.531274 -0.0587204 4.93573e-22)
(0.540589 -0.0406739 -3.59137e-22)
(0.54594 -0.0184134 5.45756e-23)
(0.548068 0.0218555 1.62334e-22)
(0.455979 0.0625874 -5.7168e-23)
(-5.42909 -10.9944 2.90562e-20)
(-4.14717 -10.6409 -4.36348e-19)
(-2.35603 -9.95363 1.77069e-19)
(-1.22621 -8.18243 9.29301e-20)
(-0.598701 -6.59008 -5.67661e-21)
(-0.136817 -5.16711 2.50871e-21)
(0.165599 -3.5692 1.15614e-22)
(0.324237 -2.3244 -3.33246e-21)
(0.432089 -1.46143 3.29605e-21)
(0.488188 -0.867269 -9.15021e-22)
(0.499124 -0.488115 -3.39653e-22)
(0.488055 -0.270073 -4.67826e-23)
(0.474422 -0.158608 3.30244e-22)
(0.473836 -0.104776 -9.65709e-23)
(0.478017 -0.0780155 -2.92785e-23)
(0.491109 -0.0592279 -1.22325e-22)
(0.4979 -0.0408535 -7.27406e-24)
(0.500519 -0.0183087 -3.12063e-22)
(0.498754 0.0252582 -9.37665e-24)
(0.398481 0.0658845 1.08715e-22)
(-5.04114 -11.0496 -7.78502e-19)
(-3.79673 -10.3732 -4.79249e-20)
(-2.19893 -9.81804 9.00874e-20)
(-1.06845 -8.24122 3.4733e-20)
(-0.508188 -6.51939 3.46402e-20)
(-0.0919931 -5.1152 -1.14588e-21)
(0.200702 -3.53035 -1.80437e-21)
(0.333194 -2.26772 4.69664e-21)
(0.425158 -1.41945 -2.3591e-21)
(0.46929 -0.836922 -3.12318e-22)
(0.471043 -0.468474 -1.21482e-22)
(0.455481 -0.259181 -2.49264e-22)
(0.440332 -0.15374 1.04106e-22)
(0.43871 -0.103241 -3.95995e-22)
(0.441568 -0.0779736 -6.30165e-22)
(0.452378 -0.0595854 -7.42461e-23)
(0.456612 -0.0408739 5.00605e-22)
(0.456688 -0.01801 5.96677e-22)
(0.451012 0.0290374 -7.865e-23)
(0.343406 0.0694035 1.90845e-22)
(-3.70104 -12.3815 -6.13928e-19)
(-3.02305 -10.8553 -1.74435e-19)
(-1.72978 -9.81403 -9.11376e-20)
(-0.726123 -8.288 1.91175e-22)
(-0.299171 -6.42465 2.78829e-20)
(-0.00239637 -4.95291 -2.62302e-21)
(0.250139 -3.43292 1.86201e-21)
(0.345947 -2.19483 -3.19113e-21)
(0.417401 -1.37809 7.81761e-22)
(0.45113 -0.811387 5.31457e-22)
(0.444632 -0.452253 1.97701e-22)
(0.424778 -0.250169 -2.98778e-22)
(0.408054 -0.149764 5.25792e-22)
(0.405271 -0.102051 6.32374e-23)
(0.406656 -0.0779865 4.57248e-22)
(0.415085 -0.0598536 -3.8007e-23)
(0.416754 -0.0407555 -4.66486e-22)
(0.414482 -0.017503 -6.17361e-22)
(0.404863 0.0332158 1.08292e-22)
(0.290909 0.0731683 -1.99959e-22)
(-3.11762 -12.5218 6.62629e-19)
(-2.54837 -10.836 1.05575e-19)
(-1.55118 -9.60182 -7.22756e-20)
(-0.571863 -8.29538 9.06232e-20)
(-0.169808 -6.44837 1.69374e-20)
(0.0484922 -4.86537 9.43787e-21)
(0.281747 -3.37755 -1.93673e-22)
(0.357894 -2.1447 4.77486e-22)
(0.409632 -1.3429 -1.64741e-22)
(0.433643 -0.788636 1.90398e-22)
(0.419543 -0.437506 3.25594e-22)
(0.39575 -0.241994 -4.19792e-22)
(0.377491 -0.146193 4.26706e-22)
(0.373448 -0.100975 -5.31439e-22)
(0.373232 -0.0779385 -5.84633e-22)
(0.379219 -0.0599759 4.50676e-22)
(0.378344 -0.0404824 -3.3128e-23)
(0.373929 -0.0167903 5.24412e-22)
(0.36034 0.0377521 -4.71322e-22)
(0.241218 0.077147 1.62246e-22)
(-1.90623 -13.4423 -1.35377e-19)
(-1.77014 -11.3684 -1.64324e-19)
(-1.14184 -9.59636 1.01989e-19)
(-0.311234 -8.26085 -3.07929e-20)
(0.0228207 -6.4641 -7.8829e-21)
(0.130238 -4.76249 -6.11285e-21)
(0.314519 -3.30258 3.18914e-22)
(0.370984 -2.10017 -3.31941e-22)
(0.402463 -1.31234 2.32178e-22)
(0.416971 -0.768604 -1.57607e-22)
(0.395715 -0.42405 -3.41418e-23)
(0.368276 -0.234429 4.99898e-22)
(0.348536 -0.142866 -1.58287e-22)
(0.343153 -0.0999142 -4.32218e-22)
(0.341237 -0.0777708 2.7565e-22)
(0.34476 -0.0599214 5.02975e-22)
(0.341395 -0.0400478 2.27775e-22)
(0.335056 -0.0158729 5.4876e-23)
(0.317484 0.0426033 1.85232e-22)
(0.194648 0.0812995 -5.13478e-23)
(-1.19561 -13.524 2.38629e-19)
(-1.21367 -11.4185 -1.90403e-19)
(-0.90529 -9.45891 7.73002e-20)
(-0.174331 -8.16867 2.27799e-20)
(0.16029 -6.49787 -7.99678e-21)
(0.202309 -4.71715 1.66575e-21)
(0.341273 -3.24323 -4.29515e-22)
(0.383991 -2.06595 -2.28085e-22)
(0.396393 -1.28699 2.96153e-22)
(0.401285 -0.751304 -1.55617e-22)
(0.373186 -0.411974 1.67516e-22)
(0.342289 -0.22751 1.89649e-23)
(0.321097 -0.139775 9.41338e-23)
(0.314301 -0.0988473 -1.17632e-22)
(0.310611 -0.077467 3.08585e-22)
(0.311688 -0.0596826 -4.17577e-22)
(0.305919 -0.0394552 9.98704e-23)
(0.297883 -0.0147552 -3.75775e-22)
(0.276346 0.0477178 3.45035e-22)
(0.151605 0.0855755 -4.35523e-22)
(-0.0562861 -14.1998 2.89864e-19)
(-0.431709 -11.9114 -1.723e-19)
(-0.491852 -9.5597 -1.27827e-19)
(0.0359631 -8.10119 3.62382e-20)
(0.322339 -6.50334 -1.26519e-21)
(0.292626 -4.68546 4.88631e-21)
(0.370655 -3.18789 3.89353e-22)
(0.397211 -2.03802 3.1947e-23)
(0.391732 -1.26659 -1.20389e-23)
(0.386731 -0.736651 7.31543e-23)
(0.352018 -0.401266 4.49424e-23)
(0.317751 -0.221228 -1.33332e-22)
(0.295093 -0.136902 -1.01238e-22)
(0.286813 -0.0977575 6.36666e-22)
(0.281303 -0.0770184 -5.04839e-22)
(0.279986 -0.0592602 1.51071e-22)
(0.271926 -0.0387146 1.05383e-22)
(0.262433 -0.0134476 -3.29003e-22)
(0.236986 0.0530257 -2.89947e-22)
(0.112565 0.0899045 1.96152e-22)
(0.73392 -14.3083 -2.00544e-19)
(0.194306 -12.0448 -4.2215e-20)
(-0.164416 -9.58674 3.34787e-20)
(0.186164 -8.03276 -1.4273e-20)
(0.450112 -6.50125 8.80543e-21)
(0.379579 -4.68246 2.72729e-21)
(0.401884 -3.14869 2.38599e-22)
(0.410836 -2.01694 9.63858e-23)
(0.388664 -1.25102 1.28191e-23)
(0.373437 -0.724587 -3.46746e-23)
(0.332268 -0.391888 1.14086e-22)
(0.294637 -0.215544 -1.50575e-22)
(0.270456 -0.134217 1.36822e-22)
(0.260622 -0.0966254 -2.73546e-22)
(0.253267 -0.0764195 3.64832e-23)
(0.249643 -0.0586595 -1.63542e-23)
(0.239424 -0.03784 -1.30868e-22)
(0.228721 -0.0119668 2.85851e-22)
(0.199467 0.0584375 1.23151e-22)
(0.0780069 0.0941927 1.38378e-22)
(1.80644 -14.8158 2.76373e-20)
(0.999523 -12.5125 -1.84484e-21)
(0.30959 -9.81308 -1.92185e-20)
(0.404664 -8.0397 8.27333e-21)
(0.592893 -6.4999 -1.55371e-21)
(0.474108 -4.69115 1.19899e-21)
(0.438377 -3.12409 -1.88132e-22)
(0.425661 -2.00245 8.07036e-24)
(0.387318 -1.24007 -2.71651e-23)
(0.361507 -0.715074 -2.80736e-23)
(0.313985 -0.383813 -3.14274e-23)
(0.272924 -0.210419 2.44315e-23)
(0.247128 -0.131688 2.37956e-23)
(0.235672 -0.0954361 -4.20173e-23)
(0.226471 -0.0756705 -2.29269e-24)
(0.220651 -0.0578912 -1.85413e-23)
(0.208423 -0.0368498 -2.93231e-23)
(0.196761 -0.0103348 3.70513e-23)
(0.163854 0.063848 -5.57256e-23)
(0.0483041 0.0983331 -5.91508e-23)
)
;

boundaryField
{
    inlet
    {
        type            freestream;
        freestreamValue uniform (1 0 0);
        value           uniform (1 0 0);
    }
    outlet
    {
        type            freestream;
        freestreamValue uniform (1 0 0);
        value           nonuniform List<vector> 
40
(
(1 0 0)
(1 0 0)
(1 0 0)
(1 0 0)
(1 0 0)
(1 0 0)
(1 0 0)
(1 0 0)
(1 0 0)
(1 0 0)
(0.0236684 0.102233 -5.93012e-23)
(0.00426846 0.105785 1.40986e-22)
(1 0 0)
(1 0 0)
(1 0 0)
(1 0 0)
(1 0 0)
(1 0 0)
(1 0 0)
(1 0 0)
(0.455979 0.0625874 -5.7168e-23)
(0.398481 0.0658845 1.08715e-22)
(0.343406 0.0694035 1.90845e-22)
(0.290909 0.0731683 -1.99959e-22)
(0.241218 0.077147 1.62246e-22)
(0.194648 0.0812995 -5.13478e-23)
(0.151605 0.0855755 -4.35523e-22)
(0.112565 0.0899045 1.96152e-22)
(0.0780069 0.0941927 1.38378e-22)
(0.0483041 0.0983331 -5.91508e-23)
(4.86187 -0.0365404 0)
(3.92018 0.0651605 0)
(2.958 0.054121 0)
(2.22251 0.0475478 0)
(1.69539 0.0450477 0)
(1.31694 0.0441144 0)
(1.03878 0.0454614 0)
(0.828884 0.0487181 0)
(0.666996 0.0531161 0)
(0.540095 0.0581141 0)
)
;
    }
    top
    {
        type            symmetryPlane;
    }
    bottom
    {
        type            symmetryPlane;
    }
    cylinder
    {
        type            rotatingWallVelocity;
        origin          (0 0 0);
        axis            (0 0 1);
        omega           constant -40;
        value           nonuniform List<vector> 
80
(
(0.792638 -19.9685 1.7323e-23)
(2.35436 -19.8446 1.21601e-22)
(3.90158 -19.5988 -3.5725e-24)
(5.42481 -19.2328 7.11645e-23)
(6.91476 -18.7489 -3.81908e-22)
(8.3623 -18.1498 1.31741e-22)
(9.75859 -17.4394 1.6225e-21)
(11.0951 -16.6219 5.60215e-21)
(12.3636 -15.7024 -3.51925e-21)
(13.5564 -14.6864 -3.59614e-21)
(19.9685 -0.792638 -1.7323e-23)
(19.8446 -2.35436 -1.21601e-22)
(19.5988 -3.90158 3.5725e-24)
(19.2328 -5.42481 7.37708e-23)
(18.7489 -6.91476 -1.10891e-21)
(18.1498 -8.3623 -1.31741e-22)
(17.4394 -9.75859 -1.6225e-21)
(16.6219 -11.0951 1.13241e-21)
(15.7024 -12.3636 -4.89462e-21)
(14.6864 -13.5564 3.59614e-21)
(14.6864 13.5564 3.59614e-21)
(15.7024 12.3636 -4.89462e-21)
(16.6219 11.0951 1.13241e-21)
(17.4394 9.75859 -1.6225e-21)
(18.1498 8.3623 -1.31741e-22)
(18.7489 6.91476 -1.10891e-21)
(19.2328 5.42481 7.37708e-23)
(19.5988 3.90158 3.5725e-24)
(19.8446 2.35436 -1.21601e-22)
(19.9685 0.792638 -1.7323e-23)
(0.792638 19.9685 1.7323e-23)
(2.35436 19.8446 1.21601e-22)
(3.90158 19.5988 -3.5725e-24)
(5.42481 19.2328 7.11645e-23)
(6.91476 18.7489 -3.81908e-22)
(8.3623 18.1498 1.31741e-22)
(9.75859 17.4394 1.6225e-21)
(11.0951 16.6219 -1.13241e-21)
(12.3636 15.7024 -3.51925e-21)
(13.5564 14.6864 -3.59614e-21)
(-13.5564 14.6864 -3.59614e-21)
(-12.3636 15.7024 -3.51925e-21)
(-11.0951 16.6219 5.60215e-21)
(-9.75859 17.4394 1.6225e-21)
(-8.3623 18.1498 1.31741e-22)
(-6.91476 18.7489 -3.81908e-22)
(-5.42481 19.2328 7.11645e-23)
(-3.90158 19.5988 -3.5725e-24)
(-2.35436 19.8446 1.21601e-22)
(-0.792638 19.9685 1.7323e-23)
(-14.6864 13.5564 3.59614e-21)
(-15.7024 12.3636 -4.89462e-21)
(-16.6219 11.0951 1.13241e-21)
(-17.4394 9.75859 -1.6225e-21)
(-18.1498 8.3623 -1.31741e-22)
(-18.7489 6.91476 -1.10891e-21)
(-19.2328 5.42481 7.37708e-23)
(-19.5988 3.90158 3.5725e-24)
(-19.8446 2.35436 -1.21601e-22)
(-19.9685 0.792638 -1.7323e-23)
(-19.9685 -0.792638 -1.7323e-23)
(-19.8446 -2.35436 -1.21601e-22)
(-19.5988 -3.90158 3.5725e-24)
(-19.2328 -5.42481 -7.11645e-23)
(-18.7489 -6.91476 -1.10891e-21)
(-18.1498 -8.3623 -1.31741e-22)
(-17.4394 -9.75859 -1.6225e-21)
(-16.6219 -11.0951 1.13241e-21)
(-15.7024 -12.3636 -4.89462e-21)
(-14.6864 -13.5564 3.59614e-21)
(-13.5564 -14.6864 -3.59614e-21)
(-12.3636 -15.7024 -3.51925e-21)
(-11.0951 -16.6219 -1.13241e-21)
(-9.75859 -17.4394 1.6225e-21)
(-8.3623 -18.1498 1.31741e-22)
(-6.91476 -18.7489 -3.81908e-22)
(-5.42481 -19.2328 7.11645e-23)
(-3.90158 -19.5988 -3.5725e-24)
(-2.35436 -19.8446 1.21601e-22)
(-0.792638 -19.9685 1.7323e-23)
)
;
    }
    frontandback
    {
        type            empty;
    }
}


// ************************************************************************* //
