/*--------------------------------*- C++ -*----------------------------------*\
  =========                 |
  \\      /  F ield         | OpenFOAM: The Open Source CFD Toolbox
   \\    /   O peration     | Website:  https://openfoam.org
    \\  /    A nd           | Version:  6.0
     \\/     M anipulation  |
\*---------------------------------------------------------------------------*/
FoamFile
{
    version     2.0;
    format      ascii;
    class       volScalarField;
    location    "1.5";
    object      p;
}
// * * * * * * * * * * * * * * * * * * * * * * * * * * * * * * * * * * * * * //

dimensions      [0 2 -2 0 0 0 0];

internalField   nonuniform List<scalar> 
9600
(
-51.1416
-39.789
-32.0896
-26.3179
-21.5034
-17.5524
-14.345
-11.7401
-9.62435
-7.90678
-6.51246
-5.37978
-4.4585
-3.70784
-3.09485
-2.59305
-2.18105
-1.84112
-1.55925
-1.33122
-51.1728
-39.8371
-32.1417
-26.3672
-21.549
-17.5951
-14.3853
-11.7787
-9.6617
-7.94333
-6.54847
-5.41536
-4.49368
-3.74256
-3.12902
-2.62654
-2.21375
-1.87282
-1.58972
-1.36119
-51.2179
-39.8879
-32.1948
-26.4182
-21.5967
-17.6398
-14.4277
-11.8194
-9.70132
-7.98221
-6.58684
-5.45334
-4.53128
-3.77974
-3.16566
-2.66252
-2.24893
-1.90698
-1.62265
-1.39362
-51.2732
-39.9441
-32.2505
-26.4712
-21.6463
-17.6863
-14.472
-11.8621
-9.74291
-8.02312
-6.62731
-5.49349
-4.57112
-3.8192
-3.20463
-2.70086
-2.2865
-1.94357
-1.65803
-1.42853
-51.336
-40.0053
-32.3092
-26.5265
-21.6979
-17.7348
-14.5182
-11.9067
-9.78648
-8.06606
-6.66987
-5.53579
-4.61317
-3.86093
-3.24593
-2.74159
-2.32649
-1.98259
-1.69588
-1.46596
-51.4044
-40.071
-32.371
-26.5841
-21.7515
-17.7851
-14.5661
-11.953
-9.83185
-8.11086
-6.71436
-5.58009
-4.6573
-3.90482
-3.28946
-2.78461
-2.36884
-2.02402
-1.73618
-1.50592
-51.4772
-40.1403
-32.4356
-26.6437
-21.8068
-17.8371
-14.6156
-12.001
-9.87885
-8.15735
-6.76062
-5.62624
-4.70336
-3.95073
-3.33511
-2.82984
-2.41347
-2.0678
-1.7789
-1.54836
-51.5537
-40.2127
-32.5026
-26.7053
-21.8637
-17.8905
-14.6665
-12.0503
-9.92724
-8.20531
-6.80841
-5.67402
-4.75115
-3.99848
-3.38269
-2.8771
-2.46024
-2.11379
-1.82391
-1.5932
-51.6333
-40.2876
-32.5716
-26.7684
-21.9219
-17.9449
-14.7185
-12.1007
-9.97677
-8.25445
-6.85748
-5.72316
-4.80041
-4.04781
-3.43197
-2.92619
-2.50894
-2.16183
-1.87107
-1.64032
-51.7156
-40.3647
-32.6422
-26.8327
-21.9811
-18.0003
-14.7712
-12.1518
-10.0271
-8.30447
-6.90749
-5.77335
-4.85082
-4.09841
-3.48266
-2.97681
-2.55931
-2.21166
-1.92016
-1.68951
-51.8003
-40.4435
-32.7141
-26.8979
-22.0408
-18.056
-14.8244
-12.2034
-10.0779
-8.35498
-6.95808
-5.82419
-4.90199
-4.14989
-3.53436
-3.0286
-2.611
-2.26296
-1.97086
-1.74047
-51.8874
-40.5238
-32.7868
-26.9636
-22.1008
-18.1119
-14.8776
-12.255
-10.1287
-8.40557
-7.0088
-5.87524
-4.95347
-4.20179
-3.58662
-3.0811
-2.66355
-2.31529
-2.02274
-1.79281
-51.9769
-40.6052
-32.86
-27.0293
-22.1605
-18.1675
-14.9304
-12.3062
-10.1791
-8.45579
-7.05919
-5.92602
-5.00474
-4.25358
-3.63888
-3.13374
-2.71642
-2.36811
-2.07528
-1.84603
-52.0687
-40.6874
-32.9333
-27.0948
-22.2197
-18.2223
-14.9824
-12.3566
-10.2287
-8.50518
-7.10874
-5.97598
-5.05523
-4.30465
-3.69051
-3.18587
-2.76894
-2.42075
-2.12784
-1.89956
-52.1626
-40.7697
-33.0062
-27.1596
-22.278
-18.276
-15.0332
-12.4058
-10.2771
-8.55327
-7.15697
-6.02458
-5.10433
-4.35432
-3.74077
-3.23669
-2.82025
-2.47233
-2.17953
-1.95253
-52.2589
-40.8518
-33.0781
-27.2232
-22.335
-18.3282
-15.0825
-12.4533
-10.3237
-8.59964
-7.2034
-6.07129
-5.15146
-4.40193
-3.78889
-3.28532
-2.86937
-2.52179
-2.22917
-2.00335
-52.3618
-40.9352
-33.1488
-27.2851
-22.3899
-18.3783
-15.1295
-12.4987
-10.3683
-8.64384
-7.24759
-6.11565
-5.19607
-4.44684
-3.83414
-3.33097
-2.91547
-2.56822
-2.2755
-2.05024
-52.4805
-41.0234
-33.2179
-27.3437
-22.4415
-18.4253
-15.1737
-12.5414
-10.4102
-8.6855
-7.28916
-6.15721
-5.23764
-4.48843
-3.87576
-3.37274
-2.9575
-2.61031
-2.3171
-2.09368
-52.6162
-41.1158
-33.2843
-27.3982
-22.4897
-18.4694
-15.2154
-12.5816
-10.4498
-8.7247
-7.32813
-6.19592
-5.27601
-4.52631
-3.91303
-3.40927
-2.99299
-2.64425
-2.35042
-2.13397
-52.7281
-41.1991
-33.3472
-27.4506
-22.5366
-18.5126
-15.2561
-12.6209
-10.4881
-8.76248
-7.36543
-6.2327
-5.31206
-4.5613
-3.94655
-3.44057
-3.02068
-2.66757
-2.37272
-2.15683
-52.8906
-52.9335
-52.9532
-52.9743
-52.9962
-53.0133
-53.0235
-53.0265
-53.023
-53.0131
-52.9971
-52.9755
-52.9488
-52.9177
-52.8833
-52.8468
-52.8101
-52.7765
-52.7505
-52.7385
-41.2978
-41.3558
-41.4001
-41.4389
-41.4723
-41.4984
-41.5164
-41.5266
-41.5297
-41.5261
-41.5162
-41.5006
-41.4797
-41.4543
-41.4251
-41.3932
-41.3598
-41.3257
-41.2917
-41.2531
-33.3703
-33.4361
-33.4924
-33.5396
-33.5783
-33.6088
-33.6313
-33.6464
-33.6544
-33.6558
-33.6511
-33.6406
-33.625
-33.6047
-33.5804
-33.5525
-33.5215
-33.4874
-33.4491
-33.4039
-27.4268
-27.4928
-27.5507
-27.5993
-27.6389
-27.6706
-27.6948
-27.7119
-27.7223
-27.7264
-27.7245
-27.7171
-27.7047
-27.6877
-27.6665
-27.6413
-27.6124
-27.5797
-27.5426
-27.5006
-22.5007
-22.5632
-22.6186
-22.6656
-22.7041
-22.735
-22.7588
-22.7758
-22.7865
-22.7911
-22.79
-22.7836
-22.7724
-22.7568
-22.737
-22.7134
-22.686
-22.6552
-22.6204
-22.5818
-18.4907
-18.5489
-18.6005
-18.6445
-18.6805
-18.7092
-18.7312
-18.7466
-18.756
-18.7596
-18.7577
-18.7509
-18.7394
-18.7237
-18.7041
-18.6809
-18.6543
-18.6245
-18.5912
-18.5547
-15.264
-15.3178
-15.3654
-15.4056
-15.4384
-15.4642
-15.4834
-15.4965
-15.5037
-15.5053
-15.5018
-15.4935
-15.4808
-15.4641
-15.4438
-15.4201
-15.3934
-15.3639
-15.3314
-15.2961
-12.6674
-12.7169
-12.7602
-12.7965
-12.8257
-12.8483
-12.8645
-12.8748
-12.8794
-12.8786
-12.8729
-12.8626
-12.8481
-12.8299
-12.8083
-12.7836
-12.7562
-12.7264
-12.694
-12.6594
-10.5772
-10.6226
-10.6619
-10.6944
-10.72
-10.7393
-10.7524
-10.7597
-10.7615
-10.7582
-10.75
-10.7374
-10.7209
-10.7008
-10.6775
-10.6516
-10.6232
-10.5927
-10.5601
-10.5258
-8.89513
-8.9367
-8.97215
-9.001
-9.02328
-9.0393
-9.04937
-9.05376
-9.05278
-9.04675
-9.03607
-9.02113
-9.00237
-8.98024
-8.9552
-8.9277
-8.89811
-8.86682
-8.83385
-8.7995
-7.54085
-7.57883
-7.61071
-7.63613
-7.65517
-7.66813
-7.67526
-7.67683
-7.67314
-7.66452
-7.65136
-7.63406
-7.61307
-7.58887
-7.56197
-7.53285
-7.50197
-7.46979
-7.43635
-7.40196
-6.44884
-6.48345
-6.51201
-6.53423
-6.55025
-6.56031
-6.56466
-6.56357
-6.55732
-6.54624
-6.5307
-6.51112
-6.48797
-6.46173
-6.43295
-6.4022
-6.37001
-6.33689
-6.30302
-6.26868
-5.56609
-5.59756
-5.62303
-5.64229
-5.65549
-5.66287
-5.66465
-5.66108
-5.65244
-5.63906
-5.6213
-5.59958
-5.57436
-5.54615
-5.51555
-5.48318
-5.44967
-5.41564
-5.38141
-5.34726
-4.8499
-4.87846
-4.90107
-4.91761
-4.92823
-4.93314
-4.93256
-4.92673
-4.91592
-4.90043
-4.88064
-4.85693
-4.82978
-4.79972
-4.76736
-4.7334
-4.69857
-4.66366
-4.62914
-4.5954
-4.26605
-4.29192
-4.31192
-4.32598
-4.33425
-4.33693
-4.33422
-4.32635
-4.31358
-4.29622
-4.27459
-4.24909
-4.22017
-4.18837
-4.15432
-4.11879
-4.08262
-4.04681
-4.01206
-3.97905
-3.78725
-3.81065
-3.82827
-3.84007
-3.84622
-3.84689
-3.84228
-3.8326
-3.8181
-3.79906
-3.7758
-3.74868
-3.71816
-3.68474
-3.64907
-3.61196
-3.57436
-3.53752
-3.50247
-3.47053
-3.39184
-3.41298
-3.42844
-3.43822
-3.44246
-3.44133
-3.43502
-3.42373
-3.40768
-3.38715
-3.36243
-3.33385
-3.30184
-3.26687
-3.22958
-3.1908
-3.15157
-3.11344
-3.07769
-3.0469
-3.06254
-3.08176
-3.0954
-3.10348
-3.10613
-3.10351
-3.09579
-3.08316
-3.06585
-3.04408
-3.01813
-2.98831
-2.95499
-2.91863
-2.87979
-2.83931
-2.79827
-2.75858
-2.72174
-2.69195
-2.78572
-2.80349
-2.8158
-2.82267
-2.82423
-2.82063
-2.81204
-2.79863
-2.7806
-2.75819
-2.73162
-2.70119
-2.66722
-2.6301
-2.59036
-2.54873
-2.50627
-2.46525
-2.42761
-2.40133
-2.55217
-2.56762
-2.57784
-2.58286
-2.58279
-2.57778
-2.56799
-2.55357
-2.53471
-2.5116
-2.48448
-2.45357
-2.41915
-2.38154
-2.34113
-2.29852
-2.25452
-2.21111
-2.16996
-2.15035
-49.583
-49.7835
-49.9589
-50.149
-50.3515
-50.5561
-50.7577
-50.9547
-51.1465
-51.3324
-51.5113
-51.6826
-51.8456
-52.0001
-52.1461
-52.2838
-52.4139
-52.5378
-52.6581
-52.7782
-38.0297
-38.242
-38.4444
-38.6495
-38.8567
-39.0613
-39.2609
-39.455
-39.6431
-39.8248
-39.9995
-40.1667
-40.3261
-40.4773
-40.6203
-40.7551
-40.8821
-41.0013
-41.113
-41.2141
-30.2245
-30.4361
-30.644
-30.8481
-31.0486
-31.2448
-31.4359
-31.6216
-31.8017
-31.9755
-32.1426
-32.3026
-32.4553
-32.6002
-32.7373
-32.8663
-32.9871
-33.0993
-33.202
-33.2934
-24.4489
-24.6505
-24.8502
-25.0451
-25.235
-25.4205
-25.6013
-25.7771
-25.9474
-26.1118
-26.2698
-26.4211
-26.5653
-26.7022
-26.8315
-26.9529
-27.0662
-27.171
-27.2666
-27.3526
-19.6994
-19.8891
-20.0777
-20.2621
-20.4419
-20.6173
-20.7881
-20.9539
-21.1144
-21.2692
-21.4178
-21.56
-21.6953
-21.8236
-21.9446
-22.058
-22.1637
-22.2613
-22.3503
-22.4307
-15.8553
-16.0346
-16.213
-16.388
-16.5585
-16.7247
-16.8863
-17.043
-17.1944
-17.3401
-17.48
-17.6135
-17.7404
-17.8605
-17.9736
-18.0795
-18.1778
-18.2684
-18.3511
-18.4257
-12.7763
-12.947
-13.1168
-13.2835
-13.4459
-13.604
-13.7575
-13.9062
-14.0495
-14.1873
-14.3194
-14.4452
-14.5646
-14.6773
-14.7833
-14.8822
-14.9738
-15.0581
-15.1348
-15.2039
-10.3082
-10.472
-10.6347
-10.7942
-10.9497
-11.1008
-11.2474
-11.3891
-11.5255
-11.6564
-11.7816
-11.9007
-12.0135
-12.1198
-12.2194
-12.3121
-12.3979
-12.4765
-12.5477
-12.6117
-8.33042
-8.48845
-8.64514
-8.79866
-8.94817
-9.09335
-9.23394
-9.36961
-9.49998
-9.62483
-9.74403
-9.85724
-9.96418
-10.0647
-10.1588
-10.2461
-10.3265
-10.4
-10.4663
-10.5257
-6.74817
-6.90134
-7.05294
-7.20131
-7.34564
-7.48558
-7.62084
-7.75114
-7.87613
-7.99563
-8.10946
-8.21738
-8.31914
-8.41458
-8.50357
-8.58596
-8.66162
-8.7305
-8.79242
-8.84758
-5.48446
-5.63338
-5.78057
-5.92439
-6.06405
-6.19922
-6.32962
-6.455
-6.5751
-6.68969
-6.79862
-6.90173
-6.99877
-7.08954
-7.17394
-7.25187
-7.32318
-7.38784
-7.4457
-7.49694
-4.47639
-4.62148
-4.76475
-4.90442
-5.03973
-5.17041
-5.29624
-5.41701
-5.5325
-5.64251
-5.7469
-5.84553
-5.93816
-6.02461
-6.10479
-6.17858
-6.24587
-6.30662
-6.36072
-6.40833
-3.67262
-3.81422
-3.95395
-4.08973
-4.22085
-4.3472
-4.46863
-4.58497
-4.69607
-4.80174
-4.90184
-4.99624
-5.08474
-5.16715
-5.24336
-5.31329
-5.37683
-5.43395
-5.48454
-5.52875
-3.03126
-3.16972
-3.30628
-3.43831
-3.56532
-3.68742
-3.80457
-3.91664
-4.02351
-4.12504
-4.22105
-4.31145
-4.39604
-4.47463
-4.54712
-4.61342
-4.67345
-4.72716
-4.77447
-4.81553
-2.51829
-2.65412
-2.78791
-2.91626
-3.03919
-3.15712
-3.27009
-3.37801
-3.48082
-3.57837
-3.6705
-3.75709
-3.83797
-3.91295
-3.98191
-4.0448
-4.10153
-4.15205
-4.19631
-4.23443
-2.10626
-2.24054
-2.37204
-2.49668
-2.61552
-2.72935
-2.83822
-2.94212
-3.041
-3.13473
-3.22312
-3.30607
-3.3834
-3.45493
-3.52057
-3.58023
-3.63384
-3.68138
-3.72279
-3.75818
-1.7719
-1.90711
-2.03713
-2.15792
-2.27262
-2.38241
-2.48727
-2.58725
-2.68234
-2.77238
-2.8572
-2.93666
-3.01061
-3.07889
-3.14137
-3.198
-3.24871
-3.29347
-3.33224
-3.36511
-1.49213
-1.63213
-1.76255
-1.87976
-1.99049
-2.09643
-2.19754
-2.2939
-2.38549
-2.47217
-2.55376
-2.63008
-2.70101
-2.76639
-2.8261
-2.88006
-2.92824
-2.97059
-3.00709
-3.0378
-1.2505
-1.39934
-1.5324
-1.64706
-1.75432
-1.85673
-1.95444
-2.04755
-2.13606
-2.21978
-2.29853
-2.37213
-2.44045
-2.50334
-2.56068
-2.61241
-2.65848
-2.69886
-2.73352
-2.76252
-1.08965
-1.24674
-1.37443
-1.48346
-1.58527
-1.68215
-1.77462
-1.86281
-1.94657
-2.0257
-2.09997
-2.16924
-2.23337
-2.29223
-2.34573
-2.39381
-2.43644
-2.47359
-2.50526
-2.53148
1.01875
0.904203
0.746196
0.539128
0.268374
-0.0845611
-0.541659
-1.12954
-1.88045
-2.83335
-4.03549
-5.54437
-7.4304
-9.78059
-12.7072
-16.356
-20.8623
-26.3494
-33.8358
-45.1004
0.942498
0.825039
0.665348
0.456586
0.18424
-0.170041
-0.628243
-1.21705
-1.96881
-2.92264
-4.12595
-5.63648
-7.52489
-9.87846
-12.8099
-16.4653
-20.9805
-26.477
-33.9692
-45.2325
0.86142
0.740855
0.57933
0.368684
0.0945268
-0.261335
-0.720894
-1.3109
-2.0638
-3.01886
-4.22367
-5.73622
-7.62741
-9.98484
-12.9215
-16.5839
-21.1081
-26.6137
-34.109
-45.3626
0.775819
0.651963
0.488471
0.27577
-0.000387661
-0.358029
-0.819148
-1.41056
-2.1648
-3.1213
-4.32784
-5.84263
-7.73686
-10.0984
-13.0405
-16.7101
-21.2434
-26.7594
-34.2621
-45.5137
0.68594
0.558614
0.393016
0.178087
-0.100263
-0.459881
-0.922761
-1.51577
-2.27156
-3.22969
-4.43813
-5.95535
-7.8528
-10.2187
-13.1665
-16.8436
-21.3864
-26.9141
-34.4283
-45.6844
0.592024
0.461061
0.293222
0.0758851
-0.204854
-0.566652
-1.0315
-1.62632
-2.38386
-3.34382
-4.55437
-6.07423
-7.97513
-10.3456
-13.2995
-16.9845
-21.5373
-27.0775
-34.6048
-45.8687
0.494305
0.359556
0.189344
-0.0305749
-0.313896
-0.678073
-1.14509
-1.74194
-2.50144
-3.46345
-4.67633
-6.19905
-8.10366
-10.479
-13.4394
-17.1328
-21.6962
-27.2492
-34.7902
-46.0634
0.392996
0.254332
0.0816304
-0.14104
-0.427126
-0.79387
-1.26326
-1.86233
-2.624
-3.58826
-4.80369
-6.32952
-8.2381
-10.6187
-13.5859
-17.2881
-21.8625
-27.4288
-34.984
-46.2677
0.288281
0.145603
-0.0296905
-0.255266
-0.544285
-0.913768
-1.3857
-1.98718
-2.75121
-3.71792
-4.93611
-6.46527
-8.37808
-10.7642
-13.7386
-17.45
-22.0359
-27.6159
-35.1858
-46.481
0.18031
0.0335559
-0.144404
-0.373017
-0.665114
-1.03748
-1.51212
-2.11617
-2.88273
-3.85208
-5.07323
-6.60593
-8.5232
-10.9151
-13.897
-17.618
-22.2159
-27.8101
-35.3952
-46.7024
0.0692062
-0.0816325
-0.262294
-0.494047
-0.789337
-1.16472
-1.64219
-2.24896
-3.01821
-3.99036
-5.21465
-6.75108
-8.67305
-11.0709
-14.0607
-17.7917
-22.402
-28.0108
-35.6115
-46.9312
-0.0449551
-0.199811
-0.383152
-0.618097
-0.916653
-1.29513
-1.77554
-2.38514
-3.15722
-4.13233
-5.35991
-6.90028
-8.82716
-11.2314
-14.2292
-17.9706
-22.5937
-28.2175
-35.834
-47.1666
-0.162107
-0.32082
-0.506742
-0.744872
-1.04671
-1.42832
-1.91174
-2.52428
-3.29929
-4.2775
-5.50855
-7.05303
-8.98502
-11.3958
-14.402
-18.1541
-22.7904
-28.4296
-36.0623
-47.4081
-0.282112
-0.44438
-0.6327
-0.873956
-1.17906
-1.56381
-2.05027
-2.66583
-3.4439
-4.42535
-5.66001
-7.20877
-9.14607
-11.5636
-14.5785
-18.3416
-22.9916
-28.6466
-36.2959
-47.655
-0.404723
-0.57005
-0.760488
-1.00476
-1.31308
-1.70099
-2.19057
-2.80922
-3.59047
-4.57528
-5.81371
-7.36693
-9.30972
-11.7342
-14.7581
-18.5325
-23.1965
-28.8679
-36.5344
-47.9071
-0.529404
-0.697061
-0.889267
-1.13644
-1.44798
-1.83911
-2.33191
-2.95381
-3.73837
-4.72669
-5.96905
-7.52689
-9.47538
-11.907
-14.94
-18.7261
-23.4045
-29.093
-36.7775
-48.1645
-0.655016
-0.824006
-1.01773
-1.26787
-1.58277
-1.97728
-2.47348
-3.09883
-3.88692
-4.87894
-6.12537
-7.68797
-9.64228
-12.0812
-15.1236
-18.9215
-23.6147
-29.3212
-37.0254
-48.4278
-0.778998
-0.948245
-1.14379
-1.39756
-1.71635
-2.11464
-2.61458
-3.24365
-4.03549
-5.03144
-6.28213
-7.84962
-9.80983
-12.2563
-15.3081
-19.1179
-23.8261
-29.5514
-37.2777
-48.699
-0.895748
-1.0657
-1.26531
-1.52433
-1.84789
-2.25053
-2.75461
-3.3877
-4.18351
-5.18351
-6.43859
-8.01107
-9.97724
-12.4311
-15.4923
-19.314
-24.0369
-29.7815
-37.5341
-48.9817
-0.990804
-1.16585
-1.37944
-1.64787
-1.97738
-2.38495
-2.8936
-3.53095
-4.33086
-5.335
-6.5945
-8.17201
-10.1442
-12.6053
-15.6758
-19.5091
-24.246
-30.0079
-37.7888
-49.2808
1.46955
1.39398
1.24833
1.04258
0.765672
0.399675
-0.0767128
-0.688791
-1.46716
-2.44903
-3.67981
-5.21509
-7.123
-9.48753
-12.4166
-16.0493
-20.5109
-25.9148
-33.2854
-44.45
1.45084
1.37524
1.23301
1.03452
0.76532
0.406534
-0.0628821
-0.668117
-1.43979
-2.41513
-3.63948
-5.16838
-7.06988
-9.42789
-12.3504
-15.9767
-20.4323
-25.8286
-33.1855
-44.3296
1.45984
1.37674
1.23394
1.03719
0.770652
0.415303
-0.0499742
-0.650551
-1.41724
-2.38738
-3.60643
-5.12993
-7.02592
-9.37828
-12.2949
-15.9153
-20.3652
-25.7539
-33.093
-44.2034
1.4701
1.38376
1.24053
1.04411
0.778653
0.425175
-0.0375131
-0.634901
-1.39792
-2.36403
-3.57875
-5.0977
-6.98893
-9.33633
-12.2477
-15.8627
-20.3074
-25.6907
-33.0199
-44.1099
1.48018
1.39204
1.24815
1.05165
0.786774
0.434513
-0.0263905
-0.621475
-1.38172
-2.34465
-3.55585
-5.07099
-6.95815
-9.30124
-12.2081
-15.8185
-20.2588
-25.6393
-32.9657
-44.047
1.4893
1.3995
1.25481
1.05806
0.793508
0.442078
-0.0175361
-0.610901
-1.36902
-2.32945
-3.53782
-5.04982
-6.93365
-9.27321
-12.1764
-15.7831
-20.2203
-25.5997
-32.9265
-44.0048
1.49561
1.40432
1.25892
1.06191
0.797569
0.446774
-0.011835
-0.603849
-1.36031
-2.31877
-3.52491
-5.03446
-6.91561
-9.25237
-12.1528
-15.7568
-20.1922
-25.5715
-32.9002
-43.9787
1.49786
1.40532
1.2593
1.06205
0.797866
0.447602
-0.0101628
-0.601072
-1.35617
-2.31307
-3.51743
-5.02504
-6.9041
-9.23874
-12.1372
-15.7396
-20.1743
-25.5547
-32.8866
-43.9677
1.49539
1.4017
1.2551
1.05759
0.793522
0.443723
-0.0133039
-0.603252
-1.3572
-2.31279
-3.51571
-5.02177
-6.89929
-9.23247
-12.1297
-15.7315
-20.1666
-25.5493
-32.8858
-43.9713
1.48772
1.39292
1.24574
1.04795
0.783945
0.434547
-0.0218148
-0.610892
-1.36384
-2.31832
-3.52009
-5.02501
-6.90145
-9.23375
-12.1305
-15.7325
-20.1691
-25.5552
-32.8976
-43.9891
1.47455
1.37861
1.23084
1.03272
0.768723
0.419649
-0.036127
-0.624443
-1.37652
-2.33008
-3.53095
-5.03505
-6.91084
-9.24278
-12.1397
-15.7428
-20.1818
-25.5724
-32.9218
-44.0204
1.45562
1.35848
1.21009
1.01157
0.747493
0.398651
-0.056641
-0.644301
-1.39563
-2.34844
-3.54862
-5.05218
-6.92768
-9.25976
-12.1575
-15.7624
-20.2047
-25.6009
-32.9583
-44.065
1.43076
1.33233
1.18325
0.984257
0.719989
0.37127
-0.0836449
-0.670755
-1.42145
-2.37365
-3.57334
-5.07662
-6.95218
-9.28483
-12.1839
-15.7913
-20.238
-25.6407
-33.0069
-44.1224
1.39987
1.30003
1.15019
0.950622
0.686051
0.337336
-0.117319
-0.703998
-1.4542
-2.40593
-3.6053
-5.10854
-6.98448
-9.31814
-12.2191
-15.8298
-20.2815
-25.6917
-33.0678
-44.1928
1.36293
1.26152
1.11084
0.910594
0.645595
0.296751
-0.157776
-0.744154
-1.49398
-2.4454
-3.64464
-5.14807
-7.02469
-9.35975
-12.2631
-15.8777
-20.3354
-25.7541
-33.141
-44.2763
1.31995
1.21682
1.0652
0.86416
0.598594
0.249478
-0.205065
-0.791287
-1.54089
-2.49215
-3.69144
-5.19528
-7.07287
-9.4097
-12.316
-15.9351
-20.3996
-25.8279
-33.2268
-44.3731
1.27101
1.16599
1.01332
0.81136
0.545081
0.195539
-0.259175
-0.84539
-1.59493
-2.54619
-3.74569
-5.25016
-7.12899
-9.46796
-12.3777
-16.0019
-20.4739
-25.913
-33.3255
-44.484
1.21624
1.10912
0.955303
0.752282
0.485131
0.134997
-0.320054
-0.906431
-1.65606
-2.60749
-3.80741
-5.31271
-7.19305
-9.53449
-12.448
-16.0779
-20.5581
-26.0091
-33.4373
-44.6105
1.15579
1.0464
0.891302
0.68708
0.418897
0.0680042
-0.387553
-0.974257
-1.72415
-2.6759
-3.8764
-5.38274
-7.2648
-9.60898
-12.5266
-16.1626
-20.6515
-26.1153
-33.5622
-44.755
1.08983
0.977935
0.821429
0.615843
0.346442
-0.005402
-0.46166
-1.04889
-1.79922
-2.7515
-3.95277
-5.46033
-7.34435
-9.69151
-12.6136
-16.256
-20.7537
-26.2299
-33.6974
-44.9208
1.57641
1.61125
1.57045
1.50241
1.41611
1.31683
1.20767
1.09064
0.967205
0.838548
0.705608
0.569154
0.429868
0.288397
0.145343
0.00129971
-0.143108
-0.287192
-0.430176
-0.571235
1.43645
1.46206
1.43289
1.37275
1.29107
1.19427
1.08606
0.968895
0.844556
0.714392
0.579488
0.440708
0.298815
0.154534
0.00852529
-0.138555
-0.286024
-0.433133
-0.579041
-0.722877
1.27777
1.28613
1.25635
1.19855
1.11898
1.02328
0.9152
0.797385
0.671763
0.539827
0.402756
0.261493
0.116887
-0.0302829
-0.179301
-0.329456
-0.48001
-0.630162
-0.779019
-0.925685
1.05776
1.05445
1.02207
0.964625
0.886197
0.791264
0.683256
0.564806
0.437933
0.304239
0.16498
0.0211921
-0.126181
-0.276301
-0.428389
-0.58167
-0.735348
-0.888561
-1.04037
-1.18985
0.767214
0.75419
0.71792
0.659293
0.580836
0.48594
0.377577
0.258231
0.129934
-0.00567063
-0.147257
-0.293691
-0.443958
-0.597147
-0.752413
-0.908912
-1.06579
-1.22211
-1.37689
-1.52921
0.390075
0.368066
0.326766
0.265611
0.185957
0.0902569
-0.019024
-0.139625
-0.26959
-0.407276
-0.551315
-0.700499
-0.853741
-1.01007
-1.16857
-1.32832
-1.48841
-1.64785
-1.80559
-1.96072
-0.0957541
-0.126051
-0.172983
-0.237638
-0.319455
-0.416727
-0.527475
-0.649701
-0.781567
-0.921501
-1.0681
-1.2201
-1.37636
-1.53585
-1.69759
-1.86059
-2.02388
-2.1864
-2.34706
-2.50497
-0.716287
-0.754279
-0.807097
-0.875914
-0.960659
-1.06018
-1.17292
-1.29713
-1.43117
-1.57353
-1.72279
-1.87767
-2.037
-2.19968
-2.36466
-2.53091
-2.69737
-2.86293
-3.02648
-3.18714
-1.50246
-1.54771
-1.60652
-1.67997
-1.76825
-1.87062
-1.98584
-2.11244
-2.24895
-2.39395
-2.54602
-2.7039
-2.86637
-3.03229
-3.20056
-3.37008
-3.53974
-3.70835
-3.87478
-4.03822
-2.4917
-2.5439
-2.60876
-2.68718
-2.77952
-2.88527
-3.00347
-3.13288
-3.27222
-3.42014
-3.57524
-3.7363
-3.90206
-4.07136
-4.24303
-4.41594
-4.58889
-4.76064
-4.93005
-5.09637
-3.72956
-3.78851
-3.85949
-3.94318
-4.04003
-4.14968
-4.27137
-4.40409
-4.54671
-4.69791
-4.85639
-5.02092
-5.19026
-5.36319
-5.53851
-5.71503
-5.8915
-6.06661
-6.23921
-6.40866
-5.2718
-5.33741
-5.41459
-5.50385
-5.60566
-5.71973
-5.8455
-5.98212
-6.12853
-6.28353
-6.44588
-6.61436
-6.78771
-6.9647
-7.14409
-7.32465
-7.50504
-7.68389
-7.86008
-8.03307
-7.18666
-7.25894
-7.34248
-7.43761
-7.54484
-7.6639
-7.79439
-7.93561
-8.08651
-8.24598
-8.41287
-8.58597
-8.76399
-8.9457
-9.12982
-9.31505
-9.50001
-9.68323
-9.86361
-10.0408
-9.55822
-9.63722
-9.72725
-9.82859
-9.9417
-10.0664
-10.2024
-10.349
-10.5052
-10.67
-10.8424
-11.021
-11.2046
-11.392
-11.5817
-11.7726
-11.9631
-12.1516
-12.3371
-12.5193
-12.4943
-12.58
-12.6766
-12.7844
-12.9039
-13.0349
-13.1772
-13.3301
-13.4926
-13.6639
-13.8429
-14.0282
-14.2186
-14.4129
-14.6096
-14.8074
-15.0047
-15.1998
-15.3916
-15.5801
-16.1337
-16.2258
-16.3289
-16.4432
-16.5694
-16.7073
-16.8567
-17.0168
-17.1869
-17.3659
-17.5529
-17.7463
-17.945
-18.1478
-18.3531
-18.5595
-18.7655
-18.969
-19.1688
-19.3648
-20.6016
-20.6995
-20.8083
-20.9284
-21.0609
-21.2057
-21.3625
-21.5306
-21.7093
-21.8972
-22.0935
-22.2966
-22.5054
-22.7184
-22.9342
-23.1512
-23.3678
-23.5819
-23.7917
-23.9972
-26.0108
-26.1114
-26.2219
-26.3452
-26.4822
-26.633
-26.7969
-26.9732
-27.1608
-27.3585
-27.5651
-27.7792
-27.9994
-28.2242
-28.4521
-28.6813
-28.9105
-29.1381
-29.362
-29.5806
-33.3738
-33.4642
-33.5678
-33.6892
-33.8279
-33.9829
-34.1528
-34.3365
-34.5326
-34.7398
-34.9568
-35.1822
-35.4145
-35.6522
-35.8935
-36.1368
-36.3815
-36.6283
-36.8754
-37.1139
-44.4886
-44.5471
-44.6378
-44.7548
-44.8936
-45.051
-45.2251
-45.4143
-45.617
-45.832
-46.0578
-46.2931
-46.5365
-46.7867
-47.0419
-47.3009
-47.5645
-47.8366
-48.1164
-48.379
-0.709486
-0.843384
-0.971804
-1.09319
-1.2059
-1.30821
-1.39842
-1.47494
-1.53643
-1.58196
-1.6111
-1.62407
-1.62171
-1.60556
-1.57766
-1.54013
-1.49478
-1.44125
-1.36442
-1.23932
-0.86375
-0.999986
-1.13049
-1.25366
-1.3679
-1.4715
-1.56282
-1.64036
-1.70286
-1.74949
-1.77991
-1.79436
-1.79371
-1.7794
-1.75321
-1.71714
-1.67348
-1.6212
-1.54511
-1.44236
-1.06926
-1.20798
-1.34079
-1.46609
-1.58233
-1.68788
-1.78119
-1.86086
-1.92576
-1.97515
-2.00876
-2.02688
-2.03035
-2.02052
-1.99902
-1.96772
-1.92897
-1.88263
-1.82002
-1.74385
-1.3361
-1.47727
-1.61232
-1.7397
-1.85788
-1.96531
-2.06054
-2.14227
-2.20947
-2.26149
-2.29814
-2.31971
-2.32703
-2.32136
-2.30422
-2.27737
-2.2428
-2.20074
-2.14767
-2.08909
-1.67813
-1.82172
-1.959
-2.08841
-2.20849
-2.31776
-2.41486
-2.49858
-2.56801
-2.62256
-2.66209
-2.68693
-2.69785
-2.69603
-2.68288
-2.66008
-2.62933
-2.59111
-2.5449
-2.49713
-2.1123
-2.25829
-2.39777
-2.52919
-2.65117
-2.76229
-2.86128
-2.94702
-3.01869
-3.07578
-3.11819
-3.14624
-3.16068
-3.16258
-3.15329
-3.13439
-3.10745
-3.07332
-3.03306
-2.99257
-2.65918
-2.80753
-2.94917
-3.08259
-3.20646
-3.31944
-3.42033
-3.50811
-3.58204
-3.64166
-3.68692
-3.71813
-3.73599
-3.74152
-3.73599
-3.72092
-3.69783
-3.66795
-3.63309
-3.59823
-3.34396
-3.49466
-3.63847
-3.77389
-3.89966
-4.01451
-4.11734
-4.20719
-4.28339
-4.34556
-4.39365
-4.42798
-4.44921
-4.45832
-4.45652
-4.4453
-4.42616
-4.40054
-4.37064
-4.34058
-4.19769
-4.35077
-4.49679
-4.63426
-4.762
-4.87881
-4.98364
-5.07565
-5.1542
-5.21897
-5.26995
-5.30745
-5.3321
-5.34485
-5.34688
-5.33962
-5.32452
-5.30321
-5.27793
-5.25215
-5.25863
-5.41421
-5.56256
-5.70223
-5.83209
-5.95101
-6.05802
-6.15234
-6.23341
-6.30095
-6.35496
-6.39577
-6.424
-6.44055
-6.44658
-6.44341
-6.43256
-6.41561
-6.39469
-6.37295
-6.57395
-6.73229
-6.88322
-7.02533
-7.15757
-7.27886
-7.38833
-7.48523
-7.56908
-7.63964
-7.69695
-7.74133
-7.77338
-7.79397
-7.80419
-7.80539
-7.79898
-7.78641
-7.76977
-7.752
-8.20182
-8.36331
-8.51721
-8.66214
-8.79715
-8.92121
-9.03351
-9.13338
-9.22039
-9.29434
-9.35529
-9.40357
-9.43976
-9.46467
-9.47942
-9.48528
-9.48347
-9.47541
-9.46305
-9.4493
-10.2136
-10.3788
-10.5362
-10.6845
-10.8228
-10.9502
-11.0658
-11.1691
-11.2598
-11.3376
-11.4026
-11.4552
-11.4959
-11.5255
-11.5452
-11.556
-11.559
-11.5556
-11.5476
-11.5381
-12.6971
-12.8667
-13.0284
-13.1807
-13.323
-13.4542
-13.5738
-13.6812
-13.7761
-13.8582
-13.9278
-13.9852
-14.0309
-14.0657
-14.0905
-14.1066
-14.1149
-14.1164
-14.113
-14.1078
-15.7638
-15.9389
-16.1056
-16.2628
-16.4098
-16.5457
-16.67
-16.7821
-16.8818
-16.9689
-17.0437
-17.1063
-17.1574
-17.1977
-17.2282
-17.25
-17.2639
-17.2707
-17.2721
-17.2715
-19.5557
-19.7372
-19.9101
-20.0731
-20.2257
-20.3671
-20.4969
-20.6144
-20.7196
-20.8123
-20.8927
-20.9611
-21.0181
-21.0644
-21.101
-21.1289
-21.149
-21.1616
-21.1681
-21.1719
-24.197
-24.3864
-24.5664
-24.7361
-24.8951
-25.043
-25.1791
-25.303
-25.4145
-25.5134
-25.6001
-25.6748
-25.7381
-25.7908
-25.8339
-25.8683
-25.8948
-25.9137
-25.9255
-25.9337
-29.7913
-29.9892
-30.1763
-30.353
-30.5193
-30.6744
-30.8178
-30.9489
-31.0674
-31.1733
-31.2667
-31.3481
-31.4181
-31.4773
-31.5267
-31.5672
-31.6001
-31.6265
-31.6469
-31.6621
-37.3305
-37.5319
-37.7234
-37.9066
-38.0803
-38.2434
-38.3947
-38.5336
-38.6595
-38.7723
-38.8724
-38.9602
-39.0365
-39.1021
-39.1577
-39.2044
-39.2454
-39.2857
-39.3265
-39.3562
-48.5768
-48.7691
-48.9618
-49.1502
-49.3307
-49.5008
-49.6588
-49.804
-49.9359
-50.0544
-50.1598
-50.2529
-50.3349
-50.407
-50.4702
-50.5266
-50.5818
-50.6468
-50.7244
-50.7761
-50.726
-39.3564
-31.6712
-25.9396
-21.1742
-17.2701
-14.1023
-11.5286
-9.43606
-7.73523
-6.35286
-5.2289
-4.31431
-3.56911
-2.96073
-2.46243
-2.05117
-1.70749
-1.4224
-1.19346
-50.6784
-39.3423
-31.6698
-25.9389
-21.1714
-17.2647
-14.094
-11.5173
-9.42187
-7.71845
-6.33377
-5.20777
-4.29149
-3.54506
-2.93611
-2.43813
-2.02909
-1.69317
-1.42523
-1.20779
-50.6467
-39.326
-31.6642
-25.9359
-21.1673
-17.2586
-14.0856
-11.5066
-9.40899
-7.70364
-6.31731
-5.18999
-4.27273
-3.52574
-2.91669
-2.41919
-2.01156
-1.67836
-1.41327
-1.19649
-50.6264
-39.3134
-31.6582
-25.9321
-21.163
-17.2527
-14.0779
-11.497
-9.39774
-7.69099
-6.30356
-5.17543
-4.25767
-3.51048
-2.90158
-2.40459
-1.99795
-1.66596
-1.40073
-1.18179
-50.6139
-39.3051
-31.6538
-25.9293
-21.1597
-17.2481
-14.0716
-11.4892
-9.38873
-7.68096
-6.29277
-5.16413
-4.24607
-3.49879
-2.88994
-2.39314
-1.98683
-1.655
-1.38867
-1.16802
-50.6072
-39.3012
-31.6521
-25.9283
-21.1581
-17.2452
-14.0674
-11.4837
-9.3822
-7.67368
-6.28497
-5.156
-4.23778
-3.49043
-2.88157
-2.3848
-1.97854
-1.64654
-1.37903
-1.15718
-50.6056
-39.3015
-31.6537
-25.9299
-21.1588
-17.2446
-14.0655
-11.4808
-9.3784
-7.66929
-6.2802
-5.15103
-4.23269
-3.48529
-2.87638
-2.37955
-1.97323
-1.64099
-1.37242
-1.14979
-50.6087
-39.306
-31.6588
-25.9345
-21.1623
-17.2467
-14.0663
-11.4805
-9.37743
-7.66784
-6.27847
-5.14915
-4.23075
-3.4833
-2.87432
-2.37741
-1.97101
-1.63855
-1.36907
-1.14595
-50.6166
-39.3149
-31.6678
-25.9425
-21.1688
-17.2517
-14.07
-11.4832
-9.37939
-7.66937
-6.27977
-5.15034
-4.23188
-3.48438
-2.87534
-2.37834
-1.97185
-1.63919
-1.36891
-1.14545
-50.6294
-39.3281
-31.6806
-25.954
-21.1786
-17.2598
-14.0766
-11.4888
-9.38431
-7.67387
-6.28406
-5.15452
-4.23602
-3.48847
-2.87935
-2.38224
-1.97564
-1.64277
-1.37175
-1.14803
-50.6473
-39.3459
-31.6976
-25.9692
-21.1917
-17.271
-14.0863
-11.4974
-9.39219
-7.68132
-6.29128
-5.16164
-4.24308
-3.49546
-2.88624
-2.38898
-1.98224
-1.64911
-1.37736
-1.1534
-50.6705
-39.3684
-31.7187
-25.9882
-21.2083
-17.2855
-14.0991
-11.509
-9.403
-7.69168
-6.30139
-5.17162
-4.25296
-3.50525
-2.89588
-2.39844
-1.9915
-1.65804
-1.38553
-1.16134
-50.6995
-39.3958
-31.7442
-26.0109
-21.2283
-17.3031
-14.115
-11.5236
-9.41672
-7.70489
-6.31431
-5.18437
-4.26559
-3.51773
-2.90817
-2.41049
-2.00327
-1.66942
-1.3961
-1.17163
-50.7346
-39.4281
-31.7739
-26.0375
-21.2518
-17.324
-14.1339
-11.541
-9.43328
-7.72088
-6.32998
-5.19983
-4.28087
-3.53282
-2.92301
-2.42502
-2.01745
-1.68311
-1.40892
-1.18414
-50.7756
-39.4652
-31.8078
-26.068
-21.2787
-17.348
-14.1557
-11.5614
-9.45263
-7.73961
-6.34832
-5.21791
-4.29874
-3.55044
-2.94032
-2.44195
-2.03396
-1.69904
-1.42393
-1.19878
-50.8232
-39.507
-31.8458
-26.1021
-21.309
-17.3751
-14.1805
-11.5845
-9.4747
-7.761
-6.36928
-5.23858
-4.31914
-3.57054
-2.96006
-2.46125
-2.05274
-1.71717
-1.44105
-1.2155
-50.8799
-39.5546
-31.8878
-26.1397
-21.3424
-17.405
-14.2079
-11.6103
-9.49934
-7.78494
-6.39278
-5.26175
-4.34201
-3.59308
-2.98218
-2.48287
-2.07377
-1.73746
-1.46028
-1.23428
-50.9514
-39.6102
-31.9338
-26.1799
-21.3781
-17.4373
-14.2377
-11.6384
-9.52634
-7.81127
-6.41867
-5.28732
-4.36727
-3.61799
-3.00664
-2.50678
-2.09705
-1.75992
-1.48164
-1.25517
-51.0384
-39.6736
-31.9831
-26.2224
-21.4162
-17.472
-14.2699
-11.6689
-9.55579
-7.84003
-6.44698
-5.31529
-4.39492
-3.64525
-3.03343
-2.53299
-2.12258
-1.78458
-1.50516
-1.27819
-51.1171
-39.7372
-32.0356
-26.2684
-21.458
-17.5104
-14.3057
-11.7028
-9.5884
-7.8718
-6.47817
-5.34603
-4.42524
-3.67512
-3.06275
-2.56167
-2.1505
-1.81158
-1.53096
-1.30349
-0.77492
-0.410291
-0.25384
-0.158071
-0.104029
-0.0625449
-0.03263
-0.0111513
0.00255879
0.0100823
0.0132871
0.0138238
0.0129382
0.0114174
0.00971692
0.00807111
0.00658695
0.00530079
0.00421424
0.00331309
0.00257721
0.00198423
0.00151223
0.00114097
0.000852427
0.000630598
0.00046163
0.00033412
0.00023916
0.00016941
0.000118784
8.26989e-05
5.73063e-05
4.00941e-05
2.75391e-05
1.89442e-05
1.13145e-05
8.1678e-06
2.56944e-06
5.50583e-06
-0.810424
-0.423402
-0.264224
-0.160473
-0.104406
-0.0614363
-0.0316932
-0.0105926
0.00262968
0.00980506
0.0127742
0.0131739
0.0122171
0.0106711
0.00897599
0.00735574
0.00591014
0.00467068
0.00363437
0.00278529
0.00210117
0.00155844
0.00113401
0.000807646
0.000560092
0.000376896
0.000241635
0.000145841
7.83995e-05
3.35163e-05
4.64305e-06
-1.18079e-05
-2.02999e-05
-2.32567e-05
-2.27349e-05
-1.96354e-05
-1.73148e-05
-1.14739e-05
-9.07394e-06
2.91932e-06
-0.848536
-0.438792
-0.276284
-0.164373
-0.105917
-0.0612661
-0.0314493
-0.0105496
0.00233119
0.00926564
0.0120784
0.012398
0.0114099
0.00986617
0.00819514
0.00661321
0.00521472
0.00402738
0.00304551
0.00225114
0.00162062
0.00112932
0.000753481
0.000472461
0.000266755
0.000121854
2.1413e-05
-4.31456e-05
-8.25737e-05
-0.000102645
-0.000109565
-0.000106682
-9.82356e-05
-8.64536e-05
-7.29565e-05
-5.85075e-05
-4.62186e-05
-3.12154e-05
-2.08157e-05
7.29808e-08
-0.88937
-0.456588
-0.290117
-0.169872
-0.108623
-0.0620814
-0.0319239
-0.0110365
0.0016576
0.0084619
0.0111994
0.0114964
0.0105172
0.00900318
0.00737487
0.00584382
0.00450089
0.00337139
0.00244781
0.00171078
0.00113569
0.000697075
0.000370708
0.000135674
-2.77544e-05
-0.000134023
-0.000199426
-0.000232584
-0.000243882
-0.000239039
-0.000223924
-0.000201677
-0.000176281
-0.000149691
-0.000123246
-9.73961e-05
-7.51461e-05
-5.09611e-05
-3.25572e-05
-2.79069e-06
-0.93302
-0.476903
-0.305805
-0.177066
-0.112578
-0.0639235
-0.0331399
-0.0120661
0.000603055
0.00739141
0.0101366
0.0104689
0.00953893
0.00808229
0.00651538
0.00504778
0.00376885
0.00270285
0.00184139
0.00116431
0.000646439
0.000261775
-1.42527e-05
-0.000202675
-0.000323392
-0.000390696
-0.00042084
-0.000422434
-0.000405489
-0.00037564
-0.00033842
-0.00029677
-0.000254403
-0.000212968
-0.000173579
-0.000136301
-0.000104092
-7.07198e-05
-4.43016e-05
-5.6741e-06
-0.979561
-0.499844
-0.323416
-0.186047
-0.117834
-0.0668309
-0.0351201
-0.0136513
-0.000838755
0.00605124
0.00888858
0.00931503
0.00847509
0.00710356
0.0056168
0.00422524
0.00301875
0.00202194
0.00122638
0.000611839
0.000152959
-0.000176515
-0.000401341
-0.000542543
-0.000620113
-0.000648127
-0.00064279
-0.000612659
-0.000567356
-0.00051242
-0.000453039
-0.000391942
-0.000332575
-0.000276284
-0.000223932
-0.000175222
-0.000133051
-9.04995e-05
-5.60531e-05
-8.57922e-06
-1.02904
-0.525508
-0.343004
-0.1969
-0.124438
-0.0708391
-0.0378868
-0.0158051
-0.00267477
0.00443789
0.00745379
0.00803412
0.00732534
0.0060669
0.00467918
0.00337629
0.00225072
0.00132876
0.000602905
5.34534e-05
-0.000344668
-0.000617723
-0.000790497
-0.00088388
-0.000917873
-0.00090628
-0.000865244
-0.000803235
-0.000729464
-0.000649364
-0.000567767
-0.000487182
-0.000410786
-0.000339634
-0.000274303
-0.000214157
-0.000162024
-0.0001103
-6.78125e-05
-1.15097e-05
-1.08146
-0.553985
-0.364602
-0.209702
-0.132438
-0.0759807
-0.0414624
-0.0185405
-0.00491275
0.00254716
0.00582995
0.00662492
0.00608908
0.00497207
0.00370248
0.00250101
0.00146485
0.000623444
-2.89297e-05
-0.000510741
-0.000846352
-0.00106177
-0.00118165
-0.00122663
-0.00121663
-0.00116512
-0.00108817
-0.000994136
-0.000891793
-0.000786455
-0.000682591
-0.00058248
-0.00048903
-0.000403013
-0.000324687
-0.000253104
-0.00019101
-0.000130124
-7.95801e-05
-1.44693e-05
-1.13682
-0.585358
-0.38822
-0.224523
-0.141877
-0.0822848
-0.0458694
-0.0218714
-0.00756144
0.000373985
0.00401414
0.00508581
0.00476545
0.00381867
0.00268656
0.00159939
0.000661237
-9.39071e-05
-0.000669012
-0.00108064
-0.001352
-0.00150857
-0.00157474
-0.00157074
-0.00151633
-0.0014246
-0.00131154
-0.00118534
-0.00105432
-0.000923675
-0.000797497
-0.000677824
-0.000567297
-0.000466414
-0.00037508
-0.000292062
-0.000220008
-0.000149971
-9.13558e-05
-1.74614e-05
-1.19503
-0.619686
-0.413835
-0.241411
-0.152795
-0.0897763
-0.0511297
-0.0258118
-0.0106305
-0.0020876
0.00200272
0.00341465
0.00335324
0.00260606
0.00163116
0.000671378
-0.000160086
-0.000823195
-0.00131723
-0.00165614
-0.00186152
-0.00195804
-0.00196969
-0.00191614
-0.00181693
-0.00168468
-0.00153531
-0.0013768
-0.00121702
-0.001061
-0.000912465
-0.0007732
-0.000645575
-0.00052983
-0.000425477
-0.000331025
-0.000249016
-0.00016984
-0.00010314
-2.04888e-05
-1.25594
-0.656998
-0.441387
-0.260394
-0.165224
-0.0984746
-0.057264
-0.0303759
-0.0141305
-0.00484443
-0.000208657
0.00160883
0.00185099
0.00133351
0.000535913
-0.000283139
-0.000999099
-0.00156434
-0.00197349
-0.00223713
-0.00237481
-0.0024101
-0.00236641
-0.00226278
-0.00211837
-0.00194532
-0.00175944
-0.0015685
-0.00137986
-0.00119842
-0.00102748
-0.000868595
-0.000723855
-0.000593253
-0.000475872
-0.00036999
-0.000278033
-0.000189733
-0.000114931
-2.3555e-05
-1.31932
-0.697379
-0.470846
-0.281504
-0.179207
-0.1084
-0.0642943
-0.0355795
-0.0180734
-0.00790455
-0.00262524
-0.000334831
0.000256938
1.51342e-07
-0.000599571
-0.00126429
-0.00185577
-0.0023173
-0.00263764
-0.00282351
-0.00289174
-0.00286468
-0.00276486
-0.00261054
-0.00242064
-0.00220653
-0.00198393
-0.00176042
-0.00154288
-0.00133594
-0.00114254
-0.000964018
-0.000802236
-0.000656654
-0.000526324
-0.000408965
-0.000307047
-0.000209616
-0.000126745
-2.66755e-05
-1.38505
-0.741159
-0.502299
-0.304813
-0.194815
-0.119589
-0.072253
-0.0414452
-0.0224764
-0.0112795
-0.0052547
-0.00242103
-0.00143118
-0.00139567
-0.00177594
-0.00227233
-0.00273018
-0.00308202
-0.00330956
-0.00341509
-0.00341213
-0.00332162
-0.00316488
-0.00295932
-0.00272366
-0.00246827
-0.00220879
-0.00195256
-0.0017061
-0.0014736
-0.00125768
-0.00105949
-0.000880743
-0.000720058
-0.000576854
-0.000447967
-0.000336071
-0.000229498
-0.000138587
-2.98556e-05
-1.45316
-0.788629
-0.535702
-0.330302
-0.212092
-0.132069
-0.0811763
-0.0480038
-0.0273631
-0.0149866
-0.00810858
-0.00465713
-0.00321875
-0.00285625
-0.00299572
-0.00330815
-0.00362257
-0.00386007
-0.00398983
-0.00401098
-0.00393622
-0.00378185
-0.00356675
-0.00331044
-0.00302605
-0.00273099
-0.00243372
-0.00214464
-0.00186921
-0.00161052
-0.00137209
-0.00115561
-0.000959342
-0.000782545
-0.000626889
-0.000488234
-0.000365549
-0.000249224
-0.000150738
-3.42346e-05
-1.5225
-0.83862
-0.570075
-0.357426
-0.23082
-0.145725
-0.0910169
-0.0552391
-0.0327328
-0.0190299
-0.0111923
-0.00704796
-0.00510923
-0.00438463
-0.00425911
-0.00437322
-0.00453452
-0.00464956
-0.00467806
-0.00461327
-0.00446369
-0.0042436
-0.00397001
-0.00366133
-0.00333056
-0.00299385
-0.00265953
-0.00233741
-0.00203284
-0.0017485
-0.0014875
-0.00125124
-0.001038
-0.000846196
-0.00067765
-0.000527385
-0.000394628
-0.000269118
-0.000162584
-3.75303e-05
-1.58913
-0.888682
-0.604043
-0.385357
-0.250538
-0.160249
-0.101583
-0.0630321
-0.0385127
-0.0233649
-0.0144784
-0.0095766
-0.00709211
-0.00597428
-0.00556278
-0.00546479
-0.00546396
-0.00545056
-0.00537398
-0.00522064
-0.00499458
-0.00470759
-0.0043748
-0.00401335
-0.00363581
-0.00325723
-0.00288571
-0.00253048
-0.00219665
-0.0018866
-0.00160301
-0.00134695
-0.00111662
-0.000909917
-0.000728393
-0.000566577
-0.000423763
-0.000289094
-0.000174445
-4.0889e-05
-1.65359
-0.943385
-0.641013
-0.415829
-0.272168
-0.17609
-0.113094
-0.0714842
-0.0447428
-0.0279991
-0.0179585
-0.0122278
-0.00915033
-0.00760886
-0.00689225
-0.0065705
-0.00640059
-0.0062547
-0.00607085
-0.00582772
-0.00552464
-0.00517045
-0.00477845
-0.00436438
-0.00394009
-0.00351975
-0.00311117
-0.00272299
-0.00235995
-0.00202428
-0.00171821
-0.00144242
-0.00119498
-0.000973537
-0.000778995
-0.000605726
-0.000452899
-0.000309116
-0.000186303
-4.43055e-05
-1.73576
-1.02071
-0.691894
-0.455245
-0.299841
-0.19593
-0.12731
-0.0817519
-0.0521746
-0.0334104
-0.0219279
-0.0151779
-0.0113851
-0.00934347
-0.00827528
-0.00770226
-0.00734752
-0.00706047
-0.00676482
-0.0064298
-0.00604896
-0.00562756
-0.00517671
-0.00471055
-0.0042401
-0.00377862
-0.00333355
-0.00291294
-0.00252119
-0.0021603
-0.0018321
-0.0015369
-0.00127259
-0.0010366
-0.000829217
-0.000644631
-0.000481888
-0.000329065
-0.000198131
-4.77757e-05
-1.83653
-1.11273
-0.750088
-0.500517
-0.332749
-0.219963
-0.144838
-0.0945758
-0.0615281
-0.0402274
-0.0269003
-0.018829
-0.0141026
-0.0114079
-0.009883
-0.00898732
-0.00839949
-0.00793863
-0.00750891
-0.00706671
-0.00659751
-0.00610151
-0.0055866
-0.0050647
-0.00454553
-0.00404111
-0.00355831
-0.00310441
-0.00268337
-0.00229688
-0.0019463
-0.00163153
-0.00135026
-0.00109967
-0.000879424
-0.000683523
-0.00051087
-0.000349023
-0.000209963
-5.13217e-05
-1.82203
-1.12088
-0.752563
-0.511516
-0.344807
-0.231012
-0.154377
-0.102615
-0.0681602
-0.0456261
-0.0312464
-0.0223074
-0.0168866
-0.0136495
-0.0117064
-0.0104888
-0.00965103
-0.00899273
-0.00840407
-0.00783126
-0.00725275
-0.00666395
-0.00606942
-0.00547857
-0.00489955
-0.00434288
-0.00381453
-0.00332086
-0.00286517
-0.00244866
-0.0020721
-0.00173487
-0.00143434
-0.00116731
-0.000932815
-0.000724557
-0.00054123
-0.000369786
-0.000222197
-5.51407e-05
-1.58036
-0.996222
-0.659798
-0.454811
-0.307865
-0.20568
-0.136823
-0.0907226
-0.0605006
-0.0411276
-0.029006
-0.0215874
-0.0171232
-0.0144429
-0.0127912
-0.0116977
-0.0108826
-0.0101876
-0.00952913
-0.00886914
-0.00819574
-0.00751034
-0.00682124
-0.00614001
-0.00547638
-0.00484142
-0.00424177
-0.00368371
-0.00317051
-0.00270326
-0.00228227
-0.00190642
-0.0015727
-0.0012774
-0.00101867
-0.000789678
-0.000588774
-0.000401784
-0.000240788
-6.11851e-05
-1.43917
-0.954503
-0.641541
-0.453658
-0.314936
-0.215224
-0.146645
-0.0998821
-0.0685577
-0.0480058
-0.0347839
-0.0264074
-0.0211404
-0.0178018
-0.0156154
-0.0140881
-0.0129189
-0.0119318
-0.0110294
-0.0101632
-0.00931321
-0.0084753
-0.00765357
-0.00685634
-0.00609118
-0.00536705
-0.00468929
-0.00406281
-0.00348982
-0.00297057
-0.00250442
-0.00208941
-0.00172196
-0.00139766
-0.00111376
-0.000862876
-0.000642908
-0.000438813
-0.000262466
-6.78275e-05
-1.28658
-0.899771
-0.620609
-0.449319
-0.320715
-0.224992
-0.157423
-0.110319
-0.0779458
-0.056099
-0.0415879
-0.0320511
-0.0257974
-0.0216473
-0.0188048
-0.0167502
-0.0151559
-0.0138235
-0.0126377
-0.0115358
-0.0104877
-0.00948152
-0.00851573
-0.0075943
-0.00672178
-0.0059044
-0.00514572
-0.00444888
-0.00381481
-0.00324267
-0.00273074
-0.00227613
-0.00187456
-0.00152089
-0.00121145
-0.000938303
-0.000698835
-0.000477206
-0.000284966
-7.46892e-05
-1.1457
-0.840576
-0.596982
-0.440687
-0.322296
-0.231556
-0.1658
-0.119034
-0.0861939
-0.0635067
-0.0480413
-0.0375729
-0.0304761
-0.0255959
-0.0221371
-0.019569
-0.0175487
-0.015862
-0.0143798
-0.0130281
-0.0117677
-0.0105798
-0.00945756
-0.00840068
-0.00741073
-0.00649118
-0.00564372
-0.00486969
-0.00416861
-0.00353847
-0.00297639
-0.00247847
-0.00203964
-0.00165393
-0.00131675
-0.00101948
-0.000758925
-0.00051842
-0.000309052
-8.21296e-05
-1.02042
-0.780118
-0.571844
-0.430409
-0.322082
-0.23694
-0.173496
-0.127402
-0.0943345
-0.0709641
-0.0546405
-0.0432941
-0.0353773
-0.0297694
-0.0256839
-0.0225849
-0.020118
-0.0180561
-0.0162575
-0.0146376
-0.0131484
-0.0117642
-0.0104727
-0.00926921
-0.00815215
-0.00712211
-0.00617871
-0.00532134
-0.00454799
-0.00385534
-0.00323929
-0.00269482
-0.00221599
-0.00179592
-0.00142904
-0.00110599
-0.000822904
-0.000562301
-0.000334629
-9.01086e-05
-0.909546
-0.720018
-0.544715
-0.418423
-0.320125
-0.241148
-0.180598
-0.135563
-0.102527
-0.0786206
-0.0615085
-0.0493065
-0.040565
-0.0342103
-0.029472
-0.0258136
-0.0228722
-0.0204089
-0.0182704
-0.0163617
-0.0146259
-0.01303
-0.0115561
-0.010195
-0.00894143
-0.00779297
-0.00674692
-0.00580056
-0.00495018
-0.00419101
-0.00351761
-0.00292375
-0.00240249
-0.00194601
-0.00154769
-0.00119741
-0.000890479
-0.000608675
-0.000361598
-9.85881e-05
-0.81102
-0.661302
-0.515524
-0.404482
-0.316197
-0.243799
-0.186718
-0.143189
-0.110511
-0.0862879
-0.0685166
-0.0555254
-0.0459854
-0.0388853
-0.0334815
-0.029244
-0.0258054
-0.0229177
-0.0204177
-0.0182004
-0.0162004
-0.0143777
-0.0127083
-0.0111783
-0.00977873
-0.00850381
-0.00734832
-0.00630725
-0.00537504
-0.00454532
-0.00381117
-0.00316508
-0.00259901
-0.00210408
-0.00167261
-0.00129364
-0.000961591
-0.0006575
-0.000389931
-0.000107566
-0.722653
-0.604532
-0.484576
-0.388524
-0.310217
-0.244668
-0.191561
-0.149996
-0.118037
-0.0937667
-0.0755158
-0.0618447
-0.0515656
-0.0437457
-0.0376809
-0.032856
-0.0289051
-0.0255753
-0.0226951
-0.0201514
-0.0178709
-0.0158066
-0.0139289
-0.012219
-0.0106639
-0.0092545
-0.00798275
-0.00684125
-0.0058224
-0.00491808
-0.0041198
-0.00341864
-0.00280535
-0.00226998
-0.00180367
-0.00139458
-0.00103615
-0.000708708
-0.000419585
-0.000117035
-0.642762
-0.550059
-0.452379
-0.370658
-0.302191
-0.243628
-0.194906
-0.155744
-0.124882
-0.100865
-0.0823541
-0.0681501
-0.0572222
-0.0487326
-0.0420289
-0.0366212
-0.0321521
-0.0283681
-0.0250934
-0.0222082
-0.0196325
-0.0173132
-0.0152152
-0.0133148
-0.0115951
-0.0100434
-0.00864878
-0.00740131
-0.00629116
-0.00530834
-0.00444267
-0.00368373
-0.00302096
-0.00244323
-0.00194047
-0.00149992
-0.00111392
-0.000762144
-0.000450469
-0.000126969
-0.57025
-0.498167
-0.419539
-0.351152
-0.292218
-0.24064
-0.196594
-0.160225
-0.130833
-0.107387
-0.0888666
-0.07431
-0.0628549
-0.053771
-0.0464708
-0.0404999
-0.0355174
-0.0312754
-0.0275971
-0.0243591
-0.0214763
-0.0188905
-0.0165614
-0.014461
-0.0125683
-0.0108672
-0.00934363
-0.00798505
-0.0067793
-0.0057144
-0.00477836
-0.00395917
-0.00324486
-0.00262304
-0.00208239
-0.00160918
-0.00119455
-0.000817551
-0.000482435
-0.000137321
-0.504477
-0.449148
-0.386697
-0.330413
-0.280509
-0.23577
-0.196556
-0.163293
-0.135709
-0.113151
-0.0948863
-0.0801828
-0.0683487
-0.058771
-0.0509378
-0.0444399
-0.0389619
-0.0342673
-0.0301836
-0.0265866
-0.0233886
-0.0205274
-0.0179587
-0.0156502
-0.0135775
-0.0117207
-0.0100629
-0.0085888
-0.00728374
-0.00613367
-0.00512472
-0.00424317
-0.00347557
-0.00280822
-0.00222849
-0.00172162
-0.0012775
-0.000874556
-0.000515273
-0.000148021
-0.44511
-0.403322
-0.354485
-0.308947
-0.267393
-0.229194
-0.194829
-0.16488
-0.139387
-0.118007
-0.100261
-0.0856284
-0.0735827
-0.0636324
-0.0553489
-0.0483773
-0.042435
-0.0373043
-0.0328216
-0.028866
-0.0253495
-0.0222078
-0.0193937
-0.0168716
-0.0146135
-0.0125964
-0.0108004
-0.00920724
-0.00780004
-0.00656246
-0.00547867
-0.00453321
-0.00371105
-0.00299713
-0.00237747
-0.00183624
-0.00136203
-0.00093264
-0.000548686
-0.000158969
-0.391979
-0.361024
-0.323513
-0.287316
-0.253295
-0.221201
-0.191558
-0.165016
-0.141816
-0.121855
-0.104869
-0.0905206
-0.0784385
-0.0682504
-0.0596148
-0.0522375
-0.0458758
-0.0403367
-0.0354707
-0.0311642
-0.027332
-0.0239096
-0.0208483
-0.01811
-0.0156638
-0.0134837
-0.0115471
-0.00983301
-0.00832205
-0.00699566
-0.00583601
-0.00482583
-0.00394849
-0.00318751
-0.00252753
-0.00195167
-0.00144711
-0.000991102
-0.000582278
-0.00017003
-0.344989
-0.322583
-0.294356
-0.266111
-0.238724
-0.21218
-0.187
-0.163831
-0.143028
-0.124659
-0.10863
-0.0947594
-0.0828098
-0.072522
-0.0636417
-0.0559381
-0.0492134
-0.0433044
-0.0380806
-0.0334393
-0.029301
-0.0256035
-0.0222979
-0.0193448
-0.0167111
-0.0143683
-0.0122911
-0.0104562
-0.00884152
-0.00742645
-0.00619112
-0.00511644
-0.00418416
-0.00337638
-0.00267635
-0.00206608
-0.00153143
-0.00104902
-0.000615526
-0.000181028
-0.304081
-0.288312
-0.267559
-0.245936
-0.22424
-0.202603
-0.181509
-0.161555
-0.143145
-0.126457
-0.111522
-0.0982807
-0.086611
-0.0763537
-0.0673362
-0.0593915
-0.0523686
-0.0461376
-0.0405906
-0.0356392
-0.0312122
-0.0272519
-0.0237109
-0.0205494
-0.0177331
-0.0152315
-0.0130169
-0.0110637
-0.00934765
-0.00784591
-0.00653667
-0.00539907
-0.00441323
-0.00355987
-0.00282086
-0.00217716
-0.00161326
-0.00110521
-0.00064775
-0.000191735
-0.269234
-0.258517
-0.243647
-0.227396
-0.210446
-0.193009
-0.175522
-0.158509
-0.142376
-0.127361
-0.113579
-0.101064
-0.0897853
-0.0796671
-0.0706105
-0.0625081
-0.0552554
-0.0487571
-0.0429295
-0.0377011
-0.0330111
-0.028808
-0.0250473
-0.02169
-0.0187013
-0.0160493
-0.0137044
-0.0116389
-0.00982663
-0.00824265
-0.00686331
-0.00566608
-0.00462955
-0.00373306
-0.00295721
-0.00228193
-0.00169041
-0.00115818
-0.000678091
-0.000201868
-0.240495
-0.233521
-0.223143
-0.211108
-0.197969
-0.183986
-0.169546
-0.155095
-0.141009
-0.127554
-0.114898
-0.103137
-0.0923073
-0.0824025
-0.0733846
-0.0651985
-0.0577827
-0.0510747
-0.0450155
-0.0395511
-0.0346322
-0.0302146
-0.0262578
-0.0227245
-0.0195801
-0.0167917
-0.0143285
-0.012161
-0.0102612
-0.00860239
-0.00715935
-0.00590797
-0.00482542
-0.00388982
-0.00308059
-0.00237669
-0.00176018
-0.00120606
-0.000705479
-0.000211073
-0.218035
-0.213714
-0.206606
-0.197712
-0.187471
-0.176167
-0.164142
-0.151772
-0.139396
-0.127282
-0.115626
-0.104564
-0.094181
-0.0845185
-0.0755868
-0.0673737
-0.0598536
-0.0529931
-0.0467556
-0.0411032
-0.0359981
-0.0314034
-0.027283
-0.0236019
-0.0203259
-0.017422
-0.0148583
-0.0126041
-0.0106299
-0.00890758
-0.0074104
-0.00611301
-0.0049914
-0.00402261
-0.00318507
-0.00245693
-0.00181923
-0.00124656
-0.000728597
-0.000218924
-0.202214
-0.199615
-0.19468
-0.18791
-0.17966
-0.170224
-0.159911
-0.149046
-0.137932
-0.126829
-0.115946
-0.105441
-0.0954284
-0.085983
-0.0771475
-0.0689405
-0.0613629
-0.0544038
-0.0480437
-0.042258
-0.0370181
-0.0322936
-0.0280522
-0.0242609
-0.0208866
-0.0178961
-0.015257
-0.0129375
-0.0109073
-0.00913708
-0.00759914
-0.00626712
-0.00511611
-0.00412237
-0.00326354
-0.00251718
-0.00186356
-0.00127696
-0.000745843
-0.000224902
-0.193695
-0.191977
-0.188168
-0.182513
-0.175315
-0.166874
-0.157484
-0.147439
-0.137022
-0.126486
-0.116042
-0.10586
-0.0960679
-0.0867566
-0.0779864
-0.0697926
-0.0621908
-0.0551825
-0.0487581
-0.0429007
-0.0375875
-0.0327915
-0.0284831
-0.0246305
-0.0212013
-0.0181623
-0.0154808
-0.0131248
-0.0110631
-0.00926597
-0.00770512
-0.00635365
-0.00518613
-0.00417837
-0.00330759
-0.00255101
-0.00188842
-0.00129405
-0.000755318
-0.000228357
-2.22703
-2.23333
-2.23496
-2.23196
-2.22441
-2.21242
-2.1961
-2.17558
-2.15098
-2.12244
-2.09011
-2.0541
-2.01457
-1.97162
-1.92539
-1.876
-1.82362
-1.76839
-1.70947
-1.66756
-1.88599
-1.89213
-1.89454
-1.89327
-1.88842
-1.8801
-1.86844
-1.85356
-1.83562
-1.81475
-1.79111
-1.76483
-1.73605
-1.70489
-1.67144
-1.63574
-1.59777
-1.55702
-1.51212
-1.48016
-1.6189
-1.62406
-1.62635
-1.62581
-1.62252
-1.61657
-1.60805
-1.59705
-1.58367
-1.56802
-1.55018
-1.53025
-1.50833
-1.4845
-1.45881
-1.43133
-1.4021
-1.37069
-1.33634
-1.31221
-1.39733
-1.40183
-1.40406
-1.40406
-1.40187
-1.39758
-1.39125
-1.38296
-1.37277
-1.36078
-1.34705
-1.33168
-1.31473
-1.29631
-1.27648
-1.25535
-1.23302
-1.20918
-1.18368
-1.16623
-1.20901
-1.21344
-1.21606
-1.2169
-1.21602
-1.21348
-1.20932
-1.20361
-1.19642
-1.18781
-1.17784
-1.16659
-1.15412
-1.14051
-1.12581
-1.11012
-1.09347
-1.07564
-1.05676
-1.04351
-1.04633
-1.05089
-1.05401
-1.05572
-1.05605
-1.05506
-1.05278
-1.04927
-1.04457
-1.03874
-1.03183
-1.02389
-1.01498
-1.00516
-0.994488
-0.983023
-0.97081
-0.957693
-0.94403
-0.934187
-0.904462
-0.909201
-0.912789
-0.915246
-0.916603
-0.916893
-0.916152
-0.914417
-0.911728
-0.908127
-0.903656
-0.898362
-0.89229
-0.885487
-0.878003
-0.869894
-0.861184
-0.851788
-0.842168
-0.835012
-0.780524
-0.785408
-0.789364
-0.792408
-0.794563
-0.795855
-0.796311
-0.795961
-0.794836
-0.792969
-0.790395
-0.78715
-0.78327
-0.778794
-0.773763
-0.768221
-0.762183
-0.755617
-0.748998
-0.74391
-0.672341
-0.677303
-0.68151
-0.684973
-0.687709
-0.689739
-0.691083
-0.691764
-0.691807
-0.691237
-0.690082
-0.68837
-0.68613
-0.683394
-0.680194
-0.676565
-0.672517
-0.668048
-0.663593
-0.660056
-0.578116
-0.583088
-0.587437
-0.591173
-0.594306
-0.596852
-0.598828
-0.60025
-0.601137
-0.60151
-0.601389
-0.600797
-0.599757
-0.598294
-0.596433
-0.594201
-0.591605
-0.588656
-0.585723
-0.583317
-0.496293
-0.501216
-0.505619
-0.509508
-0.51289
-0.515777
-0.518181
-0.520115
-0.521593
-0.522632
-0.523246
-0.523455
-0.523276
-0.522728
-0.521831
-0.520605
-0.519055
-0.5172
-0.515329
-0.51374
-0.425522
-0.43035
-0.434737
-0.438686
-0.442202
-0.445294
-0.447971
-0.450242
-0.452119
-0.453613
-0.454737
-0.455506
-0.455933
-0.456032
-0.455821
-0.455313
-0.454513
-0.45344
-0.452315
-0.451315
-0.36464
-0.36934
-0.37366
-0.3776
-0.381165
-0.38436
-0.387193
-0.38967
-0.391801
-0.393594
-0.39506
-0.396209
-0.397052
-0.397602
-0.39787
-0.39787
-0.397603
-0.397089
-0.396491
-0.395914
-0.312667
-0.317217
-0.321434
-0.325317
-0.328869
-0.332095
-0.335
-0.337588
-0.339867
-0.341843
-0.343526
-0.344923
-0.346044
-0.346899
-0.347497
-0.347848
-0.347956
-0.347836
-0.347608
-0.347333
-0.26879
-0.273181
-0.277273
-0.281069
-0.284568
-0.287774
-0.290691
-0.293323
-0.295675
-0.297753
-0.299564
-0.301114
-0.302412
-0.303465
-0.304282
-0.304871
-0.305236
-0.305391
-0.305419
-0.305355
-0.232393
-0.236622
-0.240582
-0.244273
-0.247694
-0.250849
-0.25374
-0.256371
-0.258745
-0.260867
-0.262744
-0.26438
-0.265783
-0.266959
-0.267916
-0.26866
-0.269197
-0.269537
-0.269737
-0.269816
-0.203011
-0.207089
-0.210919
-0.214501
-0.217836
-0.220924
-0.223769
-0.226372
-0.228737
-0.230869
-0.232772
-0.23445
-0.235911
-0.237159
-0.238201
-0.239043
-0.239691
-0.240154
-0.240468
-0.240642
-0.180478
-0.184419
-0.188129
-0.191608
-0.194855
-0.197872
-0.200661
-0.203223
-0.205563
-0.207682
-0.209586
-0.211279
-0.212765
-0.214051
-0.215141
-0.216042
-0.216758
-0.217299
-0.217684
-0.217919
-0.164754
-0.168591
-0.172209
-0.175607
-0.178786
-0.181747
-0.18449
-0.187018
-0.189333
-0.191438
-0.193338
-0.195035
-0.196535
-0.197842
-0.198961
-0.199897
-0.200656
-0.201245
-0.201674
-0.201948
-0.156473
-0.160223
-0.163763
-0.167092
-0.170211
-0.173121
-0.175823
-0.178319
-0.180612
-0.182703
-0.184596
-0.186294
-0.187801
-0.189121
-0.190258
-0.191217
-0.192002
-0.192618
-0.193073
-0.193367
-1.11496
-1.24762
-1.32468
-1.40356
-1.4846
-1.56233
-1.63674
-1.70796
-1.77547
-1.83886
-1.8979
-1.95241
-2.00226
-2.04737
-2.08766
-2.1231
-2.15365
-2.17932
-2.20009
-2.21601
-0.972909
-1.07571
-1.12772
-1.18828
-1.25728
-1.32408
-1.38712
-1.44723
-1.50421
-1.55761
-1.60723
-1.653
-1.69486
-1.73275
-1.76666
-1.79655
-1.82241
-1.84427
-1.86213
-1.87604
-0.85942
-0.958746
-1.00694
-1.058
-1.11661
-1.17274
-1.22416
-1.27227
-1.31755
-1.35981
-1.39894
-1.43495
-1.46785
-1.49763
-1.52428
-1.54781
-1.5682
-1.58548
-1.59967
-1.61081
-0.771371
-0.860384
-0.901344
-0.941834
-0.989076
-1.03489
-1.07664
-1.11546
-1.15204
-1.18626
-1.21799
-1.24719
-1.27388
-1.29805
-1.31971
-1.33884
-1.35546
-1.36959
-1.38126
-1.3905
-0.690894
-0.765323
-0.798702
-0.83094
-0.869121
-0.906737
-0.941155
-0.973107
-1.00322
-1.03146
-1.05768
-1.08186
-1.10401
-1.12413
-1.14222
-1.15829
-1.17236
-1.18444
-1.19456
-1.20274
-0.612543
-0.673313
-0.7008
-0.727311
-0.758687
-0.789823
-0.818448
-0.845021
-0.870066
-0.893605
-0.915537
-0.93583
-0.954494
-0.971538
-0.986969
-1.00079
-1.01302
-1.02367
-1.03275
-1.0403
-0.53751
-0.586842
-0.609698
-0.631854
-0.657834
-0.683676
-0.707563
-0.729805
-0.750813
-0.770628
-0.789177
-0.806431
-0.822396
-0.837078
-0.85048
-0.862605
-0.873462
-0.883062
-0.891417
-0.898546
-0.467242
-0.507147
-0.526227
-0.544878
-0.566511
-0.588058
-0.608111
-0.626882
-0.644682
-0.661544
-0.677417
-0.692273
-0.706112
-0.718936
-0.730745
-0.74154
-0.751324
-0.760105
-0.767891
-0.774694
-0.402057
-0.434277
-0.450336
-0.466196
-0.484369
-0.502492
-0.519488
-0.535502
-0.550759
-0.565283
-0.579034
-0.591988
-0.604138
-0.615484
-0.626021
-0.63575
-0.644669
-0.652782
-0.660093
-0.666611
-0.342067
-0.368165
-0.381898
-0.395587
-0.411045
-0.426471
-0.441053
-0.454886
-0.468131
-0.480802
-0.492866
-0.5043
-0.515098
-0.525253
-0.534761
-0.543617
-0.55182
-0.559368
-0.566265
-0.572513
-0.287484
-0.308792
-0.320779
-0.332794
-0.346132
-0.359443
-0.372122
-0.384231
-0.39588
-0.407075
-0.41779
-0.428003
-0.437707
-0.446892
-0.455553
-0.463683
-0.471279
-0.478337
-0.484859
-0.490843
-0.23848
-0.256078
-0.266759
-0.277482
-0.289166
-0.30082
-0.312
-0.322742
-0.333119
-0.343134
-0.352762
-0.361986
-0.370795
-0.37918
-0.387134
-0.39465
-0.401722
-0.408347
-0.414523
-0.420248
-0.195117
-0.209849
-0.219546
-0.229269
-0.239661
-0.250014
-0.260008
-0.269662
-0.279022
-0.288084
-0.296831
-0.305245
-0.313316
-0.321034
-0.328392
-0.335381
-0.341996
-0.348233
-0.354087
-0.359556
-0.157352
-0.169873
-0.178819
-0.18776
-0.19714
-0.206469
-0.215521
-0.224304
-0.232843
-0.241134
-0.249159
-0.256906
-0.264363
-0.27152
-0.27837
-0.284904
-0.291117
-0.297004
-0.302559
-0.307781
-0.125065
-0.135885
-0.144244
-0.152566
-0.161151
-0.169672
-0.177975
-0.186057
-0.193932
-0.201593
-0.209027
-0.216221
-0.223164
-0.229848
-0.236264
-0.242405
-0.248264
-0.253836
-0.259116
-0.264102
-0.0981044
-0.107625
-0.11552
-0.123352
-0.131314
-0.1392
-0.146906
-0.154426
-0.161766
-0.168916
-0.175866
-0.182604
-0.18912
-0.195405
-0.201452
-0.207254
-0.212804
-0.218097
-0.223128
-0.227894
-0.0763105
-0.084854
-0.0923839
-0.0998302
-0.107311
-0.114703
-0.121941
-0.129017
-0.13593
-0.14267
-0.149229
-0.155594
-0.161759
-0.167714
-0.173452
-0.178967
-0.184253
-0.189304
-0.194116
-0.198686
-0.059627
-0.0674768
-0.0747365
-0.0818971
-0.0890243
-0.0960514
-0.10294
-0.10968
-0.116266
-0.122691
-0.128945
-0.135019
-0.140905
-0.146596
-0.152085
-0.157365
-0.162432
-0.16728
-0.171906
-0.176306
-0.0480389
-0.0554406
-0.0625218
-0.069491
-0.0763803
-0.0831585
-0.089804
-0.0963076
-0.102662
-0.108861
-0.114894
-0.120756
-0.126438
-0.131934
-0.137238
-0.142343
-0.147247
-0.151943
-0.156428
-0.160699
-0.0419796
-0.0492204
-0.056262
-0.0631758
-0.069978
-0.0766549
-0.0831931
-0.0895839
-0.0958201
-0.101895
-0.107802
-0.113533
-0.119085
-0.124452
-0.129628
-0.134608
-0.13939
-0.14397
-0.148345
-0.152514
0.756933
0.757007
0.757044
0.757124
0.757005
0.75643
0.75502
0.75226
0.747432
0.739553
0.727226
0.708532
0.680577
0.63942
0.578509
0.489548
0.356217
0.16014
-0.147067
-0.647686
0.739643
0.739497
0.739169
0.738611
0.737594
0.735831
0.732915
0.728287
0.721177
0.710534
0.694898
0.672272
0.63974
0.593326
0.526734
0.43183
0.293898
0.0958938
-0.199328
-0.629419
0.721103
0.720818
0.720172
0.719028
0.717166
0.714285
0.709957
0.703592
0.694387
0.681266
0.662766
0.636925
0.600957
0.551116
0.481699
0.385494
0.250236
0.0635563
-0.199217
-0.543472
0.701234
0.700776
0.699755
0.697973
0.695208
0.691147
0.685345
0.67719
0.665863
0.650278
0.628994
0.600112
0.561015
0.508258
0.436812
0.340582
0.209708
0.0363555
-0.199136
-0.486277
0.680042
0.679399
0.677985
0.67555
0.671868
0.666619
0.659345
0.649426
0.636037
0.618107
0.594237
0.562618
0.520836
0.465795
0.393154
0.297947
0.17227
0.0117098
-0.201825
-0.448823
0.657561
0.656738
0.654935
0.651861
0.647285
0.640886
0.632205
0.620621
0.605326
0.58528
0.559158
0.525282
0.48148
0.42505
0.352351
0.2595
0.14019
-0.00738891
-0.199332
-0.412226
0.633852
0.632857
0.63068
0.626995
0.621567
0.614084
0.604092
0.590988
0.573993
0.552126
0.524162
0.488587
0.443505
0.386642
0.315039
0.225815
0.114073
-0.0200844
-0.189948
-0.372669
0.609021
0.607865
0.605334
0.601077
0.59486
0.586384
0.575212
0.560769
0.542325
0.518979
0.489628
0.452949
0.407337
0.350951
0.281476
0.196906
0.0936191
-0.0271111
-0.175554
-0.331991
0.583222
0.581918
0.579064
0.574292
0.56737
0.558017
0.545828
0.530266
0.510667
0.486223
0.455973
0.418796
0.373384
0.318304
0.251833
0.172678
0.0783298
-0.0294142
-0.157954
-0.291507
0.556667
0.555233
0.552097
0.546879
0.539355
0.529271
0.516256
0.499828
0.479396
0.454261
0.42361
0.386528
0.341992
0.288942
0.226167
0.152924
0.0676327
-0.02782
-0.138348
-0.25192
0.529631
0.528088
0.52472
0.519139
0.511134
0.500481
0.486855
0.469832
0.448905
0.423488
0.392918
0.356481
0.313411
0.262972
0.204381
0.137298
0.0608699
-0.0231483
-0.117724
-0.213974
0.502455
0.500829
0.497283
0.491431
0.483077
0.472032
0.458018
0.440678
0.419591
0.394281
0.364234
0.328914
0.287784
0.240374
0.186244
0.125333
0.0573201
-0.0162574
-0.096986
-0.178427
0.475553
0.473871
0.470205
0.464179
0.455612
0.444353
0.430173
0.412783
0.391844
0.36699
0.337836
0.304007
0.265157
0.221024
0.171425
0.116487
0.0562463
-0.00799092
-0.0769084
-0.145884
0.449411
0.447699
0.443972
0.437864
0.429217
0.417911
0.403771
0.386569
0.366046
0.341931
0.313955
0.281874
0.245495
0.204715
0.159532
0.11019
0.0569419
0.000884357
-0.058117
-0.116759
0.424587
0.42287
0.419134
0.413031
0.40442
0.393215
0.379287
0.362467
0.342564
0.31939
0.292772
0.262571
0.228708
0.191196
0.150151
0.105886
0.0587666
0.00971219
-0.0410988
-0.0913118
0.401715
0.400013
0.396313
0.390283
0.381801
0.37081
0.357222
0.340917
0.321763
0.299639
0.274447
0.246127
0.214683
0.180207
0.142888
0.10307
0.0611691
0.0179564
-0.0262223
-0.069689
0.38151
0.379838
0.376204
0.370293
0.362
0.351292
0.338114
0.322386
0.304023
0.282956
0.25914
0.232575
0.20332
0.171517
0.137398
0.101315
0.063695
0.0251923
-0.013766
-0.0519736
0.364781
0.363145
0.359589
0.353817
0.345733
0.335323
0.32256
0.307391
0.289768
0.269657
0.247051
0.22199
0.19457
0.164961
0.133415
0.100282
0.0659835
0.0310835
-0.00395686
-0.038253
0.352456
0.350853
0.34737
0.341722
0.333823
0.32367
0.311253
0.296543
0.279511
0.260146
0.238469
0.21454
0.188478
0.160467
0.13077
0.0997281
0.0677504
0.0353411
0.00297364
-0.0286599
0.345631
0.344047
0.340609
0.335039
0.327254
0.317258
0.305048
0.290608
0.273919
0.254984
0.233834
0.210541
0.185232
0.1581
0.12941
0.0994962
0.0687598
0.0376718
0.00670435
-0.0235578
0.930548
0.931906
0.935143
0.940607
0.948201
0.958036
0.970202
0.984816
1.00202
1.02195
1.04479
1.07067
1.09975
1.13201
1.16725
1.20461
1.24171
1.27468
1.28396
1.24355
0.923165
0.924464
0.927538
0.932765
0.940028
0.949431
0.961045
0.974969
0.991312
1.01019
1.0317
1.05597
1.08299
1.11275
1.1446
1.17803
1.20894
1.23583
1.23187
1.18465
0.915621
0.91686
0.919769
0.924754
0.931681
0.940642
0.951692
0.964909
0.980368
0.998149
1.0183
1.04088
1.06576
1.09288
1.12118
1.15041
1.17478
1.19504
1.17699
1.122
0.907923
0.909102
0.911845
0.916585
0.923169
0.93168
0.942154
0.954645
0.969198
0.985853
1.00459
1.02543
1.04807
1.07245
1.09702
1.12181
1.13927
1.15242
1.11946
1.05584
0.900079
0.901197
0.903774
0.908265
0.914502
0.922555
0.932442
0.944193
0.957816
0.973314
0.990603
1.00963
1.02996
1.05147
1.07215
1.09226
1.10248
1.10806
1.05943
0.98641
0.892095
0.893154
0.895565
0.899806
0.905692
0.91328
0.922568
0.933563
0.946236
0.960546
0.976341
0.993502
1.01144
1.02996
1.04661
1.0618
1.06449
1.06205
0.997046
0.913939
0.883979
0.884979
0.887226
0.891216
0.896747
0.903865
0.912546
0.92277
0.934472
0.947565
0.961827
0.977066
0.992538
1.00796
1.02043
1.03048
1.02535
1.01445
0.932463
0.838624
0.87574
0.876683
0.878767
0.882506
0.887681
0.894322
0.902387
0.911827
0.922539
0.934388
0.947077
0.96034
0.973274
0.98549
0.993649
0.998321
0.985143
0.96533
0.865855
0.760636
0.867384
0.868272
0.870198
0.873686
0.878502
0.884663
0.892104
0.900749
0.910452
0.921029
0.932111
0.943345
0.953673
0.962574
0.966302
0.965373
0.943941
0.914744
0.797412
0.680106
0.85892
0.859757
0.861528
0.864766
0.869223
0.874901
0.881711
0.889548
0.898226
0.907507
0.916946
0.926099
0.933757
0.93924
0.938427
0.931667
0.901822
0.862724
0.727343
0.597104
0.850356
0.851144
0.852767
0.855757
0.859856
0.865047
0.871221
0.87824
0.885876
0.893837
0.9016
0.908624
0.91355
0.915515
0.910056
0.897238
0.858859
0.809291
0.655885
0.511621
0.8417
0.842443
0.843924
0.84667
0.850411
0.855114
0.860647
0.866839
0.873419
0.880035
0.886091
0.890938
0.893075
0.891424
0.881225
0.862119
0.815127
0.754451
0.5833
0.423548
0.832959
0.833663
0.835009
0.837515
0.8409
0.845114
0.850001
0.855358
0.860868
0.866119
0.870438
0.873063
0.872354
0.866995
0.851965
0.826347
0.770691
0.698202
0.509879
0.332644
0.824141
0.824813
0.826034
0.828303
0.831334
0.83506
0.839299
0.843813
0.848239
0.852105
0.854657
0.855018
0.85141
0.842255
0.822307
0.789955
0.725608
0.640542
0.435935
0.238527
0.815255
0.8159
0.817005
0.819043
0.821724
0.824961
0.828549
0.832213
0.835545
0.838005
0.838762
0.836818
0.830259
0.817225
0.792273
0.752976
0.679912
0.581469
0.361773
0.140645
0.806307
0.806933
0.807931
0.809743
0.812076
0.814826
0.81776
0.820568
0.822791
0.823826
0.822761
0.818473
0.808914
0.79192
0.761878
0.71544
0.633621
0.521012
0.287652
0.0382683
0.797307
0.797924
0.798829
0.800421
0.802413
0.804678
0.806959
0.808907
0.810013
0.809606
0.806696
0.80003
0.787425
0.766405
0.73119
0.677449
0.586815
0.459363
0.213902
-0.0693509
0.788265
0.788895
0.789732
0.791125
0.792793
0.794591
0.796234
0.797333
0.797326
0.795475
0.790708
0.781645
0.765966
0.740867
0.700402
0.639214
0.539657
0.396916
0.141163
-0.182411
0.779186
0.779847
0.780638
0.781846
0.783206
0.784548
0.785565
0.78582
0.784699
0.781387
0.774732
0.763221
0.744393
0.7151
0.669204
0.600288
0.491412
0.332862
0.0683462
-0.302782
0.770025
0.770619
0.771274
0.772195
0.773134
0.773896
0.774145
0.773406
0.771009
0.766069
0.757339
0.743157
0.7209
0.687072
0.635329
0.558247
0.439326
0.264218
-0.0125822
-0.442026
1.03699
1.03918
1.04442
1.05313
1.06531
1.08117
1.10094
1.12492
1.15346
1.18692
1.22572
1.27013
1.32046
1.37618
1.43689
1.49772
1.55709
1.59108
1.65608
1.43759
1.03368
1.03584
1.04104
1.04968
1.06176
1.07748
1.09708
1.12086
1.14918
1.1824
1.22098
1.26519
1.31543
1.37115
1.43223
1.4931
1.5534
1.57879
1.6378
1.41522
1.03017
1.0323
1.03745
1.04599
1.05791
1.0734
1.09272
1.11615
1.14404
1.17678
1.2148
1.25843
1.30813
1.36335
1.42448
1.48595
1.55079
1.58036
1.65654
1.46855
1.02644
1.02855
1.03366
1.04209
1.05385
1.06914
1.08819
1.11129
1.13881
1.1711
1.20866
1.25179
1.30106
1.35594
1.41729
1.47944
1.54832
1.5824
1.67006
1.50802
1.02249
1.02457
1.02963
1.03796
1.04956
1.06464
1.08343
1.10621
1.13335
1.16522
1.20231
1.24496
1.2938
1.34832
1.40979
1.47236
1.54411
1.58154
1.67397
1.53236
1.01832
1.02038
1.02538
1.03359
1.04502
1.05988
1.07838
1.10083
1.12756
1.15897
1.19555
1.23764
1.28596
1.34002
1.40141
1.46419
1.53806
1.57895
1.67394
1.55233
1.01394
1.01596
1.02089
1.02898
1.04023
1.05485
1.07306
1.09513
1.12143
1.15234
1.18835
1.22982
1.27754
1.331
1.39215
1.45497
1.53035
1.57498
1.67142
1.56862
1.00933
1.01133
1.01618
1.02414
1.0352
1.04956
1.06745
1.08914
1.11498
1.14534
1.18074
1.22153
1.26855
1.32132
1.38202
1.44471
1.52096
1.56922
1.66585
1.57975
1.00451
1.00647
1.01124
1.01906
1.02991
1.04401
1.06156
1.08284
1.10819
1.13797
1.17272
1.21277
1.259
1.31097
1.37101
1.43338
1.50983
1.56132
1.65694
1.58539
0.999477
1.0014
1.00608
1.01374
1.02438
1.0382
1.0554
1.07624
1.10107
1.13024
1.16428
1.20352
1.24887
1.29992
1.35909
1.42091
1.49694
1.55108
1.64466
1.58561
0.994225
0.996104
1.00069
1.00819
1.0186
1.03213
1.04895
1.06934
1.09362
1.12215
1.15542
1.19379
1.23817
1.28816
1.34625
1.40727
1.48227
1.5384
1.62899
1.58042
0.98876
0.990596
0.995075
1.00241
1.01259
1.0258
1.04224
1.06215
1.08585
1.11368
1.14615
1.18358
1.22688
1.2757
1.33247
1.39244
1.46584
1.5232
1.60988
1.5698
0.983084
0.984874
0.989241
0.996394
1.00633
1.01922
1.03525
1.05465
1.07775
1.10486
1.13646
1.17288
1.215
1.26253
1.31775
1.37639
1.44765
1.50543
1.58728
1.55378
0.9772
0.978943
0.98319
0.990157
0.999832
1.01238
1.02799
1.04687
1.06933
1.09567
1.12636
1.16171
1.20255
1.24864
1.3021
1.35912
1.42773
1.4851
1.56118
1.53239
0.971112
0.972805
0.976925
0.983699
0.993105
1.00531
1.02047
1.03881
1.0606
1.08614
1.11586
1.15006
1.18952
1.23404
1.28552
1.34062
1.40608
1.46221
1.53159
1.50574
0.964824
0.966466
0.970452
0.977024
0.986151
0.997987
1.01269
1.03046
1.05156
1.07626
1.10496
1.13794
1.17592
1.21873
1.26802
1.3209
1.38274
1.43682
1.49854
1.47393
0.95834
0.959928
0.963774
0.970138
0.978976
0.990436
1.00466
1.02184
1.04222
1.06604
1.09366
1.12537
1.16176
1.20273
1.24961
1.29997
1.35772
1.40897
1.46209
1.43711
0.951665
0.953197
0.956898
0.963046
0.971586
0.982657
0.996391
1.01296
1.03258
1.05548
1.08199
1.11234
1.14705
1.18604
1.23031
1.27784
1.33107
1.37875
1.42231
1.39546
0.944804
0.94628
0.94983
0.955756
0.963988
0.974658
0.987884
1.00382
1.02266
1.04461
1.06994
1.09887
1.1318
1.16868
1.21013
1.25456
1.30282
1.34624
1.37929
1.34916
0.937763
0.93918
0.942576
0.948274
0.95619
0.966448
0.979151
0.994437
1.01247
1.03343
1.05754
1.08498
1.11603
1.15067
1.1891
1.23014
1.27301
1.31151
1.33313
1.29843
0.996756
0.995964
0.99423
0.991388
0.987335
0.981982
0.975209
0.96686
0.95675
0.944674
0.93041
0.913726
0.894393
0.872192
0.846934
0.818475
0.78673
0.751709
0.713471
0.672304
1.00021
0.999476
0.997869
0.995223
0.991436
0.986413
0.980025
0.972106
0.962458
0.950856
0.937057
0.920802
0.901827
0.879879
0.854725
0.826175
0.794097
0.758465
0.719293
0.676898
1.00619
1.00556
1.00419
1.0019
0.99861
0.994203
0.988539
0.981432
0.972661
0.961972
0.949081
0.933679
0.915445
0.894051
0.869182
0.840561
0.807957
0.771263
0.730387
0.685652
1.0138
1.01333
1.01227
1.01049
1.0079
1.00436
0.999733
0.993797
0.986306
0.976967
0.965444
0.951363
0.934317
0.913876
0.889605
0.861084
0.827932
0.789898
0.746724
0.698712
1.02223
1.02195
1.02129
1.02015
1.01843
1.016
1.01269
1.00826
1.00245
0.994898
0.985229
0.972987
0.957661
0.938693
0.915484
0.887422
0.853906
0.814454
0.768563
0.716403
1.0308
1.03073
1.03054
1.03015
1.02946
1.02834
1.02659
1.02398
1.02021
1.01489
1.00757
0.997727
0.984733
0.967877
0.946361
0.919324
0.885869
0.84516
0.796372
0.739305
1.03896
1.03913
1.03945
1.03988
1.04034
1.04068
1.04072
1.04019
1.03879
1.0361
1.03163
1.02476
1.01476
1.00075
0.981718
0.956485
0.92379
0.882269
0.830722
0.76811
1.04627
1.0467
1.04756
1.04887
1.05056
1.05249
1.05445
1.05622
1.05746
1.05776
1.05657
1.05323
1.0469
1.03654
1.0209
0.998452
0.967499
0.925934
0.872191
0.803542
1.05246
1.05314
1.05455
1.05677
1.05974
1.0633
1.0673
1.07149
1.07557
1.07912
1.08159
1.08227
1.08025
1.07435
1.06309
1.04456
1.0166
0.976103
0.92125
0.846221
1.05733
1.05826
1.06022
1.06335
1.06758
1.07281
1.07886
1.08555
1.09258
1.09955
1.10594
1.11103
1.11386
1.11317
1.10727
1.09389
1.07041
1.03242
0.978146
0.896541
1.0608
1.06197
1.06446
1.06847
1.07394
1.08078
1.08886
1.09803
1.10802
1.11849
1.12895
1.1387
1.14681
1.15193
1.1523
1.1453
1.12789
1.09419
1.04277
0.954581
1.06286
1.06426
1.06725
1.07208
1.07873
1.08711
1.09714
1.1087
1.12159
1.13552
1.15006
1.16458
1.17819
1.18959
1.19695
1.19744
1.18772
1.16029
1.11454
1.02009
1.06358
1.06518
1.06863
1.07422
1.08195
1.09176
1.10361
1.11742
1.13307
1.15033
1.16885
1.18809
1.20726
1.22514
1.23997
1.24886
1.24832
1.22933
1.19245
1.09253
1.06305
1.06483
1.06869
1.07497
1.08367
1.09478
1.10828
1.12416
1.14237
1.16274
1.18503
1.2088
1.2334
1.25773
1.28023
1.29808
1.30791
1.29961
1.27502
1.17091
1.0614
1.06333
1.06755
1.07443
1.084
1.09624
1.11122
1.12897
1.14948
1.1727
1.19846
1.22646
1.25618
1.28672
1.31675
1.34372
1.36468
1.36912
1.36016
1.25308
1.05877
1.06083
1.06535
1.07276
1.08306
1.0963
1.11256
1.13193
1.15448
1.18024
1.20913
1.24097
1.2754
1.31169
1.34883
1.38466
1.41694
1.43558
1.44468
1.33435
1.05531
1.05748
1.06225
1.07009
1.08101
1.09509
1.11244
1.13321
1.15753
1.1855
1.21715
1.2524
1.29104
1.3325
1.3761
1.4201
1.46335
1.497
1.52556
1.40856
1.05117
1.05342
1.05841
1.06661
1.07804
1.09281
1.11107
1.13302
1.15883
1.18869
1.22272
1.26093
1.30324
1.34916
1.39829
1.44928
1.50278
1.55302
1.60553
1.47852
1.0465
1.04881
1.05398
1.06247
1.07432
1.08964
1.10863
1.13153
1.15856
1.18996
1.22594
1.2666
1.31193
1.36147
1.4149
1.47103
1.5332
1.60217
1.69253
1.56935
1.04139
1.04372
1.04899
1.05768
1.06979
1.08548
1.10499
1.12856
1.15649
1.18906
1.22657
1.2692
1.31705
1.36958
1.42648
1.48563
1.5514
1.62587
1.7525
1.65466
0.644593
0.633308
0.621946
0.610485
0.598904
0.587212
0.575425
0.563557
0.551621
0.53963
0.527598
0.515539
0.503467
0.491397
0.479342
0.467319
0.455341
0.443422
0.431577
0.41982
0.648243
0.636647
0.624971
0.613195
0.601281
0.589229
0.577055
0.564778
0.55241
0.539966
0.527461
0.514912
0.502334
0.489744
0.477159
0.464596
0.452072
0.439604
0.42721
0.414906
0.655021
0.642587
0.630081
0.617512
0.604794
0.591914
0.578892
0.56575
0.552505
0.539174
0.525772
0.512319
0.498832
0.485331
0.471835
0.458363
0.444935
0.431569
0.418285
0.405102
0.665291
0.651554
0.637748
0.62395
0.610006
0.59587
0.58157
0.567133
0.552581
0.537931
0.523201
0.508414
0.493588
0.478747
0.463911
0.449104
0.434347
0.419663
0.405073
0.390599
0.679344
0.663782
0.648137
0.632619
0.616971
0.601099
0.585033
0.568815
0.55247
0.536016
0.519475
0.502871
0.486228
0.469572
0.452927
0.436319
0.419773
0.403315
0.386971
0.370765
0.697886
0.679941
0.661845
0.644055
0.626169
0.608017
0.589635
0.57108
0.552384
0.533567
0.514656
0.495676
0.476656
0.457626
0.438614
0.419651
0.400767
0.381991
0.363354
0.344885
0.721768
0.700832
0.679571
0.658864
0.638121
0.617058
0.595712
0.574165
0.552457
0.530613
0.50866
0.48663
0.464558
0.442477
0.420423
0.398432
0.37654
0.354782
0.333194
0.311811
0.752074
0.727523
0.70227
0.677894
0.653579
0.62887
0.603801
0.578485
0.552977
0.527305
0.501501
0.475603
0.449652
0.42369
0.39776
0.371906
0.346171
0.3206
0.295236
0.270123
0.790084
0.761331
0.731127
0.702206
0.673495
0.644285
0.614598
0.584591
0.554339
0.523875
0.493236
0.462469
0.431625
0.400756
0.369914
0.339155
0.308533
0.278104
0.247924
0.218049
0.837317
0.803891
0.767628
0.733132
0.699076
0.664384
0.629034
0.593247
0.557128
0.520718
0.484059
0.44721
0.410234
0.373197
0.336167
0.299212
0.262405
0.225818
0.189523
0.153596
0.895584
0.857204
0.813579
0.772298
0.731823
0.690528
0.648313
0.605483
0.56219
0.518481
0.474407
0.430042
0.385468
0.340768
0.296031
0.251347
0.206811
0.162521
0.118577
0.0750804
0.966984
0.923602
0.871083
0.821641
0.773573
0.724445
0.674034
0.62277
0.570865
0.518375
0.465362
0.411918
0.358152
0.304175
0.250102
0.196056
0.142166
0.0885654
0.0353963
-0.0171963
1.05372
1.00552
0.942419
0.883414
0.82661
0.76844
0.708544
0.647526
0.585671
0.523039
0.459709
0.395806
0.331472
0.266853
0.202105
0.137391
0.072887
0.0087783
-0.0547394
-0.117462
1.15761
1.10505
1.0299
0.960325
0.894029
0.826003
0.755804
0.68426
0.611712
0.538227
0.463911
0.38893
0.313467
0.23771
0.161858
0.0861207
0.010724
-0.0640931
-0.138077
-0.21096
1.27913
1.22325
1.13564
1.05568
0.980129
0.902432
0.822223
0.740544
0.657744
0.573896
0.489145
0.403703
0.317789
0.231625
0.145444
0.0594932
-0.025968
-0.110662
-0.194291
-0.276541
1.41558
1.35882
1.2609
1.17286
1.0898
1.00402
0.915444
0.825243
0.733728
0.641005
0.547279
0.452798
0.35781
0.262562
0.167307
0.0723047
-0.0221688
-0.115819
-0.208326
-0.299346
1.55815
1.50484
1.40231
1.31068
1.22301
1.13149
1.03667
0.939712
0.840969
0.740661
0.639086
0.536546
0.433321
0.329681
0.225891
0.122219
0.0189447
-0.0836282
-0.185161
-0.285288
1.6908
1.64342
1.54261
1.45177
1.36204
1.26695
1.16766
1.06529
0.960311
0.853113
0.744108
0.633667
0.522125
0.40979
0.296962
0.183935
0.0710201
-0.0414424
-0.153065
-0.263423
1.81955
1.77496
1.67773
1.58769
1.49518
1.39599
1.2915
1.18268
1.07013
0.954402
0.836017
0.715444
0.593107
0.469405
0.344717
0.219424
0.0939265
-0.0313278
-0.155831
-0.279024
1.9271
1.88257
1.78887
1.69421
1.59231
1.48267
1.36693
1.24606
1.1208
0.991813
0.859698
0.724966
0.588094
0.449548
0.309774
0.169231
0.0284137
-0.112116
-0.251717
-0.389679
0.408165
0.396624
0.38521
0.373937
0.362815
0.351856
0.341071
0.330469
0.320061
0.309855
0.299858
0.290079
0.280523
0.271197
0.262105
0.253252
0.244641
0.236276
0.228157
0.220284
0.402708
0.390633
0.378696
0.366912
0.355294
0.343858
0.332615
0.321578
0.310757
0.300162
0.289803
0.279688
0.269824
0.260216
0.250871
0.241791
0.232981
0.224443
0.216172
0.20816
0.392038
0.379112
0.36634
0.353739
0.341326
0.329114
0.31712
0.305354
0.29383
0.282559
0.27155
0.260812
0.250354
0.240181
0.230299
0.220713
0.211426
0.202441
0.193748
0.185316
0.376262
0.362083
0.348082
0.334277
0.320688
0.30733
0.294222
0.281376
0.268808
0.256529
0.244552
0.232885
0.221538
0.210518
0.19983
0.18948
0.179473
0.169811
0.160474
0.151405
0.354723
0.338867
0.32322
0.307805
0.292642
0.277752
0.263154
0.248863
0.234897
0.221269
0.207993
0.19508
0.182539
0.17038
0.158608
0.14723
0.136252
0.125677
0.115471
0.105549
0.326614
0.308567
0.29077
0.273252
0.256037
0.239147
0.222606
0.206433
0.190648
0.175266
0.160305
0.145777
0.131694
0.118066
0.104902
0.0922096
0.0799961
0.0682664
0.0569647
0.0459983
0.29067
0.269802
0.24924
0.229017
0.209162
0.189705
0.170671
0.152086
0.133974
0.116354
0.0992468
0.0826689
0.0666356
0.0511597
0.0362523
0.021923
0.00818393
-0.00496411
-0.0176154
-0.029795
0.245307
0.220825
0.19672
0.173032
0.149799
0.127058
0.104841
0.0831825
0.0621107
0.0416533
0.021835
0.0026783
-0.0157971
-0.033574
-0.0506382
-0.0669763
-0.082571
-0.0974374
-0.111761
-0.125289
0.188535
0.159435
0.130801
0.102687
0.0751428
0.0482173
0.0219557
-0.00359867
-0.0284056
-0.0524276
-0.0756308
-0.0979844
-0.119462
-0.140039
-0.1597
-0.178424
-0.196188
-0.213049
-0.229404
-0.244252
0.118112
0.0831414
0.0487568
0.0150323
-0.0179612
-0.0501558
-0.0814857
-0.111888
-0.141304
-0.169677
-0.196958
-0.223099
-0.248062
-0.271812
-0.294324
-0.315572
-0.335516
-0.354307
-0.372757
-0.388201
0.0321366
-0.0101518
-0.051679
-0.0923372
-0.132021
-0.170626
-0.20805
-0.244195
-0.278965
-0.312271
-0.344029
-0.374162
-0.402604
-0.429299
-0.454207
-0.477282
-0.498457
-0.518086
-0.537678
-0.551181
-0.0690644
-0.12005
-0.169995
-0.218738
-0.266113
-0.311957
-0.356104
-0.398394
-0.438666
-0.476771
-0.512564
-0.545915
-0.576711
-0.604859
-0.630294
-0.652938
-0.672705
-0.69041
-0.708508
-0.714646
-0.179183
-0.239663
-0.298672
-0.355968
-0.411303
-0.46442
-0.51506
-0.562964
-0.607875
-0.649543
-0.687733
-0.722232
-0.752858
-0.779478
-0.802005
-0.82032
-0.834398
-0.845997
-0.858327
-0.849105
-0.282477
-0.352286
-0.420077
-0.485516
-0.548244
-0.607886
-0.664054
-0.716348
-0.764371
-0.807729
-0.846056
-0.879021
-0.906362
-0.927912
-0.943576
-0.953198
-0.957005
-0.958186
-0.959468
-0.926545
-0.357099
-0.43552
-0.511416
-0.584351
-0.653836
-0.719342
-0.780309
-0.836148
-0.88626
-0.930055
-0.966983
-0.996574
-1.01848
-1.03254
-1.03864
-1.03659
-1.02718
-1.01515
-1.00059
-0.938648
-0.388527
-0.475325
-0.559269
-0.639803
-0.716276
-0.787966
-0.854085
-0.913799
-0.966257
-1.01063
-1.04617
-1.07228
-1.08857
-1.09492
-1.09123
-1.07723
-1.0546
-1.02977
-0.998786
-0.908776
-0.38361
-0.479475
-0.572318
-0.661433
-0.745974
-0.82499
-0.897432
-0.962192
-1.01815
-1.06426
-1.09958
-1.12345
-1.13553
-1.13584
-1.12425
-1.10032
-1.06679
-1.0331
-0.992946
-0.884175
-0.372034
-0.478095
-0.580911
-0.679578
-0.773026
-0.860049
-0.939333
-1.00951
-1.06925
-1.11733
-1.15276
-1.17487
-1.1835
-1.17904
-1.1617
-1.13093
-1.09046
-1.05501
-1.02188
-0.91489
-0.400247
-0.518468
-0.632772
-0.741985
-0.844759
-0.939612
-1.02499
-1.09932
-1.16119
-1.2094
-1.24313
-1.26203
-1.26644
-1.25758
-1.23698
-1.20518
-1.16621
-1.13918
-1.13104
-1.04857
-0.525169
-0.656906
-0.783791
-0.904418
-1.01724
-1.12062
-1.21291
-1.29256
-1.35825
-1.40903
-1.44444
-1.46463
-1.47042
-1.46355
-1.44653
-1.42138
-1.39052
-1.36661
-1.35841
-1.27269
0.201711
0.175466
0.152254
0.132177
0.115152
0.100983
0.0893903
0.0800282
0.0725058
0.0664283
0.0614304
0.0571969
0.0534708
0.0500565
0.0468165
0.0436639
0.0405527
0.0374673
0.0344131
0.031408
0.0284762
0.0256436
0.0229345
0.0203697
0.0179653
0.0157327
0.0136785
0.0118046
0.0101091
0.00858666
0.00722919
0.00602621
0.00496548
0.00403321
0.00321478
0.00249355
0.00185432
0.00127451
0.000745516
0.000223145
0.18893
0.16289
0.140463
0.121359
0.105398
0.0923771
0.0819794
0.0737908
0.0673611
0.0622593
0.0581043
0.0545774
0.0514274
0.0484708
0.0455862
0.0427043
0.0397961
0.0368615
0.0339188
0.0309966
0.0281274
0.0253432
0.0226729
0.0201402
0.0177635
0.0155553
0.013523
0.011669
0.00999169
0.00848585
0.00714341
0.00595403
0.00490551
0.00398415
0.00317545
0.00246289
0.00183153
0.00125872
0.000736798
0.000219991
0.164673
0.139136
0.118379
0.101267
0.0874289
0.0766566
0.068558
0.0625908
0.0581984
0.0548914
0.0522675
0.0500094
0.0478827
0.0457309
0.0434654
0.0410511
0.0384912
0.0358136
0.0330603
0.0302788
0.027516
0.0248145
0.0222108
0.0197339
0.0174053
0.0152399
0.0132462
0.0114275
0.00978251
0.00830616
0.00699052
0.00582536
0.00479861
0.00389669
0.00310535
0.00240824
0.00179085
0.00123063
0.000720855
0.000214599
0.128751
0.104413
0.0865888
0.0727636
0.0622873
0.0549627
0.0502931
0.0475548
0.0460541
0.045241
0.0447044
0.0441456
0.0433663
0.0422579
0.0407839
0.03896
0.0368351
0.0344762
0.0319567
0.0293487
0.0267178
0.0241198
0.0216004
0.0191949
0.0169289
0.0148196
0.0128771
0.0111053
0.00950325
0.00806624
0.00678641
0.00565361
0.00465593
0.00377998
0.0030118
0.00233533
0.00173657
0.00119315
0.00069942
0.000207555
0.0803314
0.0584103
0.0453254
0.036468
0.0308357
0.0283037
0.0282489
0.0297212
0.0318833
0.0341487
0.0361283
0.0375729
0.0383491
0.0384215
0.0378275
0.0366498
0.0349949
0.032977
0.0307068
0.0282843
0.0257954
0.0233105
0.0208849
0.0185602
0.0163662
0.0143222
0.0124397
0.0107231
0.00917206
0.00778173
0.00654438
0.00545001
0.00448684
0.00364171
0.002901
0.00224899
0.00167228
0.00114876
0.000673947
0.000199314
0.0179793
0.000504978
-0.00534388
-0.00710941
-0.00613418
-0.00236234
0.00343639
0.010061
0.0165612
0.022368
0.0271649
0.0307945
0.0332254
0.0345252
0.0348266
0.0342942
0.0331016
0.031416
0.0293878
0.0271464
0.0247982
0.0224275
0.0200989
0.0178597
0.015743
0.0137703
0.0119538
0.0102985
0.008804
0.00746559
0.00627553
0.00522391
0.00429914
0.00348826
0.00277807
0.00215322
0.00160097
0.00109952
0.000645627
0.00019025
-0.0599256
-0.0698177
-0.06526
-0.0574056
-0.0477781
-0.0360416
-0.0231424
-0.010508
0.000881698
0.0105577
0.0183411
0.0242195
0.0283055
0.0308007
0.0319526
0.03202
0.03125
0.029865
0.0280558
0.0259801
0.0237632
0.0215023
0.0192695
0.017117
0.0150804
0.0131824
0.0114358
0.00984563
0.00841143
0.00712848
0.00598895
0.004983
0.00409921
0.00332488
0.00264724
0.00205132
0.00152509
0.00104714
0.000615435
0.000180673
-0.154366
-0.152306
-0.13392
-0.113684
-0.0930979
-0.0716506
-0.0504864
-0.0311301
-0.014454
-0.000729294
0.0100773
0.0181585
0.0238146
0.0274091
0.029321
0.0299108
0.0295018
0.0283713
0.0267484
0.0248162
0.022717
0.020558
0.0184174
0.0163506
0.0143947
0.0125731
0.0108986
0.0093759
0.00800434
0.00677903
0.005692
0.00473349
0.00389224
0.00315582
0.00251191
0.00194595
0.00144662
0.000992977
0.000584161
0.000170831
-0.263848
-0.244848
-0.210101
-0.174807
-0.140789
-0.107972
-0.0776037
-0.051028
-0.0288513
-0.0110557
0.00268328
0.0128247
0.0198969
0.0244476
0.0269977
0.0280128
0.0278912
0.0269619
0.0254882
0.0236751
0.0216779
0.0196114
0.017558
0.0155746
0.013699
0.0119542
0.0103526
0.00889853
0.00759074
0.00642416
0.00539059
0.00448036
0.00368238
0.00298448
0.00237479
0.00183923
0.00136715
0.00093814
0.000552431
0.000160923
-0.381465
-0.342165
-0.291197
-0.23872
-0.189004
-0.143618
-0.103522
-0.0695126
-0.0418315
-0.020104
-0.00363942
0.00834184
0.016626
0.0219593
0.0250087
0.0263433
0.0264316
0.0256488
0.0242871
0.0225685
0.0206578
0.0186745
0.0167027
0.0147999
0.0130031
0.0113347
0.00980601
0.00842075
0.00717697
0.00606932
0.00508938
0.00422754
0.00347288
0.00281351
0.00223803
0.00173282
0.00128791
0.000883486
0.000520739
0.000151104
-0.492522
-0.435355
-0.372266
-0.301638
-0.235124
-0.177023
-0.127287
-0.0859843
-0.053036
-0.0276747
-0.0087882
0.00475579
0.014017
0.0199449
0.0233499
0.0248983
0.0251215
0.0244336
0.0231494
0.0215027
0.0196643
0.0177554
0.0158601
0.0140347
0.012315
0.0107217
0.00926526
0.00794824
0.00676795
0.00571877
0.00479199
0.00397808
0.00326628
0.00264499
0.00210327
0.001628
0.00120986
0.000829677
0.000489463
0.000141489
-0.576364
-0.513694
-0.445317
-0.357596
-0.275843
-0.206497
-0.147962
-0.099939
-0.062228
-0.0336766
-0.0127454
0.00204988
0.0120409
0.0183747
0.0219966
0.0236601
0.0239501
0.0233113
0.0220743
0.0204803
0.0187018
0.0168597
0.015036
0.013285
0.0116403
0.0101208
0.0087352
0.00748532
0.00636748
0.00537578
0.0045012
0.00373429
0.00306449
0.00248047
0.00197176
0.00152576
0.00113371
0.000777212
0.000458892
0.000132166
-0.614569
-0.568262
-0.500021
-0.39957
-0.307838
-0.230396
-0.164685
-0.111002
-0.0692944
-0.0381129
-0.0155606
0.000161544
0.0106386
0.0172002
0.0209125
0.0226037
0.0229017
0.0222734
0.0210588
0.0195015
0.017773
0.0159912
0.014235
0.0125555
0.0109835
0.00953583
0.00821955
0.00703529
0.00597841
0.00504279
0.00421908
0.00349792
0.00286894
0.00232111
0.00184442
0.00142679
0.00106001
0.000726459
0.000429243
0.000123196
-0.601366
-0.594915
-0.527136
-0.422578
-0.328894
-0.247449
-0.176835
-0.118986
-0.0742451
-0.0410641
-0.0173316
-0.00100036
0.00973509
0.0163644
0.020057
0.0217022
0.0219599
0.0213109
0.0200989
0.018566
0.0168795
0.0151529
0.0134604
0.0118496
0.0103479
0.00897009
0.00772111
0.00660059
0.00560286
0.0047216
0.00394713
0.00327021
0.00268065
0.00216775
0.00172191
0.00133161
0.000989115
0.000677677
0.000400667
0.00011462
-0.548921
-0.595147
-0.524005
-0.426798
-0.338758
-0.257181
-0.184252
-0.123946
-0.0772057
-0.0426701
-0.0181875
-0.00154204
0.00924903
0.015808
0.019389
0.0209283
0.0211076
0.020414
0.0191899
0.017672
0.0160215
0.0143459
0.0127141
0.0111693
0.00973578
0.00842551
0.00724164
0.00618279
0.00524218
0.00441335
0.00368631
0.00305196
0.00250028
0.0020209
0.00160465
0.00124054
0.000921283
0.000631031
0.00037327
0.000106461
-0.484658
-0.575936
-0.497851
-0.417346
-0.338871
-0.260048
-0.187273
-0.126146
-0.0783928
-0.0431172
-0.0182826
-0.00158504
0.00908844
0.0154639
0.0188608
0.0202493
0.0203229
0.0195686
0.0183227
0.0168142
0.015196
0.0135688
0.0119955
0.0105147
0.00914725
0.0079025
0.00678163
0.00578237
0.00489684
0.00411848
0.00343701
0.00284349
0.00232811
0.0018808
0.00149283
0.00115373
0.000856625
0.000586604
0.000347106
9.87241e-05
-0.447026
-0.552111
-0.463899
-0.401125
-0.331511
-0.25719
-0.186531
-0.125953
-0.0780607
-0.0426059
-0.0177743
-0.00124907
0.00916563
0.0152702
0.0184307
0.0196379
0.0195888
0.0187646
0.0174919
0.01599
0.0144023
0.0128218
0.0113054
0.00988684
0.00858341
0.00740207
0.00634199
0.00540012
0.00456748
0.00383751
0.00319965
0.00264516
0.00216441
0.00174766
0.00138661
0.00107131
0.000795234
0.000544453
0.000322216
9.14122e-05
-0.486486
-0.551331
-0.442978
-0.387343
-0.321449
-0.251271
-0.18332
-0.123955
-0.0764633
-0.0412139
-0.0166454
-0.000469883
0.00956295
0.0153116
0.0181778
0.0191647
0.0189667
0.0180543
0.0167418
0.0152363
0.0136708
0.01213
0.0106642
0.00930207
0.00805744
0.0069347
0.00593096
0.00504248
0.00425909
0.00357426
0.00297711
0.00245911
0.00201075
0.00162261
0.00128678
0.0009938
0.000737462
0.000504785
0.000298722
8.45661e-05
-0.630903
-0.593228
-0.44986
-0.38626
-0.316648
-0.247261
-0.180186
-0.121224
-0.0738389
-0.0387568
-0.0145407
0.00113616
0.0106266
0.0158753
0.0183306
0.0190082
0.0185949
0.0175453
0.0161558
0.0146182
0.0130524
0.0115331
0.0101027
0.00878448
0.00758796
0.00651472
0.0055595
0.00471776
0.00397792
0.00333338
0.00277282
0.0022878
0.00186889
0.00150687
0.00119416
0.000921743
0.000683653
0.000467791
0.000276736
7.82319e-05
-0.759321
-0.609912
-0.436744
-0.371125
-0.30254
-0.23747
-0.173368
-0.11635
-0.0701536
-0.0359704
-0.0125517
0.00239453
0.0112553
0.0160021
0.0180874
0.0185125
0.0179424
0.016809
0.0153888
0.0138578
0.0123234
0.0108512
0.00947687
0.0082188
0.00708319
0.00606943
0.00517039
0.00438122
0.0036893
0.00308824
0.00256656
0.00211612
0.00172768
0.00139237
0.00110307
0.000851249
0.00063124
0.000431935
0.000255449
7.20492e-05
-0.615866
-0.468592
-0.302227
-0.267351
-0.227153
-0.189559
-0.146371
-0.104082
-0.0670362
-0.0378501
-0.0166595
-0.00233702
0.00669831
0.0119342
0.0145757
0.0155195
0.0153995
0.0146474
0.013549
0.0122913
0.0109904
0.00971873
0.0085172
0.00740815
0.00640098
0.00549786
0.00469358
0.00398575
0.00336302
0.00282087
0.00234902
0.00194069
0.00158764
0.00128199
0.00101755
0.000786669
0.000584192
0.000400448
0.000236954
6.62928e-05
-0.563883
-0.438573
-0.271337
-0.245357
-0.208179
-0.174734
-0.13458
-0.0952542
-0.0607401
-0.0336082
-0.0139621
-0.000751804
0.00750913
0.0122199
0.0145163
0.0152433
0.0149968
0.0141805
0.0130598
0.0118076
0.0105294
0.00929083
0.0081278
0.00705927
0.00609245
0.0052281
0.00445994
0.00378543
0.00319267
0.00267736
0.0022292
0.00184169
0.00150676
0.00121681
0.000965961
0.000746876
0.000554639
0.000380231
0.00022488
6.26834e-05
-0.541801
-0.43448
-0.266442
-0.246268
-0.20691
-0.17146
-0.128885
-0.0886498
-0.0544042
-0.0282959
-0.00991332
0.00209704
0.00936527
0.0133221
0.0150808
0.015443
0.0149607
0.014
0.0127976
0.0115056
0.0102152
0.00898186
0.00783484
0.00678841
0.00584673
0.0050086
0.00426614
0.00361639
0.00304657
0.0025524
0.00212335
0.00175302
0.00143337
0.00115692
0.000918007
0.00070948
0.00052661
0.000360871
0.000213238
5.93396e-05
-0.524704
-0.426617
-0.258298
-0.242747
-0.202587
-0.166699
-0.123031
-0.08267
-0.0490095
-0.0239554
-0.00672339
0.00424952
0.010687
0.0140289
0.0153596
0.0154392
0.0147808
0.0137184
0.0124643
0.0111537
0.00986596
0.00864843
0.00752487
0.00650578
0.00559293
0.00478358
0.00406859
0.00344483
0.00289877
0.0024263
0.00201673
0.00166385
0.00135964
0.0010968
0.000869899
0.000671987
0.000498529
0.000341494
0.000201588
5.60571e-05
-0.513271
-0.417126
-0.248665
-0.235536
-0.194846
-0.159458
-0.115931
-0.0763993
-0.043873
-0.020097
-0.0040415
0.00595948
0.0116583
0.0144725
0.0154459
0.0152962
0.0145
0.0133631
0.0120765
0.0107611
0.009486
0.00829156
0.00719693
0.0062093
0.00532844
0.00455032
0.0038647
0.00326842
0.00274729
0.00229744
0.00190806
0.00157317
0.00128483
0.00103592
0.000821276
0.00063416
0.000470251
0.000322016
0.000189892
5.28127e-05
-0.507687
-0.408385
-0.240618
-0.22811
-0.186667
-0.151683
-0.108537
-0.0700679
-0.0388271
-0.0163943
-0.00152203
0.00752849
0.0125187
0.0148337
0.0154732
0.0151114
0.0141897
0.0129869
0.0116737
0.0103576
0.00909777
0.00792844
0.00686413
0.00590908
0.00506103
0.00431477
0.00365893
0.00309049
0.00259464
0.0021677
0.00179875
0.00148195
0.00120963
0.000974761
0.000772438
0.000596233
0.000441892
0.000302531
0.000178226
4.9624e-05
-0.507033
-0.400492
-0.234204
-0.220889
-0.17866
-0.143929
-0.101259
-0.0639128
-0.0339807
-0.01288
0.000837953
0.00897189
0.0132853
0.0151274
0.0154531
0.0148939
0.0138572
0.0125956
0.0112607
0.00994715
0.00870474
0.00756201
0.00652893
0.00560714
0.00479237
0.00407828
0.00345236
0.00291185
0.00244146
0.00203756
0.00168916
0.00139046
0.00113424
0.000913462
0.000723469
0.000558258
0.000413484
0.000283055
0.0001666
4.64937e-05
-0.510492
-0.393409
-0.229077
-0.21367
-0.170694
-0.136137
-0.0941102
-0.0579798
-0.029392
-0.00960757
0.0029952
0.0102573
0.0139355
0.0153372
0.0153732
0.0146359
0.0134964
0.0121826
0.0108341
0.00952682
0.00830563
0.0071904
0.0061899
0.00530217
0.00452141
0.00383866
0.00324722
0.00273125
0.00228856
0.00190642
0.00157915
0.00129776
0.00105729
0.00085234
0.000674623
0.000519878
0.00038379
0.000262688
0.00015465
4.30467e-05
-0.517405
-0.387207
-0.225085
-0.206476
-0.162798
-0.128328
-0.0871058
-0.0522791
-0.0250711
-0.006584
0.00494362
0.0113802
0.0144657
0.0154615
0.0152339
0.0143356
0.0131065
0.0117517
0.0103936
0.00909732
0.0078993
0.00681462
0.00584791
0.00499519
0.00424896
0.00359915
0.00303827
0.00255083
0.00213396
0.00177515
0.00146862
0.00120557
0.000981301
0.000790502
0.000625222
0.000481635
0.000355285
0.000243221
0.000143037
3.99957e-05
-0.527246
-0.38196
-0.222129
-0.19941
-0.155077
-0.120597
-0.0803085
-0.0468391
-0.0210264
-0.00380803
0.00669161
0.0123505
0.0148832
0.0155055
0.0150384
0.0139961
0.0126895
0.0113019
0.00993999
0.00865861
0.00748657
0.00643425
0.00550265
0.00468575
0.00397463
0.00335818
0.00282827
0.00236962
0.00197872
0.00164335
0.00135766
0.00111309
0.000905093
0.000728511
0.000575739
0.000443302
0.000326749
0.000223716
0.000131377
3.69791e-05
-0.53961
-0.377735
-0.22012
-0.192558
-0.147623
-0.113036
-0.0737804
-0.0416913
-0.0172702
-0.00127993
0.00824211
0.0131722
0.0151929
0.0154731
0.0147894
0.0136195
0.0122468
0.0108342
0.009474
0.00821113
0.00706772
0.00604946
0.00515424
0.00437396
0.00369852
0.00311586
0.00261732
0.00218772
0.00182293
0.0015111
0.00124633
0.00102038
0.000828708
0.000666402
0.000526204
0.000404899
0.000298195
0.000204179
0.000119674
3.39953e-05
-0.554209
-0.3746
-0.218999
-0.186005
-0.140507
-0.105722
-0.0675718
-0.0368623
-0.0138137
0.00099816
0.00959712
0.0138486
0.0153981
0.0153668
0.014489
0.0132073
0.0117795
0.0103495
0.00899604
0.00775522
0.00664285
0.00566034
0.00480267
0.00405987
0.00342071
0.00287229
0.00240545
0.00200512
0.00166661
0.00137846
0.00113472
0.000927449
0.000752158
0.000604192
0.000476599
0.000366453
0.000269609
0.000184633
0.000107969
3.10445e-05
-0.570847
-0.372628
-0.218744
-0.179848
-0.133801
-0.0987275
-0.061727
-0.0323751
-0.0106661
0.00302481
0.0107586
0.0143829
0.0155014
0.0151892
0.0141389
0.0127608
0.0112884
0.0098482
0.00850652
0.00729116
0.00621216
0.00526702
0.00444806
0.00374354
0.00314126
0.0026275
0.00219269
0.00182183
0.00150979
0.00124544
0.00102282
0.000834298
0.000675451
0.000541883
0.00042693
0.000327965
0.000240994
0.000165075
9.62636e-05
2.81216e-05
-0.589412
-0.371901
-0.219365
-0.174191
-0.127579
-0.0921232
-0.0562873
-0.0282512
-0.00783547
0.00479905
0.0117285
0.0147777
0.0155058
0.0149423
0.0137409
0.0122812
0.0107743
0.00933094
0.00800582
0.00681922
0.00577584
0.00486965
0.0040905
0.00342507
0.00286022
0.00238154
0.00197907
0.00163788
0.00135248
0.00111205
0.000910651
0.00074094
0.000598595
0.00047948
0.000377199
0.000289437
0.00021235
0.000145506
8.45556e-05
2.52226e-05
-0.609859
-0.372508
-0.2209
-0.169143
-0.121918
-0.0859806
-0.0512924
-0.0245108
-0.0053289
0.00632011
0.0125088
0.0150358
0.0154137
0.0146283
0.0132964
0.0117694
0.0102381
0.00879824
0.00749431
0.00633964
0.00533407
0.00446835
0.00373009
0.00310451
0.00257765
0.00213446
0.00176462
0.00145331
0.00119471
0.000978321
0.000798231
0.000647387
0.000521597
0.00041699
0.00032741
0.000250869
0.000183677
0.000125926
7.28445e-05
2.23431e-05
-0.632193
-0.374548
-0.223411
-0.164819
-0.116895
-0.0803688
-0.0467796
-0.0211733
-0.00315306
0.00758723
0.0131011
0.0151596
0.0152273
0.0142488
0.0128067
0.0112265
0.00968033
0.00825055
0.00697232
0.00585265
0.00488702
0.00406324
0.00336691
0.00278193
0.0022936
0.00188628
0.00154937
0.00126813
0.00103649
0.000844261
0.00068557
0.000553649
0.000444465
0.000354419
0.000277566
0.000212265
0.000154978
0.000106334
6.11298e-05
1.94785e-05
-0.65646
-0.378127
-0.226979
-0.161332
-0.112587
-0.0753551
-0.0427843
-0.0182572
-0.0013141
0.00859962
0.013507
0.0151509
0.0149484
0.0138054
0.012273
0.0106533
0.0091016
0.0076883
0.00644013
0.00535845
0.00443481
0.00365442
0.00300104
0.0024574
0.00200812
0.00163705
0.00133335
0.00108238
0.000877843
0.000709887
0.000572681
0.000459738
0.000367208
0.000291772
0.000227671
0.000173627
0.000126252
8.67283e-05
4.94112e-05
1.66242e-05
-0.68274
-0.383359
-0.231697
-0.158797
-0.109071
-0.0710042
-0.03934
-0.01578
0.000182223
0.00935643
0.0137276
0.0150117
0.0145787
0.0132995
0.0116963
0.0100506
0.00850245
0.00711185
0.00589799
0.00485722
0.00397759
0.00324199
0.00263255
0.00213095
0.00172124
0.0013868
0.00111659
0.000896075
0.000718789
0.000575216
0.000459576
0.000365663
0.000289831
0.000229054
0.000177728
0.000134955
9.74994e-05
6.71098e-05
3.76874e-05
1.37756e-05
-0.711145
-0.390368
-0.237667
-0.15733
-0.106422
-0.0673781
-0.0364783
-0.0137586
0.00133038
0.00985669
0.013764
0.0147432
0.0141196
0.0127321
0.0110775
0.00941884
0.00788332
0.00652151
0.00534614
0.00434912
0.00351547
0.00282604
0.00226152
0.00180265
0.00143301
0.00113555
0.0008991
0.000709227
0.000559342
0.000440253
0.000346252
0.000271429
0.000212355
0.000166253
0.000127751
9.6242e-05
6.87189e-05
4.74656e-05
2.59532e-05
1.09295e-05
-0.74183
-0.3993
-0.245008
-0.157049
-0.104716
-0.0645382
-0.0342311
-0.0122099
0.0021246
0.0100992
0.013617
0.0143468
0.0135724
0.0121044
0.0104174
0.00875881
0.00724469
0.00591763
0.00478482
0.00383435
0.00304862
0.00240671
0.00188805
0.00147255
0.00114348
0.000883346
0.000680912
0.000521859
0.000399519
0.000305008
0.000232706
0.000177042
0.000134799
0.00010336
7.77575e-05
5.74818e-05
3.99086e-05
2.77815e-05
1.42034e-05
8.08187e-06
)
;

boundaryField
{
    inlet
    {
        type            freestreamPressure;
        freestreamValue uniform 0;
        supersonic      false;
        value           nonuniform List<scalar> 
80
(
0.756933
0.739643
0.721103
0.701234
0.680042
0.657561
0.633852
0.609021
0.583222
0.556667
0.529631
0.502455
0.475553
0.449411
0.424587
0.401715
0.38151
0.364781
0.352456
0.345631
0.930548
0.923165
0.915621
0.907923
0.900079
0.892095
0.883979
0.87574
0.867384
0.85892
0.850356
0.8417
0.832959
0.824141
0.815255
0.806307
0.797307
0.788265
0.779186
0.770025
1.03699
1.03368
1.03017
1.02644
1.02249
1.01832
1.01394
1.00933
1.00451
0.999477
0.994225
0.98876
0.983084
0.9772
0.971112
0.964824
0.95834
0.951665
0.944804
0.937763
0.996756
1.00021
1.00619
1.0138
1.02223
1.0308
1.03896
1.04627
1.05246
1.05733
1.0608
1.06286
1.06358
1.06305
1.0614
1.05877
1.05531
1.05117
1.0465
1.04139
)
;
    }
    outlet
    {
        type            freestreamPressure;
        freestreamValue uniform 0;
        supersonic      false;
        value           nonuniform List<scalar> 
80
(
-7.26807e-12
-7.85029e-12
-8.38709e-12
-8.90725e-12
-9.3845e-12
-9.79202e-12
-1.01058e-11
-1.02994e-11
-1.03439e-11
-1.02092e-11
-9.86752e-12
-9.29612e-12
-8.48251e-12
-7.43043e-12
-6.16701e-12
-4.75045e-12
-3.27697e-12
-1.8849e-12
-7.53148e-13
-8.96317e-14
7.49051e-13
3.96082e-13
9.87078e-15
-3.76117e-13
-7.61734e-13
-1.14677e-12
-1.53123e-12
-1.91514e-12
-2.29844e-12
-2.68102e-12
-3.06284e-12
-3.44539e-12
-3.82862e-12
-4.35732e-12
-4.73941e-12
-5.12088e-12
-5.50072e-12
-5.878e-12
-6.25505e-12
-6.65379e-12
8.73847e-12
8.3096e-12
7.90636e-12
7.50412e-12
7.10017e-12
6.69725e-12
6.29643e-12
5.84719e-12
5.44677e-12
5.04693e-12
4.64787e-12
4.25014e-12
3.85358e-12
3.45812e-12
3.06367e-12
2.67009e-12
2.27723e-12
1.88493e-12
1.49322e-12
1.10206e-12
1.18278e-13
9.90534e-13
2.46587e-12
4.25911e-12
6.12978e-12
7.89854e-12
9.44756e-12
1.07122e-11
1.16693e-11
1.23245e-11
1.27025e-11
1.28379e-11
1.27695e-11
1.25362e-11
1.2174e-11
1.17142e-11
1.11841e-11
1.06138e-11
1.00324e-11
9.40608e-12
)
;
    }
    top
    {
        type            symmetryPlane;
    }
    bottom
    {
        type            symmetryPlane;
    }
    cylinder
    {
        type            zeroGradient;
    }
    frontandback
    {
        type            empty;
    }
}


// ************************************************************************* //
