/*--------------------------------*- C++ -*----------------------------------*\
  =========                 |
  \\      /  F ield         | OpenFOAM: The Open Source CFD Toolbox
   \\    /   O peration     | Website:  https://openfoam.org
    \\  /    A nd           | Version:  6.0
     \\/     M anipulation  |
\*---------------------------------------------------------------------------*/
FoamFile
{
    version     2.0;
    format      ascii;
    class       surfaceScalarField;
    location    "3.75";
    object      phi;
}
// * * * * * * * * * * * * * * * * * * * * * * * * * * * * * * * * * * * * * //

dimensions      [0 3 -1 0 0 0 0];

internalField   nonuniform List<scalar> 
4670
(
0.00074857
-0.442252
0.441504
0.00257417
-0.400725
0.3989
0.00476179
-0.365453
0.363265
0.00689572
-0.331759
0.329625
0.00882595
-0.300563
0.298632
0.010537
-0.271894
0.270183
0.0120767
-0.245878
0.244338
0.01352
-0.222618
0.221174
0.0149466
-0.202047
0.20062
-0.183967
0.182495
0.016419
0.000825069
-0.443077
0.00270015
-0.4026
0.0049056
-0.367658
0.00703493
-0.333888
0.00894898
-0.302477
0.0106449
-0.27359
0.0121796
-0.247413
0.0136354
-0.224074
0.0151029
-0.203514
-0.185525
0.0166602
0.000892423
-0.44397
0.002808
-0.404516
0.00501615
-0.369866
0.00712321
-0.335995
0.00900514
-0.304359
0.0106717
-0.275257
0.0121876
-0.248929
0.013641
-0.225527
0.0151326
-0.205006
-0.187151
0.0167592
0.000939823
-0.44491
0.00289083
-0.406467
0.0050877
-0.372063
0.00715147
-0.338059
0.00897861
-0.306186
0.0105936
-0.276872
0.0120688
-0.250404
0.013496
-0.226954
0.0149845
-0.206494
-0.188819
0.0166518
0.000981658
-0.445891
0.00294752
-0.408433
0.00511164
-0.374227
0.00710867
-0.340056
0.00885481
-0.307932
0.0103895
-0.278407
0.0117927
-0.251807
0.0131584
-0.22832
0.014602
-0.207938
-0.190484
0.0162674
0.00101227
-0.446904
0.00297464
-0.410395
0.00508431
-0.376337
0.00699123
-0.341963
0.00863024
-0.309571
0.0100541
-0.27983
0.0113482
-0.253101
0.0126074
-0.229579
0.013955
-0.209286
-0.192098
0.0155689
0.00103577
-0.447939
0.00297523
-0.412335
0.0050062
-0.378368
0.00679717
-0.343754
0.00830289
-0.311077
0.00958901
-0.281117
0.0107435
-0.254256
0.011856
-0.230692
0.0130551
-0.210485
-0.19358
0.0145369
0.00105713
-0.448997
0.00295999
-0.414238
0.0048863
-0.380294
0.00652644
-0.345394
0.00785876
-0.312409
0.00896663
-0.282224
0.00994523
-0.255234
0.0108726
-0.231619
0.0118471
-0.211459
-0.19473
0.0129974
0.00110024
-0.450097
0.002963
-0.4161
0.0047605
-0.382092
0.00621493
-0.346849
0.00732009
-0.313514
0.00816576
-0.28307
0.00885071
-0.255919
0.00945156
-0.23222
0.010042
-0.21205
-0.195438
0.0107494
0.00120995
-0.451307
0.00300855
-0.417899
0.00466959
-0.383753
0.00594668
-0.348126
0.00682949
-0.314397
0.00737397
-0.283615
0.00761555
-0.256161
0.00757052
-0.232175
0.00737737
-0.211856
-0.196193
0.00813308
0.461128
0.001111
-0.462238
0.460051
0.0010761
0.458931
0.00112028
0.457755
0.001176
0.456585
0.00117026
0.455431
0.00115425
0.45431
0.00112038
0.453232
0.00107859
0.45223
0.00100126
0.000923601
0.431242
0.00190741
-0.432039
0.430223
0.00209576
0.429034
0.0023086
0.427687
0.00252347
0.426211
0.00264643
0.424642
0.00272309
0.423008
0.00275444
0.421335
0.00275127
0.419628
0.00270863
0.00265257
0.39398
0.00203267
-0.394105
0.393557
0.0025185
0.39289
0.00297594
0.392016
0.0033979
0.390948
0.00371444
0.389727
0.00394412
0.388373
0.00410842
0.386915
0.00420875
0.385376
0.00424807
0.00427569
0.354565
0.00170843
-0.35424
0.354594
0.00248915
0.354367
0.00320266
0.353929
0.00383622
0.353285
0.00435827
0.352464
0.00476506
0.351515
0.00505787
0.350484
0.00523987
0.349351
0.00538046
0.00550115
0.318302
0.00119567
-0.317789
0.318544
0.00224724
0.318542
0.00320456
0.318334
0.00404448
0.31794
0.00475224
0.3174
0.00530482
0.316736
0.00572124
0.316015
0.00596154
0.315225
0.00617046
0.00632903
0.286314
0.000663478
-0.285782
0.286597
0.00196476
0.286651
0.00314991
0.286507
0.00418938
0.286184
0.00507478
0.285746
0.00574251
0.285209
0.00625869
0.284672
0.00649838
0.284097
0.00674583
0.00681109
0.258573
0.000198743
-0.258109
0.258799
0.00173918
0.258803
0.00314582
0.258612
0.00438018
0.258252
0.00543537
0.257792
0.00620208
0.257241
0.00680955
0.256779
0.00696043
0.256289
0.00723614
0.00693909
0.234722
-0.000170169
-0.234353
0.234853
0.00160854
0.234761
0.00323736
0.234473
0.00466857
0.234007
0.00590153
0.233443
0.00676645
0.23279
0.0074623
0.232347
0.00740274
0.231853
0.00773047
0.00661744
0.214309
-0.000447466
-0.214032
0.214343
0.00157486
0.214149
0.00343157
0.213755
0.00506243
0.213174
0.00648251
0.212481
0.0074595
0.211673
0.00826974
0.211202
0.00787363
0.210761
0.00817184
0.00552204
0.19691
-0.196721
-0.000636504
0.196855
0.00163015
0.196575
0.00371184
0.196099
0.00553782
0.195439
0.00714258
0.194657
0.00824132
0.193713
0.00921424
0.193029
0.00855729
0.192568
0.00863341
0.00189639
0.464467
-0.000460683
-0.464006
0.464873
-0.000406256
0.465135
-0.000261977
0.4652
-6.50417e-05
0.465088
0.00011207
0.464802
0.000285896
0.464356
0.00044671
0.46376
0.00059528
0.463055
0.000705633
0.000816353
0.426275
-0.00253472
-0.4242
0.428055
-0.00218696
0.429581
-0.00178745
0.430828
-0.00131254
0.431767
-0.000826342
0.432399
-0.000346064
0.432729
0.000115903
0.43277
0.000554883
0.432538
0.000937815
0.00131509
0.381654
-0.0054054
-0.378783
0.384248
-0.00478152
0.386558
-0.0040971
0.38858
-0.00333457
0.390293
-0.00253912
0.391689
-0.00174275
0.392766
-0.000960871
0.393526
-0.000205495
0.39397
0.000493857
0.00117999
0.338573
-0.00851742
-0.335461
0.341449
-0.00765785
0.344056
-0.00670366
0.34639
-0.00566871
0.348441
-0.00459001
0.350199
-0.00350079
0.351658
-0.00242026
0.352819
-0.00136603
0.353674
-0.000361786
0.000613925
0.301229
-0.0116408
-0.298105
0.30415
-0.0105791
0.306806
-0.00935976
0.309196
-0.00805841
0.31132
-0.00671404
0.313169
-0.00535029
0.314741
-0.00399191
0.316035
-0.00265972
0.317046
-0.00137326
-0.000129073
0.269472
-0.0147359
-0.266377
0.272354
-0.0134609
0.27497
-0.0119763
0.277317
-0.0104053
0.279394
-0.00879125
0.281201
-0.00715727
0.282741
-0.00553194
0.284017
-0.0039354
0.285027
-0.00238354
-0.000883982
0.242509
-0.0178808
-0.239365
0.245364
-0.0163151
0.247908
-0.0145211
0.250169
-0.0126659
0.252147
-0.0107687
0.253852
-0.00886246
0.255297
-0.00697715
0.256487
-0.00512566
0.257422
-0.00331872
-0.00157016
0.219643
-0.0211854
-0.216339
0.22245
-0.019122
0.22488
-0.0169507
0.227023
-0.0148089
0.228881
-0.0126273
0.230473
-0.010454
0.231815
-0.00831956
0.232911
-0.00622164
0.233757
-0.00416456
-0.00216647
0.200208
-0.0245133
-0.19688
0.20285
-0.0217644
0.205123
-0.0192235
0.20714
-0.0168267
0.208906
-0.0143925
0.210425
-0.0119733
0.211704
-0.00959805
0.212736
-0.00725445
0.213514
-0.00494215
-0.00268434
0.18326
-0.18143
-0.0263437
0.185689
-0.0241934
0.188003
-0.0215376
0.189993
-0.0188164
0.191758
-0.016158
0.193287
-0.0135025
0.194555
-0.0108653
0.195553
-0.00825304
0.196277
-0.00566577
-0.00312876
0.0243456
0.14948
-0.146645
-0.0271807
0.0216773
0.167321
-0.164653
0.0190848
0.187734
-0.185141
0.0164632
0.210963
-0.208341
0.0137217
0.237532
-0.23479
0.0107967
0.268351
-0.265425
0.00766924
0.304855
-0.301728
0.00443736
0.34872
-0.345488
0.00151056
0.398898
-0.395971
0.451993
-0.450482
0.0255726
0.15252
-0.0286128
0.0226947
0.170199
0.0199036
0.190525
0.0170994
0.213767
0.0141904
0.240441
0.0111133
0.271428
0.00785452
0.308114
0.00452844
0.352046
0.00156586
0.401861
0.453559
0.0265696
0.155733
-0.0297825
0.0235114
0.173257
0.0205478
0.193488
0.0175854
0.216729
0.0145338
0.243493
0.01133
0.274631
0.0079647
0.311479
0.00455579
0.355455
0.00156094
0.404856
0.455119
0.0273399
0.159095
-0.030702
0.0241253
0.176472
0.0210122
0.196601
0.0179137
0.219828
0.0147412
0.246665
0.0114322
0.27794
0.00798304
0.314928
0.00451858
0.35892
0.00151676
0.407857
0.456636
0.0278649
0.162594
-0.0313633
0.0245132
0.179824
0.0212746
0.19984
0.0180672
0.223035
0.0148027
0.24993
0.0114187
0.281324
0.00791588
0.318431
0.00443666
0.362399
0.00146225
0.410832
0.458098
0.0281618
0.166225
-0.031793
0.0246883
0.183297
0.0213445
0.203184
0.0180509
0.226329
0.0147194
0.253261
0.0112888
0.284755
0.00776185
0.321958
0.00431059
0.36585
0.00139073
0.413752
0.459489
0.0280901
0.169974
-0.0318393
0.0245328
0.186855
0.0211408
0.206576
0.0178193
0.22965
0.0144717
0.256609
0.0110365
0.28819
0.00753341
0.325461
0.00413241
0.369251
0.00129644
0.416588
0.460786
0.0277998
0.173853
-0.0316787
0.0241649
0.190489
0.020741
0.21
0.0174082
0.232983
0.0140692
0.259948
0.0106637
0.291596
0.00722112
0.328904
0.00388993
0.372582
0.00117667
0.419301
0.461962
0.0265645
0.177611
-0.0303222
0.02317
0.193884
0.0199667
0.213203
0.0167484
0.236201
0.0134836
0.263212
0.0101672
0.294912
0.0068217
0.332249
0.0036284
0.375776
0.00108262
0.421847
0.463045
0.0251858
-0.0290046
0.0221902
0.0190542
0.0158911
0.012727
0.00953374
0.00632248
0.00331526
0.000961513
0.00770529
0.136735
-0.137407
-0.00703343
0.00724481
0.154396
-0.153936
0.00666677
0.173867
-0.173289
0.00610203
0.195759
-0.195194
0.00550281
0.22059
-0.21999
0.00476977
0.24921
-0.248477
0.0037952
0.283124
-0.282149
0.00250184
0.324636
-0.323342
0.000999667
0.375128
-0.373626
0.43735
-0.43635
0.00808577
0.136465
-0.00781566
0.00800758
0.154474
0.00764454
0.17423
0.00710822
0.196295
0.00641145
0.221286
0.00550925
0.250112
0.00433228
0.284301
0.00283794
0.32613
0.00117035
0.376796
0.43852
0.00935142
0.136326
-0.00921225
0.00920943
0.154616
0.00878088
0.174658
0.00813428
0.196942
0.00728435
0.222136
0.00619738
0.251199
0.00481875
0.285679
0.00312067
0.327828
0.00127205
0.378644
0.439792
0.0111283
0.136528
-0.0113303
0.0107363
0.155008
0.0101059
0.175289
0.00925668
0.197791
0.00819298
0.2232
0.00688341
0.252509
0.00527943
0.287283
0.00337024
0.329737
0.0013479
0.380667
0.44114
0.0131493
0.137183
-0.013805
0.0124183
0.155739
0.0115215
0.176185
0.0104285
0.198884
0.00912314
0.224505
0.00757128
0.254061
0.00572926
0.289125
0.00360428
0.331862
0.00141526
0.382856
0.442555
0.0152623
0.138297
-0.016376
0.0141652
0.156836
0.0129684
0.177382
0.0116081
0.200244
0.0100473
0.226066
0.00824632
0.255861
0.00616541
0.291206
0.00382357
0.334204
0.00147668
0.385203
0.444032
0.0173724
0.139842
-0.0189178
0.015909
0.1583
0.0144017
0.178889
0.0127654
0.201881
0.0109455
0.227886
0.00889664
0.25791
0.00658187
0.293521
0.0040316
0.336755
0.00153739
0.387697
0.445569
0.0193974
0.141782
-0.0213368
0.0175852
0.160112
0.0157749
0.1807
0.0138682
0.203787
0.0117962
0.229958
0.00950774
0.260199
0.0069709
0.296058
0.00422508
0.3395
0.00158673
0.390335
0.447156
0.0212695
0.144067
-0.0235547
0.0191393
0.162242
0.0170465
0.182793
0.0148858
0.205948
0.0125777
0.232266
0.0100663
0.26271
0.00732481
0.298799
0.00440654
0.342419
0.00164135
0.3931
0.448797
0.0229457
-0.0255236
0.0205347
0.0181861
0.0157931
0.013269
0.0105537
0.0076252
0.00455554
0.00168463
-0.13502
0.0071254
-0.00951198
-0.134747
0.00314524
-0.00341874
-0.135204
0.000195617
0.000261359
-0.136119
-0.00280718
0.00372229
-0.137379
-0.00540483
0.0066649
-0.138932
-0.00772733
0.00928031
-0.140723
-0.00975131
0.0115426
-0.142704
-0.011495
0.0134765
-0.144834
-0.0129731
0.0151023
-0.0142071
-0.147078
0.0164517
-0.152862
0.0060518
-0.152765
0.00304788
-0.153228
0.000659019
-0.154185
-0.00185068
-0.155496
-0.00409311
-0.157095
-0.00612852
-0.158922
-0.00792423
-0.160929
-0.00948868
-0.163072
-0.0108295
-0.0119598
-0.165319
-0.172617
0.00537972
-0.172717
0.00314803
-0.173217
0.00115941
-0.174154
-0.000913679
-0.175431
-0.00281638
-0.176986
-0.004573
-0.178766
-0.00614505
-0.180721
-0.00753271
-0.182814
-0.0087368
-0.00976394
-0.18501
-0.194756
0.00494128
-0.194873
0.00326472
-0.195346
0.00163263
-0.196205
-5.4065e-05
-0.197384
-0.00163753
-0.198837
-0.0031202
-0.200516
-0.00446632
-0.202378
-0.00567069
-0.204385
-0.00672933
-0.00764415
-0.206505
-0.219629
0.00458032
-0.219668
0.00330365
-0.220041
0.00200508
-0.220767
0.000671846
-0.221799
-0.000604992
-0.223105
-0.00181421
-0.224644
-0.00292712
-0.226379
-0.00393594
-0.228274
-0.00483463
-0.00562182
-0.230296
-0.248033
0.00413676
-0.247918
0.00318812
-0.248118
0.00220546
-0.248648
0.00120169
-0.249478
0.000224747
-0.250583
-0.000709022
-0.251931
-0.00157953
-0.253488
-0.00237878
-0.255221
-0.00310172
-0.00374468
-0.257098
-0.281489
0.0034769
-0.281126
0.00282477
-0.281064
0.00214302
-0.281313
0.00145073
-0.281856
0.000768074
-0.282676
0.000110811
-0.283745
-0.000509975
-0.285036
-0.00108798
-0.286516
-0.00162217
-0.00210794
-0.288152
-0.322361
0.00249557
-0.321648
0.00211136
-0.321213
0.00170836
-0.321073
0.00131027
-0.321216
0.000911685
-0.321631
0.000525773
-0.322296
0.000154751
-0.323187
-0.000196801
-0.324275
-0.000533965
-0.000857712
-0.325526
-0.372311
0.00118063
-0.371226
0.0010264
-0.370381
0.00086327
-0.369795
0.000724577
-0.369462
0.000577962
-0.369372
0.000435738
-0.369511
0.00029384
-0.369864
0.000156104
-0.370412
1.49041e-05
-0.000151304
-0.371119
-0.435169
-0.434143
-0.43328
-0.432555
-0.431977
-0.431542
-0.431248
-0.431092
-0.431077
-0.431228
-0.149426
-0.0151624
0.0175097
-0.151848
-0.0159679
0.0183905
-0.154335
-0.01657
0.0190569
-0.156866
-0.0169537
0.0194845
-0.159399
-0.017086
0.0196186
-0.161867
-0.0169334
0.0194021
-0.164181
-0.0165148
0.0188284
-0.166254
-0.0159136
0.0179871
-0.168357
-0.0151176
0.0172205
-0.0147318
-0.169476
0.0158502
-0.167658
-0.012824
-0.170053
-0.0135724
-0.172488
-0.0141357
-0.174937
-0.0145049
-0.177358
-0.0146641
-0.179687
-0.014605
-0.181847
-0.0143548
-0.183794
-0.0139671
-0.185378
-0.0135328
-0.0136309
-0.186479
-0.187297
-0.0105367
-0.189636
-0.0112338
-0.192002
-0.0117694
-0.194368
-0.0121394
-0.196692
-0.0123397
-0.198921
-0.0123764
-0.201001
-0.0122743
-0.202894
-0.0120745
-0.204512
-0.0119146
-0.012119
-0.206024
-0.208727
-0.00831428
-0.211008
-0.0089537
-0.21332
-0.00945726
-0.215635
-0.0098244
-0.217917
-0.0100575
-0.220127
-0.0101661
-0.222231
-0.0101706
-0.224194
-0.0101111
-0.226005
-0.0101036
-0.010284
-0.22784
-0.23244
-0.00617043
-0.234657
-0.00673677
-0.236921
-0.00719317
-0.239205
-0.00754088
-0.241477
-0.00778505
-0.24371
-0.00793325
-0.245876
-0.00800457
-0.24795
-0.00803759
-0.249946
-0.00810759
-0.00825511
-0.251974
-0.259119
-0.00414943
-0.261233
-0.004623
-0.263413
-0.00501251
-0.265635
-0.00531887
-0.267872
-0.00554862
-0.270098
-0.00570666
-0.272293
-0.00580989
-0.274439
-0.00589139
-0.276551
-0.00599575
-0.00612707
-0.278679
-0.289956
-0.00234581
-0.291871
-0.00270801
-0.293872
-0.00301167
-0.295936
-0.00325463
-0.298039
-0.00344563
-0.300159
-0.00358703
-0.302278
-0.00369062
-0.304386
-0.00378287
-0.306489
-0.00389315
-0.00401882
-0.308597
-0.326957
-0.000914765
-0.32851
-0.0011548
-0.330162
-0.0013591
-0.331898
-0.00151894
-0.333696
-0.00164817
-0.335532
-0.00175077
-0.337388
-0.00183444
-0.339265
-0.00190532
-0.341162
-0.00199616
-0.00212264
-0.343059
-0.371954
-7.98243e-05
-0.372917
-0.000191733
-0.373986
-0.000289685
-0.37515
-0.000355359
-0.376387
-0.000411178
-0.377682
-0.000455176
-0.379017
-0.000500272
-0.380383
-0.000539012
-0.381791
-0.000587879
-0.000701445
-0.383212
-0.431308
-0.4315
-0.431789
-0.432145
-0.432556
-0.433011
-0.433511
-0.43405
-0.434638
-0.43534
0.00043492
-0.435774
0.00184821
-0.384626
0.00381277
-0.345023
0.00597957
-0.310764
0.00816598
-0.280865
0.0103018
-0.25411
0.0123971
-0.229936
0.0145541
-0.208181
0.0170349
-0.18896
-0.172778
0.0203379
0.000488611
-0.436263
0.0019211
-0.386058
0.00388376
-0.346986
0.00602544
-0.312906
0.00814616
-0.282986
0.0101577
-0.256122
0.0120487
-0.231827
0.0138667
-0.209999
0.0156239
-0.190717
-0.174139
0.0169848
0.000538039
-0.436801
0.0019893
-0.387509
0.00394975
-0.348946
0.00606554
-0.315022
0.00813259
-0.285053
0.0100621
-0.258051
0.0118321
-0.233597
0.013432
-0.211599
0.014781
-0.192066
-0.17502
0.0156615
0.000555609
-0.437357
0.00204104
-0.388995
0.00400968
-0.350915
0.00609905
-0.317111
0.00810492
-0.287059
0.00994051
-0.259887
0.0115842
-0.23524
0.0130255
-0.21304
0.0142156
-0.193257
-0.175873
0.0150693
0.000581498
-0.437938
0.00210277
-0.390516
0.00408628
-0.352898
0.00616058
-0.319185
0.00812356
-0.289022
0.00989315
-0.261656
0.0114534
-0.236801
0.0128088
-0.214395
0.013949
-0.194397
-0.176757
0.014833
0.000609209
-0.438547
0.00217345
-0.39208
0.00418062
-0.354906
0.00625075
-0.321255
0.00818636
-0.290958
0.00991493
-0.263385
0.0114329
-0.238319
0.0127612
-0.215724
0.0139101
-0.195546
-0.17771
0.0148632
0.00064876
-0.439196
0.00226295
-0.393695
0.0043005
-0.356943
0.00637634
-0.323331
0.00829864
-0.29288
0.0100049
-0.265091
0.0115038
-0.239817
0.0128312
-0.217051
0.0140151
-0.19673
-0.178749
0.0150537
0.000699986
-0.439896
0.00237185
-0.395366
0.00444463
-0.359016
0.00653199
-0.325419
0.0084507
-0.294799
0.0101495
-0.26679
0.0116483
-0.241316
0.0129947
-0.218397
0.0142303
-0.197965
-0.179888
0.0153688
0.000749974
-0.440646
0.00248971
-0.397106
0.00460338
-0.36113
0.00670506
-0.32752
0.00862437
-0.296718
0.0103221
-0.268488
0.0118288
-0.242823
0.013203
-0.219771
0.0144998
-0.199262
-0.181136
0.0157481
0.000857677
0.00265126
0.00478654
0.00689129
0.00880571
0.0105012
0.0120167
0.0134197
0.014778
0.016137
0.0133034
-0.695515
0.69863
0.013106
-0.493608
0.493806
0.0160635
-0.370746
0.367789
0.0186054
-0.282867
0.280326
0.0215707
-0.212074
0.209108
0.0266542
-0.141384
0.136301
0.0348679
-0.0646193
0.0564056
0.0448468
0.0081717
-0.0181507
0.0542663
0.0618854
-0.0713048
0.0616937
0.0901911
-0.0976186
0.0668374
0.0969634
-0.102107
0.0700459
0.0902908
-0.0934993
0.0718456
0.0775187
-0.0793184
0.0727048
0.0633439
-0.0642031
0.0729651
0.0500738
-0.0503341
0.0728506
0.0384996
-0.038385
0.0725014
0.0289163
-0.0285671
0.0719997
0.020733
-0.0202314
0.0713954
0.0150817
-0.0144774
0.00779002
-0.00710053
0.0111536
-0.690008
0.0110167
-0.493471
0.0144528
-0.374182
0.0177942
-0.286209
0.0213609
-0.21564
0.0266842
-0.146708
0.034803
-0.0727382
0.044634
-0.00165932
0.0540002
0.0525191
0.061438
0.0827533
0.0666025
0.091799
0.0698222
0.0870711
0.0716261
0.0757148
0.0724905
0.0624794
0.072763
0.0498012
0.0726698
0.0385928
0.0723507
0.0292354
0.0718864
0.0211972
0.0713256
0.0156424
0.00843341
0.00901501
-0.682264
0.00884538
-0.493302
0.0126796
-0.378017
0.0167845
-0.290314
0.0209502
-0.219806
0.026539
-0.152296
0.0345713
-0.0807705
0.0442181
-0.0113061
0.0534859
0.0432513
0.0609096
0.0753297
0.0660927
0.0866159
0.0693359
0.0838278
0.0711643
0.0738864
0.072059
0.0615847
0.0723722
0.049488
0.0723319
0.0386331
0.0720775
0.0294898
0.0716882
0.0215865
0.0712117
0.016119
0.0089865
0.00684602
-0.672458
0.00658538
-0.493041
0.0107097
-0.382141
0.0155172
-0.295121
0.0202765
-0.224565
0.0261624
-0.158182
0.0341411
-0.0887492
0.0435946
-0.0207596
0.0527331
0.0341128
0.0601207
0.067942
0.0653184
0.0814182
0.0685948
0.0805514
0.0704657
0.0720155
0.0714142
0.0606362
0.0717956
0.0491067
0.0718392
0.0385895
0.0716836
0.0296454
0.0714064
0.0218637
0.0710543
0.016471
0.009406
0.00476143
-0.660952
0.00431772
-0.492597
0.00853687
-0.38636
0.0139463
-0.300531
0.0192871
-0.229906
0.0255015
-0.164397
0.0334759
-0.0967236
0.0427526
-0.0300364
0.0517473
0.0251182
0.0590827
0.0606066
0.0642905
0.0762105
0.0676075
0.0772344
0.0695372
0.0700859
0.0705615
0.0596118
0.0710374
0.0486308
0.0711949
0.038432
0.0711713
0.029669
0.0710426
0.0219924
0.0708544
0.0166592
0.00964936
0.00278049
-0.648164
0.00188523
-0.491702
0.00602568
-0.390501
0.0119869
-0.306492
0.0179252
-0.235844
0.0245061
-0.170978
0.0325372
-0.104755
0.0416761
-0.0391753
0.0505308
0.0162635
0.0578055
0.0533318
0.0630201
0.0709959
0.066384
0.0738705
0.0683866
0.0680833
0.0695071
0.0584913
0.0701027
0.0480351
0.070403
0.0381318
0.0705438
0.0295282
0.070599
0.0219372
0.0706131
0.0166451
0.00967513
-0.000230764
-0.633396
-0.00164673
-0.490286
0.00273102
-0.394878
0.00944184
-0.313203
0.0160934
-0.242496
0.0231122
-0.177997
0.0312783
-0.112921
0.0403416
-0.0482387
0.049081
0.00752409
0.0562976
0.0461152
0.0615188
0.0657748
0.0649349
0.0704544
0.0670231
0.0659951
0.0682588
0.0572556
0.0689979
0.047296
0.0694687
0.0376609
0.0698049
0.029192
0.0700781
0.021664
0.0703316
0.0163916
0.0094432
-0.00595548
-0.614443
-0.0068197
-0.489422
-0.00150908
-0.400189
0.00620723
-0.320919
0.0137075
-0.249996
0.0212519
-0.185541
0.029644
-0.121313
0.0387151
-0.0573097
0.0473873
-0.00114817
0.0545632
0.0389393
0.0597965
0.0605414
0.0632713
0.0669796
0.0654568
0.0638096
0.066825
0.0558875
0.06773
0.0463911
0.0683978
0.0369931
0.0689591
0.0286307
0.069483
0.0211401
0.0700115
0.0158632
0.00891509
-0.00964772
-0.594046
-0.0100845
-0.488985
-0.00499676
-0.405277
0.00297847
-0.328894
0.0110311
-0.258049
0.0190243
-0.193534
0.0276593
-0.129948
0.036795
-0.0664454
0.0454485
-0.00980165
0.0526078
0.0317801
0.0578628
0.0552864
0.0614034
0.063439
0.0636974
0.0615156
0.0652146
0.0543702
0.0663068
0.0452989
0.0671967
0.0361032
0.0680115
0.0278159
0.0688173
0.0203342
0.0696547
0.0150258
0.00805415
0.000936853
-0.58685
-0.0062603
-0.481788
-0.0051262
-0.406411
0.00100176
-0.335022
0.00871909
-0.265766
0.0168101
-0.201625
0.0255402
-0.138678
0.0346971
-0.0756023
0.0433251
-0.0184296
0.0504625
0.0246426
0.0557331
0.0500157
0.0593393
0.0598328
0.0617503
0.0591047
0.0634328
0.0526876
0.0647337
0.0439981
0.0658707
0.0349661
0.0669667
0.02672
0.0680845
0.0192164
0.069263
0.0138473
0.00682567
0.23131
-0.483568
-0.334592
0.175191
-0.425669
0.130426
-0.361645
0.102685
-0.307282
0.088104
-0.251185
0.0808683
-0.19439
0.0794321
-0.137242
0.0830983
-0.0792686
0.0902595
-0.0255908
0.0987227
0.0161794
0.106637
0.0421017
0.113018
0.0534514
0.117682
0.0544405
0.120887
0.0494825
0.123016
0.0418695
0.124404
0.0335784
0.125303
0.0258207
0.125869
0.0186506
0.126239
0.0134766
0.00665383
0.253689
-0.380874
-0.356383
0.194661
-0.366641
0.156141
-0.323125
0.128825
-0.279966
0.111858
-0.234218
0.10221
-0.184742
0.0986977
-0.133729
0.100986
-0.0815566
0.107588
-0.0321927
0.116147
0.00762046
0.124543
0.0337047
0.131553
0.0464414
0.136833
0.0491608
0.140564
0.0457514
0.143109
0.0393254
0.144809
0.0318782
0.145936
0.0246939
0.146659
0.0179272
0.14714
0.0129953
0.00642793
0.302308
-0.296154
-0.387028
0.240923
-0.305257
0.197505
-0.279707
0.164371
-0.246832
0.142315
-0.212161
0.129327
-0.171755
0.12327
-0.127672
0.123575
-0.0818618
0.128982
-0.0375997
0.137148
-0.000545311
0.145739
0.0251137
0.153255
0.0389251
0.159136
0.0432802
0.163434
0.0414534
0.166455
0.0363041
0.16853
0.0298029
0.169939
0.0232851
0.170862
0.0170037
0.171487
0.0123711
0.00613163
0.344369
-0.222697
-0.417826
0.282674
-0.243562
0.23823
-0.235262
0.204241
-0.212844
0.179164
-0.187083
0.162956
-0.155547
0.15412
-0.118836
0.151963
-0.0797052
0.155517
-0.0411538
0.162665
-0.00769323
0.171003
0.0167763
0.178781
0.0311474
0.185174
0.0368868
0.190046
0.0365818
0.193596
0.0327538
0.196112
0.0272872
0.197865
0.0215321
0.199039
0.0158295
0.199845
0.0115647
0.00574474
0.392678
-0.162045
-0.453331
0.334908
-0.185791
0.288813
-0.189167
0.252659
-0.17669
0.224248
-0.158673
0.204298
-0.135597
0.192239
-0.106777
0.187193
-0.0746592
0.188294
-0.0422542
0.193754
-0.0131533
0.201273
0.0092576
0.208942
0.0234778
0.215668
0.0301609
0.221068
0.0311821
0.225177
0.0286446
0.228195
0.0242692
0.230359
0.0193677
0.231843
0.0143461
0.232878
0.0105298
0.00524313
0.441064
-0.112444
-0.490664
0.389463
-0.134191
0.343995
-0.143699
0.306959
-0.139654
0.276729
-0.128444
0.253704
-0.112571
0.238344
-0.0914172
0.230133
-0.0664483
0.228314
-0.0404354
0.231475
-0.0163137
0.237578
0.00315471
0.244687
0.0163686
0.251481
0.0233671
0.257303
0.0253595
0.26197
0.0239774
0.265542
0.0206973
0.268187
0.0167234
0.270043
0.0124896
0.271359
0.00921355
0.00459901
0.490908
-0.0733279
-0.530024
0.447303
-0.0905863
0.405062
-0.101457
0.368225
-0.102817
0.336991
-0.097209
0.311595
-0.0871751
0.293026
-0.0728489
0.281459
-0.0548815
0.276397
-0.0353726
0.276783
-0.0167002
0.280942
-0.00100408
0.287037
0.0102731
0.293596
0.0168085
0.299695
0.0192606
0.304892
0.0187809
0.309057
0.0165323
0.312248
0.013532
0.314545
0.0101926
0.3162
0.00755806
0.00378181
0.545149
-0.043265
-0.575212
0.509582
-0.0550197
0.472146
-0.0640211
0.436748
-0.0674188
0.405127
-0.0655887
0.377997
-0.060045
0.356531
-0.0513825
0.341564
-0.0399149
0.333088
-0.0268963
0.330426
-0.014038
0.332285
-0.00286292
0.33702
0.00553764
0.343087
0.0107417
0.349325
0.0130222
0.355019
0.0130873
0.359812
0.0117392
0.363616
0.00972816
0.366421
0.00738707
0.368476
0.00550376
0.00276
0.609163
-0.020027
-0.632401
0.580154
-0.0260103
0.547272
-0.0311395
0.5136
-0.0337464
0.481614
-0.0336025
0.452839
-0.0312703
0.42867
-0.027214
0.410371
-0.0216155
0.398494
-0.0150195
0.392784
-0.00832742
0.39229
-0.00236926
0.395575
0.00225256
0.401071
0.00524602
0.407414
0.00667869
0.413621
0.00688049
0.419094
0.00626601
0.423578
0.00524393
0.426957
0.00400804
0.429465
0.00299559
0.00150496
0.691457
-0.711484
0.665447
0.634307
0.600561
0.566959
0.535688
0.508474
0.486859
0.471839
0.463512
0.461142
0.463395
0.468641
0.47532
0.4822
0.488466
0.49371
0.497718
0.500714
0.395352
-0.00327188
-0.392716
0.396571
0.000410529
0.396245
0.00403829
0.394246
0.00753621
0.39043
0.0109585
0.384622
0.0140496
0.376447
0.0173894
0.365537
0.019467
0.350214
0.0239566
0.0175187
0.395688
-0.00399467
-0.394965
0.395538
0.000560142
0.394462
0.00511493
0.39239
0.00960793
0.389299
0.0140492
0.385088
0.018261
0.379999
0.0224783
0.373744
0.0257224
0.367781
0.0299192
0.0289166
0.407656
-0.00320979
-0.408441
0.406572
0.00164416
0.405224
0.00646296
0.403643
0.0111888
0.401899
0.015793
0.399972
0.0201882
0.397967
0.0244833
0.395352
0.028337
0.39253
0.0327412
0.0344186
0.42723
-0.00194111
-0.428498
0.426044
0.00282971
0.424951
0.00755631
0.423937
0.012203
0.422983
0.0167469
0.422019
0.0211517
0.421068
0.0254343
0.419979
0.029426
0.419245
0.0334756
0.0358379
0.449312
-0.0006909
-0.450562
0.448415
0.00372638
0.447866
0.00810546
0.447657
0.0124123
0.447791
0.0166133
0.448271
0.0206715
0.449138
0.0245672
0.450328
0.0282359
0.451987
0.0318166
0.0344937
0.473685
0.00025817
-0.474634
0.473335
0.00407587
0.473584
0.00785722
0.474424
0.0115722
0.475845
0.015192
0.477827
0.0186895
0.480351
0.0220432
0.483365
0.0252214
0.486932
0.0282502
0.0307614
0.502204
0.000805364
-0.502751
0.502422
0.00385798
0.503398
0.00688118
0.505121
0.00984926
0.507576
0.012737
0.510745
0.0155204
0.514611
0.0181773
0.519147
0.0206857
0.524359
0.0230382
0.0250958
0.538223
0.000920678
-0.538339
0.538999
0.00308211
0.540659
0.00522154
0.543189
0.00731878
0.546572
0.00935415
0.550784
0.0113089
0.555795
0.0131656
0.561573
0.0149085
0.568086
0.0165248
0.0179702
0.587076
0.000619746
-0.586775
0.588385
0.00177339
0.590692
0.00291427
0.593981
0.00403016
0.598225
0.00510925
0.603394
0.00614029
0.609447
0.00711287
0.616338
0.00801742
0.624017
0.00884553
0.0095861
0.657955
-0.657335
0.659728
0.662643
0.666673
0.671782
0.677922
0.685035
0.693053
0.701898
0.322613
-0.0224792
-0.326478
0.335884
-0.0374642
0.346493
-0.0321465
0.35504
-0.0273635
0.36323
-0.024348
0.370957
-0.0212291
0.377866
-0.0177753
0.383847
-0.0142338
0.388834
-0.0106522
-0.00701125
0.357556
-0.0278557
-0.35218
0.363484
-0.0433912
0.370152
-0.0388152
0.375495
-0.0327061
0.380041
-0.0288944
0.384302
-0.0254897
0.388067
-0.0215408
0.391127
-0.0172937
0.393434
-0.012959
-0.00854225
0.398117
-0.0327756
-0.393197
0.400396
-0.0456701
0.402986
-0.0414055
0.405344
-0.0350643
0.406873
-0.0304228
0.407908
-0.0265248
0.408633
-0.0222658
0.408975
-0.017636
0.408899
-0.0128828
-0.00808409
0.440105
-0.0351725
-0.437708
0.438439
-0.0440035
0.437079
-0.0400453
0.43628
-0.0342662
0.435262
-0.029404
0.433941
-0.025204
0.432555
-0.0208798
0.431188
-0.0162693
0.429831
-0.0115261
-0.00675114
0.478545
-0.0345337
-0.479184
0.473461
-0.0389192
0.468864
-0.0354492
0.465301
-0.0307023
0.462178
-0.0262811
0.45921
-0.0222362
0.456497
-0.0181665
0.454147
-0.0139196
0.452174
-0.00955309
-0.00513952
0.511509
-0.0307034
-0.515339
0.504518
-0.0319286
0.498119
-0.0290495
0.492851
-0.0254342
0.488402
-0.0218325
0.484501
-0.0183352
0.481131
-0.0147963
0.478353
-0.0111414
0.476189
-0.00738961
-0.00358419
0.542672
-0.0244906
-0.548884
0.535005
-0.0242622
0.528007
-0.0220515
0.522027
-0.0194535
0.516948
-0.0167544
0.512625
-0.0140113
0.509021
-0.0111929
0.506163
-0.00828359
0.504072
-0.00529812
-0.00226356
0.578676
-0.016989
-0.586178
0.570842
-0.0164284
0.563726
-0.0149354
0.557507
-0.0132342
0.552172
-0.0114197
0.547684
-0.00952283
0.544038
-0.00754757
0.541255
-0.00550013
0.539351
-0.00339486
-0.00125062
0.627322
-0.00879369
-0.635518
0.61933
-0.00843563
0.61208
-0.00768606
0.60568
-0.00683437
0.600169
-0.00590787
0.595567
-0.00492138
0.591902
-0.00388262
0.589201
-0.0027992
0.587487
-0.00168077
-0.000538534
0.700022
-0.708815
0.691586
0.6839
0.677066
0.671158
0.666236
0.662354
0.659555
0.657874
0.127466
0.0176974
-0.0182203
0.129063
0.0522154
-0.0538125
0.131824
0.0864488
-0.0892093
0.135729
0.12221
-0.126115
0.141791
0.159195
-0.165257
0.149496
0.202215
-0.20992
0.164281
0.245221
-0.260005
0.179096
0.309906
-0.324722
0.233431
0.339189
-0.393523
0.454465
-0.547512
0.148922
0.0169004
0.151256
0.0498812
0.155289
0.0824159
0.160962
0.116536
0.16986
0.150297
0.18062
0.191455
0.202224
0.223617
0.222905
0.289225
0.285214
0.27688
0.387499
0.173914
0.0158001
0.177128
0.0466673
0.182705
0.0768393
0.190538
0.108703
0.202788
0.138047
0.217301
0.176942
0.245297
0.195622
0.274357
0.260165
0.328571
0.222666
0.322873
0.203037
0.014369
0.207236
0.0424683
0.214511
0.0695641
0.224758
0.0984563
0.24033
0.122475
0.259096
0.158176
0.289938
0.16478
0.326799
0.223304
0.368756
0.180709
0.253921
0.23696
0.0125843
0.242198
0.03723
0.251174
0.0605883
0.263921
0.0857092
0.282095
0.104301
0.305284
0.134987
0.335017
0.135047
0.377938
0.180382
0.411696
0.146951
0.186433
0.276435
0.0104567
0.282669
0.0309956
0.29313
0.0501278
0.308168
0.070671
0.327822
0.0846463
0.354611
0.108198
0.382155
0.107503
0.426794
0.135744
0.458509
0.115235
0.129603
0.322344
0.00805545
0.329402
0.0239366
0.340949
0.0385809
0.357662
0.0539588
0.377991
0.0643174
0.406286
0.0799025
0.43302
0.0807691
0.47427
0.0944937
0.505811
0.0836938
0.0865301
0.375754
0.00548682
0.383362
0.0163289
0.395603
0.0263399
0.413131
0.0364312
0.433897
0.0435507
0.461495
0.0523049
0.488284
0.0539797
0.523544
0.0592342
0.553257
0.0539808
0.0536095
0.437973
0.00282064
0.445907
0.00839508
0.458659
0.0135884
0.476476
0.0186135
0.497693
0.0223345
0.523839
0.0261586
0.550482
0.0273364
0.580795
0.0289212
0.608067
0.0267088
0.0261591
0.5106
0.518995
0.532583
0.551197
0.573531
0.59969
0.627026
0.655947
0.682656
0.0712936
0.0149439
-0.0155378
0.0714386
0.0443842
-0.0445291
0.0709928
0.0732735
-0.0728277
0.0697745
0.102257
-0.101038
0.0674483
0.132956
-0.130629
0.063777
0.165443
-0.161771
0.0578864
0.205944
-0.200054
0.0491736
0.24882
-0.240107
0.0378747
0.328928
-0.317629
0.510216
-0.499522
0.0712196
0.0144164
0.0712541
0.0443496
0.0706817
0.073846
0.0693278
0.10361
0.0669121
0.135371
0.0631703
0.169184
0.0574177
0.211697
0.0489516
0.257286
0.0379856
0.339894
0.519589
0.0710972
0.0140046
0.0709688
0.044478
0.0702143
0.0746006
0.0686631
0.105162
0.0660974
0.137937
0.0622121
0.17307
0.0565377
0.217371
0.0482728
0.265551
0.0377088
0.350458
0.527515
0.0709282
0.0137572
0.0705865
0.0448197
0.0695959
0.0755911
0.067788
0.10697
0.0650111
0.140714
0.0609085
0.177172
0.055254
0.223026
0.0471196
0.273685
0.0370741
0.360503
0.533888
0.0707146
0.0137213
0.0701114
0.0454229
0.0688331
0.0768694
0.0667119
0.109091
0.0636623
0.143763
0.05927
0.181565
0.0535791
0.228717
0.0454798
0.281784
0.0361281
0.369855
0.538652
0.0704585
0.0139428
0.0695486
0.0463328
0.067933
0.0784849
0.0654461
0.111578
0.0620619
0.147148
0.0573121
0.186314
0.0515276
0.234501
0.0433499
0.289962
0.0349611
0.378244
0.54182
0.0701623
0.0144655
0.0689034
0.0475917
0.0669037
0.0804847
0.0640022
0.114479
0.0602215
0.150928
0.0550546
0.191481
0.0491135
0.240442
0.0407416
0.298334
0.0336377
0.385348
0.543619
0.0698284
0.0153311
0.0681815
0.0492387
0.0657529
0.0829133
0.0623911
0.117841
0.0581528
0.155167
0.0525207
0.197113
0.0463469
0.246616
0.0376966
0.306984
0.0324744
0.39057
0.544415
0.0694612
0.0165773
0.0673913
0.0513086
0.0644913
0.0858133
0.0606251
0.121707
0.0558694
0.159922
0.0497395
0.203243
0.0432505
0.253105
0.034294
0.315941
0.0308839
0.39398
0.544976
0.0690829
0.066579
0.063183
0.0587751
0.0534407
0.0467643
0.0398637
0.0310828
0.0315401
0.0692304
0.0156684
-0.0142223
0.0675268
0.0418409
-0.0401373
0.0653538
0.0652932
-0.0631202
0.0623642
0.0863369
-0.0833472
0.0580398
0.104809
-0.100484
0.0514515
0.121055
-0.114467
0.0415268
0.133796
-0.123872
0.0279905
0.149497
-0.13596
0.0130928
0.204715
-0.189818
0.372078
-0.366018
0.0696668
0.0166944
0.0683828
0.0431249
0.0666033
0.0670727
0.0640036
0.0889366
0.060104
0.108708
0.0541438
0.127016
0.0452016
0.142738
0.033741
0.160957
0.021529
0.216927
0.385791
0.0700466
0.0173541
0.0691221
0.0440493
0.0676872
0.0685076
0.0654355
0.0911883
0.0619147
0.112229
0.0564899
0.13244
0.0481355
0.151093
0.0373658
0.171727
0.0244716
0.229821
0.40105
0.0703797
0.0176903
0.0697711
0.044658
0.0686404
0.0696383
0.0666973
0.0931314
0.063497
0.115429
0.0584999
0.137437
0.0505032
0.159089
0.0399267
0.182304
0.0264462
0.243302
0.416166
0.0706643
0.0177479
0.0703234
0.0449989
0.0694507
0.0705111
0.0677706
0.0948115
0.0648356
0.118364
0.0601934
0.14208
0.0525275
0.166755
0.0422018
0.192629
0.0289505
0.256553
0.431312
0.0708987
0.0175738
0.0707746
0.045123
0.0701103
0.0711753
0.0686467
0.0962751
0.0659335
0.121078
0.0616001
0.146413
0.0542926
0.174063
0.0442739
0.202648
0.0314243
0.269403
0.44636
0.0710815
0.0172162
0.0711213
0.0450833
0.0706132
0.0716834
0.0693157
0.0975726
0.0667814
0.123612
0.062707
0.150487
0.0557551
0.181015
0.0460104
0.212393
0.0334952
0.281918
0.460937
0.0712123
0.0167243
0.0713615
0.0449342
0.0709545
0.0720904
0.069768
0.0987591
0.0673658
0.126014
0.0634911
0.154362
0.0568675
0.187638
0.0473712
0.221889
0.0351613
0.294128
0.474762
0.071291
0.0161481
0.0714942
0.044731
0.0711319
0.0724527
0.0699972
0.0998938
0.0676761
0.128335
0.0639369
0.158101
0.0576053
0.19397
0.048363
0.231131
0.0364594
0.306032
0.487667
0.0713179
0.0715198
0.0711448
0.0700004
0.0677061
0.0640361
0.0579525
0.0489768
0.0373793
0.506826
0.000511614
0.505876
0.000949866
0.50515
0.00072536
0.50578
-0.000629613
0.508953
-0.00317289
0.516278
-0.00732496
0.528757
-0.0124794
0.548835
-0.0200775
0.575692
-0.0268572
-0.0374885
0.61318
0.433978
0.00139576
0.431877
0.00305056
0.429301
0.00330133
0.427272
0.00139925
0.427022
-0.00292253
0.43006
-0.0103631
0.43791
-0.020329
0.452604
-0.0347721
0.474937
-0.0491902
-0.0712787
0.508728
0.371369
0.00274567
0.367847
0.00657244
0.362893
0.00825468
0.35741
0.00688205
0.352635
0.00185295
0.350004
-0.0077321
0.351679
-0.0220036
0.359294
-0.042388
0.376741
-0.0666372
-0.0992383
0.404701
0.31773
0.00446561
0.313034
0.0112685
0.305979
0.0153101
0.297278
0.0155831
0.287985
0.0111459
0.279453
0.000800297
0.273961
-0.0165124
0.273529
-0.0419557
0.284362
-0.0774704
-0.116041
0.301165
0.271883
0.00638302
0.266489
0.0166617
0.258032
0.0237672
0.246958
0.0266575
0.233959
0.0241449
0.220168
0.0145908
0.207461
-0.00380475
0.199233
-0.0337281
0.198883
-0.07712
-0.112044
0.194885
0.232747
0.00831999
0.227167
0.0222421
0.218135
0.032799
0.205785
0.039008
0.190349
0.0395802
0.172452
0.0324878
0.153518
0.01513
0.137645
-0.0178551
0.11974
-0.0592154
-0.0731432
0.0808396
0.199352
0.0101372
0.194001
0.0275932
0.185128
0.0416725
0.172568
0.051568
0.156085
0.0560629
0.135539
0.0530337
0.111749
0.0389206
0.0869212
0.00697233
0.0466205
-0.0189147
0.00849539
-0.0350181
0.17084
0.01175
0.165992
0.0324409
0.157804
0.0498611
0.145887
0.063485
0.129618
0.0723309
0.108036
0.0746158
0.0806957
0.0662613
0.0457299
0.0419381
-0.0146037
0.0414189
0.120371
-0.126479
0.146477
0.0131177
0.142276
0.0366417
0.13508
0.0570573
0.124377
0.0741885
0.109328
0.0873797
0.0883231
0.0956207
0.0590738
0.0955105
0.0153623
0.0856496
-0.0546959
0.111477
0.244632
-0.178957
0.12566
0.122165
0.116102
0.106943
0.0938386
0.0749925
0.0466315
-0.00367929
-0.0820197
-0.203406
0.612207
0.000972931
0.612328
-0.000120512
0.613746
-0.00141813
0.616529
-0.00278292
0.620749
-0.00422046
0.626476
-0.00572675
0.633771
-0.00729539
0.642691
-0.00892001
0.653285
-0.0105938
-0.0123088
0.665594
0.508886
0.000814259
0.510149
-0.00138363
0.512658
-0.00392735
0.516459
-0.0065831
0.52161
-0.00937209
0.528164
-0.0122801
0.536156
-0.0152875
0.545614
-0.0183779
0.556555
-0.0215347
-0.0247382
0.568984
0.406918
-0.00140278
0.410215
-0.00468021
0.414599
-0.00831143
0.420077
-0.0120612
0.426689
-0.0159845
0.434448
-0.0200385
0.443333
-0.0241733
0.453307
-0.0283511
0.464307
-0.0325355
-0.0366842
0.476253
0.305513
-0.00575029
0.31076
-0.00992804
0.316665
-0.0142156
0.323153
-0.0185495
0.330192
-0.0230238
0.337682
-0.0275282
0.345473
-0.031964
0.353388
-0.036266
0.361224
-0.0403723
-0.044218
0.368758
0.200265
-0.0111303
0.205719
-0.0153818
0.210811
-0.0193074
0.215449
-0.0231883
0.21951
-0.0270842
0.222775
-0.0307932
0.224995
-0.0341839
0.225904
-0.0371749
0.225227
-0.039696
-0.0416912
0.2227
0.0845539
-0.0148446
0.0868843
-0.0177122
0.0878561
-0.0202791
0.0875627
-0.0228949
0.085887
-0.0254085
0.0826637
-0.0275699
0.0777411
-0.0292613
0.0709956
-0.0304294
0.0623645
-0.0310649
-0.0312075
0.0518808
-0.034729
-0.0151337
-0.0359765
-0.0164647
-0.0381756
-0.01808
-0.0412261
-0.0198444
-0.0452003
-0.0214343
-0.0501032
-0.0226669
-0.0558975
-0.023467
-0.0625111
-0.0238159
-0.0698304
-0.0237456
-0.0233337
-0.0777041
-0.129678
-0.0119354
-0.132738
-0.0134049
-0.135702
-0.0151158
-0.138741
-0.0168049
-0.14196
-0.0182161
-0.145349
-0.0192774
-0.14888
-0.0199359
-0.152509
-0.0201871
-0.156189
-0.020066
-0.0196431
-0.159879
-0.187065
-0.00382723
-0.192698
-0.00777149
-0.197927
-0.00988715
-0.202738
-0.0119936
-0.207194
-0.0137607
-0.211238
-0.0152332
-0.21482
-0.0163536
-0.217879
-0.0171279
-0.220365
-0.0175808
-0.017762
-0.222246
-0.216745
-0.227935
-0.237561
-0.245833
-0.252928
-0.258881
-0.263692
-0.267344
-0.269822
-0.271132
0.679654
-0.0140596
0.69548
-0.0158267
0.713082
-0.0176016
0.732452
-0.0193702
0.753569
-0.0211171
0.776395
-0.022826
0.800875
-0.0244796
0.826936
-0.0260605
0.854486
-0.0275505
-0.0289655
0.883452
0.582897
-0.027973
0.598269
-0.031198
0.615059
-0.0343922
0.633214
-0.0375247
0.65266
-0.0405635
0.67331
-0.0434753
0.695057
-0.0462266
0.717781
-0.0487847
0.741353
-0.0511224
-0.053238
0.765625
0.489041
-0.0407608
0.50254
-0.044697
0.516601
-0.0484533
0.531058
-0.0519815
0.54573
-0.0552358
0.560429
-0.0581738
0.574958
-0.0607556
0.589114
-0.0629409
0.602675
-0.064684
-0.0659891
0.615427
0.375747
-0.0477499
0.381942
-0.0508916
0.387091
-0.0536027
0.39095
-0.0558403
0.393284
-0.0575699
0.393876
-0.058766
0.392528
-0.0594077
0.389058
-0.0594699
0.383343
-0.0589694
-0.0581307
0.375485
0.218086
-0.0431353
0.211215
-0.0440208
0.202006
-0.0443932
0.190494
-0.0443286
0.176852
-0.0439277
0.161365
-0.0432791
0.144349
-0.0423912
0.126061
-0.0411825
0.106847
-0.0397549
-0.038362
0.087078
0.0396866
-0.0309411
0.0260557
-0.0303899
0.0113483
-0.0296859
-0.00402215
-0.0289581
-0.0196323
-0.0283175
-0.0351223
-0.0277892
-0.0503643
-0.0271492
-0.0655542
-0.0259927
-0.0806664
-0.0246428
-0.0239495
-0.0950789
-0.0859673
-0.0226779
-0.094443
-0.0219142
-0.103005
-0.0211244
-0.111589
-0.0203738
-0.120174
-0.019732
-0.128759
-0.0192042
-0.137542
-0.0183669
-0.147094
-0.01644
-0.157354
-0.014383
-0.0145292
-0.166774
-0.163568
-0.0189893
-0.167249
-0.0182328
-0.170966
-0.0174078
-0.174809
-0.0165307
-0.178892
-0.0156485
-0.183256
-0.0148409
-0.187931
-0.0136914
-0.193359
-0.0110127
-0.199561
-0.00818051
-0.0097897
-0.204301
-0.223532
-0.0177029
-0.224246
-0.0175191
-0.224453
-0.0172
-0.224262
-0.0167221
-0.223863
-0.0160473
-0.223483
-0.015221
-0.223055
-0.0141192
-0.222417
-0.0116505
-0.222436
-0.00816195
-0.0113427
-0.220883
-0.271326
-0.270454
-0.268597
-0.265835
-0.262264
-0.258083
-0.253373
-0.247037
-0.237978
-0.233471
0.928104
-0.0446522
0.965925
-0.0378208
0.989196
-0.0232712
0.991523
-0.00232735
0.970566
0.0209567
0.929087
0.0414791
0.873832
0.0552558
0.812739
0.0610929
0.75258
0.0601582
0.697955
0.0546258
0.651247
0.0467081
0.613172
0.0380745
0.583368
0.0298041
0.560828
0.0225405
0.544264
0.0165633
0.532403
0.0118617
0.52409
0.00831229
0.518497
0.00559281
0.514704
0.0037935
0.00181335
0.808952
-0.0879793
0.843154
-0.0720224
0.862446
-0.042563
0.863108
-0.00298954
0.842338
0.0417266
0.80185
0.081967
0.748864
0.108242
0.692063
0.117894
0.638098
0.114123
0.590705
0.102019
0.551316
0.0860975
0.519942
0.0694477
0.495801
0.0539459
0.477736
0.0406048
0.464528
0.0297713
0.455076
0.0213142
0.448436
0.014952
0.443954
0.0100746
0.440896
0.00685227
0.00327858
0.656835
-0.129388
0.686835
-0.102023
0.706682
-0.0624096
0.714884
-0.0111922
0.704264
0.0523466
0.673443
0.112788
0.628913
0.152772
0.579955
0.166852
0.533846
0.160232
0.494335
0.14153
0.462463
0.11797
0.437786
0.0941245
0.419208
0.072524
0.405491
0.0543221
0.395511
0.039751
0.388359
0.0284661
0.383307
0.0200036
0.379876
0.0135064
0.377514
0.00921341
0.00441444
0.413824
-0.167727
0.439548
-0.127746
0.474459
-0.0973204
0.506982
-0.0437158
0.524548
0.0347813
0.521657
0.115678
0.500866
0.173563
0.470143
0.197575
0.43767
0.192705
0.408618
0.170582
0.385026
0.141562
0.366929
0.112222
0.353463
0.0859891
0.343588
0.0641976
0.336397
0.0469421
0.331207
0.033656
0.327502
0.0237084
0.324959
0.0160492
0.32319
0.0109831
0.00527041
0.142497
-0.223146
0.181687
-0.166936
0.238089
-0.153723
0.292552
-0.0981788
0.337589
-0.010256
0.365195
0.0880722
0.37308
0.165679
0.365739
0.204916
0.350528
0.207915
0.333666
0.187444
0.318678
0.15655
0.30674
0.12416
0.297715
0.095014
0.291021
0.0708913
0.286078
0.0518852
0.28245
0.0372845
0.279813
0.0263454
0.277976
0.0178863
0.276677
0.0122813
0.00590253
-0.0180195
-0.300206
0.0298131
-0.214768
0.0848128
-0.208722
0.141728
-0.155094
0.196736
-0.0652638
0.240126
0.044683
0.266717
0.139087
0.277242
0.194391
0.276591
0.208567
0.270465
0.193569
0.263007
0.164008
0.256267
0.1309
0.250829
0.100452
0.246616
0.0751042
0.243388
0.0551126
0.240942
0.0397311
0.239114
0.0281737
0.237813
0.0191864
0.236876
0.0132183
0.0063624
-0.0965591
-0.370421
-0.0433582
-0.267969
0.00468184
-0.256763
0.055361
-0.205774
0.107432
-0.117335
0.153769
-0.00165368
0.188185
0.104671
0.208629
0.173947
0.217442
0.199753
0.218988
0.192024
0.217167
0.165829
0.214354
0.133714
0.211592
0.103214
0.209199
0.0774971
0.207219
0.0570929
0.205632
0.0413183
0.204396
0.0294097
0.203492
0.0200897
0.202825
0.0138854
0.00669308
-0.13828
-0.436441
-0.0702203
-0.336029
-0.0270496
-0.299933
0.0135984
-0.246422
0.0566185
-0.160355
0.0989177
-0.043953
0.133937
0.0696517
0.158086
0.149797
0.171803
0.186037
0.177996
0.18583
0.179882
0.163944
0.179745
0.133851
0.178824
0.104134
0.177687
0.0786347
0.176573
0.0582069
0.17559
0.0423009
0.174777
0.0302225
0.174161
0.0207057
0.173692
0.0143543
0.00692842
-0.151239
-0.506086
-0.0738943
-0.413374
-0.034163
-0.339665
-0.0029933
-0.277591
0.0302245
-0.193573
0.0659727
-0.0797012
0.0979001
0.0377243
0.121892
0.125805
0.137279
0.170649
0.145754
0.177356
0.149735
0.159962
0.151214
0.132372
0.151448
0.1039
0.151121
0.0789615
0.150584
0.0587442
0.150015
0.0428695
0.1495
0.0307384
0.149089
0.0211164
0.148764
0.0146793
0.00709412
-0.143286
-0.59627
-0.0691482
-0.487512
-0.0318942
-0.376919
-0.00768275
-0.301803
0.0175295
-0.218785
0.046917
-0.109089
0.0746879
0.00995343
0.0965598
0.103933
0.111534
0.155675
0.120561
0.168329
0.125388
0.155136
0.127656
0.130104
0.128523
0.103033
0.128683
0.0788018
0.128515
0.0589115
0.128225
0.04316
0.127915
0.0310482
0.12765
0.0213818
0.127428
0.0149005
0.00720933
0.0336388
-0.609571
0.0407288
-0.494602
0.0367606
-0.37295
0.0311943
-0.296236
0.0263246
-0.213915
0.0251779
-0.107942
0.0278323
0.00729905
0.0333188
0.0984468
0.0401984
0.148795
0.0470041
0.161523
0.0527997
0.14934
0.057284
0.12562
0.0605793
0.0997376
0.0629768
0.0764042
0.064773
0.0571153
0.0662029
0.0417301
0.0674365
0.0298146
0.0685882
0.0202302
0.0697316
0.0137571
0.00600935
0.0352855
-0.627872
0.0375859
-0.496902
0.0337637
-0.369128
0.0286671
-0.29114
0.024821
-0.210069
0.0251227
-0.108244
0.0292958
0.00312602
0.0357868
0.0919558
0.0430743
0.141508
0.0498917
0.154706
0.0554996
0.143732
0.05972
0.1214
0.0627334
0.0967242
0.064849
0.0742886
0.0663629
0.0556014
0.0675044
0.0405885
0.0684375
0.0288814
0.0692715
0.0193962
0.0700762
0.0129524
0.00517494
0.0328253
-0.645035
0.0338661
-0.497943
0.0309148
-0.366177
0.0265352
-0.28676
0.0236072
-0.207141
0.0250208
-0.109657
0.0304661
-0.00231927
0.037922
0.0844999
0.0456547
0.133775
0.0525206
0.14784
0.0579666
0.138286
0.0619438
0.117422
0.0646951
0.0939729
0.0665495
0.0724342
0.0678036
0.0543473
0.0686816
0.0397106
0.0693414
0.0282216
0.0698873
0.0188502
0.0703855
0.0124541
0.00467125
0.0306095
-0.660576
0.0305055
-0.497839
0.0283745
-0.364046
0.0248133
-0.283199
0.0227787
-0.205107
0.0250678
-0.111946
0.0314897
-0.00874117
0.039749
0.0762406
0.0478913
0.125633
0.0548259
0.140905
0.0601452
0.132967
0.0639146
0.113653
0.0664358
0.0914516
0.0680585
0.0708115
0.0690814
0.0533244
0.0697247
0.0390673
0.0701413
0.027805
0.0704313
0.0185603
0.0706574
0.012228
0.00446128
0.0280044
-0.673747
0.0273986
-0.497233
0.0261059
-0.362753
0.0234153
-0.280508
0.0222439
-0.203935
0.0252398
-0.114942
0.0323913
-0.0158927
0.0412851
0.0673468
0.0497807
0.117137
0.0567937
0.133892
0.06202
0.12774
0.0656184
0.110055
0.0679438
0.0891262
0.0693662
0.0693892
0.070188
0.0525026
0.070627
0.0386283
0.0708323
0.0275996
0.0708999
0.0184927
0.07089
0.012238
0.00450622
0.0254111
-0.684295
0.024563
-0.496385
0.0240837
-0.362274
0.0222804
-0.278705
0.0219161
-0.203571
0.0254744
-0.118501
0.0331523
-0.0235706
0.0425336
0.0579655
0.0513284
0.108342
0.0584253
0.126796
0.0635878
0.122578
0.0670499
0.106592
0.0692127
0.0869634
0.070466
0.0681359
0.0711172
0.0518513
0.0713832
0.0383624
0.07141
0.0275729
0.0712903
0.0186124
0.0710819
0.0124464
0.00476568
0.0228321
-0.692073
0.0219636
-0.495517
0.0222724
-0.362583
0.0213602
-0.277793
0.0217421
-0.203953
0.0257388
-0.122497
0.0337661
-0.0315979
0.0434994
0.0482322
0.0525394
0.0993024
0.0597219
0.119613
0.064847
0.117453
0.0682052
0.103234
0.0702374
0.0849312
0.0713525
0.0670208
0.0718641
0.0513397
0.0719889
0.0382376
0.0718709
0.0276909
0.0716
0.0188833
0.0712318
0.0128146
0.00519797
0.02033
-0.697035
0.0195672
-0.494754
0.0206254
-0.363641
0.0206004
-0.277768
0.0216754
-0.205028
0.0260138
-0.126836
0.0342386
-0.0398227
0.0441955
0.0382753
0.0534229
0.0900749
0.0606877
0.112348
0.0657974
0.112343
0.0690817
0.0999499
0.0710142
0.0829988
0.0720216
0.0660134
0.0724245
0.0509368
0.0724406
0.0382215
0.0722122
0.0279193
0.071827
0.0192685
0.0713387
0.0133029
0.00576033
0.0179084
-0.699195
0.0173301
-0.494176
0.0190868
-0.365398
0.0199375
-0.278619
0.0216652
-0.206755
0.0262786
-0.131449
0.034578
-0.0481222
0.0446401
0.0282133
0.0539935
0.0807215
0.0613304
0.105011
0.0664419
0.107232
0.0696791
0.0967127
0.071541
0.0811369
0.0724706
0.0650838
0.0727957
0.0506118
0.0727356
0.0382815
0.0724318
0.0282231
0.0719698
0.0197305
0.0714019
0.0138708
0.00640923
0.0155726
0.0152029
0.017594
0.019301
0.0216538
0.0265056
0.0347891
0.0448516
0.0542683
0.061661
0.0667857
0.0699991
0.0718176
0.0726983
0.072976
0.0728725
0.0725284
0.0720276
0.0714209
)
;

boundaryField
{
    inlet
    {
        type            calculated;
        value           nonuniform List<scalar> 
40
(
-0.126943
-0.148125
-0.172814
-0.201606
-0.235175
-0.274307
-0.319942
-0.373186
-0.435307
-0.507779
-0.0706997
-0.070692
-0.0706854
-0.0706807
-0.0706787
-0.07068
-0.070685
-0.070694
-0.0707075
-0.0707259
-0.0706765
-0.0706928
-0.0707063
-0.070716
-0.070722
-0.0707245
-0.0707239
-0.0707205
-0.0707148
-0.0707076
-0.507337
-0.434862
-0.372718
-0.31945
-0.2738
-0.234684
-0.20117
-0.172453
-0.147845
-0.126765
)
;
    }
    outlet
    {
        type            calculated;
        value           nonuniform List<scalar> 
40
(
0.126411
0.147366
0.171783
0.200232
0.233379
0.272003
0.317018
0.369497
0.430721
0.502219
0.0707059
0.0706823
0.0706586
0.0706348
0.0706111
0.0705873
0.0705635
0.0705396
0.0705156
0.0704915
0.0709316
0.0709107
0.0708892
0.0708673
0.070845
0.0708224
0.0707995
0.0707763
0.070753
0.0707295
0.512891
0.43943
0.376379
0.322334
0.276045
0.236417
0.202495
0.173457
0.148598
0.127313
)
;
    }
    top
    {
        type            symmetryPlane;
        value           uniform 0;
    }
    bottom
    {
        type            symmetryPlane;
        value           uniform 0;
    }
    cylinder
    {
        type            calculated;
        value           nonuniform List<scalar> 
80
(
-2.24957e-18
-2.09323e-18
3.84833e-18
1.52795e-17
-1.51e-17
1.8551e-17
-4.38623e-18
-9.69617e-18
-1.31433e-18
2.12433e-17
2.12727e-18
-8.59637e-18
9.53378e-18
-1.28448e-17
-7.04719e-18
-1.34561e-17
-4.71905e-17
-3.74792e-18
2.98678e-17
-4.94195e-17
1.75591e-17
-2.98678e-17
3.74792e-18
1.9435e-17
1.48831e-17
-1.70841e-17
1.28448e-17
-9.53378e-18
8.59637e-18
3.10856e-19
2.24957e-18
2.09323e-18
-3.84833e-18
-1.52795e-17
3.70194e-18
5.29072e-18
3.48153e-17
9.69617e-18
-2.64412e-17
-4.47323e-17
2.12433e-17
2.64412e-17
-9.69617e-18
2.06958e-17
1.8551e-17
-3.70194e-18
1.52795e-17
3.84833e-18
-2.09323e-18
-2.24957e-18
-1.75591e-17
2.11226e-18
-3.74792e-18
-4.08916e-17
1.57265e-17
1.70841e-17
-1.28448e-17
9.53378e-18
-8.59637e-18
-3.10856e-19
3.10856e-19
8.59637e-18
-9.53378e-18
1.28448e-17
-1.70841e-17
1.48831e-17
4.08916e-17
3.74792e-18
-2.11226e-18
1.75591e-17
-2.12433e-17
1.31433e-18
9.69617e-18
4.38623e-18
3.30463e-17
1.51e-17
-1.52795e-17
-3.84833e-18
2.09323e-18
2.24957e-18
)
;
    }
    frontandback
    {
        type            empty;
        value           nonuniform 0();
    }
}


// ************************************************************************* //
