/*--------------------------------*- C++ -*----------------------------------*\
  =========                 |
  \\      /  F ield         | OpenFOAM: The Open Source CFD Toolbox
   \\    /   O peration     | Website:  https://openfoam.org
    \\  /    A nd           | Version:  6.0
     \\/     M anipulation  |
\*---------------------------------------------------------------------------*/
FoamFile
{
    version     2.0;
    format      ascii;
    class       surfaceScalarField;
    location    "0.75";
    object      phi;
}
// * * * * * * * * * * * * * * * * * * * * * * * * * * * * * * * * * * * * * //

dimensions      [0 3 -1 0 0 0 0];

internalField   nonuniform List<scalar> 
4670
(
7.00191e-05
-0.431593
0.431523
0.000492226
-0.360113
0.35969
0.000967838
-0.297522
0.297046
0.00145713
-0.243153
0.242664
0.00206046
-0.197982
0.197378
0.00290845
-0.160963
0.160115
0.00411894
-0.130798
0.129588
0.00577162
-0.106266
0.104614
0.00789719
-0.0862981
0.0841726
-0.0700155
0.067432
0.0104807
0.000111623
-0.431705
0.000539525
-0.36054
0.00102387
-0.298006
0.00150588
-0.243635
0.00208291
-0.198559
0.00289522
-0.161775
0.0040684
-0.131971
0.00568744
-0.107885
0.00778754
-0.0883982
-0.0725863
0.0103583
0.000211045
-0.431916
0.000649705
-0.360979
0.00111558
-0.298472
0.00157243
-0.244092
0.00211971
-0.199106
0.00290179
-0.162557
0.00405
-0.13312
0.00565506
-0.10949
0.00775749
-0.0905006
-0.0751803
0.0103515
0.000237137
-0.432153
0.000718781
-0.361461
0.00119237
-0.298946
0.0016307
-0.244531
0.00214889
-0.199624
0.00290166
-0.16331
0.00402829
-0.134246
0.00562698
-0.111089
0.00774505
-0.0926187
-0.0778166
0.0103813
0.000277466
-0.432431
0.000788061
-0.361971
0.00125815
-0.299416
0.00166988
-0.244942
0.00215113
-0.200106
0.0028663
-0.164025
0.00396232
-0.135342
0.00554569
-0.112672
0.00767208
-0.0947451
-0.0804898
0.0103453
0.000319661
-0.43275
0.000851583
-0.362503
0.00130633
-0.29987
0.00167894
-0.245315
0.0021096
-0.200536
0.00277063
-0.164686
0.00381465
-0.136386
0.00535591
-0.114214
0.00746057
-0.0968498
-0.0831686
0.0101394
0.000362006
-0.433112
0.000905967
-0.363047
0.00133132
-0.300296
0.00164943
-0.245633
0.00201215
-0.200899
0.00259722
-0.165271
0.00355918
-0.137348
0.00501722
-0.115672
0.00705091
-0.0988834
-0.0858024
0.00968466
0.000406992
-0.433519
0.000954864
-0.363595
0.00133446
-0.300675
0.00157902
-0.245878
0.00185354
-0.201173
0.00233835
-0.165756
0.00318413
-0.138194
0.00450825
-0.116996
0.00640268
-0.100778
-0.0883152
0.00891547
0.000467674
-0.433987
0.00101015
-0.364138
0.00132203
-0.300987
0.00147144
-0.246027
0.00163835
-0.20134
0.00200106
-0.166119
0.00269691
-0.13889
0.00382559
-0.118125
0.00547969
-0.102432
-0.0906038
0.00776827
0.000593228
-0.43458
0.00108441
-0.364629
0.00129885
-0.301202
0.00133563
-0.246064
0.00138572
-0.20139
0.00162323
-0.166356
0.00216326
-0.13943
0.00306346
-0.119025
0.00437647
-0.103745
-0.092568
0.00634068
0.437943
0.000263908
-0.438207
0.43768
0.000262936
0.437356
0.000324651
0.436984
0.000371568
0.436579
0.000404914
0.436153
0.000425899
0.435725
0.000428077
0.435285
0.000440503
0.434901
0.000383837
0.000320725
0.365822
-0.000267802
-0.365291
0.366174
-8.89027e-05
0.366348
0.000150905
0.366377
0.000342838
0.36629
0.000491583
0.366102
0.000613936
0.365827
0.000702943
0.36549
0.000777738
0.365085
0.000788452
0.000777311
0.298271
-0.00148319
-0.297055
0.299246
-0.0010646
0.300034
-0.000637001
0.300643
-0.000265576
0.301078
5.64911e-05
0.301357
0.00033477
0.301493
0.000566739
0.301511
0.000759502
0.30141
0.000889881
0.000985401
0.240527
-0.00306911
-0.238941
0.241879
-0.00241631
0.243027
-0.00178498
0.243971
-0.00120952
0.244719
-0.000691867
0.245284
-0.000229572
0.245681
0.000169426
0.245941
0.000499683
0.246061
0.000769488
0.000982825
0.195631
-0.00473564
-0.193964
0.197056
-0.00384169
0.198257
-0.00298555
0.199237
-0.00218996
0.200008
-0.00146311
0.200589
-0.000810193
0.201
-0.000241399
0.201257
0.000242829
0.201381
0.000645446
0.000973116
0.162383
-0.0062516
-0.160867
0.16364
-0.005099
0.164653
-0.00399804
0.165432
-0.00296879
0.165993
-0.00202491
0.166361
-0.00117738
0.166555
-0.000436302
0.166603
0.000195414
0.166529
0.000719586
0.00114558
0.13848
-0.00747448
-0.137258
0.139424
-0.00604277
0.140105
-0.00467839
0.140539
-0.00340288
0.140748
-0.00223471
0.14076
-0.00118893
0.140601
-0.000277795
0.140303
0.000493786
0.139901
0.00112136
0.00161701
0.121559
-0.00835022
-0.120683
0.122136
-0.00661983
0.122433
-0.00497543
0.122472
-0.00344189
0.122279
-0.00204193
0.121885
-0.00079445
0.121323
0.000284046
0.120631
0.00118595
0.119853
0.00189899
0.00244554
0.109592
-0.00889315
-0.109049
0.10982
-0.00684806
0.109755
-0.00491059
0.109423
-0.00310977
0.108853
-0.00147226
0.10808
-2.14629e-05
0.107142
0.00122183
0.106087
0.00224106
0.104968
0.00301828
0.00366856
0.101024
-0.10076
-0.00915764
0.100965
-0.00678859
0.100606
-0.00455175
0.0999768
-0.00248048
0.0991099
-0.000605295
0.0980417
0.00104675
0.0968123
0.00245123
0.0954765
0.00357677
0.0940812
0.00441362
0.00518181
0.435235
-0.000573475
-0.434661
0.435951
-0.000716014
0.436597
-0.000646383
0.437091
-0.000494059
0.4375
-0.000408682
0.437818
-0.000318108
0.438039
-0.000221258
0.438167
-0.000128292
0.438232
-6.44135e-05
2.46134e-05
0.353446
-0.0025692
-0.351451
0.355286
-0.00255553
0.357019
-0.00237912
0.358665
-0.00214062
0.360172
-0.00191502
0.361527
-0.00167342
0.362724
-0.00141843
0.363763
-0.00116692
0.364612
-0.000914027
-0.000653824
0.278251
-0.00533897
-0.275481
0.280883
-0.00518748
0.283426
-0.00492202
0.285877
-0.00459132
0.288186
-0.00422408
0.290333
-0.00382113
0.292307
-0.0033916
0.294089
-0.00294901
0.295665
-0.00249036
-0.00204399
0.215762
-0.00863427
-0.212467
0.218958
-0.00838392
0.222054
-0.00801767
0.225024
-0.0075617
0.227837
-0.00703655
0.23047
-0.00645464
0.232909
-0.00582973
0.235135
-0.00517578
0.237147
-0.00450232
-0.003838
0.168682
-0.0123365
-0.16498
0.17227
-0.0119719
0.175712
-0.0114604
0.178982
-0.0108309
0.182053
-0.0101084
0.18491
-0.00931078
0.187536
-0.00845636
0.189923
-0.00756298
0.192068
-0.00664736
-0.00573379
0.135357
-0.0163036
-0.13139
0.139166
-0.0157809
0.142771
-0.0150649
0.146145
-0.0142052
0.149271
-0.0132343
0.152136
-0.0121756
0.154731
-0.0110516
0.157052
-0.00988408
0.159098
-0.00869339
-0.00750274
0.112837
-0.0203968
-0.108743
0.11672
-0.0196639
0.120335
-0.0186805
0.123664
-0.0175337
0.126694
-0.0162649
0.129421
-0.0149019
0.13184
-0.0134705
0.133951
-0.0119951
0.135756
-0.0104983
-0.00900473
0.0980505
-0.0245394
-0.0939079
0.101905
-0.0235189
0.105431
-0.0222057
0.10862
-0.0207231
0.111471
-0.0191163
0.113984
-0.0174148
0.116159
-0.0156453
0.117998
-0.0138336
0.119504
-0.0120044
-0.0101844
0.0884317
-0.0287016
-0.0842694
0.0921716
-0.0272588
0.0955437
-0.0255778
0.0985508
-0.0237301
0.101195
-0.0217606
0.103478
-0.0196982
0.105402
-0.0175691
0.106968
-0.0153998
0.108181
-0.0132174
-0.0110516
0.0820266
-0.0782297
-0.0324986
0.0856166
-0.0308488
0.0888133
-0.0287745
0.0916373
-0.0265541
0.0940881
-0.0242114
0.0961648
-0.0217749
0.097867
-0.0192714
0.0991965
-0.0167292
0.100158
-0.0141788
-0.0116537
0.0262731
0.0332031
-0.0277408
-0.0317355
0.0209732
0.0395965
-0.0342966
0.0160573
0.0502692
-0.0453533
0.0117746
0.0675834
-0.0633008
0.00832438
0.0943497
-0.0908995
0.00574909
0.133275
-0.1307
0.00385839
0.186268
-0.184377
0.00229011
0.253926
-0.252358
0.000875997
0.334303
-0.332889
0.425631
-0.424755
0.0279273
0.0386676
-0.0333918
0.0225823
0.0449415
0.0175569
0.0552946
0.013086
0.0720543
0.00937406
0.0980616
0.00649555
0.136154
0.00431371
0.18845
0.00252295
0.255717
0.000927224
0.335898
0.426558
0.0292856
0.0441005
-0.0347185
0.0239342
0.0502929
0.0188437
0.0603852
0.0142324
0.0766656
0.010305
0.101989
0.00716176
0.139297
0.00471491
0.190896
0.00272148
0.25771
0.0010018
0.337618
0.42756
0.0303391
0.0494721
-0.0357107
0.0250172
0.0556148
0.0199039
0.0654984
0.0151992
0.0813703
0.0111029
0.106085
0.00773449
0.142665
0.00504921
0.193582
0.00285559
0.259904
0.00104697
0.339427
0.428607
0.0310771
0.054756
-0.036361
0.0258189
0.0608731
0.0207246
0.0705926
0.0159736
0.0861213
0.011757
0.110302
0.00820819
0.146214
0.00532093
0.196469
0.00295281
0.262272
0.00104807
0.341331
0.429655
0.0314826
0.0599259
-0.0366525
0.0263241
0.0660316
0.0212927
0.075624
0.0165442
0.0908699
0.0122572
0.114589
0.00857518
0.149896
0.00552829
0.199516
0.00302178
0.264779
0.0010412
0.343312
0.430696
0.0315266
0.0649481
-0.0365488
0.0265129
0.0710453
0.0215953
0.0805416
0.016902
0.0955631
0.0125973
0.118894
0.00882939
0.153664
0.00566149
0.202684
0.00305054
0.26739
0.00101902
0.345344
0.431715
0.031165
0.0697578
-0.0359747
0.0263625
0.0758478
0.0216232
0.085281
0.0170437
0.100143
0.0127761
0.123161
0.00897594
0.157464
0.00573334
0.205926
0.00305185
0.270071
0.000992765
0.347403
0.432708
0.0303479
0.0742291
-0.0348191
0.0258638
0.0803318
0.0213862
0.0897586
0.0169784
0.10455
0.0127974
0.127342
0.0090122
0.161249
0.00574469
0.209194
0.00305038
0.272765
0.00102079
0.349432
0.433729
0.0289972
-0.0329978
0.0250596
0.0209103
0.0167172
0.0126696
0.00893936
0.00566655
0.00295074
0.000932269
-0.00188189
-0.0154192
0.0198185
-0.00251744
-0.00462963
-0.00460116
0.0073489
-0.00594362
0.0136396
-0.0123256
-0.00592172
0.0409045
-0.0409264
-0.00483309
0.0783126
-0.0794012
-0.00317222
0.126074
-0.127735
-0.00152642
0.183741
-0.185386
-0.000373493
0.251146
-0.252299
6.43097e-05
0.328361
-0.328798
0.419036
-0.418972
0.00140899
-0.0113249
-0.00550327
-0.0017337
-0.00145847
-0.00362703
0.015533
-0.00419303
0.0414705
-0.00361687
0.0777364
-0.00235337
0.12481
-0.000992708
0.18238
-4.58332e-05
0.250199
0.000234954
0.32808
0.419271
0.00470887
-0.00715495
-0.00887879
0.0012157
0.0020347
-0.00119419
0.0179429
-0.0023335
0.0426098
-0.00229468
0.0776976
-0.00146876
0.123984
-0.000432438
0.181344
0.000271613
0.249495
0.000358432
0.327993
0.41963
0.00792859
-0.00277016
-0.0123134
0.00410739
0.00585591
0.00124216
0.0208081
-0.00042775
0.0442798
-0.000917112
0.0781869
-0.000546196
0.123613
0.000136599
0.180661
0.000577778
0.249054
0.000467157
0.328104
0.420097
0.0110679
0.00185508
-0.0156932
0.00693241
0.00999143
0.00365138
0.0240891
0.00148827
0.0464429
0.000487919
0.0791873
0.000397417
0.123704
0.000711719
0.180347
0.000876114
0.24889
0.000565942
0.328414
0.420663
0.0140962
0.00670927
-0.0189504
0.00966891
0.0144187
0.006008
0.02775
0.00338793
0.0490629
0.00189909
0.0806761
0.00135066
0.124252
0.00128717
0.18041
0.00116676
0.24901
0.00065426
0.328926
0.421317
0.0169734
0.0117639
-0.022028
0.0122876
0.0191045
0.00828588
0.0317517
0.00524688
0.0521019
0.00329691
0.0826261
0.00230278
0.125246
0.00185747
0.180855
0.00144336
0.249424
0.000732862
0.329637
0.42205
0.0196616
0.0169817
-0.0248793
0.0147572
0.0240089
0.0104582
0.0360508
0.0070417
0.0555184
0.00466253
0.0850053
0.00323984
0.126669
0.00242252
0.181673
0.00171705
0.25013
0.00080754
0.330546
0.422857
0.0221272
0.0223214
-0.0274669
0.0170481
0.0290879
0.012498
0.0406008
0.00874911
0.0592673
0.0059776
0.0877768
0.0041504
0.128496
0.00297127
0.182852
0.00199326
0.251108
0.000898324
0.331641
0.423756
0.0243429
-0.0297623
0.0191343
0.0143818
0.0103483
0.00722563
0.00502226
0.003497
0.00224667
0.000999354
0.0243842
-0.00424073
-0.000324939
0.0275704
-0.00731436
0.00412817
0.0297202
-0.0111358
0.00898587
0.0309975
-0.0150855
0.0138083
0.0314289
-0.0187687
0.0183372
0.0310217
-0.0220135
0.0224208
0.0297883
-0.0247242
0.0259576
0.0277612
-0.0268506
0.0288777
0.0249957
-0.0283821
0.0311476
-0.0293392
0.0215674
0.0327674
0.00997638
-0.0068682
0.0119456
-0.0092836
0.0130096
-0.0121998
0.0131417
-0.0152176
0.0123816
-0.0180086
0.010776
-0.020408
0.00838429
-0.0223325
0.00528402
-0.0237503
0.00156885
-0.0246669
-0.0251138
-0.00265651
-0.0113605
-0.00783336
-0.0108993
-0.00974472
-0.0112053
-0.0118938
-0.0123572
-0.0140657
-0.014324
-0.0160418
-0.0170354
-0.0176966
-0.0203992
-0.0189686
-0.0243094
-0.0198402
-0.0286526
-0.0203237
-0.0204508
-0.0333156
-0.0413968
-0.00736302
-0.042337
-0.0088045
-0.0439092
-0.0103216
-0.0461682
-0.0118068
-0.0490755
-0.0131344
-0.0525487
-0.0142234
-0.0564841
-0.0150332
-0.0607707
-0.0155536
-0.0652991
-0.0157953
-0.0157826
-0.0699673
-0.0809324
-0.00583184
-0.0828714
-0.00686545
-0.0852909
-0.00790204
-0.0882056
-0.00889214
-0.0915689
-0.0097711
-0.0953016
-0.0104907
-0.0993101
-0.0110246
-0.103499
-0.0113643
-0.10778
-0.0115148
-0.0114908
-0.112072
-0.129776
-0.00379079
-0.132131
-0.00451058
-0.134817
-0.00521528
-0.137827
-0.00588283
-0.141115
-0.00648286
-0.14462
-0.00698585
-0.14827
-0.00737402
-0.151996
-0.0076391
-0.155728
-0.00778213
-0.00780954
-0.159409
-0.187349
-0.00182817
-0.189541
-0.00231847
-0.191959
-0.00279778
-0.194589
-0.00325265
-0.197399
-0.00367275
-0.200347
-0.00403791
-0.203383
-0.00433782
-0.206457
-0.00456542
-0.209517
-0.00472211
-0.00480937
-0.212517
-0.253728
-0.000399142
-0.255337
-0.000709195
-0.257122
-0.00101329
-0.259079
-0.00129552
-0.261186
-0.00156555
-0.263416
-0.00180789
-0.265734
-0.00202052
-0.268101
-0.00219789
-0.270478
-0.00234562
-0.00246782
-0.272819
-0.329409
0.000211397
-0.330186
6.77461e-05
-0.331125
-7.41814e-05
-0.332234
-0.000186742
-0.333496
-0.000303273
-0.334894
-0.000410236
-0.336403
-0.000511675
-0.337998
-0.000602873
-0.339652
-0.000691484
-0.000800279
-0.341319
-0.41876
-0.418693
-0.418767
-0.418954
-0.419257
-0.419667
-0.420179
-0.420782
-0.421473
-0.422273
0.0175621
-0.0297696
0.0337749
0.013087
-0.0297426
0.0342177
0.00824357
-0.0293482
0.0341916
0.00312347
-0.0286963
0.0338164
-0.00220671
-0.0279147
0.0332449
-0.00772904
-0.0271442
0.0326665
-0.0135217
-0.0265024
0.0322951
-0.0198094
-0.0259581
0.0322458
-0.0268913
-0.0249631
0.032045
-0.0217124
-0.0353072
0.0301283
-0.00729175
-0.0251343
-0.0122193
-0.0248151
-0.0173424
-0.024225
-0.0225848
-0.0234539
-0.0279046
-0.0225949
-0.0333147
-0.0217341
-0.0389077
-0.0209094
-0.044849
-0.0200169
-0.0511853
-0.0186268
-0.0158028
-0.0570948
-0.0382052
-0.0202448
-0.0432103
-0.0198099
-0.0482525
-0.0191829
-0.0532773
-0.0184291
-0.0582636
-0.0176086
-0.0632293
-0.0167685
-0.0682305
-0.0159082
-0.0733152
-0.0149321
-0.078362
-0.0135799
-0.0114597
-0.0827052
-0.0747058
-0.0155063
-0.0794201
-0.0150957
-0.0840539
-0.014549
-0.0885741
-0.0139089
-0.0929694
-0.0132133
-0.0972504
-0.0124876
-0.101437
-0.0117211
-0.105519
-0.0108508
-0.10936
-0.00973826
-0.00824662
-0.112573
-0.116335
-0.0112431
-0.120491
-0.0109395
-0.124504
-0.0105358
-0.128354
-0.0100596
-0.132032
-0.00953523
-0.135544
-0.00897514
-0.138893
-0.00837258
-0.142053
-0.00769067
-0.14493
-0.00686063
-0.0058522
-0.147325
-0.163026
-0.00762619
-0.166511
-0.00745493
-0.169838
-0.00720921
-0.172993
-0.0069043
-0.175973
-0.00655518
-0.178778
-0.00617005
-0.181403
-0.00574772
-0.183829
-0.0052644
-0.185997
-0.00469248
-0.00404313
-0.187806
-0.215468
-0.00467559
-0.218301
-0.0046212
-0.220997
-0.00451317
-0.223545
-0.00435688
-0.225938
-0.00416206
-0.228174
-0.00393376
-0.230246
-0.00367592
-0.232137
-0.00337314
-0.233809
-0.00302037
-0.00264776
-0.235205
-0.275152
-0.002343
-0.277405
-0.00236831
-0.279558
-0.00235962
-0.281605
-0.00231028
-0.28353
-0.00223639
-0.285333
-0.00213082
-0.286994
-0.00201568
-0.288507
-0.00186013
-0.289839
-0.00168836
-0.00154757
-0.290939
-0.342981
-0.000681708
-0.34462
-0.000729447
-0.346215
-0.000763837
-0.34776
-0.000766075
-0.349236
-0.000759888
-0.350626
-0.000740548
-0.351921
-0.000720976
-0.353115
-0.000665817
-0.354168
-0.00063592
-0.000666298
-0.355049
-0.422955
-0.423685
-0.424448
-0.425215
-0.425974
-0.426715
-0.427436
-0.428102
-0.428738
-0.429404
0.000307349
-0.429711
0.00105008
-0.355792
0.00203912
-0.291928
0.00324483
-0.23641
0.00473757
-0.189299
0.00659942
-0.149187
0.00889001
-0.114864
0.0116507
-0.0854659
0.0149357
-0.0603798
-0.0390244
0.0186529
0.000273122
-0.429984
0.000898042
-0.356417
0.00173293
-0.292763
0.00275794
-0.237435
0.004037
-0.190578
0.00565372
-0.150803
0.00766954
-0.11688
0.0101159
-0.0879123
0.013028
-0.0632918
-0.0426114
0.0166149
0.000251436
-0.430236
0.000780484
-0.356946
0.00149265
-0.293475
0.00238027
-0.238323
0.00351288
-0.191711
0.00499141
-0.152282
0.00690813
-0.118797
0.00932563
-0.0903298
0.0122783
-0.0662444
-0.046122
0.0157889
0.00020237
-0.430438
0.00067167
-0.357415
0.00130505
-0.294108
0.00209791
-0.239116
0.00312891
-0.192742
0.00451165
-0.153665
0.0063545
-0.120639
0.00873204
-0.0927073
0.0116684
-0.0691808
-0.0495841
0.0151305
0.000169759
-0.430608
0.000593243
-0.357838
0.00116802
-0.294683
0.00188705
-0.239835
0.00283362
-0.193688
0.00412761
-0.154959
0.00588315
-0.122395
0.00817735
-0.0950015
0.0110284
-0.0720319
-0.0529428
0.0143871
0.000140148
-0.430748
0.000533094
-0.358231
0.00106823
-0.295218
0.00172914
-0.240496
0.00259993
-0.194559
0.00380295
-0.156162
0.00545349
-0.124046
0.0076288
-0.0971769
0.0103465
-0.0747496
-0.0561527
0.0135564
0.00012256
-0.430871
0.000497333
-0.358606
0.00100419
-0.295725
0.0016165
-0.241108
0.0024166
-0.195359
0.00352766
-0.157273
0.00506477
-0.125583
0.00710463
-0.0992167
0.00966658
-0.0773116
-0.0591927
0.0127066
0.000112948
-0.430984
0.000484769
-0.358978
0.000973973
-0.296214
0.00154589
-0.24168
0.0022812
-0.196094
0.00330454
-0.158296
0.00473125
-0.127009
0.00663789
-0.101123
0.0090462
-0.0797199
-0.0620669
0.0119203
0.000216193
-0.4312
0.000564443
-0.359326
0.00100307
-0.296653
0.00152331
-0.2422
0.00219524
-0.196766
0.00313874
-0.15924
0.00446758
-0.128338
0.00625793
-0.102914
0.00853389
-0.0819958
-0.0648002
0.0112673
0.000323512
0.000687508
0.00108091
0.00154466
0.00215673
0.00303188
0.00428146
0.00598136
0.00815809
0.0107899
0.0255815
-0.144416
0.129315
0.0419522
-0.0187599
0.00238926
0.0543279
0.0225472
-0.0349229
0.0624993
0.0304473
-0.0386187
0.0676352
0.0286621
-0.0337981
0.0708234
0.0250172
-0.0282054
0.0727851
0.0215094
-0.0234711
0.0739584
0.0184513
-0.0196246
0.0746086
0.0157945
-0.0164448
0.0749014
0.0134561
-0.0137489
0.0749444
0.0113774
-0.0114204
0.0748089
0.00952195
-0.00938639
0.0745432
0.0078709
-0.00760525
0.07418
0.00641651
-0.00605331
0.0737408
0.00515552
-0.00471629
0.0732397
0.00407697
-0.00357586
0.0726844
0.00317422
-0.00261896
0.0720772
0.00242284
-0.00181557
0.0714208
0.00180452
-0.00114819
0.00114027
-0.000432484
0.0247645
-0.158822
0.0411383
-0.0351338
0.0536688
0.0100167
0.0619803
0.0221358
0.067208
0.0234346
0.0704477
0.0217774
0.0724378
0.0195194
0.0736285
0.0172606
0.0742923
0.0151307
0.0745986
0.0131498
0.074657
0.0113189
0.0745397
0.00963923
0.0742957
0.00811488
0.0739576
0.00675465
0.0735469
0.00556618
0.0730777
0.0045463
0.0725575
0.00369437
0.0719884
0.00299199
0.0713734
0.00241949
0.00180349
0.0238776
-0.172348
0.0400121
-0.0512683
0.0525979
-0.0025691
0.061021
0.0137127
0.0663461
0.0181094
0.0696563
0.0184672
0.0716968
0.0174788
0.0729273
0.0160301
0.0736271
0.0144309
0.0739699
0.0128071
0.0740676
0.0112212
0.0739937
0.00971312
0.073798
0.00831061
0.0735134
0.00703916
0.0731618
0.0059178
0.0727573
0.00495087
0.0723075
0.00414411
0.0718147
0.00348482
0.071282
0.00295216
0.00237827
0.0228678
-0.184835
0.0385598
-0.0669604
0.0511178
-0.015127
0.059629
0.0052015
0.0650579
0.0126805
0.0684565
0.0150686
0.0705688
0.0153666
0.0718608
0.0147381
0.0726185
0.0136732
0.0730201
0.0124055
0.0731803
0.011061
0.0731743
0.00971906
0.0730531
0.00843187
0.0728503
0.00724199
0.0725879
0.00618017
0.0722805
0.00525828
0.0719361
0.00448851
0.0715571
0.00386383
0.0711471
0.00336213
0.00282102
0.021675
-0.196165
0.036775
-0.0820604
0.0492372
-0.0275893
0.0578172
-0.00337852
0.0633562
0.00714151
0.06686
0.0115648
0.0690637
0.0131629
0.0704377
0.0133641
0.071274
0.0128369
0.0717559
0.0119237
0.0720011
0.0108158
0.0720871
0.00963309
0.0720659
0.00845304
0.0719722
0.00733565
0.0718287
0.00632373
0.0716502
0.00543673
0.0714454
0.00469332
0.0712171
0.00409214
0.0709695
0.00360976
0.0030891
0.0202392
-0.206264
0.0346503
-0.0964714
0.0469677
-0.0399068
0.0556038
-0.0120146
0.0612588
0.00148656
0.0648822
0.00794136
0.0671951
0.01085
0.0686697
0.0118895
0.069604
0.0119026
0.0701863
0.0113414
0.0705381
0.010464
0.070739
0.00943218
0.0708427
0.00834935
0.0708849
0.00729345
0.0708889
0.0063197
0.0708704
0.00545521
0.0708386
0.00472516
0.0707969
0.00413379
0.0707503
0.00365637
0.00314094
0.0183894
-0.214969
0.0321082
-0.11019
0.0442946
-0.0520931
0.0529997
-0.0207198
0.0587833
-0.00429698
0.0625409
0.00418375
0.0649788
0.00841218
0.0665707
0.0102976
0.0676206
0.0108527
0.0683222
0.0106398
0.0688008
0.00998536
0.0691387
0.00909433
0.069391
0.00809699
0.0695949
0.00708964
0.0697743
0.00614025
0.0699458
0.00528374
0.0701192
0.00455173
0.070299
0.00395399
0.0704908
0.00346456
0.0029363
0.0157607
-0.221814
0.0289894
-0.123419
0.0411573
-0.0642611
0.0499918
-0.0295542
0.0559362
-0.0102414
0.0598492
0.000270783
0.0624294
0.00583201
0.064155
0.0085719
0.0653372
0.00967053
0.0661759
0.0098011
0.0668006
0.00936065
0.0672963
0.00859864
0.06772
0.00767321
0.0681102
0.00669953
0.0684917
0.00575867
0.068882
0.00489348
0.0692917
0.00414199
0.0697265
0.00351928
0.0701926
0.00299838
0.00243655
0.0128267
-0.226873
0.0255761
-0.136168
0.037647
-0.076332
0.0466145
-0.0385218
0.0527401
-0.016367
0.0568267
-0.0038158
0.0595648
0.00309387
0.0614391
0.00669767
0.0627689
0.00834071
0.0637611
0.00880892
0.0645498
0.00857189
0.0652231
0.00792535
0.0658399
0.00705642
0.0664398
0.00609963
0.067049
0.00514949
0.0676855
0.00425698
0.0683611
0.00346632
0.0690827
0.00279776
0.0698575
0.00222355
0.00160485
0.0120072
-0.232539
0.0230007
-0.147162
0.0342845
-0.0876159
0.0431173
-0.0473545
0.0493233
-0.0225731
0.0535445
-0.008037
0.0564279
0.000210478
0.058451
0.00467459
0.0599359
0.00685574
0.0610937
0.00765115
0.0620619
0.00760369
0.0629308
0.00705644
0.0637609
0.00622629
0.064593
0.00526757
0.0654541
0.00428838
0.0663631
0.003348
0.0673329
0.00249656
0.0683715
0.00175916
0.0694874
0.00110763
0.000406401
0.115778
-0.190529
-0.157788
0.101439
-0.132824
0.100395
-0.0865719
0.104901
-0.0518604
0.110244
-0.0279162
0.114845
-0.0126372
0.118396
-0.00334134
0.120999
0.00207174
0.122852
0.00500248
0.124148
0.00635535
0.125043
0.00670933
0.125653
0.00644634
0.126065
0.00581378
0.126341
0.0049918
0.126524
0.00410535
0.126644
0.00322786
0.126722
0.00241865
0.126771
0.00171058
0.1268
0.00107826
0.00039458
0.141864
-0.15457
-0.177822
0.127296
-0.118256
0.123877
-0.083153
0.126345
-0.0543289
0.130716
-0.0322871
0.135014
-0.0169351
0.138584
-0.00691135
0.141326
-0.000670511
0.143343
0.00298636
0.144786
0.00491223
0.145801
0.00569398
0.146506
0.00574089
0.146992
0.00532772
0.147324
0.0046602
0.147549
0.00388007
0.1477
0.003077
0.1478
0.00231917
0.147864
0.00164658
0.147902
0.00104003
0.000380057
0.174834
-0.122257
-0.207147
0.158947
-0.102369
0.153047
-0.077253
0.15303
-0.0543126
0.155824
-0.0350805
0.159344
-0.0204556
0.162619
-0.0101858
0.165314
-0.00336605
0.167392
0.000908592
0.168932
0.00337198
0.170047
0.00457914
0.170842
0.00494601
0.171403
0.00476654
0.171796
0.00426762
0.172069
0.00360666
0.172256
0.00288971
0.172382
0.00219333
0.172465
0.00156362
0.172515
0.00099058
0.000362033
0.213769
-0.0937356
-0.242291
0.196647
-0.0852465
0.188294
-0.0689003
0.185624
-0.0516421
0.18638
-0.0358363
0.188653
-0.0227289
0.191267
-0.0127998
0.193668
-0.00576725
0.195656
-0.00107941
0.197209
0.00181906
0.198381
0.00340716
0.199248
0.00407926
0.19988
0.00413424
0.200337
0.00381106
0.200664
0.00327953
0.200894
0.00265966
0.201052
0.00203537
0.201158
0.00145751
0.201222
0.000926829
0.000339266
0.257673
-0.0692747
-0.282134
0.240101
-0.0676746
0.229707
-0.0585059
0.224577
-0.0465125
0.223106
-0.0343656
0.223766
-0.0233885
0.225362
-0.0143963
0.227189
-0.00759397
0.228895
-0.00278539
0.230342
0.000372026
0.231506
0.00224378
0.232412
0.00317229
0.233105
0.00344197
0.233625
0.00329051
0.234011
0.00289363
0.234291
0.00237992
0.234488
0.00183845
0.234622
0.00132314
0.234704
0.00084497
0.000310119
0.306076
-0.0490608
-0.32629
0.289237
-0.0508357
0.277542
-0.0468102
0.270378
-0.0393484
0.266743
-0.0307308
0.265569
-0.0222144
0.265836
-0.0146631
0.266797
-0.00855559
0.267996
-0.00398431
0.269184
-0.00081606
0.270246
0.00118174
0.271144
0.00227458
0.271875
0.00271093
0.272455
0.0027108
0.272903
0.00244537
0.27324
0.00204347
0.273483
0.00159501
0.273652
0.00115446
0.273756
0.000740564
0.000272699
0.359536
-0.0328687
-0.375728
0.344349
-0.0356482
0.332226
-0.0346872
0.323577
-0.0306997
0.318026
-0.0251796
0.314967
-0.0191556
0.313682
-0.0133778
0.313513
-0.00838706
0.31397
-0.00444099
0.314722
-0.00156862
0.315567
0.000337101
0.316388
0.00145311
0.317126
0.0019733
0.317754
0.00208261
0.318266
0.00193347
0.318666
0.00164379
0.318964
0.00129718
0.319174
0.000944649
0.319305
0.000608679
0.000224915
0.419407
-0.0200389
-0.432237
0.406216
-0.0224576
0.394365
-0.0228356
0.384783
-0.0211178
0.377653
-0.0180503
0.37281
-0.0143125
0.36988
-0.0104479
0.368395
-0.00690209
0.367911
-0.00395613
0.36806
-0.00171831
0.368568
-0.000170876
0.36924
0.000781231
0.369947
0.00126685
0.370609
0.00142016
0.371184
0.00135842
0.371653
0.00117494
0.372013
0.000937104
0.372271
0.00068658
0.372436
0.000444159
0.000164608
0.487757
-0.00955133
-0.498245
0.476228
-0.0109285
0.464851
-0.0114587
0.454674
-0.010941
0.446263
-0.00963861
0.439821
-0.00787115
0.435298
-0.00592475
0.432448
-0.00405241
0.430929
-0.00243651
0.430379
-0.00116897
0.430474
-0.000265856
0.430947
0.000308548
0.431597
0.000617306
0.432285
0.000732044
0.432925
0.000718543
0.433469
0.000630469
0.433899
0.000507219
0.434212
0.000373471
0.434414
0.000242246
8.98755e-05
0.567282
-0.576833
0.556353
0.544894
0.533953
0.524315
0.516444
0.510519
0.506467
0.50403
0.502861
0.502595
0.502904
0.503521
0.504253
0.504972
0.505602
0.506109
0.506483
0.506725
0.205894
-0.0084836
-0.206568
0.204326
-0.00522004
0.20183
-0.0020564
0.198385
0.000964722
0.193977
0.00380287
0.188603
0.00642105
0.182266
0.00878769
0.174976
0.0108673
0.166742
0.0126472
0.0141361
0.217914
-0.00709758
-0.2193
0.215942
-0.00324814
0.213367
0.000518661
0.210176
0.00415602
0.206361
0.00761786
0.20192
0.0108614
0.196858
0.0138497
0.191176
0.0165492
0.184862
0.0189614
0.0211757
0.235827
-0.00550129
-0.237424
0.233975
-0.00139545
0.231851
0.00264228
0.229437
0.00657038
0.226706
0.0103488
0.223627
0.0139407
0.220162
0.0173139
0.216271
0.0204406
0.21192
0.0233127
0.0259487
0.258401
-0.00396617
-0.259936
0.256875
0.000130813
0.255343
0.00417403
0.253785
0.00812845
0.252174
0.01196
0.250479
0.0156359
0.248667
0.019125
0.246709
0.022399
0.244584
0.0254382
0.0282416
0.285517
-0.00265569
-0.286828
0.284446
0.0012021
0.283604
0.00501609
0.282976
0.00875693
0.282539
0.0123965
0.282267
0.0159077
0.282128
0.0192647
0.282083
0.022444
0.282096
0.025425
0.0282035
0.317969
-0.0016256
-0.318999
0.317374
0.00179645
0.317207
0.00518306
0.317454
0.00851009
0.318097
0.0117543
0.319111
0.0148933
0.32047
0.0179057
0.322142
0.0207718
0.324094
0.0234732
0.0260072
0.356916
-0.000875752
-0.357666
0.356774
0.00193798
0.357234
0.00472359
0.358282
0.00746167
0.359903
0.0101333
0.362076
0.0127205
0.364775
0.0152063
0.367973
0.0175746
0.371635
0.0198112
0.0219134
0.403869
-0.000385715
-0.404359
0.40415
0.00165705
0.405194
0.00367914
0.40699
0.0056662
0.409519
0.00760435
0.412759
0.0094804
0.416683
0.0112818
0.421261
0.0129969
0.426457
0.0146152
0.0161337
0.460891
-0.000121884
-0.461155
0.461561
0.00098655
0.463157
0.00208335
0.465663
0.00316034
0.469058
0.0042096
0.473314
0.00522365
0.478401
0.00619543
0.484279
0.00711826
0.490908
0.00798644
0.00879731
0.531072
-0.531194
0.532059
0.534142
0.537302
0.541512
0.546736
0.552931
0.560049
0.568036
0.179957
-0.0360092
-0.176446
0.185212
-0.0361037
0.19007
-0.0336324
0.194366
-0.03085
0.198091
-0.0279364
0.201208
-0.0248927
0.203665
-0.0217282
0.20541
-0.0184736
0.206393
-0.0151624
-0.0118287
0.208584
-0.0389454
-0.205648
0.211563
-0.0390829
0.214228
-0.0362972
0.216428
-0.0330494
0.218146
-0.0296547
0.219391
-0.0261377
0.220149
-0.022486
0.220399
-0.0187241
0.220123
-0.0148861
-0.0110059
0.240842
-0.0400875
-0.2397
0.241491
-0.0397313
0.241875
-0.0366817
0.241981
-0.0331555
0.241816
-0.0294896
0.241406
-0.0257274
0.240763
-0.0218432
0.239888
-0.0178485
0.238776
-0.0137744
-0.00965351
0.274285
-0.0391286
-0.275244
0.272737
-0.0381837
0.271126
-0.035071
0.269509
-0.0315384
0.267887
-0.0278678
0.266267
-0.0241065
0.264657
-0.0202336
0.263064
-0.0162558
0.261491
-0.0122006
-0.00809907
0.309187
-0.0362809
-0.312034
0.305865
-0.0348618
0.302684
-0.0318898
0.299733
-0.0285877
0.29701
-0.0251448
0.294506
-0.0216029
0.292229
-0.0179561
0.290186
-0.0142134
0.288385
-0.0103994
-0.00654205
0.347358
-0.0317783
-0.351861
0.342649
-0.0301522
0.338253
-0.0274941
0.334259
-0.0245939
0.330674
-0.0215595
0.327493
-0.0184221
0.324725
-0.0151878
0.322381
-0.0118697
0.320471
-0.00848908
-0.00507009
0.39098
-0.0258034
-0.396955
0.385094
-0.0242658
0.37968
-0.0220799
0.374807
-0.0197216
0.370494
-0.0172459
0.366746
-0.0146747
0.363578
-0.0120193
0.361002
-0.00929379
0.359029
-0.0065163
-0.00370658
0.442273
-0.0184994
-0.449577
0.435311
-0.0173042
0.42896
-0.015729
0.423276
-0.0140374
0.418285
-0.0122547
0.414006
-0.0103959
0.410459
-0.00847213
0.407661
-0.00649559
0.405625
-0.00448018
-0.00244065
0.503965
-0.00991681
-0.512547
0.495917
-0.00925699
0.488602
-0.00841393
0.482073
-0.00750837
0.476369
-0.00655007
0.47152
-0.00554715
0.467555
-0.0045067
0.464495
-0.0034361
0.462358
-0.00234339
-0.00123693
0.579994
-0.58991
0.570737
0.562323
0.554814
0.548264
0.542717
0.53821
0.534774
0.532431
0.126802
0.00780555
-0.00773619
0.126575
0.0227062
-0.02248
0.126202
0.0342008
-0.0338269
0.125796
0.0427613
-0.0423554
0.125577
0.050808
-0.0505898
0.125974
0.0606307
-0.0610269
0.12774
0.0742835
-0.0760497
0.132313
0.0945928
-0.099166
0.14617
0.114945
-0.128802
0.164084
-0.19436
0.148048
0.00777312
0.148074
0.0226803
0.148089
0.0341859
0.148234
0.0426158
0.148818
0.0502243
0.150379
0.0590694
0.153957
0.0707055
0.161581
0.0869684
0.178245
0.0982815
0.136681
0.17285
0.00759811
0.173261
0.0222686
0.173864
0.033583
0.1748
0.0416803
0.176449
0.0485753
0.179424
0.0560937
0.184976
0.0651537
0.194902
0.0770423
0.210972
0.0822122
0.107952
0.2018
0.00723557
0.202737
0.0213315
0.204141
0.0321791
0.206115
0.0397064
0.209055
0.0456356
0.213578
0.0515702
0.22082
0.0579123
0.23212
0.0657418
0.24737
0.0669622
0.0800787
0.235577
0.0066463
0.237173
0.0197357
0.23958
0.0297724
0.242808
0.0364788
0.247173
0.0412698
0.25322
0.0455234
0.261738
0.0493947
0.273824
0.0536558
0.288357
0.0524287
0.0564016
0.274963
0.00580429
0.277322
0.0173768
0.280884
0.0262105
0.285497
0.0318663
0.291305
0.0354617
0.29869
0.0381382
0.308063
0.0400216
0.320192
0.0415268
0.333516
0.039105
0.0380565
0.320866
0.0047032
0.324039
0.0142043
0.328825
0.0214245
0.334843
0.025848
0.341994
0.0283105
0.350419
0.0297134
0.360204
0.0302365
0.371664
0.030067
0.383372
0.0273963
0.0244736
0.374349
0.00335791
0.378323
0.0102304
0.384313
0.0154345
0.391664
0.0184969
0.399992
0.0199824
0.409167
0.0205386
0.419036
0.0203675
0.429543
0.0195605
0.439611
0.0173281
0.0145073
0.436671
0.00179112
0.441403
0.00549832
0.448538
0.00829951
0.457137
0.00989834
0.466532
0.0105876
0.476349
0.0107212
0.486278
0.0104388
0.496048
0.00979001
0.504878
0.0084989
0.00683765
0.50934
0.514838
0.523138
0.533036
0.543624
0.554345
0.564784
0.574574
0.583073
0.0712297
0.00441652
-0.00495118
0.0712432
0.013974
-0.0139876
0.070744
0.0211288
-0.0206295
0.0697481
0.0261683
-0.0251724
0.0681895
0.0304954
-0.0289368
0.0658299
0.0356045
-0.0332449
0.062279
0.0428082
-0.0392572
0.0565775
0.0536461
-0.0479446
0.0474597
0.0714534
-0.0623356
0.0976532
-0.081929
0.0711711
0.00393764
0.0711194
0.0140257
0.0705643
0.0216839
0.0695319
0.0272006
0.0679619
0.0320654
0.0656282
0.0379382
0.0621737
0.0462628
0.0566853
0.0591345
0.0480981
0.0800405
0.112359
0.0710636
0.00356364
0.0708962
0.014193
0.070235
0.0223451
0.0691177
0.0283179
0.0674888
0.0336943
0.0651359
0.040291
0.0617332
0.0496655
0.0564166
0.0644511
0.0483664
0.0880908
0.126007
0.0709085
0.00334274
0.0705761
0.0145254
0.0697597
0.0231615
0.0685096
0.029568
0.0667742
0.0354297
0.0643569
0.0427083
0.0609598
0.0530626
0.055775
0.0696358
0.0482758
0.09559
0.138572
0.0707072
0.00332196
0.0701622
0.0150703
0.069143
0.0241808
0.0677131
0.030998
0.0658241
0.0373187
0.0632974
0.045235
0.0598577
0.0565023
0.0547695
0.0747241
0.0478425
0.102517
0.150054
0.0704615
0.00354684
0.0696584
0.0158735
0.0683906
0.0254486
0.0667351
0.0326534
0.0646464
0.0394075
0.0619656
0.0479158
0.0584331
0.0600348
0.0534151
0.079742
0.047083
0.108849
0.160484
0.0701735
0.00406114
0.0690689
0.0169781
0.0675088
0.0270088
0.0655838
0.0345784
0.0632504
0.0417408
0.0603711
0.0507951
0.0566941
0.0637118
0.0517328
0.0847034
0.0460044
0.114578
0.16994
0.0698454
0.0049066
0.0683987
0.0184247
0.066505
0.0289025
0.0642684
0.036815
0.0616477
0.0443614
0.058526
0.0539169
0.054656
0.0675818
0.0497574
0.0896019
0.0446089
0.119726
0.178574
0.0694801
0.00612224
0.0676542
0.0202507
0.0653893
0.0311673
0.0628037
0.0394006
0.059859
0.0473061
0.0564561
0.0573198
0.0523546
0.0716833
0.0475473
0.0944092
0.0429297
0.124344
0.186685
0.0690888
0.0668595
0.0641999
0.0612451
0.0579615
0.0542544
0.049888
0.0451312
0.0406726
0.069143
0.00418535
-0.00263745
0.0670942
0.00867619
-0.00662745
0.0645275
0.0104713
-0.00790461
0.0614288
0.0100953
-0.00699662
0.0576644
0.00799664
-0.0042323
0.0529091
0.0038807
0.000874677
0.0464503
-0.00372393
0.0101827
0.0374092
-0.0181159
0.027157
0.0234473
-0.0436248
0.0575867
-0.0922782
0.113208
0.0695507
0.00532885
0.0679021
0.0103248
0.0657175
0.0126559
0.0629808
0.0128321
0.0595539
0.0114235
0.0551128
0.00832182
0.0489344
0.00245446
0.0400848
-0.00926622
0.0263294
-0.0298694
-0.071452
0.0699208
0.00610578
0.0686383
0.0116074
0.0668129
0.0144814
0.0644295
0.0152154
0.0613576
0.0144954
0.0572852
0.0123942
0.0515184
0.00822124
0.0430465
-0.000794258
0.0296904
-0.0165133
-0.0506404
0.07025
0.00655641
0.0692952
0.0125621
0.0677942
0.0159824
0.0657334
0.0172762
0.062991
0.0172378
0.0592667
0.0161185
0.0539018
0.0135861
0.0458267
0.00728083
0.0329532
-0.00363975
-0.0300006
0.0705349
0.00672393
0.0698648
0.0132322
0.0686476
0.0171996
0.066871
0.0190528
0.0644217
0.0196872
0.0610083
0.0195319
0.0560116
0.0185828
0.0483289
0.0149636
0.0359801
0.00870904
-0.00971368
0.0707735
0.00665367
0.0703421
0.0136636
0.0693653
0.0181765
0.0678321
0.0205859
0.0656381
0.0218812
0.0625001
0.02267
0.05784
0.0232429
0.0505453
0.0222582
0.0387363
0.020518
0.0100723
0.0709641
0.00639262
0.0707233
0.0139044
0.0699407
0.0189591
0.0686081
0.0219185
0.0666296
0.0238597
0.0637297
0.0255698
0.0593716
0.027601
0.0524515
0.0291784
0.0411862
0.0317833
0.0292304
0.0711056
0.00598902
0.0710055
0.0140046
0.070369
0.0195956
0.0691918
0.0230958
0.0673862
0.0256653
0.0646849
0.028271
0.0605903
0.0316957
0.0540223
0.0357463
0.0433001
0.0425055
0.0476512
0.0711972
0.00549199
0.0711867
0.0140151
0.0706468
0.0201355
0.0695781
0.0241645
0.067901
0.0273424
0.0653569
0.0308151
0.0614852
0.0355673
0.0552409
0.0419906
0.0450584
0.0526881
0.0652427
0.0712386
0.0712661
0.0707721
0.0697642
0.0681698
0.0657401
0.0620501
0.0560962
0.0464486
0.508241
-0.000696639
0.510422
-0.00218088
0.51409
-0.00366744
0.519098
-0.0050084
0.525337
-0.00623891
0.532828
-0.0074912
0.541619
-0.00879057
0.55175
-0.0101313
0.562853
-0.0111029
-0.0120501
0.574903
0.435477
-0.00110303
0.436833
-0.00353676
0.439273
-0.00610778
0.442818
-0.00855344
0.447523
-0.0109433
0.453557
-0.013526
0.461114
-0.0163475
0.470419
-0.0194361
0.48119
-0.0218739
-0.0246793
0.493819
0.37301
-0.00117915
0.373423
-0.0039496
0.374449
-0.00713369
0.376297
-0.0104015
0.379213
-0.0138588
0.383559
-0.0178729
0.389751
-0.0225393
0.398338
-0.0280227
0.409225
-0.0327607
-0.0390972
0.423643
0.319443
-0.000955666
0.318983
-0.00348972
0.318661
-0.0068114
0.318824
-0.0105648
0.319857
-0.0148919
0.322277
-0.0202932
0.32674
-0.0270023
0.334189
-0.0354711
0.344956
-0.0435285
-0.0556735
0.361533
0.273552
-0.000502234
0.272402
-0.0023395
0.270966
-0.00537556
0.269653
-0.00925221
0.268897
-0.0141352
0.269264
-0.0206606
0.2716
-0.0293382
0.277173
-0.0410439
0.287092
-0.0534482
-0.0738625
0.305281
0.234269
9.73011e-05
0.232656
-0.000726306
0.230426
-0.00314612
0.22798
-0.00680543
0.225707
-0.0118623
0.224102
-0.0190559
0.224069
-0.0293056
0.227001
-0.0439758
0.235034
-0.0614807
-0.0921173
0.253289
0.200659
0.000764417
0.1988
0.0011323
0.196105
-0.000450838
0.192917
-0.00361709
0.189522
-0.00846792
0.186249
-0.0157826
0.183879
-0.0269358
0.183722
-0.0438192
0.188739
-0.0664976
-0.108107
0.204729
0.171906
0.00143643
0.16998
0.00305841
0.167103
0.002426
0.163546
-5.93849e-05
0.159467
-0.00438925
0.154992
-0.0113078
0.150608
-0.0225514
0.147417
-0.0406287
0.148604
-0.0676848
-0.119288
0.159785
0.147307
0.00206928
0.145446
0.00491981
0.142609
0.00526301
0.138993
0.00355622
0.134645
-4.13716e-05
0.129508
-0.0061702
0.123684
-0.0167276
0.117889
-0.0348341
0.114991
-0.0647865
-0.123008
0.118711
0.126256
0.124548
0.121907
0.118466
0.114193
0.108897
0.102352
0.0946752
0.0874754
0.0776755
0.566984
0.00791933
0.559822
0.0071615
0.553567
0.00625545
0.548268
0.00529845
0.543976
0.00429289
0.54073
0.00324547
0.538566
0.00216369
0.537511
0.00105493
0.537585
-7.33881e-05
-0.00121349
0.538798
0.48739
0.0143488
0.481643
0.0129084
0.476696
0.011202
0.472586
0.00940857
0.469352
0.00752712
0.467025
0.00557273
0.465627
0.00356089
0.465177
0.00150507
0.465686
-0.000581689
-0.00268573
0.467158
0.418965
0.0190263
0.414882
0.016992
0.411474
0.0146098
0.408765
0.0121175
0.406794
0.00949806
0.405587
0.00677918
0.405161
0.00398744
0.405524
0.00114155
0.406684
-0.00174171
-0.0046444
0.408643
0.358797
0.0217625
0.356589
0.0191998
0.354923
0.0162755
0.353809
0.0132315
0.353296
0.0100108
0.353412
0.0066637
0.354164
0.00323537
0.355556
-0.000250569
0.35759
-0.00377576
-0.00731906
0.360265
0.304648
0.0223955
0.30453
0.0193176
0.30482
0.0159855
0.305514
0.0125383
0.306679
0.00884578
0.308344
0.00499867
0.310507
0.00107152
0.313166
-0.00290864
0.316314
-0.00692415
-0.0109505
0.319945
0.254842
0.0208418
0.256967
0.0171929
0.259384
0.0135689
0.262081
0.00984071
0.265149
0.00577816
0.268605
0.0015424
0.272432
-0.00275503
0.276611
-0.00708826
0.281127
-0.0114399
-0.0157784
0.285955
0.208392
0.0171795
0.212738
0.0128468
0.217299
0.00900779
0.222093
0.0050466
0.227204
0.000666647
0.232609
-0.00386208
0.238255
-0.00840142
0.244097
-0.0129299
0.250077
-0.0174199
-0.0218241
0.256123
0.165197
0.0117675
0.171264
0.00677975
0.177535
0.00273707
0.184108
-0.00152671
0.190969
-0.00619423
0.197997
-0.0108901
0.205081
-0.0154856
0.212101
-0.0199494
0.218908
-0.0242276
-0.0282578
0.225342
0.125099
0.0053792
0.131415
0.000463884
0.138055
-0.00390263
0.145099
-0.00857077
0.152275
-0.0133703
0.159353
-0.0179685
0.166135
-0.0222678
0.172391
-0.0262056
0.17788
-0.0297161
-0.0327498
0.182372
0.0827297
0.0873218
0.092405
0.0976426
0.10261
0.107062
0.110752
0.113424
0.114855
0.114873
0.541159
-0.00236072
0.544659
-0.0035001
0.549286
-0.00462667
0.555018
-0.00573213
0.561826
-0.00680828
0.569673
-0.00784719
0.578514
-0.00884105
0.588297
-0.00978226
0.59896
-0.0106636
-0.0114725
0.610433
0.469596
-0.00479925
0.472991
-0.00689515
0.47733
-0.00896536
0.482593
-0.0109956
0.488757
-0.0129718
0.49579
-0.0148803
0.503657
-0.0167079
0.512317
-0.018442
0.521723
-0.0200701
-0.0215652
0.531816
0.411401
-0.00755668
0.414947
-0.0104412
0.419269
-0.0132881
0.424352
-0.0160785
0.430174
-0.0187938
0.43671
-0.0214159
0.44393
-0.0239279
0.451801
-0.0263132
0.460286
-0.0285549
-0.0306028
0.469323
0.363577
-0.010869
0.367515
-0.014379
0.372064
-0.0178374
0.377208
-0.0212218
0.382924
-0.0245098
0.389187
-0.0276794
0.395969
-0.0307096
0.403235
-0.0335796
0.41095
-0.0362699
-0.0386814
0.419029
0.32405
-0.0149738
0.328609
-0.0189373
0.333598
-0.0228271
0.338992
-0.0266153
0.344756
-0.0302741
0.350853
-0.0337764
0.35724
-0.0370963
0.363866
-0.0402061
0.370689
-0.0430926
-0.0455306
0.377538
0.291065
-0.0200838
0.296414
-0.0242869
0.301955
-0.0283679
0.30763
-0.0322902
0.313373
-0.0360171
0.319108
-0.0395112
0.324747
-0.0427357
0.330191
-0.0456498
0.335363
-0.0482642
-0.0501031
0.339935
0.26215
-0.0261112
0.268059
-0.0301963
0.273743
-0.034051
0.279083
-0.0376307
0.283961
-0.0408947
0.288256
-0.0438061
0.291851
-0.0463306
0.294628
-0.0484272
0.29644
-0.0500766
-0.0504961
0.296833
0.231235
-0.0320041
0.236419
-0.03538
0.240729
-0.0383612
0.244009
-0.0409106
0.246115
-0.0430003
0.246922
-0.0446139
0.246345
-0.0457531
0.244358
-0.04644
0.240822
-0.0465404
-0.0454899
0.235815
0.185662
-0.0352938
0.187585
-0.0373039
0.188025
-0.0388012
0.186923
-0.0398083
0.184291
-0.040368
0.180226
-0.0405493
0.174929
-0.040456
0.168583
-0.0400944
0.160931
-0.0388881
-0.0368085
0.15225
0.113354
0.110268
0.105658
0.0996663
0.0925432
0.0846604
0.0764995
0.0686509
0.0618079
0.0551276
0.607858
0.0025752
0.602111
0.00574676
0.593567
0.00854393
0.583138
0.0104294
0.57183
0.0113077
0.560549
0.0112805
0.55001
0.0105391
0.540684
0.0093267
0.532796
0.00788797
0.526375
0.00642081
0.521315
0.00505989
0.517435
0.0038795
0.514529
0.00290603
0.512397
0.0021328
0.510861
0.00153593
0.509777
0.00108412
0.509031
0.000745585
0.50854
0.000490976
0.508242
0.000297737
0.000109601
0.528035
0.00635669
0.520826
0.0129552
0.511152
0.0182184
0.500278
0.021303
0.489252
0.0223341
0.478845
0.0216875
0.469566
0.0198178
0.461663
0.0172299
0.455174
0.0143771
0.450003
0.0115912
0.445985
0.00907832
0.442927
0.00693772
0.440641
0.0051917
0.438961
0.00381263
0.437747
0.00275029
0.436885
0.00194567
0.436289
0.00134141
0.435895
0.000885094
0.435655
0.000538291
0.000199148
0.463045
0.0126354
0.452849
0.023151
0.4408
0.0302676
0.428662
0.033441
0.417442
0.0335537
0.407683
0.0314464
0.399588
0.0279132
0.393094
0.0237234
0.388005
0.0194663
0.384081
0.0155146
0.381093
0.0120665
0.37884
0.00919073
0.377158
0.00687431
0.375915
0.00505536
0.375009
0.00365638
0.37436
0.00259491
0.373906
0.00179493
0.373604
0.0011873
0.373418
0.000724528
0.000269481
0.408664
0.0229997
0.394293
0.0375225
0.379429
0.0451314
0.366041
0.0468295
0.354817
0.0447773
0.345919
0.040344
0.339141
0.0346913
0.334082
0.0287825
0.330333
0.0232157
0.327551
0.0182963
0.325476
0.0141417
0.32392
0.0107462
0.322753
0.00804207
0.32188
0.005928
0.321234
0.00430233
0.320764
0.00306508
0.32043
0.00212838
0.320206
0.00141166
0.320066
0.000864732
0.000323438
0.36146
0.0390784
0.3424
0.0565819
0.32504
0.0624915
0.310944
0.060926
0.300244
0.0554773
0.29258
0.0480074
0.287272
0.0399992
0.283623
0.0324318
0.281086
0.0257523
0.27928
0.0201029
0.277954
0.0154676
0.276956
0.0117435
0.276195
0.00880378
0.275612
0.00651057
0.27517
0.00474441
0.274841
0.00339449
0.274602
0.00236708
0.274439
0.00157416
0.274336
0.000968213
0.00036416
0.318014
0.0609993
0.295182
0.079414
0.276375
0.0812985
0.262436
0.0748646
0.252913
0.0650007
0.246824
0.0540964
0.243046
0.0437771
0.240698
0.03478
0.239191
0.027259
0.238165
0.0211286
0.237417
0.0162164
0.236839
0.012321
0.23638
0.00926316
0.236013
0.00687775
0.235723
0.00503447
0.235499
0.00361829
0.235332
0.00253409
0.235216
0.00168949
0.235141
0.00104346
0.000394468
0.274157
0.0836756
0.25098
0.102591
0.232584
0.099694
0.219916
0.0875325
0.212192
0.0727246
0.207869
0.0584198
0.205551
0.0460947
0.204319
0.0360119
0.20363
0.0279481
0.203192
0.0215675
0.202862
0.016546
0.202584
0.0125989
0.202339
0.00950785
0.202125
0.00709165
0.201945
0.00521538
0.201797
0.00376548
0.201683
0.0026484
0.201603
0.00177001
0.201548
0.00109749
0.000416642
0.224949
0.0945425
0.207976
0.119564
0.192974
0.114695
0.182955
0.0975522
0.177512
0.0781677
0.174958
0.0609734
0.173917
0.0471362
0.173569
0.0363597
0.173481
0.0280355
0.173454
0.0215951
0.17341
0.0165897
0.173334
0.0126745
0.173235
0.00960715
0.173126
0.00720075
0.173021
0.00532065
0.172927
0.00385873
0.172851
0.00272487
0.172795
0.00182561
0.172757
0.00113578
0.000432422
0.168858
0.0779344
0.165385
0.123037
0.157267
0.122813
0.151241
0.103578
0.148315
0.0810938
0.147361
0.0619278
0.147331
0.0471664
0.147617
0.0360734
0.147931
0.0277212
0.148166
0.0213598
0.148302
0.0164538
0.148354
0.0126229
0.148348
0.00961349
0.148307
0.00724141
0.148252
0.00537554
0.148196
0.0039151
0.148146
0.00277476
0.148108
0.00186387
0.148081
0.00116258
0.000443207
0.114526
0.0185357
0.126921
0.110642
0.126588
0.123146
0.124711
0.105455
0.124049
0.0817559
0.124353
0.0616239
0.12503
0.0464893
0.125717
0.0353863
0.126267
0.0271713
0.12665
0.0209764
0.126887
0.016217
0.127012
0.012498
0.127061
0.00956455
0.127063
0.00723962
0.12704
0.0053982
0.127008
0.00394702
0.126976
0.00280645
0.12695
0.00189027
0.126931
0.00118115
0.000450285
0.03021
0.00697861
0.0340969
0.106755
0.038495
0.118748
0.043705
0.100245
0.0484481
0.0770129
0.0522403
0.0578317
0.0551474
0.0435822
0.0573704
0.0331633
0.0591026
0.0254391
0.0604966
0.0195824
0.0616659
0.0150477
0.0626934
0.0114704
0.0636405
0.0086174
0.064553
0.00632711
0.0654651
0.00448618
0.0664028
0.00300931
0.0673858
0.00182341
0.0684283
0.000847772
0.0695432
6.62604e-05
-0.000747109
0.0300407
-0.00644723
0.0362745
0.100522
0.0417439
0.113278
0.0473098
0.0946794
0.0520564
0.0722662
0.0557209
0.0541671
0.0584579
0.0408452
0.0604968
0.0311245
0.0620386
0.0238973
0.0632361
0.0183849
0.0642009
0.0140829
0.0650138
0.0106576
0.0657339
0.0078973
0.066405
0.00565602
0.0670594
0.00383182
0.0677214
0.00234725
0.0684089
0.00113592
0.0691339
0.000122771
0.0699077
-0.000707574
-0.00157768
0.0299319
-0.0205902
0.0382815
0.092172
0.044918
0.106642
0.0507763
0.0888212
0.0554558
0.0675867
0.0589546
0.0506684
0.0615062
0.0382937
0.0633594
0.0292712
0.0647169
0.0225398
0.0657287
0.017373
0.0665033
0.0133083
0.0671185
0.0100424
0.0676309
0.00738488
0.0680821
0.00520474
0.0685025
0.00341142
0.0689147
0.0019351
0.0693345
0.000716129
0.0697721
-0.000314806
0.0702372
-0.00117271
-0.00207627
0.0298256
-0.0352853
0.0398678
0.0821298
0.047623
0.0988865
0.0538108
0.0826335
0.0584649
0.0629325
0.0618306
0.0473027
0.064222
0.0359022
0.0659105
0.0275827
0.067103
0.0213474
0.0679481
0.0165278
0.0685521
0.0127043
0.0689904
0.00960422
0.0693174
0.00705784
0.0695728
0.00494933
0.069785
0.00319922
0.0699749
0.00174517
0.0701568
0.00053431
0.0703389
-0.000496924
0.0705296
-0.00136349
-0.00227977
0.0295841
-0.0504822
0.041036
0.0706779
0.0498138
0.0901087
0.0563639
0.0760833
0.0610469
0.0582495
0.064321
0.0440287
0.0665826
0.0336407
0.0681308
0.0260344
0.0691798
0.0202984
0.0698793
0.0158283
0.0703341
0.0122496
0.0706177
0.00932061
0.070783
0.00689251
0.0708678
0.00486451
0.0708989
0.00316813
0.0708957
0.00174842
0.0708707
0.00055929
0.0708309
-0.000457109
0.0707833
-0.00131589
-0.00222687
0.0291499
-0.0660758
0.0418664
0.0579614
0.0515639
0.0804111
0.0584718
0.0691755
0.0632117
0.0535096
0.0664226
0.0408178
0.0685788
0.0314844
0.0700089
0.0246044
0.0709358
0.0193714
0.0715109
0.0152532
0.0718384
0.0119221
0.0719906
0.00916842
0.0720189
0.00686427
0.0719594
0.00492398
0.0718375
0.00328999
0.0716713
0.00191468
0.0714719
0.000758648
0.0712451
-0.000230233
0.0709966
-0.0010674
-0.00195786
0.0285584
-0.0819276
0.0424086
0.0441112
0.05291
0.0699098
0.0601491
0.0619364
0.0649588
0.0486998
0.0681276
0.037649
0.0702007
0.0294114
0.0715343
0.0232708
0.0723606
0.0185451
0.0728333
0.0147806
0.0730563
0.011699
0.073101
0.00912372
0.0730176
0.00694771
0.0728409
0.00510063
0.0725952
0.00353576
0.0722971
0.00221276
0.0719568
0.00109891
0.0715789
0.000147701
0.0711682
-0.0006567
-0.00151434
0.0278687
-0.097876
0.042687
0.0292929
0.053861
0.0587359
0.0613944
0.054403
0.0662804
0.0438137
0.0694265
0.0345029
0.0714382
0.0273997
0.0726976
0.0220114
0.0734456
0.017797
0.0738384
0.0143877
0.0739804
0.011557
0.0739422
0.00916189
0.0737732
0.00711677
0.0735071
0.00536666
0.0731672
0.00387566
0.0727693
0.00261074
0.0723224
0.00154576
0.0718303
0.000639779
0.0712971
-0.000123475
-0.000939016
0.0271294
-0.113738
0.0427093
0.013713
0.0544172
0.047028
0.0622035
0.0466167
0.0671698
0.0388475
0.0703115
0.0313612
0.0722842
0.025427
0.0734919
0.0208037
0.0741843
0.0171046
0.0745204
0.0140517
0.0746052
0.0114722
0.0745092
0.00925789
0.0742811
0.0073449
0.073954
0.00569375
0.0735503
0.00427939
0.0730849
0.00307608
0.0725664
0.00206423
0.0719978
0.0012084
0.0713825
0.000491832
-0.000275383
0.0263671
0.0424694
0.0545745
0.0625725
0.067622
0.0707777
0.0727337
0.0739128
0.0745726
0.0748753
0.0749272
0.0747987
0.0745383
0.0741788
0.0737419
0.0732421
0.0726874
0.0720803
0.0714239
)
;

boundaryField
{
    inlet
    {
        type            calculated;
        value           nonuniform List<scalar> 
40
(
-0.126871
-0.148015
-0.172675
-0.201438
-0.234988
-0.274121
-0.319765
-0.373004
-0.435105
-0.507549
-0.070695
-0.0706922
-0.0706896
-0.0706876
-0.0706864
-0.0706864
-0.0706878
-0.0706908
-0.0706957
-0.0707027
-0.0706909
-0.0706942
-0.0706978
-0.0707006
-0.0707024
-0.0707032
-0.0707031
-0.070702
-0.0707002
-0.0706978
-0.507545
-0.43507
-0.372934
-0.319666
-0.274005
-0.234869
-0.201326
-0.172578
-0.14794
-0.126824
)
;
    }
    outlet
    {
        type            calculated;
        value           nonuniform List<scalar> 
40
(
0.126812
0.147916
0.172533
0.201245
0.234733
0.273794
0.319353
0.372496
0.434489
0.506815
0.070713
0.0707101
0.0707072
0.0707043
0.0707014
0.0706985
0.0706955
0.0706924
0.0706892
0.0706858
0.0707406
0.0707383
0.0707358
0.0707331
0.0707304
0.0707275
0.0707247
0.0707218
0.0707189
0.070716
0.508133
0.435565
0.373347
0.320012
0.274295
0.235111
0.201526
0.172741
0.14807
0.126924
)
;
    }
    top
    {
        type            symmetryPlane;
        value           uniform 0;
    }
    bottom
    {
        type            symmetryPlane;
        value           uniform 0;
    }
    cylinder
    {
        type            calculated;
        value           nonuniform List<scalar> 
80
(
-2.24957e-18
-2.09323e-18
3.84833e-18
1.52795e-17
-1.51e-17
1.8551e-17
-4.38623e-18
-9.69617e-18
-1.31433e-18
2.12433e-17
2.12727e-18
-8.59637e-18
9.53378e-18
-1.28448e-17
-7.04719e-18
-1.34561e-17
-4.71905e-17
-3.74792e-18
2.98678e-17
-4.94195e-17
1.75591e-17
-2.98678e-17
3.74792e-18
1.9435e-17
1.48831e-17
-1.70841e-17
1.28448e-17
-9.53378e-18
8.59637e-18
3.10856e-19
2.24957e-18
2.09323e-18
-3.84833e-18
-1.52795e-17
3.70194e-18
5.29072e-18
3.48153e-17
9.69617e-18
-2.64412e-17
-4.47323e-17
2.12433e-17
2.64412e-17
-9.69617e-18
2.06958e-17
1.8551e-17
-3.70194e-18
1.52795e-17
3.84833e-18
-2.09323e-18
-2.24957e-18
-1.75591e-17
2.11226e-18
-3.74792e-18
-4.08916e-17
1.57265e-17
1.70841e-17
-1.28448e-17
9.53378e-18
-8.59637e-18
-3.10856e-19
3.10856e-19
8.59637e-18
-9.53378e-18
1.28448e-17
-1.70841e-17
1.48831e-17
4.08916e-17
3.74792e-18
-2.11226e-18
1.75591e-17
-2.12433e-17
1.31433e-18
9.69617e-18
4.38623e-18
3.30463e-17
1.51e-17
-1.52795e-17
-3.84833e-18
2.09323e-18
2.24957e-18
)
;
    }
    frontandback
    {
        type            empty;
        value           nonuniform 0();
    }
}


// ************************************************************************* //
