/*--------------------------------*- C++ -*----------------------------------*\
| =========                 |                                                 |
| \\      /  F ield         | OpenFOAM: The Open Source CFD Toolbox           |
|  \\    /   O peration     | Version:  v1912                                 |
|   \\  /    A nd           | Website:  www.openfoam.com                      |
|    \\/     M anipulation  |                                                 |
\*---------------------------------------------------------------------------*/
FoamFile
{
    version     2.0;
    format      ascii;
    class       volScalarField;
    location    "43";
    object      p;
}
// * * * * * * * * * * * * * * * * * * * * * * * * * * * * * * * * * * * * * //

dimensions      [0 2 -2 0 0 0 0];


internalField   nonuniform List<scalar> 
9600
(
-41.4748
-36.2095
-32.9821
-30.2444
-27.7387
-25.4716
-23.415
-21.5408
-19.8316
-18.2738
-16.8545
-15.562
-14.3849
-13.3122
-12.334
-11.4409
-10.6244
-9.87647
-9.18974
-8.56199
-42.2336
-36.9507
-33.6875
-30.907
-28.3562
-26.0451
-23.9471
-22.0352
-20.2922
-18.7044
-17.2588
-15.9432
-14.7457
-13.6552
-12.6612
-11.7539
-10.9246
-10.165
-9.46714
-8.83012
-42.994
-37.688
-34.3874
-31.5639
-28.9678
-26.6125
-24.4732
-22.5237
-20.7471
-19.1296
-17.658
-16.3196
-15.1021
-13.994
-12.9843
-12.063
-11.2211
-10.4498
-9.74096
-9.09488
-43.7529
-38.4209
-35.0816
-32.2144
-29.5727
-27.173
-24.9924
-23.0055
-21.1955
-19.5486
-18.0513
-16.6904
-15.4533
-14.3278
-13.3028
-12.3678
-11.5134
-10.7306
-10.0108
-9.35593
-44.5073
-39.1478
-35.7689
-32.8573
-30.1696
-27.7255
-25.5037
-23.4795
-21.6365
-19.9607
-18.438
-17.0551
-15.7987
-14.6562
-13.6161
-12.6676
-11.801
-11.0069
-10.2763
-9.61298
-45.2551
-39.8674
-36.448
-33.4915
-30.7577
-28.2691
-26.0062
-23.945
-22.0694
-20.365
-18.8175
-17.4129
-16.1376
-14.9785
-13.9237
-12.962
-12.0835
-11.2783
-10.5371
-9.86577
-45.9945
-40.5781
-37.1179
-34.116
-31.3357
-28.8026
-26.4989
-24.4011
-22.4933
-20.7607
-19.1889
-17.7632
-16.4694
-15.2942
-14.225
-13.2505
-12.3604
-11.5443
-10.7929
-10.114
-46.724
-41.2785
-37.7772
-34.7294
-31.9026
-29.3252
-26.9808
-24.8469
-22.9073
-21.1472
-19.5515
-18.1051
-16.7934
-15.6024
-14.5194
-13.5325
-12.6313
-11.8047
-11.0434
-10.3574
-47.4423
-41.9674
-38.4247
-35.3309
-32.4575
-29.8359
-27.4512
-25.2815
-23.3106
-21.5235
-19.9045
-18.438
-17.1089
-15.9027
-14.8063
-13.8075
-12.8954
-12.0588
-11.288
-10.5957
-48.1481
-42.6436
-39.0592
-35.9192
-32.9992
-30.3336
-27.909
-25.704
-23.7024
-21.8889
-20.2472
-18.7611
-17.4151
-16.1942
-15.0848
-14.0746
-13.1523
-12.3061
-11.5263
-10.8283
-48.8403
-43.3059
-39.6798
-36.4933
-33.5268
-30.8175
-28.3533
-26.1136
-24.0819
-22.2425
-20.5786
-19.0736
-17.7112
-16.4761
-15.3544
-14.3332
-13.4012
-12.5459
-11.7577
-11.0547
-49.5179
-43.9534
-40.2853
-37.0524
-34.0394
-31.2866
-28.7834
-26.5094
-24.4482
-22.5835
-20.898
-19.3745
-17.9963
-16.7476
-15.6139
-14.5824
-13.6412
-12.7773
-11.9813
-11.2742
-50.1803
-44.5852
-40.875
-37.5954
-34.5361
-31.7402
-29.1983
-26.8906
-24.8004
-22.911
-21.2045
-19.6631
-18.2694
-17.0075
-15.8625
-14.8211
-13.8712
-12.9996
-12.1964
-11.4858
-50.8268
-45.2005
-41.4479
-38.1216
-35.0162
-32.1774
-29.5974
-27.2565
-25.1379
-23.2242
-21.4972
-19.9382
-18.5296
-17.2548
-16.0987
-15.048
-14.0901
-13.2112
-12.4016
-11.6891
-51.4569
-45.7984
-42.0033
-38.6303
-35.4788
-32.5977
-29.98
-27.6064
-25.4599
-23.5225
-21.7752
-20.199
-18.7757
-17.4882
-16.3213
-15.2613
-14.2956
-13.4099
-12.595
-11.8821
-52.0701
-46.3782
-42.5404
-39.1207
-35.9235
-33.0003
-30.3455
-27.9399
-25.7659
-23.8052
-22.038
-20.4448
-19.0068
-17.7068
-16.5289
-15.4596
-14.486
-13.5937
-12.7736
-12.0594
-52.6677
-46.9398
-43.0586
-39.5923
-36.3495
-33.3847
-30.6934
-28.2563
-26.0554
-24.0717
-22.2849
-20.6748
-19.2221
-17.9093
-16.7206
-15.642
-14.661
-13.7626
-12.9365
-12.2176
-53.2542
-47.4843
-43.557
-40.0438
-36.7559
-33.7502
-31.0232
-28.5553
-26.3281
-24.3218
-22.5154
-20.8882
-19.4204
-18.0942
-16.8939
-15.806
-14.8179
-13.9137
-13.0827
-12.3682
-53.8314
-48.0112
-44.0342
-40.4742
-37.1424
-34.097
-31.3351
-28.8373
-26.5844
-24.556
-22.7301
-21.0852
-19.6013
-18.26
-17.0455
-15.9447
-14.9446
-14.0295
-13.1972
-12.5153
-54.3776
-48.5129
-44.4891
-40.8842
-37.5102
-34.4265
-31.6309
-29.1041
-26.8263
-24.7761
-22.9309
-21.2683
-19.7674
-18.4092
-17.1772
-16.0567
-15.0329
-14.0921
-13.2489
-12.5732
-59.8272
-59.7957
-59.7265
-59.6341
-59.5179
-59.3753
-59.2059
-59.01
-58.7884
-58.5415
-58.2698
-57.9741
-57.6548
-57.3128
-56.9487
-56.5634
-56.158
-55.7343
-55.295
-54.8434
-53.4791
-53.4765
-53.4408
-53.3775
-53.2874
-53.1701
-53.0256
-52.8548
-52.6583
-52.4368
-52.1908
-51.921
-51.628
-51.3124
-50.9749
-50.6162
-50.2368
-49.8373
-49.4182
-48.9774
-48.8361
-48.8579
-48.8503
-48.814
-48.7502
-48.6599
-48.5436
-48.4019
-48.2355
-48.045
-47.8309
-47.5938
-47.3342
-47.0528
-46.75
-46.4263
-46.0819
-45.7169
-45.3309
-44.9222
-44.6069
-44.6464
-44.6593
-44.645
-44.6046
-44.539
-44.4489
-44.3349
-44.1975
-44.0373
-43.8547
-43.6504
-43.4247
-43.1783
-42.9114
-42.6243
-42.3173
-41.9903
-41.6429
-41.2744
-40.6966
-40.7459
-40.7713
-40.772
-40.7485
-40.7016
-40.6319
-40.5399
-40.4262
-40.2912
-40.1354
-39.9593
-39.7635
-39.5482
-39.3139
-39.0608
-38.7889
-38.4983
-38.1887
-37.8596
-37.1848
-37.2383
-37.2701
-37.2795
-37.2666
-37.232
-37.1765
-37.1004
-37.0042
-36.8885
-36.7536
-36.6002
-36.4285
-36.2391
-36.0322
-35.8081
-35.5669
-35.3085
-35.0327
-34.739
-34.0625
-34.116
-34.1496
-34.1627
-34.1554
-34.1281
-34.0815
-34.016
-33.932
-33.8301
-33.7108
-33.5744
-33.4216
-33.2526
-33.0679
-32.8677
-32.652
-32.421
-32.1742
-31.9112
-31.293
-31.3436
-31.3759
-31.3893
-31.3839
-31.3601
-31.3185
-31.2595
-31.1836
-31.0912
-30.9829
-30.8591
-30.7204
-30.5672
-30.3999
-30.2188
-30.0241
-29.8157
-29.5933
-29.3565
-28.8363
-28.8824
-28.9116
-28.9232
-28.9174
-28.8946
-28.8553
-28.8
-28.7291
-28.643
-28.5424
-28.4277
-28.2994
-28.1582
-28.0044
-27.8386
-27.6608
-27.4712
-27.2694
-27.0549
-26.6526
-26.6936
-26.7187
-26.7275
-26.72
-26.6967
-26.6581
-26.6046
-26.5366
-26.4547
-26.3593
-26.2511
-26.1306
-25.9985
-25.8553
-25.7016
-25.5377
-25.3637
-25.1793
-24.984
-24.705
-24.7407
-24.7614
-24.7668
-24.7571
-24.7326
-24.6937
-24.6408
-24.5745
-24.4952
-24.4035
-24.3
-24.1853
-24.0601
-23.9253
-23.7813
-23.6288
-23.468
-23.2988
-23.1203
-22.9603
-22.991
-23.0075
-23.0095
-22.9973
-22.9712
-22.9315
-22.8788
-22.8134
-22.7358
-22.6467
-22.5466
-22.4363
-22.3166
-22.1883
-22.0522
-21.9093
-21.7598
-21.6039
-21.4407
-21.3905
-21.4165
-21.429
-21.4279
-21.4133
-21.3855
-21.345
-21.292
-21.2271
-21.1507
-21.0635
-20.966
-20.859
-20.7435
-20.6205
-20.4909
-20.3559
-20.2163
-20.0725
-19.9236
-19.9716
-19.9935
-20.0025
-19.9985
-19.9816
-19.9523
-19.9109
-19.8576
-19.793
-19.7175
-19.6317
-19.5362
-19.4319
-19.3197
-19.2007
-19.0764
-18.9481
-18.817
-18.6844
-18.5491
-18.684
-18.7021
-18.7079
-18.7014
-18.6826
-18.6519
-18.6096
-18.5561
-18.4918
-18.417
-18.3324
-18.2385
-18.1362
-18.0265
-17.9107
-17.7903
-17.6675
-17.5437
-17.4215
-17.2997
-17.5109
-17.5257
-17.5287
-17.5199
-17.4994
-17.4676
-17.4247
-17.371
-17.3068
-17.2327
-17.149
-17.0564
-16.9557
-16.8479
-16.7344
-16.6168
-16.4979
-16.3798
-16.2673
-16.1586
-16.4388
-16.4506
-16.4511
-16.4403
-16.4183
-16.3855
-16.3419
-16.2881
-16.2241
-16.1504
-16.0675
-15.9759
-15.8763
-15.7696
-15.6573
-15.5412
-15.4246
-15.3103
-15.2059
-15.109
-15.4555
-15.4649
-15.4635
-15.4512
-15.4282
-15.3946
-15.3508
-15.2969
-15.2332
-15.1601
-15.0779
-14.9871
-14.8883
-14.7822
-14.6703
-14.5542
-14.4379
-14.3251
-14.2276
-14.1399
-14.55
-14.5581
-14.5557
-14.5429
-14.5198
-14.4866
-14.4435
-14.3907
-14.3284
-14.2569
-14.1765
-14.0876
-13.9906
-13.8862
-13.7753
-13.6595
-13.5425
-13.4293
-13.3387
-13.2651
-13.7171
-13.7219
-13.717
-13.7024
-13.6782
-13.6446
-13.6018
-13.5499
-13.4891
-13.4196
-13.3416
-13.2554
-13.1613
-13.0597
-12.951
-12.8363
-12.7174
-12.5995
-12.5025
-12.4532
-53.5412
-54.116
-54.6537
-55.1764
-55.6812
-56.1621
-56.6162
-57.0426
-57.4402
-57.8083
-58.146
-58.4529
-58.7287
-58.9731
-59.1853
-59.3655
-59.5145
-59.6335
-59.7246
-59.7895
-47.0591
-47.6393
-48.1914
-48.7212
-49.2282
-49.71
-50.1651
-50.5929
-50.9926
-51.3637
-51.7056
-52.0181
-52.3013
-52.556
-52.7799
-52.9727
-53.1347
-53.2665
-53.3686
-53.4397
-42.4161
-42.984
-43.5283
-44.0492
-44.5467
-45.0201
-45.4685
-45.8912
-46.2878
-46.6573
-46.9991
-47.3127
-47.5979
-47.8533
-48.0805
-48.2794
-48.4498
-48.5914
-48.704
-48.7859
-38.2934
-38.8361
-39.3591
-39.8606
-40.3399
-40.7967
-41.2305
-41.6406
-42.0263
-42.3871
-42.7217
-43.0296
-43.3116
-43.5674
-43.797
-44.0002
-44.1766
-44.3258
-44.4475
-44.5413
-34.6168
-35.1295
-35.6251
-36.1012
-36.5566
-36.991
-37.4039
-37.7947
-38.1625
-38.507
-38.8286
-39.1269
-39.4005
-39.6496
-39.8743
-40.0744
-40.2494
-40.3993
-40.524
-40.6232
-31.4194
-31.9006
-32.3665
-32.8144
-33.2432
-33.6524
-34.0416
-34.4102
-34.7577
-35.0837
-35.3882
-35.6706
-35.9301
-36.1671
-36.3817
-36.5738
-36.7426
-36.8881
-37.0104
-37.1095
-28.6484
-29.0989
-29.5351
-29.9548
-30.3565
-30.74
-31.1046
-31.4499
-31.7755
-32.0811
-32.3664
-32.631
-32.8746
-33.0971
-33.298
-33.4794
-33.6393
-33.7774
-33.894
-33.9892
-26.2374
-26.6589
-27.0672
-27.4598
-27.8356
-28.1941
-28.5347
-28.8571
-29.1609
-29.4458
-29.7116
-29.9581
-30.1852
-30.3927
-30.5806
-30.7475
-30.8969
-31.026
-31.1349
-31.224
-24.1274
-24.5226
-24.9051
-25.2728
-25.6245
-25.9596
-26.2777
-26.5783
-26.8613
-27.1264
-27.3735
-27.6024
-27.8131
-28.0055
-28.1796
-28.3353
-28.4714
-28.5905
-28.691
-28.773
-22.2685
-22.64
-22.9993
-23.3444
-23.674
-23.9877
-24.2849
-24.5655
-24.8291
-25.0758
-25.3053
-25.5177
-25.7129
-25.8908
-26.0515
-26.1948
-26.3206
-26.4292
-26.521
-26.5956
-20.6191
-20.9693
-21.3079
-21.6328
-21.9426
-22.2367
-22.515
-22.7771
-23.023
-23.2527
-23.4661
-23.6632
-23.844
-24.0086
-24.1568
-24.2887
-24.4042
-24.5033
-24.5868
-24.6541
-19.1454
-19.4769
-19.7973
-20.1041
-20.396
-20.6725
-20.9334
-21.1787
-21.4084
-21.6226
-21.8212
-22.0044
-22.1721
-22.3244
-22.4613
-22.5827
-22.6888
-22.7795
-22.8548
-22.9153
-17.8205
-18.1355
-18.4401
-18.731
-19.0067
-19.2671
-19.5122
-19.7422
-19.957
-20.157
-20.3421
-20.5126
-20.6684
-20.8096
-20.9362
-21.0482
-21.1455
-21.2283
-21.2962
-21.3508
-16.6229
-16.9235
-17.2144
-17.4913
-17.7523
-17.998
-18.2286
-18.4443
-18.6455
-18.8325
-19.0053
-19.1642
-19.3092
-19.4404
-19.5576
-19.6611
-19.7507
-19.8266
-19.889
-19.9369
-15.5354
-15.8237
-16.1032
-16.3673
-16.6149
-16.8469
-17.0639
-17.2665
-17.4551
-17.6301
-17.7916
-17.94
-18.0751
-18.1972
-18.306
-18.4018
-18.4844
-18.5539
-18.6103
-18.6535
-14.5432
-14.8231
-15.0934
-15.3456
-15.5803
-15.7993
-16.0036
-16.1938
-16.3705
-16.5343
-16.6855
-16.8242
-16.9503
-17.0641
-17.1653
-17.2541
-17.3304
-17.3942
-17.4455
-17.4843
-13.6288
-13.9076
-14.1727
-14.4135
-14.6356
-14.8422
-15.0343
-15.2127
-15.3784
-15.5319
-15.6736
-15.8034
-15.9214
-16.0277
-16.1221
-16.2046
-16.2753
-16.334
-16.3807
-16.4156
-12.7715
-13.0545
-13.3209
-13.5524
-13.7625
-13.9574
-14.1383
-14.3062
-14.4622
-14.6067
-14.7402
-14.8625
-14.9737
-15.0737
-15.1624
-15.2398
-15.3057
-15.3603
-15.4034
-15.4352
-11.9847
-12.2583
-12.5254
-12.7521
-12.9521
-13.1357
-13.3061
-13.4645
-13.6117
-13.7483
-13.8746
-13.9905
-14.0958
-14.1906
-14.2746
-14.3478
-14.4101
-14.4615
-14.5019
-14.5314
-11.3945
-11.6452
-11.8729
-12.0895
-12.2778
-12.4436
-12.5976
-12.7417
-12.8756
-12.9998
-13.1145
-13.2197
-13.3151
-13.4007
-13.4763
-13.5418
-13.5972
-13.6424
-13.6773
-13.7018
-5.9978
-6.48886
-7.02701
-7.6092
-8.24188
-8.93244
-9.68855
-10.5197
-11.438
-12.4592
-13.6037
-14.8984
-16.3787
-18.0908
-20.0949
-22.4704
-25.2984
-28.6012
-32.598
-38.5934
-6.26817
-6.77274
-7.32139
-7.91563
-8.56206
-9.26777
-10.0406
-10.8902
-11.829
-12.873
-14.0431
-15.3663
-16.8787
-18.6267
-20.671
-23.0905
-25.9655
-29.315
-33.3503
-39.3668
-6.53998
-7.05806
-7.61733
-8.22384
-8.88428
-9.6054
-10.3952
-11.2635
-12.2231
-13.2903
-14.4862
-15.8384
-17.3832
-19.1675
-21.2521
-23.7157
-26.6373
-30.0324
-34.1044
-40.1373
-6.81272
-7.34426
-7.91423
-8.53324
-9.2079
-9.94464
-10.7515
-11.6389
-12.6195
-13.7101
-14.9321
-16.3135
-17.8909
-19.7117
-21.8367
-24.3443
-27.3122
-30.7528
-34.8625
-40.9166
-7.08597
-7.63089
-8.21163
-8.84333
-9.53242
-10.285
-11.1092
-12.0157
-13.0175
-14.1317
-15.3799
-16.7907
-18.4009
-20.2583
-22.4238
-24.9754
-27.9895
-31.4756
-35.6238
-41.7023
-7.35935
-7.91752
-8.5091
-9.15371
-9.85741
-10.6259
-11.4676
-12.3934
-13.4167
-14.5545
-15.8292
-17.2694
-18.9125
-20.8066
-23.0126
-25.6083
-28.6685
-32.1998
-36.3862
-42.49
-7.63254
-8.2038
-8.80627
-9.46396
-10.1824
-10.9671
-11.8264
-12.7716
-13.8163
-14.978
-16.2792
-17.749
-19.4252
-21.3559
-23.6025
-26.2421
-29.3482
-32.9244
-37.1482
-43.2775
-7.9053
-8.48944
-9.10282
-9.77376
-10.5072
-11.308
-12.185
-13.1497
-14.216
-15.4016
-16.7293
-18.2288
-19.938
-21.9055
-24.1926
-26.8759
-30.0276
-33.6481
-37.9086
-44.0634
-8.17747
-8.77424
-9.3985
-10.0828
-10.8313
-11.6483
-12.5431
-13.5273
-14.6152
-15.8247
-17.179
-18.708
-20.4503
-22.4545
-24.7819
-27.5087
-30.7055
-34.37
-38.6662
-44.8461
-8.44901
-9.05808
-9.69315
-10.3909
-11.1544
-11.9878
-12.9003
-13.904
-15.0133
-16.2467
-17.6275
-19.1861
-20.9612
-23.002
-25.3695
-28.1395
-31.381
-35.0886
-39.4197
-45.6242
-8.72003
-9.34101
-9.98673
-10.698
-11.4765
-12.3261
-13.2562
-14.2793
-15.41
-16.667
-18.0742
-19.6622
-21.4701
-23.5471
-25.9545
-28.7672
-32.0529
-35.803
-40.1677
-46.3961
-8.99083
-9.62319
-10.2793
-11.0039
-11.7974
-12.6629
-13.6105
-14.6527
-15.8046
-17.0852
-18.5185
-20.1356
-21.976
-24.0891
-26.5359
-29.3908
-32.7199
-36.5117
-40.909
-47.1606
-9.26187
-9.9049
-10.5709
-11.3087
-12.1168
-12.9981
-13.9628
-15.0239
-16.1967
-17.5005
-18.9597
-20.6056
-22.4782
-24.6268
-27.1126
-30.0092
-33.3811
-37.2136
-41.6421
-47.9161
-9.5339
-10.1866
-10.8618
-11.6123
-12.4346
-13.3312
-14.3126
-15.3922
-16.5855
-17.9122
-19.3969
-21.0713
-22.9756
-25.1595
-27.6837
-30.6213
-34.035
-37.9074
-42.3659
-48.6614
-9.80767
-10.4685
-11.1519
-11.9144
-12.7504
-13.6617
-14.6594
-15.757
-16.9705
-18.3195
-19.8293
-21.5318
-23.4674
-25.6859
-28.248
-31.2258
-34.6806
-38.592
-43.0791
-49.3954
-10.0841
-10.751
-11.441
-12.2146
-13.0635
-13.9889
-15.0024
-16.1176
-17.3507
-18.7217
-20.2561
-21.9862
-23.9525
-26.2051
-28.8043
-31.8215
-35.3164
-39.2659
-43.7805
-50.1171
-10.3631
-11.0329
-11.7276
-12.5114
-13.3727
-14.3118
-15.3405
-16.4729
-17.7252
-19.1177
-20.6763
-22.4334
-24.4299
-26.7159
-29.3514
-32.4071
-35.9412
-39.9279
-44.4693
-50.8258
-10.6438
-11.3116
-12.0093
-12.8031
-13.6767
-14.6293
-15.6729
-16.8219
-18.093
-19.5066
-21.0887
-22.8723
-24.8983
-27.217
-29.888
-32.9812
-36.5532
-40.5762
-45.144
-51.5215
-10.919
-11.5789
-12.2798
-13.0862
-13.9733
-14.9395
-15.9979
-17.1634
-18.4529
-19.8871
-21.4924
-23.3018
-25.3566
-27.7071
-30.4127
-33.5421
-37.1509
-41.2091
-45.8036
-52.2057
-11.17
-11.8148
-12.5347
-13.3618
-14.2632
-15.2424
-16.3151
-17.4968
-18.8042
-20.2585
-21.8862
-23.7207
-25.8036
-28.185
-30.9239
-34.0883
-37.732
-41.8235
-46.4435
-52.8801
-1.58141
-1.83547
-2.18349
-2.5726
-2.99139
-3.44523
-3.94045
-4.48297
-5.08029
-5.74268
-6.48409
-7.32355
-8.28719
-9.41105
-10.746
-12.3663
-14.3617
-16.7931
-19.9689
-25.364
-1.73442
-2.00489
-2.37135
-2.76637
-3.18857
-3.64774
-4.14985
-4.70043
-5.30713
-5.9805
-6.73473
-7.58918
-8.57043
-9.71504
-11.0744
-12.7234
-14.7516
-17.2185
-20.4265
-25.8354
-1.88174
-2.17627
-2.55586
-2.95901
-3.38894
-3.85648
-4.36751
-4.92775
-5.54522
-6.23079
-6.99901
-7.86962
-8.86965
-10.0362
-11.4212
-13.0999
-15.1616
-17.6639
-20.9033
-26.3208
-2.05131
-2.35666
-2.74445
-3.15631
-3.59541
-4.07248
-4.59352
-5.16455
-5.79391
-6.49278
-7.27605
-8.16387
-9.18373
-10.3732
-11.7849
-13.4943
-15.5906
-18.1295
-21.4037
-26.8389
-2.23219
-2.54462
-2.94023
-3.36105
-3.80964
-4.29667
-4.82837
-5.41099
-6.05312
-6.76621
-7.56548
-8.47148
-9.51218
-10.7257
-12.1651
-13.9063
-16.0383
-18.6154
-21.9271
-27.3863
-2.41854
-2.73958
-3.14352
-3.57344
-4.03179
-4.52925
-5.07221
-5.66712
-6.32278
-7.05091
-7.86707
-8.79219
-9.85471
-11.0933
-12.5616
-14.3357
-16.5047
-19.1212
-22.4715
-27.9578
-2.61189
-2.94243
-3.35461
-3.79366
-4.26205
-4.77037
-5.32512
-5.93291
-6.60278
-7.34671
-8.18057
-9.1257
-10.211
-11.4757
-12.9739
-14.7822
-16.9892
-19.6462
-23.0361
-28.5511
-2.81364
-3.15365
-3.57385
-4.02202
-4.50066
-5.02016
-5.58711
-6.20831
-6.89299
-7.6534
-8.50573
-9.47169
-10.5807
-11.8724
-13.4016
-15.2451
-17.4914
-20.1899
-23.6201
-29.165
-3.02355
-3.37309
-3.80129
-4.25862
-4.74767
-5.27862
-5.85815
-6.49321
-7.19325
-7.97076
-8.84225
-9.82983
-10.9634
-12.2831
-13.8442
-15.724
-18.0105
-20.7516
-24.2228
-29.7985
-3.24104
-3.60042
-4.03671
-4.50331
-5.00294
-5.54562
-6.13807
-6.78742
-7.50332
-8.29851
-9.18982
-10.1997
-11.3586
-12.7072
-14.3012
-16.2182
-18.546
-21.3306
-24.8434
-30.4506
-3.46567
-3.83529
-4.27981
-4.7558
-5.26623
-5.82091
-6.42662
-7.09067
-7.8229
-8.63632
-9.54807
-10.581
-11.766
-13.1443
-14.7721
-16.7273
-19.0972
-21.9261
-25.4811
-31.1201
-3.69705
-4.07729
-4.5302
-5.01576
-5.53721
-6.10415
-6.72345
-7.4026
-8.15162
-8.9838
-9.91658
-10.9733
-12.1851
-13.5939
-15.2563
-17.2505
-19.6635
-22.5374
-26.1349
-31.8061
-3.93473
-4.32596
-4.78745
-5.28276
-5.81547
-6.39497
-7.02819
-7.72281
-8.48907
-9.3405
-10.2949
-11.3759
-12.6153
-14.0553
-15.7532
-17.7873
-20.244
-23.1636
-26.8041
-32.5075
-4.17817
-4.58078
-5.05106
-5.55633
-6.10055
-6.6929
-7.34037
-8.05084
-8.83477
-9.70594
-10.6825
-11.7884
-13.056
-14.528
-16.2621
-18.3368
-20.8381
-23.8039
-27.4878
-33.2235
-4.42684
-4.84118
-5.32047
-5.83595
-6.39195
-6.99745
-7.6595
-8.38618
-9.1882
-10.0796
-11.0788
-12.2102
-13.5066
-15.0113
-16.7823
-18.8984
-21.4449
-24.4576
-28.1851
-33.9531
-4.68017
-5.1066
-5.59514
-6.12107
-6.68914
-7.30808
-7.98503
-8.7283
-9.54879
-10.4608
-11.4832
-12.6407
-13.9665
-15.5045
-17.3131
-19.4712
-22.0635
-25.1237
-28.8951
-34.6957
-4.93762
-5.37646
-5.87448
-6.41112
-6.99155
-7.62423
-8.31641
-9.07661
-9.91598
-10.8491
-11.8951
-13.0792
-14.435
-16.0068
-17.8536
-20.0543
-22.6931
-25.8012
-29.6171
-35.4505
-5.19865
-5.65018
-6.15791
-6.70554
-7.29861
-7.94533
-8.65306
-9.43053
-10.2891
-11.2437
-12.3138
-13.5249
-14.9113
-16.5176
-18.4031
-20.647
-23.3327
-26.4892
-30.3502
-36.2174
-5.46269
-5.92719
-6.44485
-7.00374
-7.60973
-8.2708
-8.99437
-9.78943
-10.6676
-11.6441
-12.7386
-13.9772
-15.3945
-17.0357
-18.9605
-21.2481
-23.9811
-27.1864
-31.0934
-36.9968
-5.72925
-6.20694
-6.73475
-7.30517
-7.92438
-8.60006
-9.33978
-10.1527
-11.0509
-12.0495
-13.1689
-14.4354
-15.8841
-17.5606
-19.525
-21.8565
-24.6371
-27.891
-31.8438
-37.7896
-1.33382
-1.12736
-0.973796
-0.837279
-0.717413
-0.611656
-0.518895
-0.438337
-0.36948
-0.311966
-0.26553
-0.229959
-0.205083
-0.190762
-0.186857
-0.193163
-0.209474
-0.235917
-0.272618
-0.319437
-1.66373
-1.48053
-1.323
-1.18126
-1.05657
-0.946354
-0.849634
-0.765609
-0.693767
-0.63373
-0.585217
-0.548006
-0.521912
-0.506784
-0.502476
-0.508819
-0.525662
-0.553006
-0.590879
-0.639148
-1.99638
-1.82106
-1.66355
-1.52067
-1.39386
-1.28146
-1.18279
-1.09715
-1.02408
-0.963211
-0.914269
-0.877033
-0.851316
-0.836962
-0.833821
-0.841742
-0.860606
-0.890368
-0.930944
-0.982385
-2.38026
-2.20329
-2.04274
-1.89691
-1.76653
-1.65063
-1.54875
-1.46033
-1.38496
-1.3223
-1.27207
-1.23405
-1.20806
-1.19392
-1.19147
-1.20059
-1.22114
-1.25304
-1.29621
-1.35062
-2.79917
-2.61975
-2.45525
-2.30549
-2.17089
-2.05095
-1.94534
-1.85363
-1.77547
-1.71057
-1.65865
-1.6195
-1.59292
-1.57874
-1.57681
-1.58697
-1.60909
-1.64308
-1.68882
-1.74629
-3.25068
-3.06805
-2.89938
-2.7453
-2.60625
-2.48206
-2.37251
-2.27731
-2.19619
-2.12886
-2.07509
-2.03468
-2.00742
-1.99315
-1.99169
-2.00292
-2.02668
-2.06285
-2.1113
-2.17196
-3.74096
-3.55361
-3.38005
-3.22104
-3.07711
-2.94827
-2.83444
-2.73542
-2.65101
-2.58098
-2.52511
-2.48322
-2.4551
-2.4406
-2.43954
-2.45178
-2.47718
-2.51558
-2.56685
-2.63094
-4.27681
-4.08326
-3.90371
-3.73892
-3.5894
-3.4553
-3.33663
-3.2333
-3.14513
-3.07197
-3.01362
-2.9699
-2.94064
-2.92566
-2.92481
-2.93793
-2.96487
-3.00547
-3.05959
-3.12719
-4.86592
-4.66473
-4.47797
-4.30632
-4.1503
-4.01013
-3.88589
-3.77756
-3.68502
-3.60816
-3.5468
-3.5008
-3.46997
-3.45417
-3.45323
-3.46699
-3.4953
-3.53799
-3.59491
-3.66604
-5.51846
-5.30806
-5.11266
-4.93287
-4.76921
-4.62194
-4.49119
-4.37698
-4.27927
-4.19795
-4.1329
-4.08398
-4.05103
-4.0339
-4.03242
-4.04646
-4.07584
-4.12038
-4.17993
-4.2545
-6.24814
-6.02673
-5.82102
-5.63156
-5.45884
-5.30315
-5.16466
-5.04345
-4.93951
-4.85276
-4.7831
-4.73042
-4.69457
-4.67541
-4.67279
-4.68654
-4.7165
-4.76249
-4.82434
-4.9021
-7.07372
-6.83917
-6.62114
-6.42011
-6.23655
-6.07079
-5.92302
-5.79335
-5.68179
-5.58832
-5.51285
-5.45529
-5.41549
-5.39333
-5.38866
-5.40132
-5.43115
-5.47794
-5.54152
-5.62199
-8.02091
-7.7707
-7.53791
-7.32296
-7.12637
-6.94844
-6.7894
-6.64939
-6.52845
-6.42657
-6.34369
-6.27974
-6.23458
-6.2081
-6.20015
-6.21058
-6.23921
-6.28582
-6.35025
-6.43263
-9.12525
-8.85629
-8.60576
-8.37403
-8.16164
-7.96892
-7.79611
-7.64336
-7.51074
-7.39827
-7.30591
-7.23358
-7.18118
-7.14859
-7.13567
-7.14228
-7.16822
-7.21326
-7.27721
-7.36028
-10.437
-10.1456
-9.87369
-9.62166
-9.39009
-9.1793
-8.98958
-8.82107
-8.67388
-8.54803
-8.44349
-8.36021
-8.29809
-8.25702
-8.23687
-8.23748
-8.25867
-8.30016
-8.36175
-8.44371
-12.0298
-11.7115
-11.4139
-11.1374
-10.8826
-10.6498
-10.4394
-10.2514
-10.0861
-9.94341
-9.82334
-9.72585
-9.65085
-9.59824
-9.56789
-9.55966
-9.57333
-9.60863
-9.66531
-9.74365
-13.9928
-13.6429
-13.315
-13.0094
-12.7269
-12.4679
-12.2326
-12.0212
-11.8338
-11.6704
-11.5311
-11.4157
-11.3243
-11.2567
-11.2128
-11.1925
-11.1955
-11.2217
-11.2707
-11.3425
-16.3875
-16.0021
-15.6396
-15.3011
-14.9872
-14.6983
-14.4346
-14.1963
-13.9834
-13.796
-13.6342
-13.4978
-13.3868
-13.3012
-13.2408
-13.2056
-13.1953
-13.2099
-13.249
-13.3117
-19.5246
-19.0995
-18.6981
-18.3231
-17.9748
-17.6531
-17.3582
-17.0899
-16.8483
-16.6334
-16.4451
-16.2836
-16.1486
-16.0403
-15.9584
-15.9029
-15.8736
-15.8709
-15.8946
-15.9426
-24.8618
-24.3916
-23.9559
-23.5514
-23.1762
-22.8292
-22.51
-22.2184
-21.9545
-21.7183
-21.5097
-21.3288
-21.1757
-21.0506
-20.9534
-20.8842
-20.8438
-20.8345
-20.8576
-20.9028
-0.376239
-0.442707
-0.518804
-0.604447
-0.699553
-0.804016
-0.917703
-1.04045
-1.17205
-1.31222
-1.46059
-1.61665
-1.77958
-1.94817
-2.12076
-2.29508
-2.46665
-2.62568
-2.75677
-2.88632
-0.697829
-0.766571
-0.845304
-0.933916
-1.0323
-1.14033
-1.25786
-1.3847
-1.5206
-1.66527
-1.81829
-1.97911
-2.14695
-2.32066
-2.49861
-2.67917
-2.86055
-3.03502
-3.18739
-3.35938
-1.04455
-1.11713
-1.20008
-1.29326
-1.39654
-1.50978
-1.63282
-1.76544
-1.90738
-2.05831
-2.21781
-2.3853
-2.56006
-2.74105
-2.9269
-3.11644
-3.30869
-3.49927
-3.68246
-3.88817
-1.4162
-1.49264
-1.57985
-1.67769
-1.78602
-1.90468
-2.03346
-2.17216
-2.32048
-2.47807
-2.64451
-2.81922
-3.00152
-3.19048
-3.38505
-3.58434
-3.78756
-3.99239
-4.19932
-4.42873
-1.8154
-1.89584
-1.98752
-2.09027
-2.20394
-2.32834
-2.46327
-2.60849
-2.76369
-2.92851
-3.10253
-3.2852
-3.47588
-3.67378
-3.87809
-4.08821
-4.3035
-4.52294
-4.74917
-4.99532
-2.24491
-2.32965
-2.42613
-2.53417
-2.65361
-2.78425
-2.92587
-3.07821
-3.24096
-3.41377
-3.5962
-3.78776
-3.98785
-4.19584
-4.4111
-4.63321
-4.86178
-5.0966
-5.34041
-5.60106
-2.7079
-2.79717
-2.89877
-3.01248
-3.13813
-3.27551
-3.42438
-3.58449
-3.75551
-3.9371
-4.12885
-4.33028
-4.54089
-4.76013
-4.98753
-5.22279
-5.46572
-5.7165
-5.97737
-6.25276
-3.20823
-3.30235
-3.40936
-3.5291
-3.66137
-3.80597
-3.96267
-4.13118
-4.3112
-4.5024
-4.70437
-4.91669
-5.13891
-5.37057
-5.6113
-5.86087
-6.1192
-6.38661
-6.66467
-6.95586
-3.75137
-3.8504
-3.96304
-4.08908
-4.22835
-4.38063
-4.54568
-4.72322
-4.91296
-5.11456
-5.32766
-5.55187
-5.78677
-6.03199
-6.28722
-6.55227
-6.82707
-7.11193
-7.40785
-7.71619
-4.34409
-4.44808
-4.56654
-4.69908
-4.84563
-5.00597
-5.17984
-5.36697
-5.56707
-5.77983
-6.00491
-6.24194
-6.49056
-6.75042
-7.02127
-7.30291
-7.59529
-7.89857
-8.21332
-8.54033
-4.99579
-5.10467
-5.22876
-5.368
-5.522
-5.69063
-5.87367
-6.07083
-6.28184
-6.5064
-6.74418
-6.99486
-7.2581
-7.5336
-7.82109
-8.12039
-8.43141
-8.75416
-9.08889
-9.4361
-5.71939
-5.83286
-5.96247
-6.10806
-6.26953
-6.44651
-6.63885
-6.8463
-7.06856
-7.30535
-7.5564
-7.82138
-8.09999
-8.39193
-8.69694
-9.01484
-9.34547
-9.68871
-10.0446
-10.4134
-6.53304
-6.65045
-6.78508
-6.93662
-7.10501
-7.29031
-7.4919
-7.70949
-7.94302
-8.19222
-8.45681
-8.73647
-9.03091
-9.33985
-9.66303
-10.0002
-10.3513
-10.7158
-11.0939
-11.4856
-7.46256
-7.58286
-7.72152
-7.87825
-8.05284
-8.2453
-8.45639
-8.68331
-8.92775
-9.18906
-9.46701
-9.7613
-10.0717
-10.3978
-10.7394
-11.0963
-11.4682
-11.8547
-12.2556
-12.6712
-8.54617
-8.66765
-8.80873
-8.96918
-9.14884
-9.34723
-9.56385
-9.80105
-10.0561
-10.3286
-10.6191
-10.9275
-11.2534
-11.5965
-11.9565
-12.3329
-12.7257
-13.1342
-13.5582
-13.9979
-9.84377
-9.9639
-10.105
-10.2668
-10.4494
-10.6523
-10.8749
-11.1176
-11.3802
-11.6635
-11.9659
-12.2876
-12.6283
-12.9872
-13.3641
-13.7591
-14.1717
-14.6016
-15.0482
-15.5115
-11.4369
-11.5525
-11.6907
-11.8513
-12.034
-12.2386
-12.4648
-12.7124
-12.9813
-13.2716
-13.5841
-13.9176
-14.2701
-14.6412
-15.0319
-15.4428
-15.8735
-16.3231
-16.7905
-17.2758
-13.3963
-13.5043
-13.6365
-13.7926
-13.9712
-14.1728
-14.3975
-14.6452
-14.9157
-15.2084
-15.5226
-15.8586
-16.2181
-16.6017
-17.0075
-17.4343
-17.8816
-18.3492
-18.836
-19.3411
-16.0129
-16.1049
-16.2209
-16.3623
-16.5306
-16.7248
-16.9443
-17.1886
-17.4574
-17.7503
-18.0667
-18.4063
-18.7693
-19.1563
-19.5671
-20.0012
-20.4583
-20.9391
-21.4436
-21.9668
-20.9446
-21.0171
-21.1203
-21.2522
-21.4115
-21.5976
-21.8098
-22.048
-22.3116
-22.6004
-22.9141
-23.2528
-23.6165
-24.0056
-24.4202
-24.8601
-25.3266
-25.8235
-26.3533
-26.8983
-27.4143
-22.5006
-19.8639
-17.779
-15.9917
-14.4533
-13.1013
-11.891
-10.7952
-9.79568
-8.8795
-8.03692
-7.26029
-6.54339
-5.88101
-5.26862
-4.70096
-4.17242
-3.69149
-3.28711
-27.9582
-23.0505
-20.4024
-18.2973
-16.4862
-14.9221
-13.5441
-12.3084
-11.1883
-10.1661
-9.22919
-8.36792
-7.57483
-6.84383
-6.16987
-5.54851
-4.97503
-4.44701
-3.97759
-3.57514
-28.5306
-23.6194
-20.958
-18.8316
-16.9954
-15.4045
-13.9994
-12.7373
-11.5921
-10.5467
-9.58844
-8.70801
-7.89796
-7.15222
-6.46572
-5.83394
-5.25225
-4.71835
-4.24181
-3.81987
-29.1273
-24.2077
-21.5309
-19.3816
-17.5187
-15.8997
-14.4665
-13.177
-12.0059
-10.9364
-9.95618
-9.05585
-8.22798
-7.4664
-6.76583
-6.12148
-5.52845
-4.98381
-4.49429
-4.05364
-29.7453
-24.8149
-22.1203
-19.9468
-18.0557
-16.4072
-14.9446
-13.6268
-12.4289
-11.3346
-10.3315
-9.41057
-8.56409
-7.78576
-7.07006
-6.41189
-5.80606
-5.24904
-4.74575
-4.28896
-30.383
-25.4415
-22.7243
-20.5262
-18.6055
-16.9261
-15.4331
-14.0858
-12.8603
-11.7403
-10.7138
-9.7715
-8.90572
-8.10994
-7.37838
-6.70566
-6.08638
-5.51666
-5.0001
-4.52925
-31.0393
-26.086
-23.3426
-21.1187
-19.1673
-17.4557
-15.931
-14.5535
-13.2994
-12.153
-11.1024
-10.1382
-9.25255
-8.43884
-7.69101
-7.00347
-6.37063
-5.78839
-5.25928
-4.77576
-31.7129
-26.7463
-23.9751
-21.7236
-19.7401
-17.9952
-16.4378
-15.0289
-13.7456
-12.5721
-11.4967
-10.5101
-9.60427
-8.77233
-8.00803
-7.30557
-6.65926
-6.06479
-5.52368
-5.02842
-32.4024
-27.421
-24.6208
-22.34
-20.3231
-18.5436
-16.9524
-15.5114
-14.198
-12.9968
-11.8963
-10.8869
-9.96055
-9.11018
-8.32933
-7.61198
-6.95231
-6.34584
-5.79316
-5.28673
-33.1066
-28.109
-25.2787
-22.9671
-20.9154
-19.1002
-17.4742
-16.0002
-14.656
-13.4267
-12.3005
-11.268
-10.321
-9.45206
-8.65462
-7.92242
-7.24951
-6.6312
-6.06719
-5.54996
-33.8243
-28.8091
-25.9478
-23.6038
-21.516
-19.664
-18.0023
-16.4945
-15.1189
-13.8609
-12.7087
-11.6529
-10.685
-9.79751
-8.98347
-8.23646
-7.55038
-6.92033
-6.34513
-5.81733
-34.5543
-29.5203
-26.627
-24.249
-22.1239
-20.2341
-18.5357
-16.9934
-15.5859
-14.2987
-13.1203
-12.041
-11.0522
-10.146
-9.31536
-8.55358
-7.85437
-7.2126
-6.62628
-6.08805
-35.2955
-30.2413
-27.315
-24.9017
-22.7381
-20.8094
-19.0736
-17.496
-16.0561
-14.7395
-13.5346
-12.4317
-11.4218
-10.4969
-9.64969
-8.87315
-8.16083
-7.50734
-6.90991
-6.36134
-36.0469
-30.9711
-28.0108
-25.5608
-23.3575
-21.3889
-19.6149
-18.0016
-16.5288
-15.1824
-13.9509
-12.8242
-11.7932
-10.8496
-9.98583
-9.19455
-8.46912
-7.80388
-7.19533
-6.63649
-36.8073
-31.7084
-28.713
-26.225
-23.9809
-21.9717
-20.1587
-18.5091
-17.003
-15.6267
-14.3683
-13.2178
-12.1657
-11.2035
-10.3231
-9.5171
-8.77857
-8.10155
-7.48185
-6.91281
-37.5755
-32.4518
-29.4203
-26.8932
-24.6073
-22.5565
-20.7039
-19.0175
-17.478
-16.0715
-14.7862
-13.6118
-12.5386
-11.5578
-10.6609
-9.84017
-9.08853
-8.3997
-7.76881
-7.18965
-38.3511
-33.2002
-30.1314
-27.5641
-25.2354
-23.1422
-21.2495
-19.526
-17.9527
-16.5158
-15.2037
-14.0054
-12.9112
-11.9118
-10.9984
-10.1631
-9.39836
-8.6977
-8.05561
-7.46641
-39.1354
-33.9532
-30.8449
-28.236
-25.8637
-23.7275
-21.7942
-20.0333
-18.4261
-16.9589
-15.6199
-14.3979
-13.2827
-12.2648
-11.3351
-10.4852
-9.70741
-8.99491
-8.34162
-7.74252
-39.9286
-34.7095
-31.5588
-28.9073
-26.4908
-24.3113
-22.3371
-20.5385
-18.8974
-17.3999
-16.034
-14.7884
-13.6525
-12.6162
-11.6702
-10.8058
-10.0151
-9.29076
-8.6263
-8.01748
-40.7181
-35.4642
-32.2714
-29.577
-27.1161
-24.893
-22.8776
-21.0413
-19.3661
-17.8384
-16.4458
-15.1767
-14.02
-12.9655
-12.0034
-11.1245
-10.3209
-9.58477
-8.90917
-8.29083
-6.77059
-4.66688
-3.3085
-2.26455
-1.53133
-0.992855
-0.606134
-0.331604
-0.140992
-0.0125869
0.0702014
0.119985
0.146321
0.156357
0.155392
0.147291
0.134861
0.120099
0.104412
0.0887642
0.0737996
0.0599282
0.0473859
0.0362921
0.0266677
0.0184927
0.011673
0.00614486
0.00173733
-0.00157575
-0.00406192
-0.00560527
-0.00666668
-0.00681467
-0.00691686
-0.00592934
-0.00550405
-0.00351035
-0.00298866
0.000101924
-7.02599
-4.84907
-3.45462
-2.37962
-1.62231
-1.06644
-0.666157
-0.381191
-0.182342
-0.0473191
0.0408864
0.0951667
0.125281
0.138516
0.140279
0.13451
0.124078
0.111029
0.096807
0.0824129
0.0685178
0.055556
0.0437851
0.033343
0.0242658
0.0165487
0.0101095
0.00489614
0.000746691
-0.00235534
-0.00467096
-0.00607698
-0.00702896
-0.00709025
-0.00712298
-0.00608323
-0.00561075
-0.0035894
-0.00302597
7.01322e-05
-7.27979
-5.03288
-3.60224
-2.49625
-1.71438
-1.14071
-0.726536
-0.430846
-0.223552
-0.0817695
0.011941
0.0707637
0.104668
0.121094
0.12556
0.12209
0.113619
0.102242
0.0894485
0.076272
0.0634135
0.0513321
0.0403066
0.0304934
0.0219445
0.0146692
0.00859712
0.00368736
-0.000213051
-0.00311153
-0.00526259
-0.00653587
-0.00738182
-0.00735915
-0.00732418
-0.00623363
-0.00571525
-0.00366703
-0.00306202
3.77061e-05
-7.53207
-5.21807
-3.75139
-2.61456
-1.80767
-1.21578
-0.787363
-0.480648
-0.264691
-0.115996
-0.0166839
0.0467338
0.0844476
0.10406
0.111209
0.11001
0.103464
0.0937254
0.0823243
0.0703318
0.0584789
0.04725
0.0369453
0.0277395
0.0197006
0.0128515
0.0071336
0.00251683
-0.00114318
-0.00384515
-0.00583719
-0.00698218
-0.00772535
-0.00762153
-0.00752052
-0.00638104
-0.0058173
-0.00374375
-0.00309682
4.38419e-06
-7.78287
-5.40451
-3.90206
-2.73468
-1.90231
-1.29176
-0.848742
-0.530687
-0.305831
-0.15006
-0.0450396
0.0230342
0.0645836
0.0873839
0.0972023
0.0982476
0.0935985
0.085464
0.0754227
0.0645828
0.0537063
0.0433035
0.0336961
0.0250775
0.0175309
0.0110933
0.00571715
0.00138312
-0.00204481
-0.00455704
-0.00639536
-0.00741637
-0.0080599
-0.00787762
-0.0077122
-0.00652557
-0.00591701
-0.0038196
-0.00313045
-2.98399e-05
-8.03221
-5.59216
-4.05425
-2.85677
-1.99846
-1.36879
-0.910785
-0.581056
-0.347052
-0.184027
-0.0731806
-0.000380478
0.0450386
0.0710347
0.0835128
0.0867831
0.0840034
0.0774439
0.0687323
0.0590157
0.0490883
0.0394867
0.0305545
0.0225035
0.0154326
0.00939217
0.00434594
0.000284814
-0.00291902
-0.00524802
-0.00693772
-0.0078389
-0.00838583
-0.00812768
-0.00789945
-0.00666736
-0.00601453
-0.00389459
-0.003163
-6.49651e-05
-8.28006
-5.78112
-4.20797
-2.98099
-2.09629
-1.44701
-0.973621
-0.631864
-0.388438
-0.217968
-0.101165
-0.0235574
0.0257737
0.0549805
0.0701148
0.0755944
0.0746614
0.0696507
0.0622413
0.0536211
0.0446173
0.0357936
0.0275155
0.0200138
0.0134027
0.00774588
0.00301819
-0.00077947
-0.00376689
-0.00591892
-0.00746489
-0.00825024
-0.00870349
-0.00837198
-0.00808244
-0.00680655
-0.00610995
-0.0039688
-0.0031945
-0.000100989
-8.52645
-5.97162
-4.36324
-3.10752
-2.19602
-1.52658
-1.03738
-0.683221
-0.430083
-0.251957
-0.129053
-0.046546
0.00674875
0.0391885
0.0569814
0.0646597
0.0655547
0.06207
0.0559381
0.0483896
0.0402858
0.032218
0.0245745
0.0176046
0.0114382
0.00615212
0.00173213
-0.00181111
-0.00458947
-0.00657054
-0.0079775
-0.00865085
-0.00901323
-0.00861077
-0.00826138
-0.00694325
-0.00620338
-0.00404227
-0.00322503
-0.000137902
-8.77138
-6.16393
-4.52001
-3.23642
-2.29779
-1.60764
-1.10219
-0.735236
-0.472077
-0.286069
-0.156907
-0.0693971
-0.0120774
0.0236253
0.0440854
0.053957
0.0566657
0.0546874
0.0498111
0.0433119
0.0360864
0.0287543
0.0217268
0.0152723
0.00953629
0.00460865
0.000486008
-0.00281144
-0.00538779
-0.00720367
-0.00847613
-0.00904119
-0.00931538
-0.00884429
-0.00843645
-0.00707759
-0.00629491
-0.00411504
-0.00325462
-0.000175688
-9.01475
-6.3581
-4.67794
-3.36754
-2.40165
-1.69026
-1.16814
-0.788
-0.514502
-0.320378
-0.184788
-0.0921603
-0.0307451
0.00825795
0.0314002
0.0434646
0.0479766
0.0474886
0.0438489
0.0383789
0.0320116
0.0253964
0.0189677
0.0130133
0.00769409
0.00311326
-0.00072188
-0.00378178
-0.00616286
-0.00781907
-0.00896136
-0.00942169
-0.00961027
-0.00907278
-0.00860781
-0.00720971
-0.00638463
-0.00418716
-0.00328332
-0.000214323
-9.25603
-6.55403
-4.83678
-3.50085
-2.50777
-1.7746
-1.23535
-0.841633
-0.557451
-0.354957
-0.212758
-0.114886
-0.0492953
-0.00694655
0.018899
0.0331609
0.0394701
0.0404598
0.0380402
0.0335814
0.0280545
0.0221387
0.0162928
0.0108239
0.00590884
0.00166379
-0.0018932
-0.00472341
-0.00691565
-0.00841749
-0.00943376
-0.00979276
-0.00989821
-0.00929648
-0.00877565
-0.0073397
-0.00647263
-0.00425866
-0.00331118
-0.000253777
-9.49459
-6.75279
-4.99768
-3.63731
-2.61694
-1.86125
-1.30424
-0.896409
-0.601106
-0.38993
-0.240906
-0.137641
-0.0677782
-0.0220268
0.00655178
0.0230224
0.0311277
0.0335861
0.0323735
0.0289104
0.0242075
0.0189755
0.0136976
0.00870068
0.00417777
0.00025809
-0.00302961
-0.00563761
-0.00764715
-0.00899967
-0.00989389
-0.0101548
-0.0101795
-0.00951561
-0.00894012
-0.00746768
-0.006559
-0.00432959
-0.00333825
-0.000294014
-9.73134
-6.9581
-5.16354
-3.77884
-2.73056
-1.95121
-1.37547
-0.95274
-0.645768
-0.425499
-0.269369
-0.160521
-0.0862634
-0.0370341
-0.00567991
0.0130199
0.0229269
0.0268504
0.0268352
0.0243553
0.0204627
0.0159004
0.0111769
0.00663975
0.0024979
-0.00110613
-0.00413287
-0.00652571
-0.00835836
-0.00956637
-0.0103423
-0.0105083
-0.0104545
-0.0097304
-0.0091014
-0.00759375
-0.00664383
-0.00439997
-0.00336458
-0.000334993
-9.96855
-7.17178
-5.33396
-3.92456
-2.84815
-2.04417
-1.44881
-1.01052
-0.691483
-0.461737
-0.298216
-0.183585
-0.104797
-0.0520058
-0.017826
0.00312951
0.0148488
0.0202376
0.0214135
0.0199068
0.0168126
0.0129075
0.00872648
0.0046376
0.000866519
-0.00243096
-0.0052046
-0.00738896
-0.00905022
-0.0101183
-0.0107796
-0.0108537
-0.0107234
-0.00994104
-0.00925963
-0.00771802
-0.00672718
-0.00446983
-0.00339019
-0.000376667
-10.2008
-7.38136
-5.49721
-4.0656
-2.96403
-2.13597
-1.5216
-1.06823
-0.737276
-0.498127
-0.327152
-0.206656
-0.123275
-0.0668779
-0.029848
-0.00662551
0.00690731
0.0137557
0.016113
0.0155674
0.0132585
0.00999745
0.00634624
0.00269408
-0.000716633
-0.0037167
-0.00624506
-0.00822759
-0.00972295
-0.0106557
-0.0112058
-0.0111909
-0.0109864
-0.0101476
-0.00941487
-0.00784052
-0.0068091
-0.00453916
-0.00341513
-0.000418978
-10.4078
-7.56781
-5.64123
-4.19373
-3.0731
-2.22317
-1.5918
-1.12475
-0.781951
-0.533945
-0.355742
-0.229463
-0.141515
-0.0815305
-0.0416645
-0.0161895
-0.000859127
0.00743172
0.0109525
0.0113501
0.0098094
0.00717655
0.00404062
0.000812204
-0.0022495
-0.00496196
-0.00725333
-0.009041
-0.0103761
-0.0111782
-0.0116209
-0.01152
-0.0112434
-0.0103501
-0.00956707
-0.0079612
-0.00688955
-0.00460794
-0.0034394
-0.000461848
-10.5965
-7.76941
-5.79987
-4.33388
-3.19315
-2.3205
-1.66921
-1.18626
-0.829285
-0.57125
-0.385365
-0.252954
-0.160174
-0.096416
-0.0535917
-0.0257862
-0.00861098
0.00114908
0.0058465
0.00719177
0.00641823
0.00440937
0.00178295
-0.00102815
-0.00374725
-0.00617815
-0.00823797
-0.00983556
-0.0110145
-0.0116893
-0.0120272
-0.0118427
-0.0114957
-0.0105493
-0.00971688
-0.00808045
-0.00696885
-0.00467627
-0.00346315
-0.000505234
-10.8684
-8.10543
-6.06147
-4.55385
-3.37073
-2.45798
-1.77382
-1.26592
-0.89091
-0.616869
-0.42054
-0.28025
-0.181458
-0.11311
-0.0667653
-0.0362434
-0.0169575
-0.00554436
0.000457494
0.00283932
0.0028948
0.00155283
-0.000534455
-0.00290786
-0.00527051
-0.00741053
-0.00923265
-0.0106362
-0.0116565
-0.0122024
-0.0124348
-0.0121661
-0.0117484
-0.0107489
-0.00986705
-0.00820004
-0.00704837
-0.00474486
-0.00348688
-0.000549287
-11.2316
-8.52384
-6.40124
-4.82004
-3.58141
-2.61956
-1.89524
-1.35705
-0.959582
-0.669125
-0.459774
-0.31022
-0.204564
-0.131047
-0.0807933
-0.0472872
-0.0257049
-0.0125096
-0.00511363
-0.00163308
-0.000705713
-0.00135149
-0.00287995
-0.00480278
-0.00680085
-0.00864514
-0.0102269
-0.0114351
-0.0122964
-0.0127138
-0.012841
-0.0124887
-0.0120007
-0.0109485
-0.0100173
-0.00832009
-0.00712809
-0.00481392
-0.00351056
-0.000594167
-11.1508
-8.52282
-6.41432
-4.84224
-3.61809
-2.65863
-1.93044
-1.38756
-0.985428
-0.690525
-0.477089
-0.324355
-0.215865
-0.140131
-0.0881245
-0.0532221
-0.0305266
-0.0164412
-0.00833133
-0.00427553
-0.00288233
-0.0031489
-0.00436687
-0.00603422
-0.00782083
-0.00948965
-0.0109248
-0.012011
-0.0127694
-0.0131019
-0.0131561
-0.0127458
-0.0122049
-0.0111151
-0.0101428
-0.00842491
-0.00719561
-0.0048774
-0.00352951
-0.000638149
-10.4005
-8.0096
-5.99651
-4.54892
-3.43023
-2.53682
-1.84893
-1.33296
-0.948716
-0.665329
-0.459327
-0.311424
-0.206327
-0.13294
-0.0826399
-0.0490174
-0.0273097
-0.0140017
-0.00651085
-0.00295023
-0.00195209
-0.00253136
-0.00399301
-0.00584679
-0.00777126
-0.00953912
-0.0110398
-0.0121678
-0.0129452
-0.013286
-0.0133316
-0.0129143
-0.0123496
-0.0112506
-0.0102454
-0.00852546
-0.00725435
-0.00494862
-0.00354298
-0.000693755
-9.4972
-7.43494
-5.59127
-4.27786
-3.27145
-2.45167
-1.80714
-1.31828
-0.950921
-0.676914
-0.475307
-0.328847
-0.22357
-0.149033
-0.0971384
-0.061771
-0.0383401
-0.0234221
-0.0144777
-0.00963397
-0.00752077
-0.00714232
-0.00778841
-0.00895318
-0.0102985
-0.0115835
-0.0126823
-0.0134801
-0.0139841
-0.0141055
-0.0139683
-0.0134112
-0.0127244
-0.0115432
-0.0104526
-0.00869375
-0.00735338
-0.00504619
-0.00356386
-0.000762372
-8.6015
-6.87617
-5.21451
-4.01264
-3.10405
-2.35678
-1.75695
-1.29608
-0.946981
-0.684045
-0.4884
-0.344686
-0.240213
-0.16525
-0.11224
-0.0754132
-0.0503966
-0.0339009
-0.0234644
-0.0172554
-0.0139216
-0.0124709
-0.0121878
-0.0125568
-0.013227
-0.0139454
-0.0145712
-0.0149797
-0.0151627
-0.0150266
-0.0146772
-0.0139576
-0.0131323
-0.0118563
-0.0106723
-0.00886824
-0.00745541
-0.00514459
-0.00358451
-0.00083287
-7.70162
-6.28591
-4.82893
-3.74474
-2.92903
-2.25439
-1.70165
-1.26991
-0.939662
-0.688399
-0.499211
-0.358603
-0.255216
-0.180075
-0.126169
-0.0880741
-0.0616408
-0.0437136
-0.03191
-0.0244411
-0.0199746
-0.0175242
-0.0163712
-0.0159927
-0.0160266
-0.0162094
-0.0163866
-0.0164252
-0.0163018
-0.0159197
-0.0153662
-0.0144908
-0.0135308
-0.012164
-0.0108875
-0.00904127
-0.00755502
-0.00524377
-0.00360355
-0.000906356
-6.82286
-5.68123
-4.43331
-3.46986
-2.74202
-2.13917
-1.63664
-1.23675
-0.927162
-0.689069
-0.507527
-0.370855
-0.269102
-0.194155
-0.139594
-0.10039
-0.072644
-0.0533538
-0.040229
-0.0315318
-0.0259548
-0.0225207
-0.0205097
-0.019393
-0.0187978
-0.0184509
-0.0181843
-0.0178571
-0.0174304
-0.0168051
-0.0160493
-0.0150201
-0.0139259
-0.01247
-0.0111007
-0.00921406
-0.00765286
-0.00534389
-0.00362105
-0.000982429
-5.98542
-5.07623
-4.02956
-3.19072
-2.54868
-2.0154
-1.56413
-1.19784
-0.910083
-0.686192
-0.513264
-0.381296
-0.28174
-0.207404
-0.152485
-0.112379
-0.083458
-0.062896
-0.0485079
-0.0386172
-0.031949
-0.0275404
-0.0246741
-0.022818
-0.0215906
-0.02071
-0.0199957
-0.019299
-0.0185659
-0.0176951
-0.016735
-0.0155507
-0.0143211
-0.012776
-0.0113126
-0.00938649
-0.00774904
-0.00544424
-0.00363712
-0.00106042
-5.20598
-4.48936
-3.62761
-2.9117
-2.35257
-1.8854
-1.48494
-1.15347
-0.888625
-0.679817
-0.516346
-0.389793
-0.292974
-0.219656
-0.164683
-0.123893
-0.0939535
-0.0722294
-0.0566537
-0.0456211
-0.0378959
-0.0325347
-0.0288267
-0.0262387
-0.0243828
-0.0229701
-0.0218081
-0.0207413
-0.0197011
-0.0185839
-0.0174188
-0.0160793
-0.0147138
-0.0130796
-0.0115219
-0.00955707
-0.00784285
-0.00554378
-0.00365178
-0.00113964
-4.49563
-3.9354
-3.23712
-2.63766
-2.15799
-1.75297
-1.40141
-1.10484
-0.863435
-0.670238
-0.51683
-0.396288
-0.302697
-0.230787
-0.176061
-0.134812
-0.104021
-0.0812561
-0.0645802
-0.0524683
-0.043731
-0.0374493
-0.0329221
-0.0296181
-0.0271448
-0.0252073
-0.0236028
-0.0221694
-0.0208246
-0.0194629
-0.0180944
-0.0166007
-0.0151003
-0.0133781
-0.0117266
-0.00972407
-0.00793354
-0.00564137
-0.00366508
-0.00121935
-3.86156
-3.42627
-2.86816
-2.37465
-1.96916
-1.62157
-1.31583
-1.05319
-0.835218
-0.65785
-0.514873
-0.400792
-0.31085
-0.240703
-0.186515
-0.145036
-0.113568
-0.0898927
-0.0722145
-0.0590962
-0.0494009
-0.0422388
-0.0369225
-0.0329249
-0.0298509
-0.0274012
-0.0253636
-0.0235706
-0.0219266
-0.0203244
-0.0187557
-0.0171103
-0.0154773
-0.0136686
-0.011925
-0.00988579
-0.00802042
-0.00573584
-0.00367717
-0.00129865
-3.30743
-2.97024
-2.52902
-2.12835
-1.79003
-1.49452
-1.23073
-1.00009
-0.804901
-0.643199
-0.51075
-0.403399
-0.317427
-0.249348
-0.195962
-0.154475
-0.122506
-0.0980596
-0.0794862
-0.0654434
-0.054853
-0.0468588
-0.0407906
-0.0361283
-0.032476
-0.0295312
-0.0270742
-0.0249318
-0.022997
-0.0211605
-0.0193969
-0.0176035
-0.0158414
-0.0139483
-0.0121154
-0.0100405
-0.00810288
-0.0058259
-0.00368827
-0.00137658
-2.83337
-2.5719
-2.22572
-1.90371
-1.62418
-1.37476
-1.14848
-0.94719
-0.7735
-0.626915
-0.504827
-0.404281
-0.32248
-0.256704
-0.204349
-0.163057
-0.13076
-0.105683
-0.0863272
-0.0714497
-0.0600348
-0.0512643
-0.0444884
-0.0391963
-0.0349937
-0.0315761
-0.0287172
-0.0262395
-0.024025
-0.0219627
-0.0200116
-0.0180752
-0.0161891
-0.0142143
-0.0122959
-0.0101864
-0.00818034
-0.00591028
-0.00369863
-0.00145208
-2.43641
-2.23238
-1.96164
-1.70416
-1.47438
-1.26468
-1.07117
-0.896052
-0.742083
-0.609699
-0.497541
-0.403681
-0.326118
-0.262796
-0.211651
-0.17073
-0.138266
-0.112697
-0.0926749
-0.0770574
-0.0648953
-0.055411
-0.0479779
-0.042097
-0.0373774
-0.0335138
-0.030275
-0.0274793
-0.0249996
-0.0227225
-0.0205931
-0.0185204
-0.0165166
-0.0144638
-0.0124648
-0.0103217
-0.00825225
-0.00598771
-0.00370853
-0.00152409
-2.11088
-1.94974
-1.73754
-1.53149
-1.34247
-1.16604
-1.00043
-0.848069
-0.711679
-0.592267
-0.489372
-0.401896
-0.328502
-0.267693
-0.217877
-0.17747
-0.14498
-0.119049
-0.0984739
-0.082214
-0.0693864
-0.0592564
-0.0512225
-0.0447993
-0.0396009
-0.0353228
-0.03173
-0.0286373
-0.0259095
-0.0234311
-0.021135
-0.018934
-0.0168205
-0.0146939
-0.0126204
-0.0104451
-0.00831812
-0.00605706
-0.00371821
-0.00159155
-1.84929
-1.7197
-1.55198
-1.38581
-1.22921
-1.07989
-0.937448
-0.804357
-0.683206
-0.575306
-0.480815
-0.399257
-0.32983
-0.271498
-0.223066
-0.183272
-0.150872
-0.124696
-0.103678
-0.0868726
-0.0734642
-0.0627607
-0.0541872
-0.0472731
-0.041639
-0.0369821
-0.0330651
-0.0296996
-0.026744
-0.0240801
-0.0216308
-0.0193113
-0.0170972
-0.014902
-0.0127611
-0.0105549
-0.00837749
-0.00611742
-0.00372786
-0.00165342
-1.64318
-1.53653
-1.40193
-1.26595
-1.13446
-1.00662
-0.882927
-0.76573
-0.657419
-0.55944
-0.472344
-0.396104
-0.330328
-0.274346
-0.227286
-0.188157
-0.155933
-0.129611
-0.108249
-0.090993
-0.077089
-0.0658873
-0.0568393
-0.04949
-0.0434676
-0.0384718
-0.0342639
-0.0306532
-0.0274926
-0.0246615
-0.0220743
-0.0196477
-0.0173435
-0.0150859
-0.0128854
-0.0106504
-0.00842991
-0.00616817
-0.00373754
-0.00170877
-1.48415
-1.39398
-1.28355
-1.1699
-1.05737
-0.946113
-0.83717
-0.732716
-0.634901
-0.545199
-0.464396
-0.392772
-0.330232
-0.276388
-0.23062
-0.192161
-0.160166
-0.133776
-0.112159
-0.0945405
-0.0802251
-0.0686021
-0.0591481
-0.0514233
-0.0450639
-0.0397729
-0.0353108
-0.0314855
-0.0281455
-0.0251677
-0.02246
-0.0199392
-0.0175565
-0.0152437
-0.012992
-0.0107307
-0.00847496
-0.00620904
-0.0037472
-0.00175669
-1.36464
-1.2861
-1.19291
-1.09538
-0.996748
-0.89791
-0.800208
-0.705623
-0.61608
-0.53302
-0.457359
-0.389572
-0.329773
-0.277779
-0.233163
-0.19533
-0.163584
-0.137181
-0.115382
-0.097484
-0.0828393
-0.0708726
-0.0610835
-0.0530465
-0.0464054
-0.0408665
-0.0361908
-0.0321846
-0.0286934
-0.0255917
-0.0227825
-0.020182
-0.0177336
-0.0153739
-0.01308
-0.0107956
-0.00851228
-0.00624017
-0.00375661
-0.00179633
-1.27858
-1.208
-1.12665
-1.04029
-0.951454
-0.861504
-0.771967
-0.684653
-0.601293
-0.523274
-0.451574
-0.386787
-0.329167
-0.278668
-0.235005
-0.19771
-0.166196
-0.139813
-0.117894
-0.0997902
-0.0848958
-0.072664
-0.0626138
-0.0543316
-0.0474681
-0.0417331
-0.0368879
-0.032738
-0.0291266
-0.0259264
-0.0230366
-0.0203726
-0.0178723
-0.015475
-0.0131484
-0.0108449
-0.00854148
-0.00626202
-0.00376555
-0.00182665
-1.22174
-1.15622
-1.08239
-1.0032
-0.920717
-0.8366
-0.752479
-0.67004
-0.590872
-0.516311
-0.44736
-0.384681
-0.328607
-0.279185
-0.23622
-0.199328
-0.168
-0.141648
-0.119656
-0.101415
-0.0863494
-0.0739332
-0.0636997
-0.0552444
-0.0482234
-0.042349
-0.0373831
-0.0331308
-0.0294338
-0.0261633
-0.0232161
-0.0205068
-0.0179697
-0.0155455
-0.013196
-0.0108784
-0.00856216
-0.00627483
-0.00377491
-0.00184559
-1.19258
-1.12955
-1.05949
-0.983912
-0.904658
-0.82352
-0.742187
-0.662275
-0.585298
-0.512557
-0.445065
-0.38351
-0.328269
-0.279432
-0.236848
-0.200181
-0.168958
-0.142628
-0.1206
-0.102288
-0.0871322
-0.0746176
-0.0642857
-0.0557373
-0.0486314
-0.0426816
-0.0376504
-0.0333427
-0.0295993
-0.0262908
-0.0233125
-0.0205787
-0.0180218
-0.015583
-0.0132212
-0.0108958
-0.0085738
-0.0062782
-0.00378707
-0.00185036
-12.4652
-12.4523
-12.4313
-12.4021
-12.3647
-12.3194
-12.2662
-12.2051
-12.1363
-12.0598
-11.9756
-11.8839
-11.7845
-11.6774
-11.5622
-11.439
-11.3044
-11.1637
-11.0031
-10.9277
-10.9205
-10.9062
-10.8861
-10.8602
-10.829
-10.7927
-10.7517
-10.7059
-10.6557
-10.601
-10.5422
-10.4792
-10.4121
-10.3409
-10.2651
-10.1854
-10.0991
-10.0142
-9.91639
-9.89281
-9.55251
-9.53416
-9.51317
-9.48953
-9.463
-9.4336
-9.40148
-9.36679
-9.32967
-9.29021
-9.24849
-9.20457
-9.15844
-9.11019
-9.0595
-9.00705
-8.9507
-8.8967
-8.83345
-8.83168
-8.31704
-8.29914
-8.2797
-8.25868
-8.23599
-8.21166
-8.18585
-8.1587
-8.13035
-8.1009
-8.07044
-8.03907
-8.00688
-7.97398
-7.94028
-7.90633
-7.87091
-7.83886
-7.80312
-7.81717
-7.21337
-7.19689
-7.17944
-7.16111
-7.14191
-7.12195
-7.10136
-7.08027
-7.05881
-7.03711
-7.01529
-6.99348
-6.9718
-6.95041
-6.92932
-6.90897
-6.88871
-6.87168
-6.85337
-6.87234
-6.23362
-6.21894
-6.20372
-6.18805
-6.17201
-6.15568
-6.13919
-6.12265
-6.10618
-6.0899
-6.07394
-6.05842
-6.04347
-6.02922
-6.01576
-6.00335
-5.99171
-5.98281
-5.97416
-5.99297
-5.37162
-5.3589
-5.34585
-5.33257
-5.31911
-5.30556
-5.29202
-5.2786
-5.26541
-5.25257
-5.24018
-5.22839
-5.2173
-5.20705
-5.19775
-5.18962
-5.18258
-5.17781
-5.17407
-5.18964
-4.62148
-4.61063
-4.59952
-4.5882
-4.57674
-4.56521
-4.55371
-4.54233
-4.53116
-4.52033
-4.50993
-4.50008
-4.49089
-4.48249
-4.47499
-4.46854
-4.46319
-4.45956
-4.45719
-4.46776
-3.97649
-3.96731
-3.95783
-3.94808
-3.93811
-3.92801
-3.91784
-3.90769
-3.89765
-3.88782
-3.87828
-3.86913
-3.86049
-3.85245
-3.84513
-3.83864
-3.83307
-3.82876
-3.82561
-3.83074
-3.42925
-3.42147
-3.41329
-3.40474
-3.39585
-3.38671
-3.37737
-3.3679
-3.35838
-3.34889
-3.33952
-3.33034
-3.32145
-3.31294
-3.3049
-3.29744
-3.29063
-3.28467
-3.27959
-3.2796
-2.97139
-2.96472
-2.95755
-2.94989
-2.94177
-2.93326
-2.92441
-2.91528
-2.90594
-2.89645
-2.88688
-2.8773
-2.8678
-2.85844
-2.84931
-2.84049
-2.83206
-2.82412
-2.81671
-2.81238
-2.59363
-2.58782
-2.58143
-2.57443
-2.56686
-2.55877
-2.55022
-2.54126
-2.53193
-2.5223
-2.51242
-2.50236
-2.49217
-2.48193
-2.4717
-2.46154
-2.45153
-2.44172
-2.4321
-2.42441
-2.28619
-2.28102
-2.27518
-2.26867
-2.2615
-2.25374
-2.24541
-2.23655
-2.22722
-2.21746
-2.20732
-2.19685
-2.1861
-2.17513
-2.164
-2.15276
-2.14146
-2.13015
-2.11876
-2.10868
-2.03929
-2.03462
-2.02912
-2.02295
-2.01612
-2.00863
-2.0005
-1.99176
-1.98247
-1.97266
-1.96237
-1.95165
-1.94055
-1.9291
-1.91736
-1.90538
-1.8932
-1.88085
-1.86824
-1.85657
-1.84349
-1.83917
-1.83406
-1.82822
-1.82166
-1.81441
-1.80647
-1.7979
-1.78871
-1.77895
-1.76865
-1.75785
-1.74659
-1.73491
-1.72285
-1.71046
-1.69778
-1.68482
-1.67151
-1.65887
-1.69083
-1.68678
-1.68196
-1.67638
-1.67007
-1.66304
-1.65532
-1.64693
-1.63791
-1.62828
-1.61807
-1.60733
-1.59609
-1.58437
-1.57223
-1.55969
-1.54681
-1.53357
-1.51996
-1.50675
-1.57449
-1.57065
-1.56605
-1.56069
-1.5546
-1.5478
-1.54029
-1.53212
-1.52329
-1.51384
-1.50381
-1.49321
-1.48208
-1.47046
-1.45837
-1.44586
-1.43295
-1.41967
-1.406
-1.39248
-1.48954
-1.48587
-1.48145
-1.47628
-1.47039
-1.46379
-1.45649
-1.44852
-1.43991
-1.43066
-1.42081
-1.41039
-1.39943
-1.38795
-1.37598
-1.36356
-1.35072
-1.33747
-1.32384
-1.31012
-1.43265
-1.4291
-1.42481
-1.41979
-1.41406
-1.40762
-1.4005
-1.39271
-1.38427
-1.3752
-1.36552
-1.35527
-1.34445
-1.33311
-1.32127
-1.30894
-1.29618
-1.28299
-1.2694
-1.25554
-1.40336
-1.39991
-1.39573
-1.39084
-1.38525
-1.37896
-1.372
-1.36436
-1.35608
-1.34716
-1.33763
-1.32749
-1.31679
-1.30552
-1.29373
-1.28143
-1.26864
-1.2554
-1.24172
-1.22764
-10.903
-11.2365
-11.2628
-11.4008
-11.5529
-11.6687
-11.7721
-11.8729
-11.9672
-12.0533
-12.1316
-12.2023
-12.2651
-12.3196
-12.3658
-12.4035
-12.4329
-12.4538
-12.4662
-12.4701
-10.1103
-10.3396
-10.1886
-10.214
-10.331
-10.4174
-10.4812
-10.5467
-10.613
-10.6739
-10.7282
-10.7764
-10.8186
-10.8544
-10.8837
-10.9064
-10.9226
-10.9321
-10.9348
-10.9309
-9.15396
-9.3527
-9.14238
-9.11873
-9.22475
-9.30573
-9.34883
-9.38721
-9.42847
-9.46609
-9.4972
-9.52277
-9.54375
-9.56023
-9.57214
-9.57951
-9.58246
-9.5811
-9.57557
-9.56603
-8.19693
-8.38927
-8.16461
-8.10264
-8.18368
-8.25178
-8.27667
-8.29109
-8.31004
-8.3291
-8.34381
-8.35425
-8.3616
-8.36619
-8.36788
-8.36659
-8.36235
-8.35523
-8.34529
-8.33255
-7.2824
-7.45493
-7.23691
-7.14883
-7.20038
-7.25307
-7.26644
-7.26629
-7.27049
-7.27752
-7.28245
-7.28423
-7.28375
-7.28152
-7.27748
-7.27149
-7.26353
-7.25367
-7.24196
-7.2285
-6.40607
-6.54616
-6.3495
-6.25421
-6.28274
-6.32182
-6.32954
-6.32325
-6.31976
-6.31989
-6.31946
-6.31682
-6.31241
-6.3068
-6.30003
-6.292
-6.28268
-6.2721
-6.26035
-6.24751
-5.57296
-5.68051
-5.51575
-5.42902
-5.44365
-5.47204
-5.47723
-5.46988
-5.46366
-5.46057
-5.45768
-5.45333
-5.44761
-5.44098
-5.43356
-5.4253
-5.41616
-5.40617
-5.39537
-5.38384
-4.80278
-4.88457
-4.75614
-4.6858
-4.69319
-4.71349
-4.71747
-4.7114
-4.70536
-4.70155
-4.69811
-4.69373
-4.68831
-4.68215
-4.67538
-4.66798
-4.65991
-4.65118
-4.64184
-4.63193
-4.11403
-4.17718
-4.08351
-4.03106
-4.03504
-4.0495
-4.05297
-4.04906
-4.04469
-4.04167
-4.03892
-4.03551
-4.03129
-4.02642
-4.021
-4.01501
-4.00843
-4.00126
-3.99353
-3.98527
-3.5158
-3.56549
-3.50155
-3.46537
-3.46826
-3.47893
-3.48253
-3.48105
-3.47896
-3.47753
-3.47615
-3.47421
-3.47159
-3.46834
-3.46452
-3.46011
-3.45511
-3.44951
-3.44332
-3.43656
-3.00903
-3.04873
-3.00846
-2.9859
-2.98918
-2.99784
-3.00208
-3.00296
-3.00319
-3.00359
-3.0038
-3.00345
-3.00244
-3.00079
-2.99851
-2.9956
-2.99204
-2.98783
-2.98298
-2.97749
-2.58979
-2.62194
-2.59941
-2.58753
-2.59199
-2.59987
-2.60499
-2.60789
-2.61015
-2.61222
-2.6139
-2.61498
-2.61538
-2.61511
-2.61415
-2.61249
-2.61013
-2.60706
-2.60328
-2.5988
-2.2508
-2.27716
-2.26709
-2.26304
-2.26883
-2.27659
-2.28257
-2.28703
-2.29083
-2.29423
-2.2971
-2.29931
-2.30081
-2.3016
-2.30166
-2.30097
-2.29953
-2.29733
-2.29437
-2.29065
-1.98235
-2.00414
-2.00231
-2.00358
-2.01048
-2.01836
-2.02501
-2.03053
-2.0354
-2.03973
-2.04343
-2.04645
-2.04873
-2.05027
-2.05105
-2.05105
-2.05027
-2.0487
-2.04635
-2.04321
-1.77365
-1.79182
-1.79507
-1.79973
-1.8074
-1.81539
-1.82246
-1.82862
-1.83413
-1.83902
-1.84325
-1.84676
-1.84953
-1.85154
-1.85278
-1.85323
-1.85288
-1.85174
-1.84979
-1.84704
-1.6144
-1.6297
-1.63592
-1.64258
-1.65065
-1.65866
-1.66591
-1.67239
-1.67821
-1.68338
-1.68787
-1.69165
-1.69468
-1.69696
-1.69846
-1.69918
-1.69911
-1.69824
-1.69657
-1.6941
-1.49572
-1.50883
-1.51664
-1.52437
-1.53258
-1.54051
-1.54776
-1.55432
-1.56023
-1.56549
-1.57006
-1.57393
-1.57707
-1.57946
-1.58109
-1.58195
-1.58203
-1.58132
-1.57983
-1.57755
-1.41078
-1.42229
-1.43088
-1.43912
-1.44732
-1.45509
-1.46225
-1.46876
-1.47463
-1.47986
-1.48441
-1.48827
-1.49142
-1.49383
-1.4955
-1.49642
-1.49658
-1.49597
-1.4946
-1.49245
-1.35497
-1.36543
-1.37434
-1.38278
-1.39089
-1.39849
-1.40552
-1.41192
-1.41771
-1.42285
-1.42733
-1.43112
-1.43422
-1.43661
-1.43827
-1.4392
-1.43939
-1.43883
-1.43752
-1.43546
-1.32644
-1.33644
-1.34552
-1.35405
-1.36211
-1.36963
-1.37657
-1.38289
-1.3886
-1.39366
-1.39806
-1.40179
-1.40483
-1.40717
-1.4088
-1.40971
-1.4099
-1.40936
-1.40809
-1.40609
0.404453
0.398957
0.385298
0.362188
0.328095
0.280648
0.216519
0.131192
0.0185924
-0.129371
-0.323447
-0.57762
-0.910537
-1.34573
-1.91614
-2.66219
-3.6436
-4.95129
-6.64753
-9.23092
0.347226
0.341383
0.327433
0.303757
0.268902
0.220557
0.155452
0.0691639
-0.044232
-0.192613
-0.386399
-0.639164
-0.968732
-1.39795
-1.9566
-2.68551
-3.62662
-4.88763
-6.4266
-8.73161
0.287846
0.28207
0.268294
0.244753
0.210111
0.162214
0.0979818
0.0132652
-0.0974681
-0.241544
-0.428581
-0.67109
-0.985079
-1.39156
-1.91461
-2.59441
-3.44665
-4.59372
-5.9008
-7.82113
0.226307
0.2205
0.206745
0.183234
0.148736
0.101275
0.0379989
-0.0449151
-0.152517
-0.291455
-0.470334
-0.700383
-0.995284
-1.37416
-1.85384
-2.47484
-3.22679
-4.23592
-5.34948
-6.92016
0.162879
0.15701
0.143236
0.119747
0.0853968
0.0383862
-0.0239076
-0.104977
-0.209381
-0.343082
-0.513628
-0.730993
-1.00636
-1.35729
-1.7933
-2.35483
-3.01596
-3.88661
-4.86274
-6.13911
0.0978975
0.0920053
0.0782876
0.0549617
0.0209573
-0.0253423
-0.0863164
-0.165119
-0.265809
-0.393665
-0.555164
-0.75908
-1.01412
-1.3363
-1.7295
-2.23046
-2.81347
-3.55152
-4.4135
-5.4476
0.0317541
0.0258884
0.0123226
-0.0106709
-0.0440804
-0.0893339
-0.148548
-0.224519
-0.320787
-0.441934
-0.593362
-0.782627
-1.01624
-1.30804
-1.65941
-2.09776
-2.61084
-3.22456
-3.9707
-4.80442
-0.0350858
-0.0408788
-0.0541974
-0.0766916
-0.109263
-0.153146
-0.210184
-0.282801
-0.37401
-0.487686
-0.628214
-0.801821
-1.01344
-1.27357
-1.58465
-1.96025
-2.40697
-2.90849
-3.53538
-4.20209
-0.102078
-0.107751
-0.120724
-0.142553
-0.174048
-0.216253
-0.270735
-0.339546
-0.42519
-0.530832
-0.659976
-0.817378
-1.00718
-1.23555
-1.50822
-1.82441
-2.20653
-2.61215
-3.12401
-3.65136
-0.168599
-0.174105
-0.186633
-0.207633
-0.237821
-0.278059
-0.329645
-0.394268
-0.473961
-0.571201
-0.68878
-0.829934
-0.998539
-1.19651
-1.43262
-1.69595
-2.01602
-2.34303
-2.75148
-3.16342
-0.23395
-0.239243
-0.251232
-0.271249
-0.299922
-0.337938
-0.386342
-0.446484
-0.519974
-0.608652
-0.714734
-0.840101
-0.988408
-1.15852
-1.36016
-1.57861
-1.84147
-2.10498
-2.4257
-2.74352
-0.297366
-0.302405
-0.313769
-0.332674
-0.359656
-0.395246
-0.44026
-0.49574
-0.562924
-0.643107
-0.737997
-0.848484
-0.977685
-1.12313
-1.29313
-1.47432
-1.68711
-1.89916
-2.14856
-2.39148
-0.358022
-0.362772
-0.373444
-0.391136
-0.416299
-0.449328
-0.490837
-0.541602
-0.602539
-0.674517
-0.758764
-0.855598
-0.967269
-1.09133
-1.2334
-1.38375
-1.55481
-1.72518
-1.91838
-2.10347
-0.415044
-0.419481
-0.429416
-0.445833
-0.469109
-0.499522
-0.537516
-0.583648
-0.638566
-0.702825
-0.777218
-0.8618
-0.957886
-1.06364
-1.18203
-1.30688
-1.44445
-1.58148
-1.73142
-1.87307
-0.467509
-0.471622
-0.480805
-0.495935
-0.517324
-0.545158
-0.579742
-0.621463
-0.670749
-0.727941
-0.793475
-0.867297
-0.949964
-1.04024
-1.13922
-1.2432
-1.35463
-1.46548
-1.58278
-1.69243
-0.51445
-0.518243
-0.526691
-0.540576
-0.560156
-0.585548
-0.616949
-0.654616
-0.698816
-0.749735
-0.80756
-0.872172
-0.94364
-1.02111
-1.10462
-1.19189
-1.28333
-1.37405
-1.46717
-1.55359
-0.554831
-0.558326
-0.566094
-0.578837
-0.596771
-0.619963
-0.648531
-0.68264
-0.722442
-0.768018
-0.819395
-0.876403
-0.938849
-1.00607
-1.07759
-1.15189
-1.22841
-1.30405
-1.37966
-1.44948
-0.587506
-0.590743
-0.597929
-0.609698
-0.62624
-0.647585
-0.6738
-0.704986
-0.741221
-0.782516
-0.828806
-0.879881
-0.935427
-0.994854
-1.05751
-1.12221
-1.18803
-1.25282
-1.31621
-1.37453
-0.611139
-0.614181
-0.620926
-0.631962
-0.647459
-0.667431
-0.691911
-0.720959
-0.75461
-0.792834
-0.835516
-0.882422
-0.93319
-0.987258
-1.04392
-1.10216
-1.16093
-1.21857
-1.2741
-1.32505
-0.624059
-0.626993
-0.633491
-0.644111
-0.659021
-0.678226
-0.701743
-0.729611
-0.761844
-0.798394
-0.839126
-0.883792
-0.932014
-0.983245
-1.03677
-1.09164
-1.14677
-1.20074
-1.25231
-1.29956
1.12152
1.11969
1.11482
1.106
1.09222
1.07173
1.04222
1.0005
0.942488
0.862667
0.754355
0.60813
0.413684
0.153779
-0.186343
-0.642918
-1.23654
-2.05269
-3.13793
-4.67198
1.08301
1.08094
1.07545
1.06579
1.05087
1.02894
0.997659
0.953794
0.893181
0.810216
0.698072
0.547121
0.346749
0.0793884
-0.270574
-0.739403
-1.35096
-2.18786
-3.30995
-4.88256
1.04475
1.04245
1.03636
1.02586
1.00981
0.986466
0.953425
0.907418
0.844211
0.758095
0.642095
0.486383
0.280014
0.00512929
-0.354832
-0.836022
-1.4658
-2.32359
-3.48314
-5.09386
1.00677
1.00425
0.997557
0.98624
0.969093
0.944338
0.909554
0.861415
0.795617
0.706345
0.586466
0.42596
0.213522
-0.0689559
-0.439076
-0.932723
-1.58103
-2.45976
-3.65747
-5.30556
0.96908
0.966346
0.959082
0.946965
0.928732
0.90259
0.866078
0.81582
0.747434
0.655002
0.531222
0.365888
0.147305
-0.142836
-0.523277
-1.02947
-1.69661
-2.59626
-3.83286
-5.51728
0.93171
0.928771
0.920954
0.908057
0.88876
0.86125
0.823029
0.770666
0.699697
0.604099
0.476395
0.306196
0.081393
-0.216488
-0.607417
-1.12625
-1.81254
-2.73301
-4.00926
-5.72869
0.894672
0.891539
0.883194
0.869541
0.849203
0.820348
0.780436
0.725982
0.652437
0.553669
0.422015
0.246913
0.0158075
-0.289897
-0.691486
-1.22306
-1.92884
-2.86999
-4.18667
-5.93954
0.857983
0.85467
0.845825
0.83144
0.810087
0.779911
0.738329
0.681798
0.605683
0.503739
0.36811
0.18806
-0.0494316
-0.363053
-0.775481
-1.3199
-2.04552
-3.00719
-4.3651
-6.14964
0.821658
0.818181
0.808867
0.793778
0.771436
0.739964
0.696733
0.638142
0.559462
0.454335
0.314704
0.129658
-0.114309
-0.435954
-0.859404
-1.4168
-2.1626
-3.14462
-4.54451
-6.35886
0.785712
0.782087
0.77234
0.756574
0.733274
0.700532
0.655675
0.595039
0.5138
0.405482
0.261817
0.0717224
-0.178814
-0.508602
-0.943259
-1.51379
-2.28009
-3.28236
-4.72486
-6.56723
0.750158
0.746405
0.73626
0.719851
0.695621
0.661638
0.615177
0.552512
0.468718
0.357199
0.209469
0.0142641
-0.242939
-0.581009
-1.02706
-1.61093
-2.39799
-3.42053
-4.90595
-6.77493
0.715006
0.711148
0.700646
0.683625
0.658499
0.623302
0.57526
0.510583
0.424238
0.309506
0.157674
-0.0427088
-0.306681
-0.653194
-1.11081
-1.7083
-2.51628
-3.55934
-5.08748
-6.98245
0.680269
0.676331
0.665514
0.647916
0.621927
0.585545
0.535946
0.469271
0.380379
0.262418
0.106446
-0.0991918
-0.370041
-0.72518
-1.19453
-1.80599
-2.63493
-3.69909
-5.26891
-7.19062
0.645954
0.641964
0.630877
0.61274
0.585922
0.548385
0.497254
0.428594
0.337157
0.215949
0.0557941
-0.155184
-0.433024
-0.797
-1.27825
-1.90411
-2.75387
-3.8402
-5.44944
-7.40088
0.612069
0.608057
0.596749
0.57811
0.550498
0.511838
0.459197
0.388569
0.294587
0.17011
0.00572585
-0.210688
-0.495641
-0.868688
-1.36198
-2.0028
-2.87302
-3.98316
-5.62796
-7.6153
0.57862
0.574617
0.563135
0.544032
0.515662
0.475908
0.421782
0.349199
0.252672
0.124904
-0.0437604
-0.265713
-0.557907
-0.940287
-1.44577
-2.10217
-2.9923
-4.12856
-5.80314
-7.83719
0.545617
0.541664
0.530064
0.510538
0.481447
0.440632
0.385044
0.310515
0.211437
0.0803455
-0.092659
-0.320264
-0.619841
-1.01184
-1.52966
-2.20237
-3.11167
-4.27688
-5.9731
-8.07012
0.513077
0.509255
0.497628
0.477753
0.448007
0.406185
0.349174
0.272718
0.171076
0.0366085
-0.14083
-0.374246
-0.681392
-1.08332
-1.61367
-2.30347
-3.23128
-4.42906
-6.13799
-8.32323
0.480986
0.477365
0.465807
0.445662
0.41534
0.372586
0.314219
0.235883
0.131692
-0.00618929
-0.188165
-0.427587
-0.742559
-1.15482
-1.69795
-2.40544
-3.35075
-4.58342
-6.29256
-8.59421
0.449162
0.445406
0.433638
0.412946
0.381784
0.337851
0.277906
0.197505
0.0906346
-0.0507291
-0.237258
-0.482717
-0.805653
-1.22877
-1.78581
-2.51362
-3.48064
-4.75822
-6.4776
-8.94974
1.91055
1.91128
1.91583
1.92268
1.93087
1.93878
1.94431
1.94478
1.93683
1.91631
1.87824
1.81656
1.72403
1.5915
1.40794
1.15671
0.816671
0.374167
-0.205205
-1.1674
1.87155
1.87199
1.87597
1.88171
1.88833
1.89417
1.89714
1.89448
1.88274
1.85764
1.81398
1.74539
1.6442
1.50055
1.30269
1.03324
0.669095
0.190101
-0.400991
-1.38752
1.83256
1.83321
1.83716
1.84241
1.8482
1.85286
1.85432
1.84984
1.83601
1.80856
1.76234
1.69101
1.58699
1.44056
1.24028
0.969276
0.605323
0.120486
-0.456018
-1.44986
1.7934
1.79421
1.79806
1.80282
1.80781
1.81138
1.81145
1.80532
1.78958
1.76002
1.71149
1.6377
1.53115
1.38217
1.17959
0.906531
0.542256
0.0479714
-0.531097
-1.55366
1.75406
1.75491
1.75853
1.76268
1.76675
1.76908
1.76759
1.75959
1.74166
1.70956
1.65811
1.58092
1.47043
1.31676
1.10857
0.828236
0.456458
-0.0572629
-0.653505
-1.69975
1.71457
1.71541
1.71873
1.72221
1.7253
1.7263
1.72317
1.71318
1.6929
1.65803
1.60334
1.52229
1.40718
1.24778
1.03258
0.74271
0.360907
-0.173648
-0.78885
-1.85023
1.67497
1.67576
1.67874
1.68153
1.68359
1.68326
1.67847
1.66647
1.64381
1.60614
1.54816
1.46319
1.3434
1.1782
0.955994
0.656598
0.265285
-0.287671
-0.922382
-2.00082
1.63527
1.636
1.63858
1.64065
1.64168
1.63999
1.63351
1.61949
1.59444
1.55396
1.49268
1.40379
1.27931
1.10832
0.879219
0.570357
0.16962
-0.400682
-1.05818
-2.15824
1.59551
1.59613
1.59828
1.59959
1.59956
1.5965
1.58832
1.57225
1.54479
1.50146
1.43683
1.34394
1.21468
1.03773
0.801527
0.482788
0.0717114
-0.516216
-1.19991
-2.32396
1.5557
1.55619
1.55787
1.55841
1.55728
1.55282
1.54292
1.52479
1.49488
1.44866
1.38061
1.28362
1.14944
0.966291
0.722668
0.393529
-0.0290365
-0.634876
-1.34696
-2.49646
1.51587
1.5162
1.51738
1.51711
1.51488
1.509
1.49736
1.47713
1.44475
1.3956
1.32408
1.2229
1.08368
0.894126
0.642794
0.302872
-0.132142
-0.755909
-1.49786
-2.67469
1.47604
1.4762
1.47684
1.47576
1.4724
1.46508
1.45168
1.42935
1.39446
1.34234
1.26731
1.16186
1.01749
0.821376
0.562093
0.211141
-0.237129
-0.878845
-1.65191
-2.85825
1.43623
1.4362
1.43628
1.43436
1.42986
1.42109
1.40592
1.38146
1.34406
1.28895
1.21035
1.10057
0.950957
0.748142
0.480684
0.118512
-0.343766
-1.0036
-1.8089
-3.04678
1.39647
1.39624
1.39574
1.39297
1.38732
1.37709
1.36013
1.33354
1.29359
1.23546
1.15326
1.03909
0.884141
0.674502
0.398646
0.0250886
-0.451904
-1.13013
-1.96857
-3.23975
1.35678
1.35634
1.35524
1.35161
1.3448
1.3331
1.31435
1.28561
1.24311
1.18193
1.09609
0.977467
0.817105
0.600531
0.316059
-0.0690293
-0.561373
-1.25832
-2.13062
-3.43664
1.31719
1.31652
1.31481
1.31032
1.30234
1.28917
1.26862
1.23772
1.19265
1.1284
1.03889
0.915773
0.749913
0.526306
0.233011
-0.163736
-0.671983
-1.388
-2.29473
-3.63693
1.27772
1.27683
1.27449
1.26913
1.25998
1.24534
1.22299
1.18993
1.14228
1.07494
0.981722
0.854061
0.682626
0.451902
0.149585
-0.258931
-0.783553
-1.51899
-2.46065
-3.84012
1.23839
1.23727
1.2343
1.22807
1.21775
1.20164
1.17749
1.14226
1.09203
1.02159
0.924635
0.792388
0.615305
0.377385
0.0658645
-0.354524
-0.895925
-1.65112
-2.62814
-4.04572
1.19924
1.19788
1.19427
1.18717
1.17569
1.15811
1.13217
1.09478
1.04195
0.968395
0.867678
0.730806
0.548004
0.302819
-0.0180771
-0.450436
-1.00896
-1.78422
-2.79698
-4.25324
1.16027
1.15867
1.15444
1.14647
1.13384
1.1148
1.08707
1.04751
0.992089
0.915404
0.8109
0.669369
0.480777
0.228263
-0.102171
-0.546593
-1.12254
-1.91814
-2.96697
-4.46217
3.45159
3.45634
3.46663
3.48292
3.50472
3.53111
3.56105
3.59352
3.62745
3.66177
3.69546
3.72761
3.75744
3.78435
3.80792
3.82792
3.84429
3.85708
3.86641
3.87244
3.4303
3.43519
3.44581
3.46263
3.48517
3.51249
3.54357
3.57738
3.61285
3.6489
3.68451
3.71873
3.75076
3.77996
3.80587
3.82818
3.84679
3.86166
3.87274
3.88015
3.3915
3.39663
3.4078
3.42552
3.44929
3.47819
3.5112
3.54728
3.58537
3.62437
3.66324
3.70101
3.73682
3.76997
3.79991
3.82625
3.84877
3.8673
3.88143
3.89107
3.33816
3.34359
3.35543
3.37423
3.39952
3.43034
3.46569
3.50456
3.54586
3.5885
3.63141
3.67357
3.71409
3.75218
3.7872
3.81864
3.84614
3.86942
3.88747
3.89917
3.27276
3.27851
3.29103
3.31096
3.3378
3.37062
3.40841
3.45017
3.49483
3.54128
3.58842
3.63523
3.68073
3.72409
3.76455
3.80147
3.83437
3.86294
3.88565
3.89719
3.19751
3.20354
3.21669
3.23765
3.26592
3.30055
3.34058
3.38499
3.43273
3.48269
3.53375
3.58485
3.635
3.68327
3.72883
3.7709
3.80884
3.84203
3.86888
3.88171
3.11444
3.12068
3.13433
3.15612
3.18553
3.22163
3.26344
3.30998
3.36018
3.41294
3.46713
3.52168
3.57554
3.62775
3.67739
3.72358
3.76558
3.80265
3.83019
3.84466
3.02544
3.03182
3.0458
3.06813
3.0983
3.13534
3.17831
3.22623
3.27801
3.33256
3.38872
3.44541
3.50156
3.55615
3.60819
3.65672
3.70099
3.73951
3.76578
3.7786
2.93227
2.93869
2.9528
2.97537
3.00583
3.04323
3.08662
3.13501
3.18732
3.2424
3.29909
3.35628
3.41285
3.46776
3.51992
3.5683
3.61205
3.649
3.67036
3.67766
2.83653
2.8429
2.85694
2.8794
2.90968
2.94681
2.98984
3.03774
3.0894
3.14363
3.19923
3.25503
3.30986
3.3626
3.41208
3.45713
3.49687
3.52815
3.53951
3.53644
2.73968
2.74591
2.75967
2.7817
2.81132
2.84757
2.88944
2.93589
2.98572
3.03768
3.09049
3.14287
3.19358
3.24139
3.28497
3.32297
3.35441
3.37497
3.36999
3.35022
2.64296
2.64897
2.66229
2.68357
2.71211
2.74689
2.78689
2.83095
2.87782
2.92612
2.97444
3.02138
3.06553
3.10547
3.13965
3.16643
3.18469
3.18864
3.15967
3.11511
2.54746
2.55318
2.56589
2.58617
2.61325
2.64606
2.68352
2.72439
2.76726
2.81061
2.85285
2.89238
2.92755
2.95667
2.97784
2.98895
2.98868
2.9695
2.90772
2.82822
2.45405
2.45942
2.4714
2.49047
2.51577
2.5462
2.58058
2.61754
2.65551
2.69278
2.72752
2.75783
2.78176
2.79722
2.8018
2.79265
2.76824
2.71907
2.6146
2.48772
2.36342
2.3684
2.37957
2.39726
2.42054
2.44825
2.47911
2.5116
2.54395
2.5742
2.60021
2.61973
2.63037
2.62954
2.6141
2.58017
2.52592
2.43991
2.2823
2.09308
2.2761
2.28067
2.29096
2.30716
2.32825
2.35301
2.38003
2.40762
2.43378
2.45626
2.47257
2.47999
2.4756
2.45618
2.41765
2.3547
2.26491
2.13553
1.91427
1.64505
2.19247
2.1966
2.20598
2.22062
2.23941
2.26106
2.28404
2.30645
2.32604
2.34022
2.34607
2.34036
2.31951
2.27949
2.21515
2.11928
1.98834
1.80979
1.51582
1.14599
2.11282
2.11653
2.12502
2.13805
2.15447
2.17292
2.19171
2.20876
2.22153
2.22708
2.22202
2.2025
2.16419
2.10211
2.00992
1.87807
1.70065
1.46697
1.0932
0.598471
2.03731
2.04075
2.04854
2.06007
2.07419
2.08944
2.10398
2.11552
2.12123
2.11777
2.10124
2.06713
2.01023
1.92442
1.80202
1.631
1.40141
1.10635
0.653757
0.0072031
1.96574
1.96862
1.9756
1.98557
1.99743
2.00963
2.02017
2.02651
2.02551
2.01339
1.98566
1.93702
1.86129
1.75094
1.59679
1.38423
1.09698
0.726786
0.193031
-0.637929
3.8746
3.87516
3.87545
3.87555
3.87545
3.87515
3.87464
3.87391
3.87297
3.8718
3.87041
3.86878
3.86692
3.86481
3.86244
3.85981
3.85691
3.85373
3.85026
3.8465
3.88419
3.88502
3.88528
3.88534
3.88522
3.88487
3.88429
3.88347
3.88241
3.88111
3.87956
3.87774
3.87566
3.8733
3.87067
3.86774
3.86452
3.861
3.85716
3.853
3.89882
3.90023
3.9005
3.90055
3.90044
3.90008
3.89943
3.8985
3.89728
3.89577
3.89397
3.89187
3.88945
3.88673
3.88367
3.88029
3.87658
3.87251
3.8681
3.86333
3.91274
3.91511
3.91556
3.91577
3.91584
3.91561
3.91502
3.91408
3.9128
3.91115
3.90914
3.90676
3.90401
3.90088
3.89735
3.89344
3.88913
3.88441
3.87928
3.87374
3.92105
3.92389
3.92478
3.92557
3.92613
3.92628
3.92597
3.92523
3.92404
3.92239
3.92029
3.91772
3.91468
3.91117
3.90719
3.90271
3.89776
3.89231
3.88636
3.87992
3.91288
3.91885
3.92106
3.92279
3.92433
3.92536
3.92579
3.92564
3.92489
3.92355
3.92162
3.91908
3.91594
3.91219
3.90783
3.90286
3.89727
3.89108
3.88426
3.87682
3.88558
3.89418
3.89834
3.90179
3.9049
3.90733
3.90897
3.90983
3.90992
3.90921
3.90774
3.90549
3.90244
3.89861
3.894
3.88861
3.88244
3.87548
3.86775
3.85923
3.83058
3.84268
3.84978
3.85581
3.86124
3.86575
3.86921
3.87165
3.87306
3.87345
3.87281
3.87116
3.86849
3.86481
3.86013
3.85444
3.84775
3.84006
3.83138
3.82169
3.74154
3.7581
3.76927
3.77884
3.78744
3.79478
3.80077
3.80541
3.80871
3.81069
3.81131
3.81064
3.80866
3.80538
3.8008
3.79495
3.78782
3.77941
3.76974
3.75879
3.61252
3.63464
3.65107
3.66522
3.67792
3.68895
3.69822
3.70574
3.71154
3.71562
3.71795
3.71867
3.71772
3.7151
3.71084
3.70496
3.69745
3.68832
3.67758
3.66524
3.4385
3.4674
3.49033
3.51014
3.52792
3.54353
3.5569
3.56803
3.57696
3.58373
3.58835
3.5908
3.59116
3.58944
3.58565
3.57981
3.57193
3.56201
3.55008
3.53611
3.21525
3.25226
3.28293
3.30948
3.33334
3.35445
3.37273
3.3882
3.40093
3.41095
3.41824
3.42271
3.42479
3.42423
3.42107
3.41534
3.40707
3.39627
3.38293
3.36707
2.93934
2.98588
3.02546
3.05982
3.09077
3.11829
3.1423
3.16286
3.18002
3.19382
3.20436
3.21166
3.21544
3.21617
3.21372
3.20812
3.19938
3.18752
3.17255
3.15445
2.60808
2.66561
2.71513
2.75827
2.79724
2.83201
2.86253
2.88885
2.91105
2.92918
2.94332
2.95351
2.95959
2.96179
2.96021
2.95477
2.94552
2.93245
2.91559
2.89492
2.2197
2.28965
2.34997
2.40273
2.45049
2.49321
2.53086
2.56352
2.59124
2.61411
2.63221
2.64563
2.65435
2.65797
2.65725
2.65198
2.64212
2.62769
2.6087
2.58512
1.77342
1.85709
1.92874
1.99168
2.0488
2.09997
2.1452
2.18456
2.21814
2.24601
2.26824
2.28494
2.29626
2.30207
2.3016
2.29635
2.28573
2.26969
2.24824
2.22135
1.27014
1.36864
1.45203
1.52568
1.5926
1.65258
1.70562
1.75181
1.79127
1.82407
1.85029
1.87003
1.88343
1.8907
1.89168
1.88498
1.87306
1.85483
1.8303
1.79946
0.710064
0.825062
0.920406
1.00473
1.08125
1.14976
1.21034
1.26313
1.30825
1.34579
1.37582
1.39841
1.41366
1.42173
1.42288
1.41688
1.40178
1.38096
1.35296
1.31772
0.094951
0.222319
0.327804
0.423565
0.51142
0.590422
0.660383
0.721294
0.773213
0.816229
0.850439
0.875936
0.892808
0.901157
0.901164
0.893099
0.876904
0.851007
0.818043
0.776477
-0.56514
-0.395529
-0.266388
-0.155605
-0.0579999
0.0276784
0.10229
0.166335
0.22011
0.263816
0.297601
0.321583
0.335851
0.340477
0.335572
0.321412
0.298275
0.265474
0.221865
0.169298
3.84243
3.83805
3.83334
3.82831
3.82293
3.81721
3.81113
3.80469
3.79788
3.7907
3.78314
3.7752
3.76687
3.75815
3.74904
3.73953
3.72963
3.71933
3.70864
3.69767
3.84851
3.84369
3.83852
3.83301
3.82713
3.82089
3.81429
3.80731
3.79995
3.79222
3.7841
3.7756
3.76672
3.75746
3.74781
3.7378
3.7274
3.71659
3.70538
3.69432
3.85819
3.85268
3.8468
3.84053
3.83387
3.82682
3.81937
3.81152
3.80327
3.79462
3.78556
3.7761
3.76625
3.75599
3.74535
3.73433
3.72292
3.71101
3.69866
3.68715
3.86777
3.86138
3.85455
3.8473
3.8396
3.83146
3.82288
3.81386
3.80439
3.79448
3.78412
3.77332
3.76209
3.75042
3.73833
3.72584
3.71292
3.69934
3.68519
3.67284
3.87296
3.86551
3.85754
3.84906
3.84007
3.83056
3.82053
3.80998
3.79891
3.78732
3.77522
3.76261
3.74949
3.73585
3.72174
3.70717
3.69207
3.67604
3.65919
3.64559
3.86876
3.86008
3.85077
3.84084
3.83028
3.81909
3.80726
3.79481
3.78173
3.76802
3.75369
3.73873
3.72314
3.70694
3.69014
3.67281
3.65482
3.63543
3.61479
3.5997
3.84992
3.83983
3.82896
3.81731
3.80486
3.79163
3.77761
3.76279
3.74719
3.73079
3.71361
3.69563
3.67685
3.65728
3.63695
3.61598
3.59412
3.57026
3.5445
3.5263
3.81101
3.79933
3.78666
3.77299
3.75832
3.74264
3.72596
3.70827
3.68956
3.66983
3.64909
3.62731
3.6045
3.58063
3.55578
3.53012
3.50329
3.47347
3.44065
3.41842
3.74657
3.73309
3.71833
3.7023
3.68499
3.6664
3.64651
3.62533
3.60283
3.57902
3.55387
3.52739
3.49953
3.47026
3.43971
3.40818
3.37508
3.33749
3.29515
3.26811
3.65127
3.63571
3.61853
3.59973
3.57931
3.55725
3.53353
3.50815
3.48109
3.45233
3.42186
3.38964
3.35562
3.31973
3.28221
3.24355
3.20284
3.15544
3.1007
3.06813
3.52012
3.50211
3.48208
3.46
3.43588
3.40969
3.38141
3.35102
3.31849
3.2838
3.24693
3.20783
3.16639
3.12252
3.0766
3.02947
2.97975
2.9202
2.84959
2.81077
3.34868
3.32778
3.30436
3.27839
3.24986
3.21876
3.18504
3.14869
3.10965
3.06791
3.02344
2.97616
2.92591
2.87253
2.81663
2.75959
2.69939
2.62509
2.53442
2.48856
3.13323
3.10892
3.08149
3.05092
3.01719
2.98027
2.94014
2.89674
2.85003
2.79997
2.74653
2.68965
2.62903
2.56443
2.49678
2.42823
2.35602
2.26413
2.14869
2.0949
2.87043
2.84217
2.8101
2.7742
2.73443
2.69078
2.64318
2.59161
2.53598
2.47627
2.41244
2.34442
2.27182
2.19422
2.11288
2.03112
1.94543
1.83335
1.68863
1.62641
2.55696
2.52425
2.48695
2.44504
2.39847
2.34721
2.2912
2.23038
2.16468
2.09404
2.01846
1.93787
1.85178
1.75956
1.6628
1.56625
1.46612
1.33253
1.15566
1.08523
2.18905
2.15136
2.10825
2.05967
2.00558
1.94593
1.88065
1.80967
1.7329
1.6503
1.56186
1.46761
1.36704
1.25929
1.14607
1.03377
0.919202
0.765135
0.556
0.47695
1.76233
1.71898
1.66933
1.61333
1.55094
1.48211
1.40676
1.32484
1.23629
1.14106
1.03921
0.930853
0.815648
0.692552
0.562949
0.434364
0.30545
0.133645
-0.105202
-0.19663
1.27526
1.22567
1.16891
1.10496
1.03377
0.955332
0.869601
0.776551
0.676151
0.568371
0.453257
0.330972
0.201345
0.0632455
-0.0829759
-0.230132
-0.37643
-0.564303
-0.82713
-0.935463
0.726509
0.668461
0.60235
0.528187
0.445972
0.355709
0.257414
0.151105
0.0368032
-0.0854908
-0.215767
-0.353914
-0.499882
-0.65441
-0.818079
-0.985719
-1.15135
-1.34662
-1.60891
-1.71539
0.107738
0.0371093
-0.0426779
-0.131613
-0.229664
-0.336778
-0.452882
-0.577878
-0.711629
-0.853959
-1.00463
-1.16326
-1.32916
-1.50155
-1.67971
-1.86016
-2.03407
-2.20778
-2.40432
-2.45457
3.67043
3.61761
3.55486
3.48148
3.39626
3.29818
3.18662
3.06143
2.92286
2.77161
2.60889
2.43641
2.25634
2.07123
1.88388
1.69721
1.51413
1.33733
1.16922
1.01177
0.866493
0.734354
0.615851
0.510994
0.419445
0.340509
0.273327
0.216813
0.169903
0.131386
0.100229
0.0752618
0.0556252
0.0402811
0.0286443
0.0197476
0.013247
0.00816529
0.00446383
0.00106311
3.66865
3.61323
3.54756
3.47161
3.38374
3.28283
3.16846
3.04061
2.89963
2.74629
2.58187
2.40814
2.22731
2.04195
1.85487
1.66897
1.4871
1.3119
1.1457
0.990372
0.847326
0.717449
0.601159
0.498404
0.4088
0.331623
0.265999
0.210841
0.165089
0.127547
0.0971993
0.0729043
0.0538207
0.0389147
0.0276167
0.0189994
0.0127135
0.00782859
0.004283
0.00104215
3.66373
3.60336
3.53276
3.45224
3.35957
3.25373
3.13458
3.00231
2.85736
2.70066
2.53357
2.35797
2.1761
1.99059
1.80424
1.61989
1.44033
1.26807
1.10529
0.95371
0.814576
0.688629
0.576159
0.477016
0.390741
0.316567
0.253596
0.200742
0.156954
0.121069
0.0920898
0.0689286
0.0507588
0.0366046
0.0258721
0.0177385
0.0118031
0.00726798
0.00396334
0.00101672
3.65172
3.58427
3.50781
3.42132
3.32232
3.21033
3.08546
2.948
2.79852
2.63808
2.46817
2.29075
2.10815
1.923
1.73809
1.55621
1.38001
1.21184
1.0537
0.907107
0.773107
0.65226
0.544704
0.450172
0.368124
0.297744
0.238111
0.188148
0.146819
0.113003
0.0857299
0.0639728
0.046924
0.0337172
0.0236929
0.0161655
0.0106632
0.00657001
0.00355252
0.000987029
3.62759
3.54975
3.46797
3.37491
3.26909
3.15084
3.02035
2.87793
2.7243
2.5606
2.38846
2.20992
2.02739
1.8435
1.66102
1.48263
1.31083
1.14781
0.995316
0.854657
0.726665
0.611706
0.509763
0.420452
0.343153
0.27701
0.221088
0.174324
0.135708
0.104168
0.0787694
0.0585551
0.0427422
0.0305508
0.0213023
0.0144417
0.00941011
0.00580454
0.00308947
0.000954025
3.58728
3.49169
3.40779
3.30871
3.19691
3.07344
2.9384
2.79216
2.63555
2.46981
2.29667
2.11825
1.93701
1.75559
1.57669
1.40289
1.23652
1.07955
0.933521
0.799493
0.67809
0.569497
0.47355
0.389762
0.317447
0.255721
0.203646
0.160186
0.12436
0.0951542
0.0716746
0.0530363
0.0384775
0.0273097
0.0188632
0.0126836
0.00812855
0.00502298
0.00260396
0.000921202
3.51293
3.41288
3.3236
3.21917
3.10351
2.97676
2.83909
2.69097
2.53327
2.36733
2.19493
2.01827
1.83984
1.66227
1.4882
1.32008
1.16005
1.0099
0.870916
0.743969
0.629477
0.527466
0.437645
0.359446
0.292133
0.234811
0.186552
0.146352
0.113272
0.086356
0.0647549
0.0476558
0.034323
0.0241595
0.0164836
0.0109678
0.00687528
0.00425948
0.00211763
0.000891905
3.40639
3.30166
3.21078
3.10373
2.98712
2.85993
2.72242
2.57507
2.41878
2.25493
2.08538
1.91237
1.73842
1.56614
1.39811
1.23664
1.08373
0.940947
0.809405
0.689767
0.58229
0.486866
0.403107
0.330386
0.26794
0.214876
0.170286
0.13321
0.102752
0.0780158
0.0582
0.0425608
0.0303917
0.0211787
0.0142289
0.00934154
0.0056853
0.00353464
0.00164534
0.000867818
3.26085
3.15314
3.06631
2.96029
2.84669
2.72279
2.58898
2.44566
2.29373
2.13461
1.9702
1.80281
1.635
1.46939
1.30847
1.15448
1.00926
0.87422
0.750299
0.638009
0.537474
0.448484
0.370584
0.303112
0.245295
0.196258
0.155123
0.120975
0.0929682
0.070266
0.0521125
0.0378309
0.0267428
0.0184113
0.0121348
0.00783083
0.00457769
0.00285948
0.00119674
0.00084888
3.07014
2.96387
2.88728
2.7875
2.68196
2.5659
2.43999
2.3044
2.16005
2.00842
1.85148
1.69165
1.53153
1.37378
1.22089
1.07499
0.937844
0.810718
0.69443
0.589372
0.495572
0.412753
0.340418
0.277891
0.224407
0.179119
0.141186
0.109744
0.0839955
0.0631634
0.0465358
0.0334991
0.023401
0.015877
0.0102165
0.00644632
0.0035606
0.00223864
0.000777477
0.000833849
2.8283
2.731
2.67143
2.58488
2.49336
2.39053
2.27717
2.15328
2.01985
1.87844
1.7312
1.58067
1.4296
1.28071
1.13652
0.999135
0.870248
0.751047
0.642261
0.544203
0.45684
0.379855
0.312735
0.25481
0.205334
0.163497
0.1285
0.0995333
0.0758441
0.0567147
0.0414742
0.0295685
0.0203685
0.0135779
0.00847615
0.00518905
0.00263524
0.00167273
0.000390369
0.000820986
2.52928
2.45236
2.41722
2.35272
2.28215
2.19843
2.1026
1.99448
1.87522
1.74664
1.6111
1.47139
1.33047
1.1912
1.05616
0.927516
0.806914
0.69551
0.593987
0.502614
0.421328
0.3498
0.28752
0.233838
0.188039
0.149354
0.11703
0.0903092
0.0684856
0.0508964
0.0369085
0.0260239
0.0176333
0.0115049
0.00690562
0.00405437
0.00179861
0.00115992
3.62314e-05
0.000808571
2.16792
2.12736
2.12491
2.0926
2.05064
1.99216
1.91883
1.83037
1.72829
1.61482
1.49269
1.36503
1.23509
1.10595
0.980327
0.860458
0.748027
0.644188
0.549611
0.464556
0.388955
0.322491
0.26467
0.214875
0.172428
0.136607
0.106703
0.0820113
0.0618698
0.0456679
0.0328063
0.0228402
0.0151761
0.00964311
0.00549391
0.00303473
0.00104536
0.00069703
-0.000285472
0.000795209
1.74241
1.7588
1.79813
1.80816
1.80271
1.77539
1.72908
1.66373
1.58136
1.48482
1.37738
1.26262
1.14418
1.02543
0.909285
0.798088
0.6936
0.597011
0.509011
0.429877
0.359559
0.297764
0.24403
0.197779
0.158376
0.125147
0.0974284
0.0745647
0.055936
0.0409803
0.0291292
0.0199872
0.0129737
0.00797491
0.00422806
0.00212064
0.000368958
0.000280179
-0.000576149
0.000779937
1.25459
1.35169
1.44277
1.50413
1.54296
1.55232
1.537
1.49758
1.43686
1.35854
1.26658
1.16519
1.05844
0.950078
0.843246
0.740459
0.643577
0.553852
0.47202
0.398389
0.332946
0.275433
0.225428
0.182398
0.145751
0.114862
0.0891111
0.0678913
0.0506206
0.036783
0.0258371
0.0174337
0.011002
0.0064821
0.00309446
0.00130228
-0.000237471
-9.47286e-05
-0.000837737
0.000762235
0.701639
0.903573
1.05971
1.1815
1.27314
1.3251
1.34458
1.33373
1.29632
1.23721
1.16126
1.07342
0.978336
0.880158
0.782337
0.687582
0.597883
0.51458
0.43847
0.369911
0.308933
0.255323
0.208704
0.168587
0.134427
0.105645
0.0816624
0.0619179
0.0458643
0.0330284
0.0228924
0.0151503
0.00923837
0.00514727
0.00208009
0.000570165
-0.000780647
-0.000431709
-0.00107244
0.000741931
0.0645431
0.39295
0.637388
0.832982
0.988345
1.09052
1.1495
1.17046
1.15845
1.11982
1.06061
0.986656
0.903306
0.815196
0.726135
0.639074
0.55617
0.478876
0.408071
0.34418
0.287287
0.23723
0.19368
0.156195
0.124276
0.0973877
0.0749933
0.056572
0.0416087
0.0296699
0.0202584
0.0131081
0.00766071
0.00395352
0.00117233
-8.49576e-05
-0.00126708
-0.000734763
-0.0012825
0.000719057
-0.675115
-0.202568
0.165582
0.453253
0.684031
0.84436
0.948236
1.0043
1.01996
1.00333
0.961865
0.902449
0.831208
0.753346
0.673071
0.593617
0.517338
0.445828
0.380073
0.320581
0.267505
0.220744
0.180024
0.144956
0.115085
0.0899226
0.0689709
0.0517494
0.0377729
0.0266449
0.0178873
0.0112711
0.00624196
0.00288065
0.000356645
-0.000673602
-0.0017038
-0.00100836
-0.00147019
0.000693786
-1.46157
-0.838834
-0.316249
0.0735945
0.382947
0.602547
0.751548
0.84235
0.885215
0.890145
0.866056
0.820898
0.76156
0.693784
0.622158
0.55018
0.480389
0.414519
0.353661
0.298407
0.248988
0.205366
0.167327
0.134536
0.106587
0.0830382
0.06343
0.0473221
0.034259
0.0238795
0.0157239
0.00959828
0.00495246
0.00190744
-0.000381922
-0.00120586
-0.00209765
-0.0012562
-0.00163806
0.000667065
-2.08562
-1.35331
-0.679322
-0.210527
0.159328
0.421616
0.603033
0.718528
0.78074
0.801104
0.789584
0.7549
0.704472
0.644406
0.579529
0.5135
0.448964
0.38773
0.330948
0.279261
0.232944
0.192004
0.156268
0.125442
0.0991583
0.0770109
0.0585729
0.0434374
0.0311727
0.0214493
0.0138211
0.00812683
0.00381674
0.00105107
-0.00103376
-0.00167413
-0.0024471
-0.00147418
-0.00178949
0.000641481
-2.25642
-1.53935
-0.775207
-0.286188
0.104032
0.376413
0.565715
0.687045
0.753822
0.777809
0.769179
0.736852
0.688398
0.630034
0.566666
0.502004
0.438724
0.378652
0.322946
0.272253
0.226848
0.186738
0.151752
0.121597
0.0959081
0.074285
0.0563026
0.041563
0.0296346
0.0202008
0.0128112
0.00732355
0.00317491
0.000555124
-0.00142702
-0.001961
-0.00267414
-0.00161375
-0.00189876
0.00062103
-2.34219
-1.66001
-0.85104
-0.357574
0.0416276
0.319411
0.513424
0.638656
0.708912
0.736249
0.730986
0.702091
0.657111
0.602203
0.542192
0.480713
0.420386
0.363004
0.309706
0.261139
0.217589
0.179082
0.145466
0.116473
0.0917605
0.0709523
0.0536439
0.0394585
0.0279805
0.0189123
0.0118136
0.00656027
0.00259268
0.000120005
-0.00175431
-0.00219521
-0.00284702
-0.00172268
-0.00197305
0.000598412
-2.49038
-1.80795
-0.951243
-0.443011
-0.0307694
0.255883
0.456438
0.586714
0.661074
0.692066
0.690281
0.664849
0.62336
0.571942
0.515362
0.457187
0.399976
0.345474
0.294793
0.248567
0.207081
0.170373
0.138306
0.110635
0.0870386
0.0671647
0.0506305
0.0370819
0.0261218
0.0174725
0.0107075
0.00572034
0.00195932
-0.000349201
-0.00210093
-0.00244173
-0.00302334
-0.00183532
-0.00204388
0.000573529
-2.66144
-1.95389
-1.05734
-0.530403
-0.105149
0.191486
0.399193
0.535104
0.614064
0.649122
0.651128
0.629361
0.591453
0.543521
0.490291
0.435284
0.381019
0.329213
0.280963
0.236902
0.197321
0.162269
0.131631
0.105179
0.0826138
0.0636051
0.04779
0.0348347
0.0243584
0.0161022
0.00965113
0.00491562
0.00135048
-0.000801612
-0.00243618
-0.00268087
-0.00319466
-0.00194538
-0.00211244
0.000549074
-2.85204
-2.09958
-1.16951
-0.619857
-0.181433
0.126089
0.341387
0.483313
0.567178
0.606554
0.612555
0.594604
0.56038
0.515986
0.466116
0.41425
0.362878
0.313698
0.2678
0.225819
0.188059
0.154587
0.125305
0.100008
0.0784189
0.0602283
0.0450926
0.0326981
0.0226795
0.0147953
0.00864174
0.0041452
0.000766183
-0.00123669
-0.00275952
-0.002912
-0.00336077
-0.00205249
-0.00217898
0.000524954
-3.05706
-2.24465
-1.28643
-0.711049
-0.259298
0.059807
0.283089
0.431351
0.520372
0.56425
0.574377
0.560326
0.529826
0.488979
0.442453
0.393699
0.34518
0.29858
0.254986
0.215041
0.179059
0.147125
0.119163
0.09499
0.0743489
0.0569523
0.0424758
0.0306251
0.0210501
0.0135266
0.00766146
0.00339665
0.000198159
-0.00165991
-0.00307422
-0.00313723
-0.00352258
-0.0021573
-0.00224344
0.000500847
-3.27374
-2.39008
-1.40748
-0.803965
-0.338524
-0.00724735
0.224418
0.37932
0.47374
0.522303
0.536682
0.526604
0.499858
0.462555
0.419345
0.373658
0.327939
0.283864
0.242521
0.204559
0.170309
0.139873
0.113194
0.0901127
0.0703927
0.0537675
0.0399313
0.0286088
0.0194649
0.0122919
0.00670707
0.00266757
-0.000355303
-0.00207252
-0.00338108
-0.00335708
-0.00368034
-0.00226002
-0.00230584
0.000476668
-3.49971
-2.53656
-1.53194
-0.898566
-0.418907
-0.0749722
0.165471
0.327302
0.427355
0.480771
0.49952
0.493483
0.470519
0.436753
0.396829
0.354162
0.311189
0.269581
0.23043
0.194397
0.161827
0.132843
0.107409
0.0853854
0.0665574
0.0506792
0.0374631
0.0266523
0.0179259
0.0110925
0.00577951
0.00195855
-0.000893859
-0.00247432
-0.00368
-0.00357156
-0.00383407
-0.00236067
-0.00236621
0.000452393
-3.73316
-2.6847
-1.65922
-0.994822
-0.50028
-0.143278
0.106334
0.275364
0.38127
0.439699
0.462923
0.460985
0.441821
0.411579
0.374907
0.335212
0.294928
0.255728
0.218711
0.184552
0.153613
0.126037
0.101808
0.0808079
0.0628431
0.0476876
0.0350714
0.0247556
0.0164332
0.00992865
0.0048788
0.00126958
-0.00141752
-0.00286536
-0.00397103
-0.00378072
-0.0039838
-0.0024593
-0.0024246
0.000427977
-3.97262
-2.83495
-1.78883
-1.09269
-0.582506
-0.212086
0.0470751
0.223565
0.335532
0.39912
0.426914
0.429125
0.41377
0.387035
0.353575
0.316801
0.279149
0.242297
0.207357
0.175017
0.14566
0.119448
0.0963853
0.0763763
0.0592466
0.0447902
0.0327542
0.0229172
0.0149858
0.0087994
0.00400437
0.000600232
-0.00192661
-0.00324587
-0.00425434
-0.0039847
-0.00412962
-0.00255597
-0.00248105
0.000403363
-4.21691
-2.98762
-1.92036
-1.19213
-0.665482
-0.281329
-0.0122487
0.17195
0.290177
0.359062
0.391512
0.397912
0.386372
0.363121
0.332832
0.298926
0.263846
0.229283
0.196362
0.165788
0.137963
0.113071
0.0911378
0.0720872
0.0557651
0.0419846
0.0305097
0.0211357
0.0135825
0.00770395
0.00315557
-4.99698e-05
-0.00242147
-0.00361612
-0.00453011
-0.00418362
-0.00427163
-0.00265074
-0.00253561
0.00037849
-4.46506
-3.14295
-2.05351
-1.29308
-0.749131
-0.350954
-0.0715953
0.120555
0.245231
0.319542
0.356726
0.36735
0.359626
0.339833
0.312671
0.281579
0.249013
0.216679
0.185718
0.156857
0.130517
0.106903
0.0860614
0.0679374
0.0523959
0.0392688
0.0283361
0.0194099
0.0122222
0.0066415
0.00233181
-0.000681488
-0.00290245
-0.00397638
-0.00479853
-0.00437766
-0.00440992
-0.00274368
-0.00258833
0.000353295
-4.71626
-3.30103
-2.18807
-1.3955
-0.833408
-0.42092
-0.130936
0.0694044
0.200711
0.280571
0.322563
0.33744
0.333528
0.317163
0.293085
0.264751
0.234641
0.204476
0.175421
0.14822
0.123317
0.100938
0.0811523
0.0639237
0.0491364
0.0366405
0.0262319
0.0177382
0.010904
0.00561123
0.00153246
-0.00129479
-0.00336989
-0.00432691
-0.0050598
-0.00456694
-0.00454458
-0.00283488
-0.00263925
0.000327716
-4.96984
-3.46195
-2.32388
-1.49933
-0.918285
-0.491199
-0.190253
0.0185121
0.156625
0.242152
0.289018
0.308176
0.308068
0.295103
0.274062
0.248433
0.22072
0.192667
0.16546
0.139868
0.116356
0.0951726
0.0764063
0.0600427
0.0459838
0.0340976
0.0241951
0.0161194
0.00962678
0.0046123
0.000756888
-0.00189037
-0.00382415
-0.00466798
-0.0053141
-0.00475164
-0.00467572
-0.00292439
-0.00268844
0.000301689
-5.2252
-3.62571
-2.46086
-1.60453
-1.00376
-0.561781
-0.249546
-0.0321193
0.112973
0.20428
0.256086
0.279546
0.283235
0.273639
0.25559
0.232612
0.207239
0.181241
0.155829
0.131795
0.109629
0.0896005
0.0718194
0.056291
0.0429354
0.0316378
0.022224
0.014552
0.00838935
0.00364387
4.43789e-06
-0.00246872
-0.00426561
-0.00499988
-0.00556165
-0.00493189
-0.00480344
-0.00301229
-0.00273593
0.000275152
-5.48184
-3.79228
-2.59898
-1.71108
-1.08985
-0.632667
-0.308821
-0.0824977
0.0697433
0.166944
0.223751
0.251537
0.259014
0.252756
0.237655
0.217275
0.194186
0.170187
0.146518
0.123994
0.103129
0.0842168
0.0673871
0.0526649
0.0399882
0.0292587
0.0203168
0.0130345
0.00719063
0.00270504
-0.000725557
-0.00303034
-0.00469465
-0.0053229
-0.00580265
-0.00510787
-0.00492785
-0.00309866
-0.00278179
0.000248046
-5.73932
-3.96165
-2.73824
-1.81896
-1.17659
-0.703873
-0.3681
-0.132641
0.0269192
0.130126
0.191996
0.224129
0.235386
0.232437
0.220239
0.202408
0.181549
0.159496
0.137517
0.116456
0.0968502
0.0790161
0.063105
0.049161
0.0371393
0.0269581
0.0184716
0.0115655
0.00602948
0.00179496
-0.00143377
-0.00357576
-0.00511165
-0.00563733
-0.00603731
-0.00527973
-0.00504906
-0.00318357
-0.00282606
0.000220314
-5.99729
-4.13381
-2.87871
-1.9282
-1.26402
-0.775434
-0.427415
-0.182576
-0.0155255
0.0937997
0.160796
0.197299
0.212329
0.21266
0.203326
0.187993
0.169313
0.149154
0.128817
0.109172
0.0907849
0.0739928
0.0589686
0.0457756
0.0343859
0.0247337
0.0166865
0.0101436
0.00490476
0.00091272
-0.00212087
-0.00410549
-0.00551699
-0.00594346
-0.00626585
-0.00544763
-0.00516718
-0.00326711
-0.0028688
0.000191903
-6.2555
-4.30882
-3.02051
-2.03883
-1.35224
-0.847405
-0.486816
-0.232345
-0.0576269
0.0579339
0.130122
0.17102
0.189818
0.193405
0.186895
0.174015
0.157464
0.13915
0.120407
0.102136
0.0849264
0.0691412
0.0549733
0.0425049
0.031725
0.022583
0.0149597
0.00876725
0.00381531
5.74575e-05
-0.00278753
-0.00462002
-0.00591107
-0.00624157
-0.00648849
-0.00561171
-0.00528235
-0.0033493
-0.0029101
0.000162768
-6.51354
-4.48664
-3.16378
-2.15095
-1.44132
-0.919858
-0.546368
-0.282003
-0.0994324
0.0224866
0.0999371
0.145261
0.167826
0.174647
0.170925
0.160454
0.145986
0.12947
0.112276
0.0953363
0.0792673
0.0644553
0.0511141
0.039345
0.0291533
0.0205036
0.0132893
0.00743491
0.00275996
-0.000771731
-0.00343441
-0.00511986
-0.00629425
-0.00653193
-0.00670546
-0.0057721
-0.00539471
-0.0034302
-0.00295005
0.000132871
)
;

boundaryField
{
    inlet
    {
        type            freestreamPressure;
        freestreamValue uniform 0;
        value           nonuniform List<scalar> 
80
(
0.404453
0.347226
0.287846
0.226307
0.162879
0.0978975
0.0317541
-0.0350858
-0.102078
-0.168599
-0.23395
-0.297366
-0.358022
-0.415044
-0.467509
-0.51445
-0.554831
-0.587506
-0.611139
-0.624059
1.12152
1.08301
1.04475
1.00677
0.96908
0.93171
0.894672
0.857983
0.821658
0.785712
0.750158
0.715006
0.680269
0.645954
0.612069
0.57862
0.545617
0.513077
0.480986
0.449162
1.91055
1.87155
1.83256
1.7934
1.75406
1.71457
1.67497
1.63527
1.59551
1.5557
1.51587
1.47604
1.43623
1.39647
1.35678
1.31719
1.27772
1.23839
1.19924
1.16027
3.45159
3.4303
3.3915
3.33816
3.27276
3.19751
3.11444
3.02544
2.93227
2.83653
2.73968
2.64296
2.54746
2.45405
2.36342
2.2761
2.19247
2.11282
2.03731
1.96574
)
;
    }
    outlet
    {
        type            freestreamPressure;
        freestreamValue uniform 0;
        value           nonuniform List<scalar> 
80
(
-5.40886e-08
-6.65895e-08
-8.16593e-08
-9.98762e-08
-1.21752e-07
-1.47765e-07
-1.78321e-07
-2.13634e-07
-2.53546e-07
-2.97262e-07
-3.42992e-07
-3.8748e-07
-4.25488e-07
-4.49413e-07
-4.49463e-07
-4.15232e-07
-3.39846e-07
-2.27513e-07
-1.02606e-07
-1.31108e-08
1.43157e-09
1.10848e-09
6.67013e-10
8.637e-11
-6.51685e-10
-1.56626e-09
-2.67745e-09
-4.00616e-09
-5.57409e-09
-7.40367e-09
-9.51805e-09
-1.1941e-08
-1.46971e-08
-1.78114e-08
-2.13095e-08
-2.52164e-08
-2.956e-08
-3.43823e-08
-3.97319e-08
-4.55246e-08
1.05849e-15
1.07784e-11
4.3902e-11
9.96958e-11
1.77881e-10
2.77476e-10
3.96873e-10
5.33829e-10
6.85403e-10
8.47907e-10
1.01687e-09
1.187e-09
1.35211e-09
1.50514e-09
1.63803e-09
1.74177e-09
1.80629e-09
1.8205e-09
1.77231e-09
1.64857e-09
1.25216e-10
9.75447e-10
2.18592e-09
3.33836e-09
4.20829e-09
4.73335e-09
4.94068e-09
4.88722e-09
4.63037e-09
4.22068e-09
3.70395e-09
3.12392e-09
2.52269e-09
1.93883e-09
1.4048e-09
9.44795e-10
5.73798e-10
2.98e-10
1.16328e-10
2.15326e-11
)
;
    }
    top
    {
        type            symmetryPlane;
    }
    bottom
    {
        type            symmetryPlane;
    }
    cylinder
    {
        type            zeroGradient;
    }
    frontandback
    {
        type            empty;
    }
}


// ************************************************************************* //
