/*--------------------------------*- C++ -*----------------------------------*\
  =========                 |
  \\      /  F ield         | OpenFOAM: The Open Source CFD Toolbox
   \\    /   O peration     | Website:  https://openfoam.org
    \\  /    A nd           | Version:  6.0
     \\/     M anipulation  |
\*---------------------------------------------------------------------------*/
FoamFile
{
    version     2.0;
    format      ascii;
    class       volScalarField;
    location    "6.9";
    object      p;
}
// * * * * * * * * * * * * * * * * * * * * * * * * * * * * * * * * * * * * * //

dimensions      [0 2 -2 0 0 0 0];

internalField   nonuniform List<scalar> 
9600
(
-137.402
-116.812
-102.159
-90.3305
-79.8179
-70.5965
-62.5595
-55.5403
-49.3994
-44.0201
-39.3002
-35.1512
-31.4966
-28.271
-25.4182
-22.89
-20.6453
-18.6466
-16.8613
-15.2868
-137.943
-117.357
-102.679
-90.8126
-80.2629
-71.009
-62.9444
-55.9017
-49.7411
-44.3449
-39.6105
-35.4486
-31.7828
-28.5471
-25.6851
-23.1485
-20.896
-18.8894
-17.0961
-15.517
-138.497
-117.895
-103.19
-91.2881
-80.7025
-71.4169
-63.3253
-56.26
-50.0802
-44.6676
-39.919
-35.7448
-32.0679
-28.8224
-25.9514
-23.4066
-21.1464
-19.1322
-17.3309
-15.7474
-139.057
-118.433
-103.695
-91.7574
-81.1367
-71.8199
-63.7019
-56.6144
-50.416
-44.9876
-40.2253
-36.0391
-32.3516
-29.0965
-26.2169
-23.6641
-21.3964
-19.3746
-17.5656
-15.9782
-139.62
-118.969
-104.196
-92.2207
-81.5649
-72.2175
-64.0736
-56.9646
-50.7481
-45.3044
-40.5289
-36.3312
-32.6335
-29.3692
-26.4812
-23.9208
-21.6459
-19.6167
-17.8003
-16.2094
-140.182
-119.501
-104.691
-92.6775
-81.9868
-72.6091
-64.4399
-57.3098
-51.0758
-45.6173
-40.8292
-36.6204
-32.913
-29.64
-26.7441
-24.1765
-21.8947
-19.8586
-18.0351
-16.4415
-140.739
-120.028
-105.179
-93.1272
-82.4015
-72.9939
-64.7998
-57.6493
-51.3984
-45.9257
-41.1255
-36.9063
-33.1896
-29.9084
-27.0052
-24.4309
-22.1428
-20.1001
-18.2701
-16.6745
-141.29
-120.548
-105.66
-93.5689
-82.8081
-73.371
-65.1526
-57.9822
-51.7149
-46.2287
-41.417
-37.1879
-33.4627
-30.1739
-27.264
-24.6836
-22.3898
-20.3411
-18.5054
-16.9088
-141.833
-121.06
-106.132
-94.0014
-83.2058
-73.7395
-65.4972
-58.3075
-52.0245
-46.5253
-41.7027
-37.4645
-33.7314
-30.4357
-27.5197
-24.9341
-22.6354
-20.5816
-18.741
-17.1446
-142.366
-121.562
-106.594
-94.4238
-83.5933
-74.0981
-65.8325
-58.624
-52.3258
-46.8143
-41.9815
-37.7348
-33.9945
-30.6927
-27.7715
-25.1815
-22.8788
-20.8208
-18.9765
-17.3817
-142.89
-122.052
-107.045
-94.8348
-83.9696
-74.4459
-66.1573
-58.9305
-52.6177
-47.0943
-42.252
-37.9974
-34.2507
-30.9436
-28.0182
-25.4246
-23.119
-21.0579
-19.2112
-17.6194
-143.404
-122.532
-107.483
-95.2334
-84.3336
-74.7815
-66.4703
-59.2255
-52.8985
-47.3638
-42.5125
-38.2507
-34.4982
-31.1868
-28.2581
-25.6622
-23.3549
-21.292
-19.4443
-17.8569
-143.906
-122.998
-107.908
-95.6187
-84.6842
-75.1039
-66.7703
-59.5078
-53.1668
-47.6211
-42.7611
-38.4925
-34.7349
-31.4199
-28.4889
-25.8921
-23.5848
-21.5219
-19.675
-18.0942
-144.397
-123.451
-108.319
-95.9897
-85.0205
-75.412
-67.056
-59.7759
-53.4211
-47.8643
-42.9957
-38.7204
-34.958
-31.6398
-28.7073
-26.1107
-23.805
-21.7443
-19.9013
-18.3321
-144.875
-123.888
-108.715
-96.3457
-85.3417
-75.7048
-67.3264
-60.0286
-53.6597
-48.0918
-43.2143
-38.9322
-35.1648
-31.8433
-28.9093
-26.3131
-24.0095
-21.9525
-20.1172
-18.5654
-145.343
-124.312
-109.094
-96.6858
-85.6468
-75.9812
-67.58
-60.2642
-53.8809
-48.3014
-43.4147
-39.1254
-35.3527
-32.0278
-29.0922
-26.4962
-24.1946
-22.1415
-20.3146
-18.7772
-145.811
-124.725
-109.459
-97.0085
-85.9342
-76.2395
-67.8154
-60.4813
-54.0829
-48.491
-43.594
-39.2965
-35.5178
-32.1892
-29.2528
-26.6589
-24.3623
-22.3153
-20.4945
-18.9623
-146.295
-125.136
-109.808
-97.3123
-86.2026
-76.4794
-68.0323
-60.6795
-54.2653
-48.6594
-43.7499
-39.4414
-35.6535
-32.3183
-29.3792
-26.7887
-24.5016
-22.4679
-20.6645
-19.1685
-146.791
-125.542
-110.142
-97.5986
-86.4545
-76.7039
-68.2341
-60.862
-54.4307
-48.809
-43.8841
-39.5603
-35.7567
-32.4063
-29.4536
-26.853
-24.5609
-22.5338
-20.7762
-19.4122
-147.226
-125.919
-110.46
-97.8726
-86.6957
-76.9186
-68.4262
-61.0343
-54.585
-48.9459
-44.0033
-39.6606
-35.836
-32.4611
-29.4787
-26.84
-24.4991
-22.4259
-20.6714
-19.371
-150.972
-150.941
-150.854
-150.759
-150.659
-150.544
-150.411
-150.259
-150.09
-149.904
-149.704
-149.489
-149.262
-149.023
-148.774
-148.517
-148.255
-147.992
-147.734
-147.488
-129.205
-129.21
-129.181
-129.134
-129.072
-128.991
-128.89
-128.768
-128.628
-128.472
-128.3
-128.113
-127.913
-127.701
-127.479
-127.247
-127.008
-126.761
-126.507
-126.234
-113.23
-113.263
-113.272
-113.259
-113.224
-113.168
-113.092
-112.997
-112.884
-112.755
-112.611
-112.453
-112.282
-112.099
-111.905
-111.701
-111.486
-111.26
-111.019
-110.756
-100.224
-100.27
-100.294
-100.296
-100.277
-100.236
-100.176
-100.099
-100.005
-99.8965
-99.7735
-99.6374
-99.4891
-99.3299
-99.1601
-98.9793
-98.7879
-98.585
-98.3674
-98.1318
-88.7598
-88.8055
-88.8331
-88.8406
-88.8273
-88.7943
-88.7435
-88.6766
-88.5944
-88.4981
-88.3887
-88.2674
-88.135
-87.9928
-87.8407
-87.6788
-87.5077
-87.3262
-87.1323
-86.9239
-78.8005
-78.842
-78.8671
-78.874
-78.8617
-78.831
-78.7836
-78.7211
-78.6444
-78.5547
-78.453
-78.3404
-78.2183
-78.0873
-77.9476
-77.8003
-77.6454
-77.4817
-77.3078
-77.1218
-70.1959
-70.2313
-70.2515
-70.2549
-70.2403
-70.2085
-70.161
-70.0992
-70.0242
-69.9371
-69.839
-69.7313
-69.6151
-69.4913
-69.3605
-69.2241
-69.0816
-68.9325
-68.7752
-68.6081
-62.7332
-62.7621
-62.7766
-62.7751
-62.7567
-62.722
-62.6725
-62.6095
-62.534
-62.4473
-62.3504
-62.245
-62.1321
-62.0126
-61.8882
-61.7599
-61.6273
-61.4903
-61.3475
-61.1971
-56.2358
-56.2584
-56.2671
-56.2604
-56.2376
-56.1995
-56.1472
-56.0821
-56.0051
-55.9174
-55.8204
-55.7155
-55.604
-55.4874
-55.3675
-55.2452
-55.1209
-54.9946
-54.865
-54.7301
-50.5597
-50.5766
-50.5798
-50.5682
-50.5413
-50.4996
-50.4444
-50.3768
-50.2978
-50.2085
-50.1105
-50.0051
-49.8938
-49.7789
-49.662
-49.5444
-49.4271
-49.3106
-49.1936
-49.0738
-45.5847
-45.5966
-45.595
-45.579
-45.5483
-45.5034
-45.4454
-45.3753
-45.294
-45.2028
-45.1033
-44.9967
-44.8849
-44.7705
-44.6554
-44.5413
-44.4302
-44.3227
-44.2181
-44.1137
-41.211
-41.2184
-41.2127
-41.1929
-41.1588
-41.111
-41.0504
-40.9779
-40.8945
-40.8013
-40.6998
-40.5915
-40.4786
-40.3636
-40.2491
-40.1374
-40.0315
-39.9324
-39.8403
-39.7521
-37.355
-37.3588
-37.3495
-37.3265
-37.2895
-37.2392
-37.1763
-37.1016
-37.0161
-36.9208
-36.8172
-36.7067
-36.592
-36.4756
-36.3604
-36.2498
-36.1477
-36.0563
-35.9771
-35.9062
-33.9473
-33.9479
-33.9356
-33.9099
-33.8705
-33.8181
-33.7532
-33.6766
-33.5892
-33.4919
-33.3859
-33.273
-33.1558
-33.0367
-32.9196
-32.8083
-32.7088
-32.6237
-32.5579
-32.5062
-30.9292
-30.9272
-30.9124
-30.8844
-30.8431
-30.789
-30.7224
-30.6442
-30.555
-30.4557
-30.3474
-30.2319
-30.1115
-29.9888
-29.8682
-29.7542
-29.655
-29.5741
-29.5221
-29.4916
-28.2515
-28.2472
-28.2304
-28.2005
-28.1576
-28.1019
-28.034
-27.9544
-27.8637
-27.7624
-27.6517
-27.5333
-27.4092
-27.2817
-27.156
-27.0367
-26.935
-26.8551
-26.8166
-26.808
-25.8723
-25.866
-25.8473
-25.8158
-25.7715
-25.7146
-25.6455
-25.5645
-25.4722
-25.3691
-25.256
-25.1343
-25.0057
-24.8724
-24.7394
-24.6115
-24.5031
-24.4195
-24.3937
-24.404
-23.7544
-23.7469
-23.727
-23.6945
-23.6493
-23.5916
-23.5217
-23.4398
-23.3462
-23.2414
-23.126
-23.001
-22.8676
-22.7277
-22.5853
-22.4451
-22.3237
-22.2296
-22.2176
-22.2478
-21.8643
-21.8567
-21.837
-21.805
-21.7606
-21.7038
-21.6349
-21.5539
-21.4611
-21.3567
-21.2412
-21.1153
-20.9794
-20.835
-20.6845
-20.5316
-20.3909
-20.2753
-20.2711
-20.3523
-20.1838
-20.1728
-20.1507
-20.1172
-20.0722
-20.0155
-19.9472
-19.8675
-19.7764
-19.6739
-19.5603
-19.4359
-19.3006
-19.1554
-19.0002
-18.8378
-18.6732
-18.5193
-18.4617
-18.6041
-144.443
-144.999
-145.486
-145.975
-146.47
-146.954
-147.414
-147.847
-148.253
-148.632
-148.981
-149.302
-149.592
-149.853
-150.085
-150.289
-150.467
-150.622
-150.758
-150.88
-122.572
-123.138
-123.668
-124.186
-124.694
-125.182
-125.645
-126.08
-126.487
-126.867
-127.219
-127.543
-127.838
-128.105
-128.345
-128.557
-128.743
-128.904
-129.039
-129.144
-106.71
-107.268
-107.805
-108.322
-108.818
-109.29
-109.738
-110.159
-110.555
-110.925
-111.268
-111.585
-111.875
-112.139
-112.377
-112.589
-112.775
-112.934
-113.066
-113.166
-94.0057
-94.5373
-95.0531
-95.5476
-96.0181
-96.4647
-96.8877
-97.2872
-97.6625
-98.0134
-98.3397
-98.6412
-98.918
-99.1701
-99.3974
-99.6
-99.7779
-99.9304
-100.057
-100.155
-82.9336
-83.4322
-83.9171
-84.3825
-84.8247
-85.2438
-85.6403
-86.0144
-86.3657
-86.6937
-86.9985
-87.2801
-87.5383
-87.7734
-87.9853
-88.1739
-88.3393
-88.4811
-88.599
-88.6926
-73.3866
-73.8539
-74.3086
-74.7453
-75.1601
-75.5523
-75.9226
-76.2711
-76.5976
-76.902
-77.1843
-77.4445
-77.6829
-77.8994
-78.094
-78.2669
-78.418
-78.5474
-78.6546
-78.7397
-65.1742
-65.6143
-66.0422
-66.4527
-66.842
-67.2092
-67.5549
-67.8793
-68.1824
-68.4643
-68.7251
-68.965
-69.184
-69.3825
-69.5604
-69.7178
-69.8548
-69.9713
-70.0673
-70.1427
-58.0675
-58.4847
-58.8893
-59.2766
-59.6429
-59.9876
-60.311
-60.6135
-60.8954
-61.1568
-61.3979
-61.6191
-61.8206
-62.0025
-62.1649
-62.308
-62.4318
-62.5364
-62.6216
-62.6877
-51.886
-52.2839
-52.6686
-53.0357
-53.3818
-53.7064
-54.0099
-54.2928
-54.5556
-54.7986
-55.0221
-55.2266
-55.4123
-55.5794
-55.728
-55.8584
-55.9704
-56.0643
-56.1399
-56.1974
-46.4875
-46.8693
-47.2374
-47.5871
-47.9155
-48.2222
-48.5078
-48.7732
-49.0188
-49.2453
-49.4531
-49.6427
-49.8145
-49.9686
-50.1051
-50.2243
-50.3261
-50.4106
-50.4777
-50.5277
-41.7561
-42.125
-42.4792
-42.8141
-43.1268
-43.4174
-43.6869
-43.9363
-44.1664
-44.3781
-44.5718
-44.7483
-44.9077
-45.0503
-45.1763
-45.2858
-45.3786
-45.455
-45.5149
-45.5584
-37.5968
-37.9556
-38.2985
-38.6205
-38.9192
-39.195
-39.4497
-39.6844
-39.9004
-40.0986
-40.2797
-40.4443
-40.5929
-40.7255
-40.8423
-40.9433
-41.0285
-41.0979
-41.1515
-41.1894
-33.9308
-34.282
-34.6162
-34.9271
-35.2127
-35.4748
-35.7154
-35.9365
-36.1394
-36.3252
-36.4949
-36.649
-36.7878
-36.9116
-37.0204
-37.1141
-37.1927
-37.2562
-37.3044
-37.3375
-30.6924
-31.0388
-31.3664
-31.6673
-31.9405
-32.1893
-32.4166
-32.6247
-32.8153
-32.9897
-33.1489
-33.2935
-33.4238
-33.5398
-33.6416
-33.7291
-33.802
-33.8604
-33.9041
-33.9333
-27.8275
-28.1721
-28.4945
-28.7854
-29.0463
-29.2821
-29.4964
-29.6919
-29.8708
-30.0346
-30.1843
-30.3204
-30.4431
-30.5524
-30.6481
-30.7302
-30.7984
-30.8525
-30.8924
-30.9181
-25.2881
-25.6377
-25.9561
-26.2355
-26.4833
-26.7058
-26.907
-27.0902
-27.258
-27.412
-27.553
-27.6814
-27.7974
-27.9008
-27.9914
-28.0689
-28.1329
-28.1834
-28.22
-28.2429
-23.0215
-23.3904
-23.7098
-23.9761
-24.2093
-24.4181
-24.6062
-24.7776
-24.9351
-25.08
-25.2133
-25.3351
-25.4454
-25.5438
-25.63
-25.7036
-25.7642
-25.8116
-25.8454
-25.8658
-20.9756
-21.3707
-21.7013
-21.9583
-22.1771
-22.3722
-22.5482
-22.7092
-22.8579
-22.9956
-23.1228
-23.2397
-23.3458
-23.4407
-23.5239
-23.5949
-23.6532
-23.6985
-23.7306
-23.7493
-19.1859
-19.5597
-19.8925
-20.1529
-20.3609
-20.5405
-20.7046
-20.8565
-20.9973
-21.1283
-21.2503
-21.3631
-21.466
-21.5583
-21.6394
-21.7087
-21.7657
-21.81
-21.8414
-21.8596
-17.9178
-18.1815
-18.4104
-18.672
-18.8702
-19.0197
-19.1594
-19.2941
-19.4192
-19.5353
-19.6441
-19.7454
-19.838
-19.9209
-19.9934
-20.055
-20.1051
-20.1434
-20.1694
-20.1829
-11.5127
-12.9672
-14.6255
-16.4844
-18.5734
-20.9272
-23.5825
-26.5823
-29.977
-33.8263
-38.2011
-43.1863
-48.8856
-55.4267
-62.9763
-71.7537
-81.9566
-93.7284
-108.679
-129.838
-11.7857
-13.2498
-14.9131
-16.7787
-18.876
-21.2391
-23.9049
-26.9163
-30.3243
-34.1887
-38.5806
-43.5856
-49.3078
-55.8759
-63.4573
-72.2724
-82.5182
-94.3335
-109.321
-130.501
-12.0645
-13.538
-15.2063
-17.079
-19.185
-21.5578
-24.2345
-27.2582
-30.68
-34.5599
-38.9697
-43.9952
-49.7412
-56.337
-63.9509
-72.804
-83.0926
-94.9502
-109.966
-131.148
-12.348
-13.8306
-15.5039
-17.3839
-19.4989
-21.8818
-24.5696
-27.606
-31.0419
-34.9379
-39.3659
-44.4124
-50.1827
-56.8068
-64.4535
-73.3445
-83.676
-95.5781
-110.629
-131.823
-12.6352
-14.1266
-15.805
-17.6926
-19.8168
-22.21
-24.9093
-27.9585
-31.4089
-35.3212
-39.7677
-44.8355
-50.6303
-57.2829
-64.9626
-73.8917
-84.2667
-96.2156
-111.308
-132.525
-12.9254
-14.4253
-16.109
-18.0045
-20.1383
-22.5421
-25.2532
-28.3154
-31.7805
-35.7094
-40.1747
-45.264
-51.0836
-57.765
-65.4781
-74.4458
-84.8646
-96.8616
-112
-133.244
-13.218
-14.7262
-16.4152
-18.3191
-20.4629
-22.8775
-25.6006
-28.6763
-32.1564
-36.1021
-40.5865
-45.6976
-51.5423
-58.2528
-65.9998
-75.0066
-85.4697
-97.5149
-112.699
-133.974
-13.5124
-15.0286
-16.7232
-18.6359
-20.79
-23.2158
-25.9513
-29.0406
-32.536
-36.4989
-41.0027
-46.1358
-52.006
-58.7459
-66.5272
-75.5735
-86.0812
-98.1744
-113.405
-134.71
-13.8081
-15.3321
-17.0325
-18.9545
-21.1193
-23.5567
-26.3047
-29.4081
-32.919
-36.8992
-41.4226
-46.578
-52.4739
-59.2436
-67.0595
-76.1456
-86.6981
-98.8394
-114.115
-135.453
-14.1051
-15.6366
-17.343
-19.2747
-21.4506
-23.8998
-26.6607
-29.7782
-33.3048
-37.3026
-41.8457
-47.0237
-52.9454
-59.7451
-67.5957
-76.7219
-87.3194
-99.5087
-114.831
-136.201
-14.4032
-15.942
-17.6547
-19.5965
-21.7839
-24.2452
-27.0191
-30.1509
-33.6933
-37.7086
-42.2715
-47.472
-53.4196
-60.2494
-68.1349
-77.3013
-87.9439
-100.181
-115.549
-136.952
-14.7028
-16.2488
-17.9678
-19.9203
-22.1194
-24.5928
-27.3799
-30.5259
-34.0841
-38.1169
-42.6996
-47.9225
-53.896
-60.7557
-68.6761
-77.8828
-88.5705
-100.856
-116.269
-137.705
-15.0047
-16.5576
-18.2832
-20.2466
-22.4575
-24.9432
-27.7431
-30.9033
-34.4769
-38.5271
-43.1292
-48.3743
-54.3735
-61.2631
-69.2183
-78.4651
-89.198
-101.531
-116.99
-138.458
-15.3104
-16.8697
-18.6018
-20.5761
-22.7987
-25.2963
-28.1089
-31.2827
-34.8715
-38.9385
-43.5597
-48.8267
-54.8512
-61.7703
-69.7601
-79.0469
-89.8249
-102.206
-117.709
-139.209
-15.6221
-17.1877
-18.9257
-20.9105
-23.1442
-25.6529
-28.4773
-31.6642
-35.2673
-39.3505
-43.9902
-49.2786
-55.3279
-62.2762
-70.3001
-79.6268
-90.4496
-102.878
-118.427
-139.959
-15.9427
-17.5127
-19.2553
-21.2496
-23.4936
-26.0127
-28.8482
-32.0471
-35.6637
-39.7623
-44.4197
-49.7287
-55.8022
-62.7791
-70.8367
-80.2027
-91.0705
-103.547
-119.141
-140.705
-16.2799
-17.8527
-19.5961
-21.5969
-23.8489
-26.3764
-29.2212
-32.4308
-36.0597
-40.1726
-44.8467
-50.1755
-56.2725
-63.2773
-71.3679
-80.7727
-91.6851
-104.211
-119.852
-141.45
-16.6324
-18.2001
-19.9403
-21.9467
-24.2066
-26.7418
-29.5947
-32.8136
-36.4536
-40.5797
-45.2696
-50.6173
-56.7369
-63.7687
-71.8916
-81.3342
-92.2904
-104.866
-120.559
-142.195
-17.0322
-18.5755
-20.2973
-22.3046
-24.5692
-27.1088
-29.9671
-33.1934
-36.8432
-40.9813
-45.6859
-51.0515
-57.1928
-64.2508
-72.405
-81.8841
-92.8823
-105.507
-121.258
-142.945
-17.4158
-18.9005
-20.6295
-22.6575
-24.9303
-27.4725
-30.3347
-33.5674
-37.2258
-41.3749
-46.0933
-51.4759
-57.6379
-64.7211
-72.9053
-82.4195
-93.4565
-106.126
-121.937
-143.704
-8.22336
-9.24415
-10.6639
-12.3641
-14.2959
-16.4831
-18.9639
-21.7781
-24.971
-28.5965
-32.7189
-37.415
-42.7772
-48.9192
-55.99
-64.1899
-73.7002
-84.6725
-98.7933
-119.299
-8.44169
-9.52521
-10.9674
-12.644
-14.5462
-16.7117
-19.1778
-21.9819
-25.1682
-28.7901
-32.9114
-37.6086
-42.9744
-49.1227
-56.2035
-64.4181
-73.9481
-84.9402
-99.0739
-119.583
-8.43602
-9.6388
-11.1348
-12.8306
-14.7412
-16.9107
-19.3777
-22.1815
-25.3676
-28.9904
-33.1141
-37.8155
-43.1874
-49.3445
-56.4372
-64.6681
-74.2188
-85.2306
-99.367
-119.851
-8.48283
-9.72836
-11.2511
-12.9687
-14.8984
-17.0825
-19.56
-22.3713
-25.5636
-29.1922
-33.322
-38.0306
-43.4113
-49.5794
-56.6859
-64.9341
-74.507
-85.5431
-99.6943
-120.17
-8.56859
-9.82878
-11.3678
-13.1015
-15.0465
-17.2444
-19.7337
-22.5553
-25.7571
-29.3946
-33.5336
-38.2519
-43.6436
-49.8247
-56.9468
-65.2142
-74.8112
-85.8771
-100.057
-120.543
-8.65236
-9.93235
-11.4887
-13.2369
-15.1952
-17.4056
-19.9066
-22.7393
-25.9518
-29.6
-33.7498
-38.4797
-43.8844
-50.0803
-57.2201
-65.5089
-75.1325
-86.2316
-100.446
-120.954
-8.73793
-10.0399
-11.6124
-13.3743
-15.3459
-17.5691
-20.0822
-22.9267
-26.1507
-29.8106
-33.9726
-38.7155
-44.1347
-50.3473
-57.5067
-65.819
-75.4714
-86.6055
-100.858
-121.392
-8.83893
-10.1587
-11.7438
-13.5177
-15.5019
-17.7375
-20.263
-23.1196
-26.3558
-30.0282
-34.2033
-38.9605
-44.3955
-50.6262
-57.807
-66.1449
-75.8279
-86.9985
-101.29
-121.853
-8.95924
-10.293
-11.8879
-13.6718
-15.667
-17.9143
-20.4515
-23.3201
-26.5687
-30.2541
-34.4431
-39.2154
-44.6674
-50.9176
-58.1212
-66.4863
-76.2018
-87.4105
-101.743
-122.338
-9.09727
-10.4433
-12.0464
-13.8389
-15.8439
-18.1017
-20.6501
-23.5304
-26.7913
-30.4899
-34.6932
-39.4813
-44.951
-51.2218
-58.4496
-66.8434
-76.593
-87.8415
-102.217
-122.845
-9.25174
-10.6093
-12.2195
-14.0195
-16.0335
-18.3011
-20.86
-23.7516
-27.0247
-30.7365
-34.9543
-39.7587
-45.247
-51.5392
-58.7923
-67.2162
-77.0016
-88.2915
-102.711
-123.375
-9.42227
-10.7907
-12.4071
-14.2138
-16.2361
-18.513
-21.0819
-23.9845
-27.2696
-30.9946
-35.2272
-40.0482
-45.5556
-51.8701
-59.1495
-67.6048
-77.4273
-88.76
-103.225
-123.926
-9.60833
-10.987
-12.6089
-14.4217
-16.4517
-18.7374
-21.3161
-24.2294
-27.5264
-31.2647
-35.5122
-40.3502
-45.8772
-52.2147
-59.5214
-68.0092
-77.8702
-89.2469
-103.758
-124.497
-9.80891
-11.1973
-12.8242
-14.6428
-16.6801
-18.9743
-21.5624
-24.4863
-27.7952
-31.5468
-35.8094
-40.6647
-46.2118
-52.573
-59.9078
-68.4292
-78.3299
-89.7521
-104.311
-125.088
-10.0227
-11.4207
-13.0521
-14.8762
-16.9207
-19.2232
-21.8207
-24.7551
-28.0758
-31.8408
-36.1187
-40.9916
-46.5593
-52.9447
-60.3085
-68.8644
-78.8062
-90.2752
-104.882
-125.699
-10.2485
-11.6559
-13.2917
-15.1212
-17.1728
-19.4835
-22.0903
-25.0352
-28.3678
-32.1463
-36.4397
-41.3307
-46.9194
-53.3296
-60.723
-69.3145
-79.2985
-90.8159
-105.473
-126.33
-10.4849
-11.9016
-13.5418
-15.3768
-17.4354
-19.7544
-22.3706
-25.3261
-28.6707
-32.463
-36.7721
-41.6813
-47.2915
-53.7272
-61.1509
-69.7787
-79.806
-91.3737
-106.084
-126.983
-10.7307
-12.1568
-13.8012
-15.6419
-17.7078
-20.0352
-22.6609
-25.6271
-28.9839
-32.7901
-37.1153
-42.0431
-47.6751
-54.1367
-61.5914
-70.2562
-80.3277
-91.9473
-106.714
-127.659
-10.9847
-12.4201
-14.069
-15.9155
-17.9888
-20.3248
-22.9602
-25.9374
-29.3066
-33.127
-37.4684
-42.4152
-48.0694
-54.5573
-62.0434
-70.7457
-80.8616
-92.5343
-107.362
-128.361
-11.2457
-12.6907
-14.3443
-16.1968
-18.2779
-20.6226
-23.2679
-26.2563
-29.6382
-33.473
-37.831
-42.797
-48.4737
-54.9883
-62.5062
-71.2462
-81.4061
-93.1303
-108.022
-129.093
-7.35767
-7.01362
-6.8693
-6.80918
-6.78499
-6.77882
-6.78851
-6.8102
-6.84363
-6.88755
-6.94164
-7.00534
-7.07833
-7.16024
-7.25077
-7.34959
-7.45644
-7.57105
-7.69332
-7.82321
-8.76889
-8.48753
-8.2978
-8.20727
-8.1614
-8.14395
-8.14632
-8.16378
-8.19464
-8.23722
-8.29078
-8.35456
-8.42806
-8.51081
-8.60243
-8.70253
-8.81078
-8.92686
-9.05057
-9.18189
-10.2939
-10.0601
-9.8755
-9.77001
-9.708
-9.67947
-9.67394
-9.68645
-9.71417
-9.75508
-9.80806
-9.87212
-9.94661
-10.0309
-10.1246
-10.2273
-10.3384
-10.4577
-10.5849
-10.72
-12.0563
-11.8358
-11.659
-11.5447
-11.4703
-11.4304
-11.4155
-11.421
-11.4436
-11.4809
-11.5315
-11.5942
-11.6682
-11.7528
-11.8474
-11.9515
-12.0646
-12.1863
-12.3162
-12.4545
-14.0363
-13.8267
-13.6562
-13.5366
-13.4541
-13.4051
-13.3821
-13.3811
-13.3986
-13.4322
-13.4802
-13.5414
-13.6147
-13.6994
-13.7948
-13.9002
-14.0152
-14.1391
-14.2718
-14.4132
-16.2556
-16.0587
-15.895
-15.773
-15.6854
-15.6297
-15.6002
-15.5935
-15.6064
-15.6366
-15.6823
-15.7421
-15.8149
-15.8998
-15.9961
-16.1031
-16.2201
-16.3466
-16.4822
-16.627
-18.7563
-18.5709
-18.4138
-18.2914
-18.2005
-18.1397
-18.1049
-18.0933
-18.1022
-18.1292
-18.1728
-18.2313
-18.3038
-18.3891
-18.4865
-18.5952
-18.7145
-18.8438
-18.9826
-19.1313
-21.5833
-21.4067
-21.2552
-21.1332
-21.0403
-20.9756
-20.9365
-20.9208
-20.926
-20.9503
-20.9919
-21.0494
-21.1217
-21.2076
-21.3064
-21.4171
-21.539
-21.6714
-21.8139
-21.967
-24.7846
-24.6145
-24.467
-24.3458
-24.2516
-24.184
-24.1414
-24.1221
-24.1243
-24.1462
-24.1862
-24.243
-24.3153
-24.4022
-24.5026
-24.6158
-24.7408
-24.8768
-25.0235
-25.1815
-28.4154
-28.2497
-28.105
-27.9843
-27.8889
-27.8189
-27.7735
-27.7513
-27.7509
-27.7708
-27.8096
-27.866
-27.9388
-28.0271
-28.1297
-28.2458
-28.3744
-28.5147
-28.6664
-28.8301
-32.5406
-32.3772
-32.2338
-32.113
-32.0164
-31.9443
-31.8963
-31.8716
-31.869
-31.8874
-31.9254
-31.9818
-32.0556
-32.1457
-32.2511
-32.3708
-32.5037
-32.649
-32.8064
-32.9769
-37.237
-37.0739
-36.9302
-36.8084
-36.7099
-36.6355
-36.585
-36.558
-36.5535
-36.5705
-36.6081
-36.665
-36.7402
-36.8326
-36.9414
-37.0654
-37.2034
-37.3545
-37.5186
-37.6967
-42.5971
-42.4319
-42.286
-42.1616
-42.0603
-41.9829
-41.9295
-41.8998
-41.8933
-41.9092
-41.9464
-42.0039
-42.0809
-42.1762
-42.2888
-42.4177
-42.5616
-42.7193
-42.891
-43.0779
-48.7341
-48.5639
-48.4132
-48.284
-48.1782
-48.0963
-48.039
-48.006
-47.9969
-48.0111
-48.0477
-48.1058
-48.1845
-48.2828
-48.3997
-48.534
-48.6843
-48.8494
-49.0295
-49.226
-55.7962
-55.6172
-55.4581
-55.3211
-55.208
-55.1195
-55.0562
-55.0182
-55.0052
-55.0166
-55.0518
-55.1098
-55.1897
-55.2907
-55.4117
-55.5515
-55.7087
-55.8817
-56.0707
-56.2773
-63.9824
-63.7898
-63.6178
-63.4685
-63.344
-63.2451
-63.1727
-63.1269
-63.1076
-63.1142
-63.1461
-63.2024
-63.2824
-63.385
-63.5093
-63.6541
-63.8178
-63.9985
-64.1962
-64.4124
-73.4741
-73.262
-73.0702
-72.9018
-72.7595
-72.6448
-72.5584
-72.5006
-72.471
-72.4693
-72.4948
-72.5466
-72.6239
-72.7258
-72.8511
-72.9988
-73.1673
-73.3544
-73.5596
-73.7843
-84.4218
-84.1793
-83.9554
-83.7573
-83.5886
-83.4507
-83.3441
-83.2685
-83.2235
-83.2085
-83.2228
-83.2657
-83.3361
-83.433
-83.5552
-83.7017
-83.8715
-84.0639
-84.2775
-84.5111
-98.4937
-98.1955
-97.9214
-97.6825
-97.4796
-97.3123
-97.1797
-97.081
-97.0153
-96.982
-96.9801
-97.0092
-97.0681
-97.1558
-97.2709
-97.4127
-97.5829
-97.7842
-98.0146
-98.2599
-118.888
-118.505
-118.178
-117.9
-117.665
-117.47
-117.313
-117.191
-117.105
-117.054
-117.036
-117.051
-117.099
-117.179
-117.289
-117.429
-117.605
-117.824
-118.083
-118.34
-7.96025
-8.10343
-8.25275
-8.40801
-8.56917
-8.73612
-8.90879
-9.08712
-9.27096
-9.4601
-9.65431
-9.85257
-10.0523
-10.2506
-10.4467
-10.6348
-10.7865
-10.8773
-10.9457
-10.9945
-9.32048
-9.46526
-9.61621
-9.77306
-9.93571
-10.104
-10.2777
-10.4568
-10.6409
-10.8298
-11.0227
-11.2187
-11.4154
-11.61
-11.799
-11.9781
-12.1364
-12.2478
-12.2859
-12.3216
-10.8626
-11.0117
-11.1672
-11.3287
-11.4962
-11.6694
-11.848
-12.0318
-12.2204
-12.4134
-12.6099
-12.8086
-13.0076
-13.2041
-13.3945
-13.5746
-13.739
-13.8721
-13.952
-14.023
-12.6008
-12.7538
-12.9135
-13.0794
-13.2515
-13.4294
-13.6128
-13.8012
-13.9943
-14.1915
-14.3917
-14.5936
-14.7952
-14.9939
-15.1866
-15.3694
-15.5376
-15.6826
-15.7988
-15.9157
-14.563
-14.7199
-14.8836
-15.054
-15.2305
-15.413
-15.601
-15.794
-15.9915
-16.1928
-16.3968
-16.602
-16.8066
-17.0082
-17.2042
-17.3913
-17.5652
-17.7209
-17.8617
-18.0094
-16.7808
-16.9418
-17.11
-17.285
-17.4664
-17.6538
-17.8468
-18.0447
-18.247
-18.453
-18.6614
-18.8708
-19.0795
-19.2854
-19.4863
-19.6796
-19.8618
-20.0304
-20.1909
-20.3588
-19.2894
-19.455
-19.6281
-19.8082
-19.995
-20.1879
-20.3864
-20.5899
-20.7978
-21.0092
-21.2229
-21.4376
-21.6517
-21.8635
-22.071
-22.2722
-22.4647
-22.6477
-22.8263
-23.011
-22.1299
-22.3007
-22.4793
-22.6651
-22.8579
-23.057
-23.2618
-23.4717
-23.686
-23.9038
-24.124
-24.3453
-24.5663
-24.7855
-25.0013
-25.2121
-25.4163
-25.6142
-25.8102
-26.0111
-25.3501
-25.5267
-25.7115
-25.9039
-26.1035
-26.3096
-26.5217
-26.739
-26.9608
-27.1863
-27.4144
-27.6438
-27.8732
-28.1015
-28.3274
-28.5494
-28.7668
-28.9802
-29.193
-29.4106
-29.0051
-29.1884
-29.3804
-29.5803
-29.7877
-30.0019
-30.2224
-30.4484
-30.6791
-30.9137
-31.1512
-31.3903
-31.6301
-31.8694
-32.1071
-32.3423
-32.5744
-32.8041
-33.0342
-33.2691
-33.1592
-33.3503
-33.5504
-33.759
-33.9754
-34.199
-34.4293
-34.6654
-34.9066
-35.1519
-35.4005
-35.6514
-35.9035
-36.1558
-36.4075
-36.6579
-36.9064
-37.1536
-37.4021
-37.6558
-37.8875
-38.0875
-38.297
-38.5153
-38.7421
-38.9766
-39.2181
-39.466
-39.7194
-39.9774
-40.2392
-40.5039
-40.7705
-41.0382
-41.3062
-41.574
-41.841
-42.1075
-42.376
-42.6503
-43.2783
-43.4882
-43.7082
-43.9377
-44.1762
-44.423
-44.6774
-44.9388
-45.2063
-45.479
-45.7562
-46.0371
-46.3206
-46.6061
-46.8931
-47.1808
-47.4686
-47.7566
-48.0473
-48.3445
-49.437
-49.6579
-49.8894
-50.131
-50.3825
-50.643
-50.9119
-51.1885
-51.472
-51.7615
-52.0563
-52.3556
-52.6586
-52.9646
-53.2731
-53.5834
-53.8947
-54.2069
-54.5223
-54.8452
-56.4993
-56.7314
-56.9749
-57.2295
-57.4948
-57.77
-58.0546
-58.3478
-58.6489
-58.957
-59.2715
-59.5914
-59.9161
-60.245
-60.5776
-60.9134
-61.2512
-61.5905
-61.9335
-62.2845
-64.6448
-64.8879
-65.1432
-65.4105
-65.6895
-65.9797
-66.2803
-66.5908
-66.9103
-67.2381
-67.5735
-67.9156
-68.2639
-68.6176
-68.9766
-69.3402
-69.7072
-70.0763
-70.449
-70.83
-74.0261
-74.2786
-74.5435
-74.8214
-75.1122
-75.4158
-75.7314
-76.0584
-76.3959
-76.7431
-77.0994
-77.464
-77.8362
-78.2154
-78.6013
-78.9934
-79.3905
-79.7909
-80.1952
-80.6078
-84.7595
-85.0156
-85.2838
-85.5667
-85.865
-86.1783
-86.5058
-86.8464
-87.1993
-87.5635
-87.9382
-88.3229
-88.7169
-89.1194
-89.5296
-89.9475
-90.3732
-90.807
-91.2485
-91.6973
-98.4993
-98.743
-99.0024
-99.2823
-99.5818
-99.8995
-100.234
-100.583
-100.946
-101.322
-101.709
-102.109
-102.52
-102.941
-103.371
-103.811
-104.265
-104.741
-105.236
-105.727
-118.529
-118.738
-118.981
-119.254
-119.55
-119.867
-120.202
-120.554
-120.921
-121.303
-121.698
-122.106
-122.529
-122.965
-123.413
-123.876
-124.363
-124.89
-125.454
-125.986
-126.375
-106.183
-92.1464
-81.0264
-71.217
-62.6416
-55.1742
-48.6478
-42.9305
-37.9153
-33.51
-29.6347
-26.2199
-23.2061
-20.5418
-18.1808
-16.0773
-14.1957
-12.5581
-11.1799
-126.772
-106.622
-92.5862
-81.4422
-71.6029
-62.9984
-55.5038
-48.9526
-43.213
-38.178
-33.755
-29.8637
-26.4348
-23.4083
-20.7326
-18.3618
-16.254
-14.3829
-12.7664
-11.3701
-127.205
-107.065
-93.0257
-81.8601
-71.9922
-63.3587
-55.8372
-49.2615
-43.5001
-38.4458
-34.0058
-30.0995
-26.6573
-23.6192
-20.9331
-18.5538
-16.4404
-14.5652
-12.9327
-11.503
-127.665
-107.523
-93.4713
-82.2825
-72.386
-63.7236
-56.1751
-49.5753
-43.7925
-38.7193
-34.2627
-30.342
-26.8871
-23.8378
-21.1421
-18.7548
-16.6356
-14.7549
-13.1115
-11.6658
-128.148
-107.996
-93.9258
-82.7113
-72.7854
-64.0938
-56.5184
-49.8944
-44.0904
-38.9987
-34.5261
-30.5913
-27.1242
-24.0642
-21.3591
-18.9636
-16.8371
-14.9493
-13.2951
-11.838
-128.648
-108.483
-94.3903
-83.1474
-73.191
-64.4697
-56.8672
-50.2191
-44.3941
-39.2842
-34.7957
-30.8472
-27.3682
-24.2978
-21.5837
-19.1803
-17.0473
-15.1537
-13.4914
-12.0251
-129.163
-108.982
-94.8644
-83.5911
-73.603
-64.8515
-57.2215
-50.5494
-44.7034
-39.5754
-35.0714
-31.1094
-27.6187
-24.5381
-21.8151
-19.4039
-17.2642
-15.3649
-13.695
-12.2205
-129.692
-109.493
-95.348
-84.0424
-74.0215
-65.2391
-57.5815
-50.8851
-45.0182
-39.8722
-35.3527
-31.3773
-27.8751
-24.7845
-22.0526
-19.6338
-17.4877
-15.5828
-13.9055
-12.4228
-130.232
-110.015
-95.8402
-84.5009
-74.4462
-65.6323
-57.9467
-51.2259
-45.3381
-40.1741
-35.6392
-31.6506
-28.1368
-25.0361
-22.2955
-19.8689
-17.7162
-15.8055
-14.1207
-12.6299
-130.784
-110.546
-96.3407
-84.9664
-74.8768
-66.0308
-58.3168
-51.5716
-45.6627
-40.4808
-35.9304
-31.9285
-28.4032
-25.2925
-22.5429
-20.1085
-17.9491
-16.0323
-14.3397
-12.8408
-131.346
-111.086
-96.8485
-85.438
-75.3128
-66.4342
-58.6915
-51.9215
-45.9915
-40.7916
-36.2258
-32.2105
-28.6736
-25.5528
-22.7942
-20.3518
-18.1853
-16.2621
-14.5615
-13.0545
-131.919
-111.634
-97.3633
-85.9154
-75.7536
-66.8419
-59.0702
-52.2753
-46.3241
-41.1061
-36.5248
-32.4961
-28.9476
-25.8164
-23.0487
-20.5981
-18.4243
-16.4943
-14.7855
-13.2705
-132.501
-112.19
-97.8841
-86.3978
-76.1987
-67.2532
-59.4523
-52.6324
-46.6599
-41.4237
-36.8268
-32.7848
-29.2244
-26.0829
-23.3059
-20.8469
-18.6656
-16.7286
-15.0113
-13.4885
-133.092
-112.752
-98.4101
-86.8845
-76.6474
-67.6678
-59.8373
-52.9923
-46.9984
-41.744
-37.1315
-33.0759
-29.5038
-26.3517
-23.5653
-21.0978
-18.9088
-16.9644
-15.2386
-13.7081
-133.691
-113.32
-98.9402
-87.3748
-77.0991
-68.0849
-60.2247
-53.3544
-47.3391
-42.0665
-37.4384
-33.3692
-29.7851
-26.6225
-23.8266
-21.3504
-19.1535
-17.2016
-15.4671
-13.9291
-134.299
-113.893
-99.4737
-87.8676
-77.5527
-68.5036
-60.6135
-53.7179
-47.6813
-42.3905
-37.7468
-33.6641
-30.0681
-26.8949
-24.0894
-21.6045
-19.3996
-17.44
-15.6968
-14.1516
-134.919
-114.473
-100.01
-88.3615
-78.0068
-68.9225
-61.0024
-54.0817
-48.024
-42.7152
-38.0561
-33.96
-30.3522
-27.1684
-24.3534
-21.8597
-19.6469
-17.6794
-15.9275
-14.3755
-135.561
-115.062
-100.548
-88.8545
-78.4597
-69.3403
-61.3905
-54.445
-48.3664
-43.04
-38.3656
-34.2563
-30.6368
-27.4426
-24.6181
-22.1158
-19.895
-17.9197
-16.1592
-14.6008
-136.222
-115.66
-101.087
-89.3465
-78.9118
-69.758
-61.7788
-54.8086
-48.7093
-43.3652
-38.6757
-34.5532
-30.9221
-27.7174
-24.8835
-22.3727
-20.1439
-18.1608
-16.392
-14.8278
-136.858
-116.25
-101.626
-89.8396
-79.3656
-70.1777
-62.1693
-55.1744
-49.0542
-43.6924
-38.9877
-34.8518
-31.2089
-27.9938
-25.1504
-22.6309
-20.3941
-18.4032
-16.6261
-15.0567
-11.006
-6.81265
-4.514
-3.00846
-2.09757
-1.50139
-1.11424
-0.860081
-0.695005
-0.590173
-0.526814
-0.492131
-0.47744
-0.476749
-0.485991
-0.502405
-0.524097
-0.549551
-0.577
-0.603616
-0.62481
-0.634332
-0.625822
-0.595258
-0.542999
-0.474128
-0.39675
-0.319227
-0.248031
-0.186915
-0.137131
-0.098232
-0.0688037
-0.0471053
-0.0314563
-0.0202884
-0.012602
-0.00696695
-0.00366305
-9.42161e-05
-11.2525
-6.99234
-4.65559
-3.11743
-2.17994
-1.56574
-1.16431
-0.899501
-0.726165
-0.614876
-0.546351
-0.507447
-0.489212
-0.485461
-0.491975
-0.505872
-0.52516
-0.548248
-0.573346
-0.5977
-0.616932
-0.625107
-0.616146
-0.586136
-0.535306
-0.468392
-0.393085
-0.317405
-0.247636
-0.187487
-0.138266
-0.0996191
-0.0702301
-0.0484353
-0.0326191
-0.0212425
-0.0133455
-0.00747703
-0.00398597
-0.000142366
-11.5014
-7.17766
-4.80218
-3.23072
-2.26514
-1.63205
-1.21568
-0.939737
-0.757806
-0.639829
-0.565984
-0.522762
-0.500928
-0.494094
-0.497881
-0.509284
-0.526209
-0.546992
-0.569817
-0.592001
-0.609364
-0.616266
-0.606898
-0.577448
-0.528011
-0.462992
-0.38968
-0.315768
-0.247362
-0.188134
-0.139445
-0.101029
-0.0716667
-0.0497687
-0.0337819
-0.0221948
-0.0140874
-0.00798614
-0.00430779
-0.000191459
-11.7534
-7.36854
-4.95376
-3.34853
-2.35338
-1.70044
-1.2685
-0.98089
-0.790012
-0.6651
-0.585772
-0.538127
-0.512635
-0.50269
-0.503748
-0.512677
-0.527278
-0.545813
-0.566441
-0.586543
-0.602124
-0.607824
-0.598085
-0.569194
-0.521111
-0.457922
-0.386527
-0.314311
-0.247207
-0.188854
-0.140664
-0.10246
-0.0731128
-0.0511052
-0.0349445
-0.0231454
-0.0148276
-0.00849423
-0.00462845
-0.00024163
-12.0091
-7.56505
-5.11029
-3.47109
-2.44488
-1.77106
-1.32288
-1.02307
-0.822869
-0.690761
-0.605774
-0.553593
-0.524376
-0.511288
-0.509613
-0.516084
-0.528397
-0.54474
-0.563244
-0.581349
-0.59523
-0.59979
-0.589712
-0.561372
-0.514601
-0.453173
-0.383621
-0.313027
-0.247167
-0.189644
-0.141924
-0.103912
-0.0745678
-0.0524442
-0.0361066
-0.0240942
-0.0155659
-0.00900125
-0.00494805
-0.000293157
-12.269
-7.76737
-5.27181
-3.59866
-2.53992
-1.8441
-1.37896
-1.06639
-0.856467
-0.716885
-0.626051
-0.569212
-0.536195
-0.519928
-0.51551
-0.519536
-0.529595
-0.543797
-0.560247
-0.576434
-0.588695
-0.592174
-0.581781
-0.553979
-0.508472
-0.448739
-0.380952
-0.311912
-0.247238
-0.190503
-0.143223
-0.105384
-0.0760318
-0.053786
-0.0372684
-0.0250418
-0.0163025
-0.00950737
-0.00526645
-0.000346163
-12.5339
-7.97599
-5.43844
-3.73154
-2.63882
-1.91972
-1.43691
-1.11096
-0.890901
-0.743548
-0.646665
-0.585034
-0.548138
-0.528648
-0.521473
-0.523064
-0.530898
-0.543008
-0.557469
-0.571815
-0.582527
-0.584979
-0.574293
-0.547011
-0.50272
-0.444611
-0.378517
-0.310961
-0.247417
-0.191428
-0.144559
-0.106875
-0.0775042
-0.0551302
-0.0384297
-0.0259879
-0.0170374
-0.0100126
-0.00558362
-0.000400828
-12.8046
-8.19171
-5.6103
-3.86991
-2.74185
-1.99813
-1.49686
-1.15693
-0.926271
-0.770828
-0.66768
-0.601113
-0.560247
-0.537485
-0.527534
-0.526695
-0.53233
-0.542393
-0.554925
-0.567501
-0.576735
-0.578208
-0.567245
-0.540463
-0.497336
-0.440783
-0.376306
-0.310169
-0.2477
-0.192418
-0.145933
-0.108385
-0.0789848
-0.0564767
-0.0395903
-0.0269325
-0.0177706
-0.0105171
-0.00589957
-0.000457334
-13.0819
-8.41502
-5.78691
-4.01349
-2.84912
-2.07943
-1.55895
-1.2044
-0.962674
-0.798806
-0.689159
-0.617501
-0.572566
-0.546475
-0.533725
-0.530456
-0.533914
-0.541968
-0.552629
-0.563502
-0.571321
-0.571863
-0.560636
-0.53433
-0.492314
-0.437246
-0.374315
-0.30953
-0.248084
-0.193469
-0.147341
-0.109913
-0.0804729
-0.0578251
-0.0407502
-0.0278754
-0.0185019
-0.0110207
-0.0062143
-0.000515857
-13.3661
-8.64525
-5.96693
-4.16163
-2.96064
-2.16375
-1.62326
-1.25348
-1.0002
-0.827555
-0.711163
-0.634247
-0.585136
-0.555653
-0.540073
-0.534371
-0.535668
-0.541751
-0.550591
-0.559822
-0.566288
-0.565939
-0.554459
-0.528605
-0.487646
-0.433994
-0.372537
-0.30904
-0.248566
-0.194581
-0.148783
-0.111459
-0.0819682
-0.0591752
-0.0419092
-0.0288168
-0.0192315
-0.0115235
-0.00652781
-0.000576563
-13.6559
-8.88163
-6.15025
-4.31477
-3.07707
-2.25146
-1.69003
-1.30432
-1.03896
-0.857156
-0.733755
-0.651401
-0.597997
-0.565052
-0.546607
-0.538463
-0.537611
-0.541753
-0.548819
-0.556465
-0.561633
-0.560433
-0.548708
-0.523279
-0.483324
-0.431018
-0.370964
-0.308694
-0.249143
-0.19575
-0.150258
-0.11302
-0.0834701
-0.0605267
-0.0430671
-0.0297564
-0.0199592
-0.0120256
-0.00684007
-0.000639611
-13.9502
-9.1287
-6.34196
-4.47621
-3.20039
-2.3436
-1.75973
-1.3572
-1.07913
-0.887725
-0.757017
-0.669022
-0.611195
-0.574707
-0.553354
-0.542753
-0.53976
-0.541986
-0.54732
-0.553432
-0.557354
-0.555339
-0.543377
-0.518347
-0.47934
-0.428311
-0.369592
-0.308488
-0.249811
-0.196975
-0.151764
-0.114597
-0.0849781
-0.0618793
-0.0442237
-0.0306941
-0.0206851
-0.012527
-0.00715108
-0.000705151
-14.2555
-9.39918
-6.55008
-4.64931
-3.33228
-2.44115
-1.83296
-1.4125
-1.12096
-0.919436
-0.781065
-0.687194
-0.624787
-0.584661
-0.560346
-0.547265
-0.542134
-0.542464
-0.5461
-0.550725
-0.553446
-0.55065
-0.538456
-0.513798
-0.475686
-0.425868
-0.368415
-0.308417
-0.250567
-0.198254
-0.1533
-0.116189
-0.0864916
-0.0632326
-0.0453788
-0.0316299
-0.021409
-0.0130276
-0.00746083
-0.000773325
-14.5829
-9.6954
-6.76759
-4.82671
-3.46886
-2.5426
-1.9092
-1.47011
-1.16448
-0.952351
-0.805966
-0.705973
-0.638821
-0.594951
-0.567612
-0.552022
-0.544746
-0.543196
-0.545163
-0.548341
-0.549904
-0.546357
-0.533936
-0.509625
-0.472356
-0.423681
-0.367427
-0.308477
-0.251408
-0.199584
-0.154865
-0.117794
-0.08801
-0.0645861
-0.0465321
-0.0325636
-0.0221309
-0.0135274
-0.00776928
-0.000844269
-14.9159
-9.97586
-6.95819
-4.98622
-3.59895
-2.64253
-1.98564
-1.52855
-1.20892
-0.986051
-0.831489
-0.72523
-0.653223
-0.605533
-0.575125
-0.557007
-0.547586
-0.54417
-0.544497
-0.546264
-0.546708
-0.542438
-0.529798
-0.50581
-0.469334
-0.42174
-0.366622
-0.308663
-0.25233
-0.200963
-0.156456
-0.119412
-0.089533
-0.0659398
-0.0476837
-0.0334952
-0.0228508
-0.0140266
-0.00807647
-0.000918138
-15.1895
-10.1925
-7.10466
-5.12338
-3.72103
-2.73959
-2.06094
-1.58673
-1.2535
-1.02002
-0.857285
-0.744732
-0.667838
-0.616303
-0.582816
-0.56217
-0.550619
-0.54536
-0.544078
-0.54447
-0.54383
-0.538864
-0.526008
-0.502322
-0.466595
-0.420024
-0.365981
-0.308963
-0.253326
-0.202386
-0.158071
-0.121041
-0.0910594
-0.0672933
-0.0488334
-0.0344249
-0.0235689
-0.0145253
-0.00838242
-0.000995085
-15.4239
-10.4568
-7.31395
-5.30775
-3.87362
-2.85436
-2.14619
-1.65076
-1.30167
-1.05625
-0.884555
-0.765226
-0.683146
-0.627583
-0.590905
-0.567674
-0.553965
-0.546861
-0.543981
-0.54302
-0.541321
-0.535674
-0.522602
-0.499189
-0.464158
-0.418543
-0.365511
-0.309376
-0.254392
-0.203847
-0.159704
-0.122676
-0.0925851
-0.068643
-0.0499785
-0.0353506
-0.0242839
-0.0150225
-0.00868678
-0.001075
-15.9089
-11.0522
-7.76602
-5.64008
-4.11459
-3.0226
-2.26398
-1.73494
-1.36262
-1.10076
-0.917301
-0.789416
-0.701003
-0.640665
-0.600311
-0.574176
-0.558108
-0.549033
-0.544489
-0.542153
-0.539402
-0.533093
-0.519805
-0.496632
-0.462224
-0.417466
-0.365337
-0.30999
-0.255581
-0.205377
-0.161367
-0.124319
-0.0941059
-0.0699828
-0.051113
-0.0362672
-0.0249919
-0.0155158
-0.00898847
-0.0011573
-16.7131
-11.8517
-8.31473
-6.01205
-4.38235
-3.21308
-2.39819
-1.83087
-1.43203
-1.15134
-0.954369
-0.816691
-0.721069
-0.655337
-0.61087
-0.581527
-0.56289
-0.551706
-0.545421
-0.541685
-0.537904
-0.530983
-0.517534
-0.494632
-0.460834
-0.416875
-0.365563
-0.310906
-0.256982
-0.207045
-0.163115
-0.126008
-0.0956502
-0.0713325
-0.05225
-0.0371833
-0.0256981
-0.0160083
-0.00928861
-0.00124291
-16.5415
-11.7945
-8.24564
-5.9737
-4.39825
-3.2499
-2.4356
-1.86464
-1.46086
-1.17478
-0.972882
-0.831012
-0.731914
-0.663318
-0.61648
-0.585142
-0.564786
-0.552081
-0.544428
-0.539491
-0.534747
-0.52722
-0.513635
-0.491109
-0.458129
-0.415253
-0.365062
-0.311377
-0.258164
-0.208653
-0.164902
-0.127786
-0.0972993
-0.0727813
-0.0534701
-0.0381629
-0.0264482
-0.0165297
-0.00959968
-0.00134035
-14.7307
-10.7525
-7.49918
-5.48531
-4.12097
-3.09233
-2.34031
-1.80624
-1.4246
-1.15129
-0.956922
-0.819641
-0.723375
-0.656507
-0.610655
-0.579778
-0.559474
-0.546428
-0.538001
-0.531867
-0.525677
-0.516819
-0.502487
-0.480189
-0.448536
-0.407868
-0.360308
-0.309171
-0.258054
-0.210015
-0.167119
-0.130352
-0.0998572
-0.0751082
-0.0554568
-0.0397588
-0.0276597
-0.017364
-0.0100802
-0.0015064
-12.8949
-9.73086
-6.89413
-5.11586
-3.9289
-3.00827
-2.30886
-1.80191
-1.4347
-1.16764
-0.974864
-0.836826
-0.738632
-0.66931
-0.620834
-0.587333
-0.56448
-0.548989
-0.538234
-0.529918
-0.521761
-0.511295
-0.495914
-0.473307
-0.442149
-0.402666
-0.356715
-0.307286
-0.257698
-0.210839
-0.168724
-0.132369
-0.101996
-0.077161
-0.0572936
-0.0413015
-0.028875
-0.01823
-0.0105981
-0.00166837
-11.2829
-8.81081
-6.37708
-4.78335
-3.73338
-2.91353
-2.26914
-1.79079
-1.43984
-1.18108
-0.991494
-0.853819
-0.754441
-0.683113
-0.632242
-0.596199
-0.570788
-0.5528
-0.539665
-0.529138
-0.519018
-0.506951
-0.490482
-0.467437
-0.436538
-0.397931
-0.353267
-0.30528
-0.257049
-0.211301
-0.169976
-0.13409
-0.103912
-0.0790626
-0.0590386
-0.0427971
-0.0300717
-0.0190937
-0.0111208
-0.00183053
-9.81143
-7.91884
-5.89809
-4.49252
-3.55435
-2.82091
-2.22898
-1.77812
-1.4428
-1.19253
-1.00654
-0.869574
-0.769308
-0.69622
-0.643147
-0.604715
-0.576863
-0.556464
-0.540996
-0.528269
-0.516158
-0.502442
-0.484837
-0.461325
-0.430693
-0.393004
-0.349698
-0.303234
-0.25644
-0.211864
-0.171369
-0.13597
-0.105989
-0.0811151
-0.0609157
-0.044402
-0.0313524
-0.0200184
-0.0116763
-0.00200903
-8.51147
-7.07047
-5.42451
-4.20392
-3.36807
-2.7161
-2.17982
-1.75991
-1.44203
-1.20166
-1.02034
-0.884764
-0.78403
-0.709431
-0.654295
-0.613544
-0.583286
-0.560488
-0.542688
-0.527749
-0.513631
-0.498242
-0.479466
-0.455446
-0.425039
-0.388235
-0.34627
-0.301327
-0.255973
-0.212575
-0.172912
-0.137998
-0.108206
-0.0832938
-0.0629026
-0.046099
-0.0327046
-0.0209964
-0.0122597
-0.00220239
-7.37381
-6.27879
-4.96216
-3.92579
-3.18753
-2.60811
-2.12516
-1.73735
-1.43794
-1.20842
-1.03273
-0.899283
-0.798575
-0.722787
-0.665787
-0.622829
-0.590223
-0.565054
-0.544937
-0.527798
-0.511681
-0.494618
-0.474656
-0.450084
-0.41983
-0.383824
-0.343112
-0.299613
-0.255645
-0.213392
-0.174546
-0.14011
-0.110504
-0.0855524
-0.0649639
-0.047863
-0.0341111
-0.0220176
-0.012866
-0.00240881
-6.3967
-5.56162
-4.51831
-3.65206
-3.00742
-2.49515
-2.06394
-1.70982
-1.43035
-1.21269
-1.04356
-0.91297
-0.812802
-0.736176
-0.677541
-0.632521
-0.597655
-0.570168
-0.547768
-0.528453
-0.510356
-0.49163
-0.47047
-0.445305
-0.415131
-0.379825
-0.34026
-0.298113
-0.255462
-0.214311
-0.176259
-0.142294
-0.112872
-0.0878789
-0.06709
-0.0496868
-0.035567
-0.0230787
-0.0134934
-0.00262816
-5.56373
-4.92184
-4.09953
-3.38588
-2.8312
-2.38146
-1.99871
-1.67818
-1.41955
-1.21455
-1.05274
-0.925698
-0.826593
-0.749502
-0.68949
-0.642577
-0.605562
-0.575831
-0.551197
-0.529744
-0.509696
-0.48932
-0.466953
-0.441154
-0.410984
-0.376278
-0.337751
-0.296857
-0.255444
-0.215344
-0.178057
-0.144548
-0.115305
-0.0902692
-0.0692763
-0.051566
-0.0370685
-0.024177
-0.01414
-0.00286032
-4.85535
-4.35838
-3.71196
-3.13014
-2.65918
-2.26787
-1.93047
-1.64289
-1.40572
-1.21407
-1.06022
-0.937364
-0.839839
-0.762668
-0.701558
-0.652951
-0.613922
-0.582041
-0.55524
-0.531701
-0.509738
-0.487734
-0.464156
-0.437685
-0.407443
-0.373232
-0.335626
-0.295875
-0.255613
-0.216501
-0.179941
-0.14687
-0.117796
-0.0927139
-0.0715134
-0.0534924
-0.0386089
-0.0253078
-0.0148032
-0.00310457
-4.2538
-3.86675
-3.35915
-2.88866
-2.4937
-2.15666
-1.86128
-1.60513
-1.38938
-1.21146
-1.06606
-0.947899
-0.852431
-0.775567
-0.713655
-0.663574
-0.622692
-0.588776
-0.559896
-0.534334
-0.510506
-0.486905
-0.462119
-0.434939
-0.404552
-0.370727
-0.33392
-0.295193
-0.255983
-0.217787
-0.181908
-0.149248
-0.120332
-0.0951987
-0.0737877
-0.0554541
-0.0401787
-0.0264642
-0.0154791
-0.00335961
-3.74437
-3.44175
-3.04352
-2.66533
-2.33733
-2.04966
-1.79278
-1.56603
-1.3711
-1.207
-1.07033
-0.957268
-0.864274
-0.788084
-0.725672
-0.674354
-0.6318
-0.595987
-0.565131
-0.53763
-0.511999
-0.486839
-0.460855
-0.432939
-0.402333
-0.368788
-0.332654
-0.294826
-0.25656
-0.219199
-0.183947
-0.151668
-0.122894
-0.0977052
-0.076082
-0.0574361
-0.0417659
-0.0276372
-0.0161626
-0.0036235
-3.31597
-3.07856
-2.76629
-2.46342
-2.19276
-1.94889
-1.72667
-1.52689
-1.35166
-1.20106
-1.0732
-0.965473
-0.875282
-0.800098
-0.737479
-0.685169
-0.641143
-0.60359
-0.570884
-0.541541
-0.514183
-0.487517
-0.460353
-0.431679
-0.40079
-0.367422
-0.331835
-0.294778
-0.257341
-0.220727
-0.186042
-0.154109
-0.125461
-0.10021
-0.0783746
-0.0594193
-0.0433552
-0.0288154
-0.0168474
-0.00389359
-2.95996
-2.7727
-2.52758
-2.28518
-2.06233
-1.85622
-1.66451
-1.48891
-1.33183
-1.19408
-1.07484
-0.972542
-0.88538
-0.811478
-0.748925
-0.695869
-0.65058
-0.611464
-0.577052
-0.545983
-0.51699
-0.488881
-0.460569
-0.431127
-0.399899
-0.366612
-0.33145
-0.295036
-0.258314
-0.222354
-0.188171
-0.156545
-0.128003
-0.102685
-0.0806386
-0.0613802
-0.0449275
-0.0299843
-0.0175253
-0.00416639
-2.66875
-2.51958
-2.32637
-2.13166
-1.94763
-1.77316
-1.60762
-1.45319
-1.31241
-1.18653
-1.0755
-0.97853
-0.894502
-0.822086
-0.759837
-0.70627
-0.659935
-0.619444
-0.583487
-0.55083
-0.520311
-0.49084
-0.461425
-0.431218
-0.399608
-0.366317
-0.331467
-0.295573
-0.259449
-0.224049
-0.190302
-0.158941
-0.130484
-0.105094
-0.0828409
-0.0632894
-0.0464594
-0.0311261
-0.0181863
-0.0044375
-2.43498
-2.31429
-2.16058
-2.00274
-1.84945
-1.70073
-1.55703
-1.42066
-1.29411
-1.17886
-1.0754
-0.983505
-0.902589
-0.831778
-0.770021
-0.716156
-0.668986
-0.62732
-0.589997
-0.555906
-0.523991
-0.493259
-0.462804
-0.431851
-0.399832
-0.366467
-0.331828
-0.296339
-0.260703
-0.22577
-0.192388
-0.161249
-0.132858
-0.107392
-0.0849406
-0.0651112
-0.0479217
-0.0322187
-0.0188175
-0.00470148
-2.25145
-2.15166
-2.02741
-1.89742
-1.76785
-1.63951
-1.5135
-1.39207
-1.27755
-1.17152
-1.07479
-0.987543
-0.909582
-0.840398
-0.779258
-0.725274
-0.677471
-0.634832
-0.596337
-0.560988
-0.527828
-0.495957
-0.464548
-0.432892
-0.400457
-0.366967
-0.332454
-0.297265
-0.262013
-0.227455
-0.194371
-0.163413
-0.135067
-0.109526
-0.0868881
-0.0668019
-0.0492791
-0.0332353
-0.0194034
-0.00495173
-2.11142
-2.02664
-1.92379
-1.81427
-1.70246
-1.58971
-1.47751
-1.368
-1.26327
-1.16491
-1.0739
-0.990715
-0.915419
-0.847777
-0.787306
-0.733338
-0.685082
-0.641672
-0.602209
-0.565798
-0.531572
-0.498711
-0.466461
-0.434168
-0.401336
-0.367692
-0.333237
-0.298259
-0.263295
-0.229029
-0.196178
-0.165359
-0.137042
-0.111428
-0.0886229
-0.0683088
-0.0504891
-0.0341434
-0.019925
-0.00518035
-2.00935
-1.93494
-1.84701
-1.7519
-1.65279
-1.55141
-1.44947
-1.34894
-1.25174
-1.15939
-1.07296
-0.993084
-0.920022
-0.853724
-0.793891
-0.74002
-0.691465
-0.64748
-0.607265
-0.570009
-0.534923
-0.501254
-0.468307
-0.435476
-0.402294
-0.368492
-0.334049
-0.299209
-0.26445
-0.230396
-0.197717
-0.166999
-0.138698
-0.113019
-0.0900724
-0.0695686
-0.0515002
-0.034904
-0.0203589
-0.00537817
-1.94131
-1.87356
-1.7952
-1.70942
-1.61865
-1.52483
-1.42981
-1.33543
-1.24344
-1.15532
-1.07216
-0.994689
-0.923283
-0.858013
-0.798696
-0.744945
-0.696215
-0.651842
-0.611102
-0.573245
-0.537538
-0.503279
-0.469819
-0.436585
-0.403133
-0.369197
-0.334742
-0.299983
-0.265355
-0.231442
-0.198877
-0.168226
-0.139931
-0.114202
-0.0911491
-0.0705053
-0.0522505
-0.0354713
-0.0206755
-0.00553476
-1.90614
-1.84171
-1.76819
-1.68715
-1.60065
-1.51074
-1.41931
-1.32816
-1.23895
-1.15308
-1.07169
-0.995541
-0.925052
-0.86036
-0.801344
-0.747676
-0.698862
-0.654289
-0.613267
-0.575085
-0.539039
-0.504456
-0.47071
-0.437251
-0.403644
-0.369628
-0.33516
-0.300437
-0.265875
-0.232035
-0.19953
-0.168912
-0.140619
-0.114861
-0.0917483
-0.0710291
-0.0526656
-0.0357926
-0.0208381
-0.00563486
-17.7454
-17.7088
-17.6633
-17.6088
-17.545
-17.4715
-17.3883
-17.2954
-17.1924
-17.0794
-16.956
-16.8221
-16.6765
-16.5196
-16.3473
-16.1616
-15.9455
-15.7179
-15.4356
-15.3729
-14.9573
-14.9139
-14.8641
-14.8083
-14.746
-14.6773
-14.6022
-14.5209
-14.4334
-14.3397
-14.2396
-14.1333
-14.0195
-13.8985
-13.7666
-13.6273
-13.4717
-13.3292
-13.1837
-13.2219
-12.6723
-12.6277
-12.5793
-12.5275
-12.4722
-12.4133
-12.3512
-12.2859
-12.2177
-12.1466
-12.0727
-11.9962
-11.9166
-11.8348
-11.7498
-11.6654
-11.5766
-11.4982
-11.411
-11.4311
-10.7735
-10.7331
-10.6904
-10.6455
-10.5984
-10.5493
-10.4983
-10.4457
-10.3915
-10.3359
-10.2791
-10.2214
-10.1626
-10.1031
-10.0422
-9.98074
-9.91477
-9.8525
-9.78874
-9.80721
-9.20166
-9.16708
-9.1308
-9.09295
-9.05363
-9.01295
-8.97111
-8.92829
-8.88465
-8.84033
-8.79555
-8.75044
-8.70501
-8.65942
-8.61349
-8.56809
-8.52251
-8.48241
-8.44617
-8.46393
-7.90308
-7.87417
-7.84398
-7.81261
-7.78016
-7.74678
-7.71264
-7.6779
-7.64273
-7.60729
-7.57179
-7.53639
-7.50126
-7.46668
-7.43279
-7.40012
-7.36826
-7.33957
-7.31326
-7.32166
-6.82579
-6.8022
-6.77756
-6.75197
-6.72552
-6.69835
-6.67058
-6.64239
-6.61391
-6.58529
-6.55672
-6.52835
-6.50034
-6.47284
-6.44597
-6.41994
-6.39468
-6.37157
-6.35081
-6.35311
-5.92496
-5.90621
-5.88655
-5.86604
-5.84477
-5.82284
-5.80036
-5.77747
-5.75428
-5.73093
-5.70757
-5.68433
-5.66133
-5.63873
-5.61668
-5.59538
-5.57492
-5.55602
-5.5388
-5.53632
-5.16577
-5.15137
-5.1361
-5.12001
-5.10317
-5.08567
-5.0676
-5.04906
-5.03017
-5.01103
-4.99177
-4.9725
-4.95334
-4.93443
-4.91588
-4.89785
-4.88042
-4.86397
-4.84858
-4.84266
-4.52449
-4.51381
-4.50226
-4.48988
-4.47672
-4.46285
-4.44835
-4.43331
-4.41781
-4.40195
-4.38582
-4.36954
-4.35318
-4.33688
-4.32072
-4.30484
-4.28933
-4.27441
-4.26013
-4.25183
-3.98517
-3.97753
-3.96898
-3.95955
-3.9493
-3.93828
-3.92655
-3.91418
-3.90125
-3.88783
-3.874
-3.85986
-3.84549
-3.83097
-3.8164
-3.80189
-3.78751
-3.7734
-3.75959
-3.74944
-3.53587
-3.53057
-3.52433
-3.51717
-3.50913
-3.50025
-3.49058
-3.48019
-3.46913
-3.45747
-3.44527
-3.43262
-3.41958
-3.40623
-3.39265
-3.37891
-3.3651
-3.3513
-3.33753
-3.32591
-3.16613
-3.16259
-3.15806
-3.15257
-3.14616
-3.13885
-3.13069
-3.12173
-3.11202
-3.10162
-3.09057
-3.07895
-3.06682
-3.05423
-3.04126
-3.02797
-3.01444
-3.0007
-2.98679
-2.97408
-2.86607
-2.86378
-2.86049
-2.85622
-2.85098
-2.84481
-2.83775
-2.82984
-2.82112
-2.81163
-2.80143
-2.79056
-2.77909
-2.76706
-2.75452
-2.74155
-2.7282
-2.7145
-2.70045
-2.68705
-2.62625
-2.62483
-2.62241
-2.61899
-2.61461
-2.60927
-2.60302
-2.59589
-2.58791
-2.57913
-2.56958
-2.55931
-2.54837
-2.5368
-2.52466
-2.51199
-2.49885
-2.48526
-2.47121
-2.45747
-2.43803
-2.43721
-2.43539
-2.43258
-2.42881
-2.42409
-2.41844
-2.41191
-2.40451
-2.39629
-2.38728
-2.37752
-2.36705
-2.35592
-2.34415
-2.33181
-2.31894
-2.30556
-2.29167
-2.27783
-2.29397
-2.29354
-2.29213
-2.28975
-2.28642
-2.28215
-2.27697
-2.2709
-2.26397
-2.25621
-2.24765
-2.23833
-2.22828
-2.21755
-2.20616
-2.19416
-2.18159
-2.16849
-2.15485
-2.14107
-2.1885
-2.18832
-2.18719
-2.18511
-2.18209
-2.17816
-2.17332
-2.16761
-2.16105
-2.15366
-2.14547
-2.13652
-2.12683
-2.11644
-2.10538
-2.09369
-2.08141
-2.06856
-2.05517
-2.04147
-2.11774
-2.11771
-2.11675
-2.11486
-2.11206
-2.10837
-2.10378
-2.09834
-2.09205
-2.08494
-2.07703
-2.06835
-2.05894
-2.04882
-2.03801
-2.02656
-2.0145
-2.00186
-1.98866
-1.97501
-2.0813
-2.08135
-2.08048
-2.07872
-2.07607
-2.07253
-2.06812
-2.06286
-2.05676
-2.04984
-2.04213
-2.03363
-2.02439
-2.01441
-2.00373
-1.99238
-1.98038
-1.96776
-1.95455
-1.94079
-16.902
-17.1796
-16.896
-17.0279
-17.1929
-17.256
-17.3087
-17.3794
-17.4496
-17.5123
-17.5705
-17.625
-17.6736
-17.7149
-17.7479
-17.7722
-17.7872
-17.7924
-17.7874
-17.7719
-15.1503
-15.3276
-14.7076
-14.6105
-14.7612
-14.816
-14.8148
-14.8394
-14.8839
-14.9252
-14.9595
-14.9898
-15.0158
-15.0357
-15.0484
-15.0534
-15.0507
-15.0399
-15.0208
-14.9934
-13.1982
-13.3357
-12.6722
-12.4872
-12.6434
-12.7431
-12.7452
-12.7468
-12.7729
-12.8009
-12.8186
-12.8285
-12.8335
-12.8337
-12.8281
-12.8165
-12.7991
-12.7758
-12.7469
-12.7124
-11.3189
-11.4893
-10.9111
-10.7024
-10.8347
-10.9527
-10.9649
-10.9504
-10.9553
-10.9686
-10.9747
-10.9723
-10.9652
-10.955
-10.941
-10.923
-10.9008
-10.8746
-10.8446
-10.8109
-9.68393
-9.8822
-9.43243
-9.227
-9.31151
-9.41496
-9.43177
-9.4113
-9.40151
-9.40326
-9.40301
-9.39618
-9.38505
-9.37157
-9.35581
-9.33726
-9.31571
-9.29126
-9.26402
-9.23413
-8.30595
-8.48982
-8.16219
-7.98396
-8.02546
-8.10146
-8.11919
-8.10229
-8.08849
-8.08464
-8.0819
-8.0749
-8.06411
-8.05113
-8.03639
-8.0196
-8.00054
-7.97925
-7.95582
-7.93041
-7.13913
-7.2848
-7.05497
-6.91864
-6.93653
-6.98795
-7.00415
-6.99416
-6.98289
-6.97786
-6.9745
-6.96858
-6.95963
-6.94862
-6.93606
-6.9219
-6.90599
-6.88834
-6.86902
-6.84815
-6.14547
-6.25392
-6.09662
-6.00186
-6.01114
-6.04551
-6.05886
-6.0545
-6.04753
-6.04363
-6.04079
-6.03638
-6.02975
-6.02138
-6.01165
-6.00059
-5.98815
-5.97431
-5.95911
-5.94265
-5.29926
-5.38045
-5.27481
-5.21253
-5.21967
-5.24346
-5.25424
-5.25367
-5.25075
-5.2491
-5.24781
-5.24541
-5.24144
-5.23606
-5.22949
-5.22178
-5.21289
-5.20281
-5.19157
-5.17921
-4.5798
-4.64251
-4.57355
-4.5344
-4.54152
-4.55938
-4.56895
-4.57135
-4.57204
-4.57311
-4.57408
-4.57412
-4.57294
-4.57061
-4.56721
-4.56276
-4.55723
-4.55062
-4.54295
-4.53423
-3.97136
-4.02141
-3.97928
-3.95689
-3.965
-3.98002
-3.98974
-3.9949
-3.9988
-4.00261
-4.00602
-4.00857
-4.01007
-4.01054
-4.00999
-4.00844
-4.00585
-4.00222
-3.99756
-3.99187
-3.46355
-3.5047
-3.48252
-3.4727
-3.48239
-3.4964
-3.50701
-3.51465
-3.52126
-3.52749
-3.53314
-3.53792
-3.54172
-3.54454
-3.54637
-3.54719
-3.54699
-3.54575
-3.54348
-3.54019
-3.04831
-3.08298
-3.07521
-3.07463
-3.08598
-3.09984
-3.11148
-3.12111
-3.12982
-3.13796
-3.1454
-3.15195
-3.15756
-3.16219
-3.16583
-3.16847
-3.17008
-3.17065
-3.17018
-3.16867
-2.71648
-2.74619
-2.74819
-2.754
-2.76671
-2.78071
-2.79318
-2.80421
-2.81438
-2.82386
-2.83256
-2.84038
-2.84726
-2.85317
-2.85809
-2.86201
-2.8649
-2.86676
-2.86757
-2.86734
-2.4571
-2.48285
-2.49101
-2.5009
-2.51453
-2.52865
-2.54164
-2.55352
-2.56457
-2.57488
-2.58437
-2.59298
-2.60065
-2.60738
-2.61313
-2.61788
-2.62161
-2.62432
-2.626
-2.62664
-2.25873
-2.28127
-2.29304
-2.30536
-2.31947
-2.33359
-2.3468
-2.35909
-2.37057
-2.38129
-2.39118
-2.4002
-2.40831
-2.41549
-2.4217
-2.42694
-2.43118
-2.43442
-2.43664
-2.43785
-2.11095
-2.13097
-2.14467
-2.15829
-2.17256
-2.18654
-2.19974
-2.21212
-2.22373
-2.23457
-2.24458
-2.25374
-2.26202
-2.26938
-2.27581
-2.28129
-2.2858
-2.28933
-2.29187
-2.29342
-2.00543
-2.02358
-2.03822
-2.05246
-2.06669
-2.08045
-2.09351
-2.10581
-2.11736
-2.12814
-2.13812
-2.14726
-2.15554
-2.16294
-2.16942
-2.17498
-2.1796
-2.18327
-2.18598
-2.18772
-1.9363
-1.95321
-1.96824
-1.9827
-1.9968
-2.01034
-2.0232
-2.03535
-2.04676
-2.05741
-2.06727
-2.07631
-2.08451
-2.09184
-2.0983
-2.10385
-2.10849
-2.1122
-2.11498
-2.11683
-1.90112
-1.91753
-1.9328
-1.94739
-1.96145
-1.97489
-1.98766
-1.9997
-2.011
-2.02154
-2.03128
-2.04021
-2.0483
-2.05554
-2.06191
-2.0674
-2.072
-2.07569
-2.07847
-2.08034
0.29844
0.293184
0.280282
0.258193
0.224969
0.177735
0.112481
0.023815
-0.0954253
-0.254662
-0.466216
-0.746046
-1.11542
-1.60209
-2.24969
-3.11914
-4.34439
-6.1065
-8.78175
-13.3147
0.23325
0.227468
0.213926
0.190699
0.155901
0.106688
0.039074
-0.052293
-0.174506
-0.336884
-0.551605
-0.834451
-1.20638
-1.69486
-2.3412
-3.20526
-4.39314
-6.1055
-8.47589
-12.4785
0.165211
0.15937
0.145701
0.122096
0.0867749
0.0370331
-0.030953
-0.122297
-0.24375
-0.40414
-0.614938
-0.890908
-1.2513
-1.72105
-2.33415
-3.14398
-4.20917
-5.73937
-7.62863
-10.8296
0.0942828
0.0882764
0.0743132
0.0502258
0.0143344
-0.0358916
-0.104057
-0.194957
-0.314878
-0.471983
-0.676764
-0.942641
-1.28645
-1.73047
-2.2988
-3.04168
-3.96422
-5.27667
-6.77904
-9.19513
0.0207466
0.0145414
0.000241795
-0.0243301
-0.0607682
-0.111423
-0.179662
-0.269943
-0.388048
-0.541436
-0.739523
-0.994377
-1.32009
-1.73712
-2.25901
-2.93662
-3.73834
-4.84467
-6.12228
-7.8961
-0.0550348
-0.0613896
-0.0759328
-0.100819
-0.137556
-0.188302
-0.256163
-0.345233
-0.460761
-0.609468
-0.799626
-1.04202
-1.34782
-1.73622
-2.21197
-2.82383
-3.53469
-4.45244
-5.58384
-6.90269
-0.132623
-0.139065
-0.15373
-0.178713
-0.215429
-0.265826
-0.332714
-0.419789
-0.531719
-0.67445
-0.855041
-1.08298
-1.36669
-1.72352
-2.15412
-2.69557
-3.33392
-4.08058
-5.06665
-6.08702
-0.211481
-0.217952
-0.232611
-0.25747
-0.293838
-0.343438
-0.408764
-0.493077
-0.600434
-0.735966
-0.905528
-1.11716
-1.37729
-1.69945
-2.08666
-2.55381
-3.1228
-3.72368
-4.54971
-5.36776
-0.29097
-0.297406
-0.311923
-0.336431
-0.372118
-0.420482
-0.483683
-0.564535
-0.66648
-0.793803
-0.951296
-1.14523
-1.38129
-1.66692
-2.01204
-2.40645
-2.90143
-3.38887
-4.05699
-4.7203
-0.370339
-0.376676
-0.390911
-0.414833
-0.44951
-0.49621
-0.556761
-0.633529
-0.729372
-0.847712
-0.992505
-1.16798
-1.38006
-1.62941
-1.93268
-2.26232
-2.68044
-3.08302
-3.61193
-4.14421
-0.448736
-0.454908
-0.468723
-0.491836
-0.52519
-0.569831
-0.627272
-0.69944
-0.788661
-0.89752
-1.02933
-1.18634
-1.37479
-1.59032
-1.85204
-2.12812
-2.47282
-2.80824
-3.22299
-3.64234
-0.525211
-0.531158
-0.544425
-0.566526
-0.598281
-0.640532
-0.694493
-0.761689
-0.843969
-0.94318
-1.06204
-1.20136
-1.36688
-1.55246
-1.77464
-2.00719
-2.28722
-2.56499
-2.88961
-3.21525
-0.598727
-0.604397
-0.617007
-0.637929
-0.667868
-0.707479
-0.757712
-0.819736
-0.894978
-0.984706
-1.091
-1.21395
-1.35797
-1.5177
-1.70435
-1.90059
-2.12698
-2.3545
-2.60918
-2.86087
-0.668172
-0.673524
-0.685395
-0.705021
-0.732998
-0.769825
-0.816219
-0.87306
-0.941401
-1.0221
-1.11661
-1.22481
-1.34948
-1.48701
-1.6434
-1.8087
-1.99235
-2.17777
-2.37878
-2.57438
-0.732361
-0.737371
-0.748458
-0.766729
-0.792688
-0.826703
-0.869304
-0.921134
-0.982944
-1.05532
-1.13915
-1.23434
-1.34227
-1.46086
-1.5925
-1.73181
-1.88225
-2.03404
-2.19435
-2.34845
-0.790037
-0.7947
-0.804999
-0.821927
-0.845911
-0.877218
-0.916227
-0.963407
-1.01927
-1.08422
-1.15873
-1.24274
-1.33671
-1.43947
-1.55148
-1.66971
-1.79479
-1.92068
-2.05062
-2.17451
-0.839847
-0.84418
-0.853736
-0.86941
-0.891569
-0.920404
-0.956187
-0.999256
-1.04996
-1.10855
-1.17527
-1.25001
-1.33279
-1.4228
-1.51969
-1.6215
-1.72765
-1.83419
-1.94197
-2.04428
-0.880291
-0.884334
-0.893243
-0.907835
-0.928433
-0.955177
-0.988262
-1.02794
-1.07444
-1.12794
-1.1885
-1.25602
-1.33026
-1.41058
-1.49632
-1.586
-1.67854
-1.77122
-1.86348
-1.95086
-0.909627
-0.913448
-0.921862
-0.93563
-0.955049
-0.980229
-1.01132
-1.0485
-1.09196
-1.14179
-1.19801
-1.26044
-1.32879
-1.40246
-1.48067
-1.5622
-1.64579
-1.72934
-1.8116
-1.88944
-0.925702
-0.929399
-0.937533
-0.950832
-0.969584
-0.993886
-1.02386
-1.05967
-1.10146
-1.14929
-1.20315
-1.26286
-1.32807
-1.39822
-1.4725
-1.54977
-1.62875
-1.70761
-1.78481
-1.85791
1.08166
1.08138
1.08059
1.07847
1.07385
1.065
1.04956
1.02445
0.985629
0.927866
0.844509
0.726618
0.563041
0.336163
0.0221407
-0.440822
-1.13473
-2.32297
-4.25827
-7.76784
1.04133
1.04075
1.03917
1.03592
1.02974
1.01886
1.00089
0.972621
0.929922
0.867378
0.778135
0.652949
0.480363
0.242204
-0.0853665
-0.564437
-1.27657
-2.48163
-4.44569
-7.9743
1.00106
1.00019
0.99782
0.993437
0.98571
0.972831
0.952329
0.920917
0.874332
0.80699
0.711827
0.579286
0.397591
0.148012
-0.193416
-0.688953
-1.4203
-2.64335
-4.638
-8.18588
0.960865
0.959709
0.956571
0.951075
0.941818
0.92695
0.903933
0.869383
0.818911
0.74676
0.645645
0.505694
0.314792
0.0536688
-0.301911
-0.814245
-1.56571
-2.80781
-4.83497
-8.40212
0.920785
0.919351
0.91546
0.908871
0.898102
0.881263
0.855746
0.818069
0.763713
0.686742
0.579644
0.43223
0.232025
-0.0407594
-0.410768
-0.9402
-1.71263
-2.97467
-5.03619
-8.62201
0.880844
0.879142
0.87452
0.866858
0.8546
0.835811
0.807812
0.767021
0.708785
0.626983
0.513872
0.358945
0.149338
-0.135222
-0.519929
-1.06674
-1.86095
-3.14367
-5.24141
-8.84465
0.84107
0.839112
0.833786
0.825075
0.811351
0.790637
0.760176
0.716285
0.654172
0.567532
0.448377
0.285884
0.0667753
-0.229672
-0.629346
-1.1938
-2.01058
-3.31455
-5.45051
-9.06932
0.801489
0.799287
0.793287
0.783554
0.768393
0.745779
0.712878
0.665903
0.59992
0.508433
0.383203
0.21309
-0.0156229
-0.324072
-0.738977
-1.32131
-2.16146
-3.4871
-5.66346
-9.29548
0.762126
0.759696
0.753056
0.742331
0.725762
0.701276
0.66596
0.615918
0.546071
0.449728
0.318391
0.140603
-0.0978228
-0.41839
-0.848793
-1.44922
-2.31355
-3.66109
-5.88024
-9.52265
0.723004
0.720365
0.713122
0.701436
0.683493
0.657164
0.619458
0.566369
0.492665
0.391457
0.253977
0.0684538
-0.179797
-0.512605
-0.958776
-1.5775
-2.46685
-3.8363
-6.10085
-9.7505
0.684145
0.681317
0.673513
0.660902
0.641618
0.613479
0.573409
0.517291
0.439737
0.333654
0.189994
-0.00332874
-0.261522
-0.606703
-1.06892
-1.70612
-2.62135
-4.01256
-6.32522
-9.97879
0.64557
0.642578
0.634256
0.620757
0.60017
0.570253
0.527848
0.468721
0.387322
0.276353
0.126471
-0.0747221
-0.342984
-0.700681
-1.17921
-1.83509
-2.77706
-4.18977
-6.55326
-10.2077
0.6073
0.60417
0.595379
0.581031
0.559178
0.527519
0.482807
0.42069
0.335452
0.219581
0.0634338
-0.145709
-0.424171
-0.794545
-1.28967
-1.96442
-2.93398
-4.36791
-6.78456
-10.4374
0.569351
0.566114
0.556904
0.54175
0.518672
0.485306
0.438316
0.373228
0.284156
0.163366
0.000903871
-0.216276
-0.50508
-0.888311
-1.4003
-2.09415
-3.09206
-4.54718
-7.01858
-10.6696
0.531738
0.528428
0.518854
0.502938
0.478676
0.443639
0.394401
0.326363
0.233459
0.10773
-0.0611013
-0.286417
-0.58571
-0.982005
-1.5111
-2.22438
-3.25117
-4.72792
-7.25364
-10.9052
0.494477
0.491128
0.481244
0.464609
0.439206
0.402536
0.35108
0.280111
0.183378
0.0526852
-0.122572
-0.356133
-0.666071
-1.07566
-1.62208
-2.35521
-3.41113
-4.91112
-7.48856
-11.151
0.457585
0.454242
0.44411
0.426804
0.400303
0.362037
0.308393
0.234506
0.13394
-0.00174589
-0.183497
-0.425424
-0.746173
-1.16933
-1.73326
-2.48681
-3.57154
-5.09755
-7.71744
-11.4087
0.421089
0.417843
0.407563
0.389667
0.362138
0.322333
0.266536
0.189745
0.0853261
-0.055416
-0.243767
-0.494229
-0.82599
-1.26301
-1.84461
-2.61941
-3.73244
-5.29116
-7.94332
-11.7116
0.384983
0.381913
0.371597
0.353203
0.324736
0.283472
0.22559
0.145932
0.0376526
-0.108213
-0.303303
-0.562527
-0.905566
-1.35679
-1.95611
-2.75298
-3.89275
-5.49142
-8.15119
-12.0629
0.349071
0.345817
0.335171
0.315999
0.286343
0.243409
0.183279
0.100659
-0.0114942
-0.162419
-0.364135
-0.632053
-0.986467
-1.45256
-2.07096
-2.8942
-4.06674
-5.73275
-8.42512
-12.6619
1.85293
1.8568
1.86845
1.88713
1.91194
1.94176
1.97517
2.01037
2.04505
2.07614
2.09937
2.10821
2.09174
2.03059
1.88169
1.5498
0.911002
-0.230363
-2.44311
-6.04434
1.81756
1.82109
1.83217
1.8497
1.87288
1.90055
1.93125
1.96308
1.99359
2.01952
2.03623
2.03663
2.00881
1.93189
1.76258
1.40163
0.706742
-0.49173
-2.70153
-6.38447
1.78188
1.78548
1.79633
1.81308
1.83501
1.86093
1.88935
1.91834
1.94541
1.96727
1.97939
1.97511
1.94365
1.86589
1.70301
1.36421
0.711436
-0.391939
-2.38714
-5.96233
1.74573
1.74935
1.75992
1.7759
1.79662
1.82088
1.84715
1.87347
1.89732
1.91542
1.92333
1.91484
1.88026
1.80222
1.64616
1.33091
0.722036
-0.311974
-2.1791
-5.7764
1.70911
1.71266
1.72285
1.73797
1.75742
1.77994
1.80398
1.82754
1.84807
1.86221
1.86556
1.85203
1.81245
1.73029
1.57303
1.26494
0.667176
-0.365968
-2.203
-5.81281
1.67204
1.67549
1.68523
1.69945
1.71756
1.73828
1.76003
1.78075
1.79783
1.80787
1.80637
1.78726
1.74156
1.65315
1.49028
1.18029
0.57932
-0.47308
-2.28712
-5.84884
1.63457
1.63788
1.64713
1.66041
1.67715
1.69604
1.71546
1.7333
1.74689
1.75273
1.74628
1.7214
1.66927
1.57413
1.40488
1.09216
0.491882
-0.567958
-2.34481
-5.85535
1.59671
1.59986
1.60858
1.62089
1.63623
1.65326
1.67032
1.68525
1.6953
1.6969
1.68543
1.65468
1.59595
1.49389
1.31818
1.00322
0.408563
-0.650892
-2.39779
-5.87882
1.55848
1.56145
1.56959
1.5809
1.59481
1.60995
1.62463
1.63662
1.64309
1.64041
1.62383
1.58708
1.52148
1.41208
1.22934
0.910877
0.321269
-0.74034
-2.47358
-5.93434
1.51992
1.52268
1.53021
1.54048
1.55293
1.56616
1.57842
1.58744
1.5903
1.58326
1.56149
1.51859
1.44583
1.32858
1.1379
0.81367
0.225926
-0.842081
-2.57255
-6.01347
1.48105
1.48358
1.49046
1.49967
1.51064
1.52193
1.53175
1.53776
1.53697
1.52552
1.49847
1.44927
1.3691
1.24349
1.04405
0.712027
0.123431
-0.952512
-2.68588
-6.10958
1.44189
1.44418
1.45038
1.45851
1.46797
1.4773
1.48465
1.48762
1.48314
1.46724
1.43483
1.3792
1.2914
1.157
0.94815
0.606856
0.015529
-1.06835
-2.80913
-6.22161
1.40248
1.40451
1.41
1.41703
1.42496
1.4323
1.43717
1.43709
1.42888
1.40847
1.37063
1.30846
1.21282
1.06926
0.850474
0.498745
-0.097046
-1.18901
-2.9417
-6.34947
1.36284
1.3646
1.36935
1.37527
1.38166
1.387
1.38936
1.38619
1.37423
1.34927
1.30593
1.23711
1.13346
0.980389
0.751179
0.387993
-0.214157
-1.31485
-3.08339
-6.492
1.32301
1.32449
1.32849
1.33327
1.3381
1.34143
1.34127
1.335
1.31926
1.2897
1.2408
1.16523
1.0534
0.890505
0.650401
0.274838
-0.335622
-1.44589
-3.23332
-6.64748
1.28301
1.28421
1.28743
1.29107
1.29433
1.29563
1.29294
1.28355
1.26401
1.22983
1.1753
1.09287
0.972729
0.799722
0.548276
0.159545
-0.461076
-1.58182
-3.3904
-6.81426
1.24288
1.24379
1.24622
1.24871
1.2504
1.24967
1.24443
1.23191
1.20854
1.16969
1.10949
1.02013
0.89153
0.708155
0.444946
0.0423753
-0.590101
-1.72225
-3.55376
-6.99087
1.20265
1.20326
1.20489
1.20623
1.20634
1.20357
1.19578
1.18012
1.15291
1.10937
1.04345
0.947058
0.809883
0.615913
0.340543
-0.0764368
-0.72231
-1.86686
-3.72272
-7.17593
1.16235
1.16266
1.16349
1.16367
1.1622
1.1574
1.14706
1.12825
1.09718
1.04892
0.977223
0.873736
0.727867
0.523101
0.235194
-0.196691
-0.85736
-2.01537
-3.89673
-7.36803
1.12201
1.12202
1.12204
1.12107
1.11802
1.11119
1.0983
1.07634
1.0414
0.988396
0.910888
0.800232
0.64556
0.429817
0.129017
-0.318213
-0.994943
-2.16752
-4.07538
-7.5658
2.9395
2.94167
2.94634
2.95371
2.96356
2.97546
2.9889
3.00337
3.01832
3.03316
3.0473
3.06012
3.071
3.07927
3.08425
3.08521
3.08136
3.07186
3.05582
3.03229
2.93001
2.93241
2.93755
2.94567
2.95656
2.96974
2.98471
3.00092
3.0178
3.03474
3.05108
3.06616
3.07928
3.08969
3.09662
3.09924
3.09665
3.08787
3.07197
3.04771
2.91217
2.91495
2.92093
2.93039
2.94311
2.95858
2.97628
2.99562
3.01599
3.03671
3.05706
3.07625
3.09348
3.10785
3.11842
3.12414
3.12392
3.11652
3.10092
3.07521
2.8865
2.88979
2.89688
2.90812
2.92326
2.9418
2.96314
2.98668
3.01175
3.03759
3.06338
3.08822
3.11113
3.13101
3.14668
3.15681
3.15997
3.15462
3.13954
3.11176
2.85334
2.85723
2.8656
2.8789
2.89689
2.919
2.94463
2.97312
3.00375
3.0357
3.06803
3.0997
3.12955
3.15625
3.17829
3.19399
3.20151
3.19889
3.18457
3.15419
2.81301
2.81753
2.82728
2.84281
2.86385
2.88981
2.92007
2.95394
2.99065
3.02932
3.06891
3.10825
3.14597
3.18048
3.20993
3.2322
3.24493
3.24585
3.23248
3.19925
2.76595
2.77111
2.78224
2.8
2.82413
2.85398
2.88893
2.92828
2.97123
3.01683
3.064
3.11142
3.15754
3.2005
3.23808
3.26766
3.28636
3.29164
3.27891
3.24262
2.71276
2.71851
2.73095
2.75085
2.7779
2.81147
2.8509
2.89551
2.94448
2.99684
3.05145
3.1069
3.16149
3.21309
3.25909
3.29631
3.32149
3.33154
3.31774
3.27719
2.65417
2.66045
2.67406
2.69587
2.72555
2.76245
2.80592
2.85528
2.90972
2.96827
3.02975
3.0927
3.1553
3.21517
3.26926
3.31381
3.34525
3.35904
3.33972
3.29131
2.59104
2.59776
2.61236
2.63578
2.66767
2.70736
2.75421
2.80757
2.86663
2.93043
2.9978
3.06723
3.1368
3.20391
3.26497
3.31551
3.35148
3.36495
3.33142
3.2678
2.52432
2.53137
2.54673
2.57141
2.605
2.64684
2.69628
2.75269
2.81528
2.8831
2.95498
3.02943
3.1044
3.177
3.24291
3.29672
3.33311
3.33774
3.27539
3.18382
2.45497
2.46224
2.47813
2.50367
2.53842
2.58168
2.63284
2.69124
2.7561
2.82649
2.90123
2.97882
3.05709
3.13272
3.20031
3.2531
3.28304
3.2651
3.15188
3.01225
2.38393
2.39131
2.40749
2.43351
2.46886
2.51282
2.56477
2.62404
2.68984
2.7612
2.83695
2.91552
2.99459
3.07016
3.13528
3.18117
3.19516
3.136
2.94147
2.72445
2.3121
2.31949
2.33573
2.36185
2.39726
2.44122
2.49308
2.55211
2.61748
2.68819
2.76299
2.84021
2.91728
2.98924
3.0469
3.07867
3.06538
2.94267
2.62772
2.29259
2.24029
2.24759
2.26369
2.28957
2.32456
2.36786
2.41879
2.47654
2.54018
2.60863
2.68052
2.754
2.82613
2.89071
2.93529
2.94439
2.89137
2.68154
2.19955
1.69128
2.16921
2.17633
2.19212
2.21747
2.25159
2.29367
2.34292
2.39844
2.45917
2.52387
2.59097
2.65837
2.72263
2.77609
2.80211
2.77973
2.6751
2.3561
1.65368
0.898407
2.09945
2.10631
2.12165
2.1462
2.1791
2.21946
2.26641
2.31889
2.37567
2.43528
2.49587
2.55499
2.60853
2.64714
2.64863
2.58339
2.4123
1.96739
0.996176
-0.0971984
2.03153
2.0381
2.05292
2.07647
2.10784
2.14608
2.19019
2.23896
2.2909
2.34425
2.39682
2.44564
2.48588
2.50672
2.48055
2.36616
2.11779
1.53459
0.246392
-1.30731
1.96587
1.97222
1.98658
2.00909
2.03878
2.07465
2.11554
2.16006
2.20644
2.25257
2.29579
2.33252
2.35697
2.35617
2.29523
2.11472
1.75946
1.02399
-0.58933
-2.72198
1.90252
1.90833
1.92202
1.94325
1.97105
2.00432
2.04178
2.08176
2.12222
2.16058
2.19358
2.21705
2.2246
2.20251
2.11088
1.86703
1.38393
0.454622
-1.51176
-4.39516
3.01223
3.00352
2.99421
2.98434
2.97389
2.96282
2.95114
2.93883
2.92589
2.9123
2.89808
2.8832
2.86768
2.85151
2.83468
2.81721
2.79911
2.78036
2.76099
2.741
3.02743
3.01833
3.00838
2.99786
2.98677
2.97502
2.96261
2.94952
2.93575
2.92129
2.90614
2.89029
2.87374
2.85649
2.83854
2.8199
2.80058
2.78058
2.75991
2.73859
3.05472
3.04473
3.03334
3.02142
3.00894
2.99576
2.98184
2.96718
2.95178
2.93563
2.91874
2.90109
2.88269
2.86355
2.84366
2.82304
2.80169
2.77963
2.75687
2.73344
3.09209
3.08096
3.06751
3.05354
3.03908
3.02385
3.00779
2.99089
2.97319
2.95467
2.93535
2.91521
2.89428
2.87255
2.85004
2.82677
2.80275
2.778
2.75254
2.72641
3.13788
3.12558
3.10939
3.09273
3.07573
3.05792
3.03917
3.01952
2.99901
2.97764
2.95544
2.9324
2.90856
2.88392
2.85851
2.83237
2.8055
2.77796
2.74977
2.72097
3.19127
3.178
3.15837
3.13847
3.11857
3.09788
3.0762
3.05362
3.03019
3.00593
2.98086
2.955
2.92839
2.90105
2.87302
2.84433
2.81503
2.78515
2.75474
2.72383
3.25037
3.23663
3.21319
3.18997
3.1673
3.14394
3.11961
3.09441
3.06841
3.04163
3.01409
2.98582
2.95684
2.92719
2.89691
2.86603
2.83459
2.80264
2.77021
2.73733
3.30902
3.29561
3.26899
3.24332
3.21865
3.19327
3.16686
3.13955
3.1114
3.08242
3.05263
3.02207
2.99076
2.95874
2.92606
2.89275
2.85885
2.8244
2.78944
2.754
3.35297
3.34081
3.31293
3.2865
3.26096
3.23438
3.20656
3.17762
3.14763
3.11661
3.0846
3.05163
3.01776
2.98303
2.94748
2.91117
2.87413
2.83641
2.79805
2.75907
3.36059
3.35072
3.32433
3.29921
3.27413
3.24742
3.21902
3.18909
3.15769
3.12489
3.09074
3.05532
3.01869
2.98092
2.94207
2.90219
2.86133
2.81956
2.77691
2.7334
3.30661
3.30039
3.2782
3.2563
3.23313
3.20755
3.17966
3.14963
3.11756
3.08354
3.04767
3.01006
2.97079
2.92994
2.88759
2.84382
2.79869
2.75226
2.70459
2.6557
3.16407
3.16336
3.1476
3.13059
3.11087
3.08788
3.0618
3.03279
3.001
2.96656
2.92959
2.89022
2.84856
2.80473
2.75881
2.71091
2.66111
2.60948
2.55609
2.50096
2.90499
2.91226
2.90463
2.89394
2.87915
2.86012
2.83703
2.81007
2.77942
2.74522
2.70764
2.66684
2.62295
2.57611
2.52644
2.47405
2.41905
2.36153
2.30156
2.23919
2.50124
2.51962
2.52108
2.51771
2.50884
2.49465
2.4753
2.45099
2.42191
2.38826
2.3502
2.30793
2.26161
2.21139
2.15743
2.09986
2.03879
1.97435
1.90661
1.83562
1.92433
1.95726
1.96785
1.97226
1.96969
1.96063
1.94519
1.92359
1.89603
1.86271
1.82384
1.77961
1.73021
1.67582
1.6166
1.55271
1.48431
1.4115
1.33439
1.25302
1.1474
1.1993
1.21769
1.22898
1.23141
1.22647
1.21402
1.19433
1.16751
1.13374
1.09319
1.04607
0.992572
0.932893
0.867214
0.795708
0.718537
0.635835
0.547686
0.454143
0.14385
0.215008
0.234496
0.249183
0.253764
0.251165
0.240145
0.221007
0.19368
0.158353
0.115162
0.0642829
0.00587811
-0.0598845
-0.132839
-0.212818
-0.299656
-0.393227
-0.493474
-0.600351
-1.14598
-1.04967
-1.03045
-1.01226
-1.00832
-1.01148
-1.024
-1.04485
-1.07443
-1.11262
-1.1595
-1.215
-1.27902
-1.35145
-1.43211
-1.52082
-1.61739
-1.72171
-1.83376
-1.95346
-2.67642
-2.55452
-2.55821
-2.55657
-2.57001
-2.58519
-2.60799
-2.63773
-2.67604
-2.72307
-2.77912
-2.84415
-2.91809
-3.00077
-3.09201
-3.19156
-3.29922
-3.41488
-3.53853
-3.67009
-4.6178
-4.49103
-4.53572
-4.55118
-4.57956
-4.60683
-4.64268
-4.6855
-4.73706
-4.79707
-4.86585
-4.94326
-5.02928
-5.12376
-5.22657
-5.33754
-5.45651
-5.58341
-5.71828
-5.86107
2.7204
2.6992
2.67743
2.65509
2.6322
2.60877
2.58484
2.56042
2.53552
2.51019
2.48442
2.45826
2.43173
2.40485
2.37764
2.35014
2.32237
2.29436
2.26611
2.23771
2.71663
2.69405
2.67088
2.64712
2.62281
2.59796
2.57262
2.5468
2.52054
2.49387
2.46682
2.43942
2.41171
2.38373
2.35551
2.32709
2.2985
2.26977
2.24088
2.21221
2.70934
2.68461
2.65927
2.63335
2.60688
2.57988
2.5524
2.52446
2.49611
2.46739
2.43834
2.409
2.37941
2.34961
2.31966
2.28961
2.2595
2.22931
2.19895
2.16967
2.69962
2.67221
2.64422
2.61568
2.58663
2.5571
2.52715
2.49682
2.46614
2.43518
2.40397
2.37257
2.34102
2.30938
2.2777
2.24605
2.21447
2.18281
2.1508
2.12148
2.69159
2.66168
2.63128
2.60044
2.5692
2.5376
2.50569
2.47352
2.44112
2.40855
2.37584
2.34304
2.31017
2.27728
2.24441
2.2116
2.17888
2.14582
2.112
2.08306
2.69245
2.66067
2.62852
2.59604
2.56326
2.53021
2.49694
2.46347
2.42983
2.39605
2.36214
2.32814
2.29405
2.2599
2.22573
2.1916
2.15748
2.1226
2.08671
2.058
2.70403
2.67036
2.63636
2.60204
2.56744
2.53258
2.49747
2.46215
2.42664
2.39094
2.35508
2.31908
2.28295
2.2467
2.21041
2.17419
2.13789
2.1004
2.06178
2.03256
2.71809
2.68178
2.64508
2.608
2.57058
2.53283
2.49477
2.4564
2.41775
2.37882
2.33964
2.3002
2.26052
2.22062
2.1806
2.14063
2.10036
2.05806
2.01408
1.98265
2.71949
2.67938
2.63875
2.59761
2.55597
2.51386
2.47128
2.42825
2.38476
2.34083
2.29647
2.25168
2.20645
2.16079
2.1149
2.06907
2.02249
1.97209
1.91856
1.88347
2.68908
2.64399
2.59815
2.55158
2.50427
2.45626
2.40753
2.3581
2.30797
2.25714
2.20561
2.15335
2.1003
2.0465
1.9924
1.9385
1.88302
1.8202
1.75141
1.71184
2.60563
2.55446
2.50218
2.4488
2.39435
2.33883
2.28223
2.22455
2.16579
2.10596
2.04504
1.98293
1.91945
1.85477
1.78994
1.72593
1.65882
1.57758
1.485
1.44072
2.44415
2.38573
2.32572
2.26411
2.20093
2.13618
2.06985
2.00191
1.93238
1.86129
1.7886
1.71403
1.63713
1.55834
1.48017
1.40445
1.32276
1.2139
1.08359
1.03439
2.17445
2.10748
2.03824
1.96678
1.8931
1.8172
1.73905
1.6586
1.57588
1.491
1.40392
1.31391
1.21989
1.12279
1.02805
0.939388
0.839858
0.68959
0.50004
0.447212
1.76144
1.68422
1.60396
1.52067
1.43438
1.34508
1.25269
1.15711
1.05837
0.956701
0.852142
0.743323
0.627775
0.506862
0.391246
0.289178
0.17041
-0.0364899
-0.311557
-0.362463
1.16751
1.07803
0.98459
0.887203
0.785887
0.680632
0.57132
0.457739
0.339834
0.21804
0.0927422
-0.0379188
-0.17855
-0.328368
-0.469463
-0.583765
-0.716555
-0.987306
-1.37253
-1.41731
0.355371
0.251629
0.142899
0.0292113
-0.0894255
-0.213008
-0.341651
-0.475636
-0.615144
-0.759601
-0.907869
-1.0614
-1.22695
-1.40672
-1.57672
-1.7028
-1.83859
-2.16536
-2.67875
-2.73119
-0.713591
-0.832812
-0.958012
-1.08913
-1.22613
-1.36895
-1.5176
-1.67226
-1.8332
-1.99996
-2.17078
-2.34555
-2.53176
-2.73723
-2.93889
-3.08498
-3.22077
-3.58591
-4.22926
-4.3219
-2.08035
-2.21384
-2.35388
-2.50037
-2.65325
-2.81244
-2.97785
-3.14954
-3.32784
-3.51293
-3.70349
-3.89796
-4.10191
-4.32849
-4.56592
-4.75347
-4.90596
-5.28836
-6.02312
-6.16072
-3.80881
-3.95389
-4.10533
-4.26311
-4.42725
-4.59778
-4.77476
-4.95836
-5.149
-5.3476
-5.5544
-5.76793
-5.98953
-6.23122
-6.49723
-6.73739
-6.91831
-7.26204
-7.97248
-8.08002
-6.01101
-6.16724
-6.32994
-6.49912
-6.67486
-6.85718
-7.04618
-7.24197
-7.44463
-7.6546
-7.87241
-8.09709
-8.32575
-8.55994
-8.80801
-9.05054
-9.22388
-9.40504
-9.84758
-9.83286
2.1685
2.05309
1.93123
1.80399
1.67284
1.53913
1.40387
1.2679
1.13184
0.996032
0.860373
0.724226
0.586448
0.445468
0.299477
0.146805
-0.013399
-0.180109
-0.348939
-0.510409
-0.648764
-0.742465
-0.767933
-0.709294
-0.572274
-0.389318
-0.20567
-0.0568027
0.0434647
0.0992116
0.12232
0.12482
0.115849
0.101269
0.0846379
0.0676276
0.0514022
0.0355651
0.0211102
0.00561709
2.14477
2.02725
1.9025
1.77357
1.6421
1.50884
1.37449
1.2399
1.10578
0.97242
0.839551
0.706356
0.571459
0.432979
0.288681
0.136364
-0.0254189
-0.196182
-0.371786
-0.542435
-0.691303
-0.794918
-0.827126
-0.769865
-0.628387
-0.436728
-0.242763
-0.0842315
0.0238746
0.0854537
0.11271
0.118104
0.111144
0.0979619
0.0823211
0.0660123
0.0503193
0.0348624
0.0207663
0.00548396
2.10923
1.98742
1.85649
1.72449
1.59259
1.46008
1.32717
1.19484
1.06389
0.934446
0.806014
0.677507
0.547218
0.412803
0.271395
0.119972
-0.0438541
-0.220483
-0.406263
-0.591089
-0.756695
-0.876717
-0.920867
-0.867236
-0.719809
-0.514826
-0.304395
-0.130131
-0.00912111
0.0621322
0.0963147
0.106573
0.103015
0.0922203
0.0782771
0.0631869
0.0484095
0.0336356
0.0201299
0.00527772
2.07597
1.94759
1.80806
1.67225
1.53953
1.40728
1.27548
1.14528
1.01741
0.891803
0.767736
0.643903
0.518296
0.388133
0.249917
0.0997915
-0.0656422
-0.247777
-0.443602
-0.642929
-0.826258
-0.964385
-1.02266
-0.974761
-0.822697
-0.604471
-0.37654
-0.184883
-0.049176
0.0333741
0.0758218
0.0919935
0.0926378
0.0848303
0.0730362
0.0595064
0.0459076
0.032027
0.0192801
0.00502186
2.05332
1.91577
1.76787
1.62761
1.4928
1.35952
1.22768
1.09848
0.972433
0.849267
0.72815
0.60764
0.48553
0.358726
0.223263
0.0746109
-0.0914971
-0.277362
-0.480656
-0.691317
-0.88903
-1.04243
-1.11341
-1.07193
-0.917802
-0.689739
-0.447353
-0.240332
-0.09092
0.00266057
0.053493
0.0758497
0.0809966
0.0764532
0.0670446
0.0552707
0.0430111
0.0301588
0.0182832
0.00473294
2.03621
1.888
1.73429
1.58834
1.45082
1.31566
1.18285
1.05355
0.928025
0.805889
0.686269
0.567667
0.447781
0.323367
0.190203
0.0433122
-0.122212
-0.30941
-0.516569
-0.733859
-0.940519
-1.10387
-1.18375
-1.14778
-0.994008
-0.760774
-0.509059
-0.290862
-0.130511
-0.0274426
0.0310339
0.0592816
0.0688604
0.0676112
0.0606579
0.0507213
0.0398797
0.0281317
0.0171916
0.00442501
2.01174
1.85269
1.6965
1.54344
1.40527
1.26874
1.13518
1.00579
0.880547
0.759035
0.64038
0.523078
0.404834
0.28241
0.151521
0.0069862
-0.156503
-0.342521
-0.549848
-0.768908
-0.978806
-1.14636
-1.23071
-1.19867
-1.04715
-0.813367
-0.557898
-0.333442
-0.165676
-0.0553047
0.00959001
0.0430878
0.0567849
0.0586917
0.0541458
0.0460444
0.0366379
0.0260251
0.0160466
0.00410944
1.9623
1.7945
1.64225
1.48197
1.34866
1.21244
1.07989
0.951712
0.827674
0.707421
0.590116
0.474313
0.357828
0.237559
0.109333
-0.0320248
-0.191992
-0.37447
-0.578602
-0.79508
-1.00317
-1.16992
-1.25491
-1.22534
-1.07761
-0.84729
-0.593123
-0.367081
-0.195428
-0.0800776
-0.0101689
0.0277736
0.0451427
0.0499654
0.0477024
0.0413774
0.0333795
0.0238993
0.0148803
0.00379506
1.8691
1.6986
1.56223
1.39625
1.27559
1.1424
1.01408
0.889505
0.768506
0.6509
0.535964
0.422413
0.308276
0.190701
0.0657701
-0.0715054
-0.226569
-0.403467
-0.601594
-0.811941
-1.01422
-1.1763
-1.25908
-1.23098
-1.08832
-0.864638
-0.615851
-0.392122
-0.219667
-0.101481
-0.0279312
0.0136182
0.0341612
0.0416092
0.0414606
0.0368176
0.0301724
0.0217992
0.0137166
0.00348845
1.71401
1.54948
1.44641
1.28005
1.181
1.05559
0.936189
0.818499
0.703031
0.589932
0.478756
0.368522
0.257577
0.143423
0.0225056
-0.109834
-0.258838
-0.428547
-0.61853
-0.820119
-1.0137
-1.16843
-1.24711
-1.21992
-1.08331
-0.868544
-0.628103
-0.409631
-0.238819
-0.119599
-0.0436288
0.000738985
0.0239609
0.0337287
0.035506
0.0324308
0.0270641
0.0197568
0.0125733
0.00319424
1.47676
1.32941
1.28171
1.12928
1.06072
0.950757
0.845827
0.738894
0.631815
0.525305
0.419444
0.313713
0.206895
0.0969274
-0.0192906
-0.145983
-0.288062
-0.449452
-0.629845
-0.820954
-1.004
-1.14972
-1.2232
-1.19666
-1.06673
-0.862327
-0.63215
-0.420944
-0.253563
-0.134715
-0.0573437
-0.0108536
0.0145876
0.0263777
0.0298883
0.0282583
0.024086
0.0177939
0.0114629
0.00291548
1.13218
1.02339
1.05545
0.943198
0.912442
0.828063
0.743463
0.651452
0.55574
0.457947
0.358963
0.258913
0.157128
0.0520587
-0.0588784
-0.179399
-0.313996
-0.466392
-0.636377
-0.816074
-0.987623
-1.12351
-1.19127
-1.16526
-1.04234
-0.849001
-0.630126
-0.427397
-0.264644
-0.147204
-0.0692394
-0.0212144
0.00603773
0.0195744
0.0246318
0.0243234
0.0212576
0.0159245
0.0103942
0.00265393
0.655084
0.630877
0.761758
0.723437
0.736556
0.688619
0.630228
0.557324
0.475865
0.388813
0.298163
0.20487
0.108923
0.00935576
-0.0958546
-0.209872
-0.336708
-0.479825
-0.639094
-0.807079
-0.966867
-1.09271
-1.15463
-1.12909
-1.01319
-0.83107
-0.623853
-0.430185
-0.272775
-0.157457
-0.0795145
-0.0304339
-0.00172225
0.0133128
0.019743
0.0206367
0.0185893
0.0141566
0.00937285
0.00241033
0.0295915
0.169581
0.40426
0.47162
0.536514
0.534634
0.508137
0.45816
0.393488
0.318918
0.237834
0.152189
0.0627312
-0.0308724
-0.130057
-0.237413
-0.35644
-0.490301
-0.638932
-0.795361
-0.943615
-1.05964
-1.11584
-1.09074
-0.981647
-0.810476
-0.614789
-0.430304
-0.278586
-0.165844
-0.0883735
-0.038618
-0.00874263
0.00757254
0.0152164
0.0171992
0.0160849
0.0124939
0.00840225
0.00218465
-0.762492
-0.34755
-0.0110424
0.186308
0.317205
0.369498
0.380137
0.356233
0.310279
0.249467
0.178825
0.101447
0.0189129
-0.068443
-0.161462
-0.262162
-0.373518
-0.498364
-0.636692
-0.782014
-0.919276
-1.02599
-1.07677
-1.05207
-0.949419
-0.788658
-0.604043
-0.428548
-0.282602
-0.172695
-0.0960106
-0.0458758
-0.0150818
0.00232413
0.0110385
0.0140057
0.0137437
0.0109365
0.00748405
0.00197631
-1.77986
-0.957696
-0.492242
-0.141912
0.0793603
0.195132
0.248336
0.253396
0.227713
0.181568
0.121927
0.0531703
-0.0222233
-0.10323
-0.1901
-0.284291
-0.388259
-0.504486
-0.633004
-0.767826
-0.894803
-0.992882
-1.03865
-1.01433
-0.917662
-0.766619
-0.592429
-0.425528
-0.285254
-0.178292
-0.102604
-0.0523152
-0.0208033
-0.00246887
0.00718915
0.0110453
0.0115605
0.00948174
0.00661825
0.00178418
-3.12315
-1.76475
-1.06905
-0.531257
-0.186076
0.00707053
0.110178
0.148254
0.145064
0.114859
0.0669565
0.00724993
-0.0607713
-0.135342
-0.216111
-0.303986
-0.400913
-0.509019
-0.628356
-0.753427
-0.870948
-0.961143
-1.00234
-0.978345
-0.887143
-0.745038
-0.580521
-0.421701
-0.286882
-0.182874
-0.108311
-0.0580365
-0.0259688
-0.00684358
0.00364678
0.00830554
0.00952894
0.00812617
0.00580432
0.00160715
-4.80815
-2.8361
-1.74961
-0.983979
-0.486448
-0.201237
-0.0401451
0.0360876
0.0586876
0.0465886
0.0118718
-0.0378162
-0.0978231
-0.165559
-0.240033
-0.32161
-0.411765
-0.5123
-0.623275
-0.739622
-0.848773
-0.931976
-0.969018
-0.945143
-0.858682
-0.724554
-0.568815
-0.417446
-0.287757
-0.186616
-0.113234
-0.0630912
-0.0305987
-0.0108042
0.000414659
0.0057917
0.00765442
0.0068731
0.00504507
0.00144584
-6.54113
-3.98537
-2.41493
-1.42487
-0.78269
-0.409095
-0.191976
-0.0780482
-0.0293768
-0.0227931
-0.0436822
-0.0827522
-0.134239
-0.194754
-0.262699
-0.337942
-0.421554
-0.515073
-0.618568
-0.727311
-0.829277
-0.906468
-0.939819
-0.91581
-0.833194
-0.705853
-0.557779
-0.413049
-0.288023
-0.189564
-0.11736
-0.0674396
-0.0346484
-0.0143116
-0.00247728
0.00352407
0.00595032
0.00572969
0.00434488
0.00130179
-7.61832
-4.71059
-2.77375
-1.67017
-0.952047
-0.535374
-0.289964
-0.156175
-0.0929163
-0.075214
-0.0873828
-0.119388
-0.164928
-0.220182
-0.283171
-0.353379
-0.431465
-0.518594
-0.61472
-0.715511
-0.809806
-0.880722
-0.910417
-0.886407
-0.807649
-0.686925
-0.54627
-0.407992
-0.28758
-0.191871
-0.120972
-0.0714074
-0.038428
-0.0176295
-0.00523549
0.0013528
0.00431465
0.00463339
0.00367268
0.00116026
-7.41131
-4.70069
-2.66244
-1.59952
-0.898046
-0.500708
-0.268599
-0.144373
-0.0878482
-0.0749142
-0.0905206
-0.125018
-0.172346
-0.228785
-0.292297
-0.362062
-0.438137
-0.520934
-0.60999
-0.701585
-0.786334
-0.849536
-0.875117
-0.851596
-0.777805
-0.665042
-0.533076
-0.40227
-0.287158
-0.194564
-0.125076
-0.0758095
-0.0425112
-0.0211081
-0.00803894
-0.000783905
0.00275179
0.00361403
0.00306765
0.001008
-7.24391
-4.70288
-2.65872
-1.61978
-0.928394
-0.533592
-0.3012
-0.174855
-0.115725
-0.10008
-0.113106
-0.145198
-0.190289
-0.244609
-0.306033
-0.373611
-0.447216
-0.527029
-0.612376
-0.699509
-0.779343
-0.837796
-0.859647
-0.834297
-0.761074
-0.651007
-0.52292
-0.396075
-0.284235
-0.193931
-0.125816
-0.0772241
-0.0441425
-0.0226844
-0.00942602
-0.00191472
0.00187837
0.00301884
0.00269736
0.000924605
-7.30194
-4.76864
-2.70509
-1.65913
-0.971513
-0.574739
-0.340629
-0.211322
-0.148998
-0.130059
-0.139882
-0.168901
-0.211057
-0.262545
-0.321187
-0.385972
-0.456709
-0.533499
-0.615556
-0.699043
-0.774931
-0.829438
-0.847916
-0.820477
-0.746954
-0.638371
-0.513002
-0.389297
-0.28032
-0.192225
-0.125593
-0.0778638
-0.0451943
-0.0238518
-0.0105377
-0.00287001
0.00111197
0.00248239
0.0023543
0.000855111
-7.42168
-4.82945
-2.76589
-1.70341
-1.01785
-0.61653
-0.3794
-0.246395
-0.180559
-0.158239
-0.164898
-0.190943
-0.230283
-0.279057
-0.335022
-0.39709
-0.464993
-0.538738
-0.617442
-0.697229
-0.769215
-0.820007
-0.835546
-0.80656
-0.73323
-0.626437
-0.503858
-0.383195
-0.276913
-0.190861
-0.125581
-0.0786263
-0.046314
-0.0250549
-0.011667
-0.00383307
0.000342664
0.00194572
0.00201142
0.000788338
-7.58149
-4.89418
-2.83668
-1.75178
-1.06669
-0.659514
-0.418549
-0.281297
-0.211596
-0.185679
-0.189051
-0.212065
-0.248576
-0.29465
-0.347963
-0.407344
-0.472426
-0.543112
-0.618411
-0.694435
-0.762499
-0.809651
-0.822451
-0.792225
-0.719437
-0.614731
-0.495122
-0.377548
-0.273911
-0.189813
-0.125795
-0.0795402
-0.0475303
-0.0263171
-0.0128312
-0.00481543
-0.00043675
0.00140485
0.0016669
0.000723228
-7.75598
-4.96057
-2.91301
-1.80391
-1.11765
-0.703699
-0.458234
-0.316346
-0.242533
-0.212855
-0.212828
-0.23273
-0.266351
-0.309677
-0.360303
-0.416968
-0.479212
-0.54683
-0.618733
-0.691033
-0.75526
-0.798917
-0.809166
-0.777891
-0.705799
-0.603271
-0.486656
-0.372143
-0.271098
-0.188894
-0.126091
-0.0805013
-0.0487718
-0.0275914
-0.0140001
-0.00579881
-0.00121553
0.00086542
0.00132334
0.000660607
-7.94163
-5.03295
-2.99399
-1.85993
-1.17051
-0.74902
-0.498383
-0.351484
-0.273314
-0.239724
-0.236199
-0.25292
-0.2836
-0.324137
-0.372044
-0.425971
-0.485365
-0.549915
-0.618446
-0.687084
-0.747591
-0.787929
-0.795838
-0.76371
-0.692442
-0.592135
-0.478484
-0.366963
-0.268436
-0.188067
-0.126434
-0.0814838
-0.0500201
-0.0288654
-0.015166
-0.00677834
-0.00199082
0.000328918
0.000981419
0.000600566
-8.1338
-5.11185
-3.07866
-1.91974
-1.22513
-0.795427
-0.538958
-0.386684
-0.303911
-0.266257
-0.259132
-0.272605
-0.300296
-0.338012
-0.383178
-0.434356
-0.490896
-0.552388
-0.617577
-0.682619
-0.739523
-0.776713
-0.782488
-0.7497
-0.679388
-0.581346
-0.470631
-0.362033
-0.265944
-0.187344
-0.126835
-0.0824943
-0.0512797
-0.0301421
-0.0163305
-0.00775513
-0.00276326
-0.000205032
0.000640993
0.000542857
-8.33149
-5.19826
-3.16675
-1.98322
-1.28143
-0.842886
-0.579944
-0.421947
-0.334328
-0.292458
-0.281633
-0.291792
-0.31645
-0.351315
-0.393724
-0.442146
-0.495838
-0.55429
-0.616174
-0.677693
-0.731112
-0.765321
-0.769154
-0.735884
-0.666646
-0.57091
-0.4631
-0.357355
-0.263628
-0.18673
-0.127299
-0.0835367
-0.0525533
-0.0314232
-0.017495
-0.00872997
-0.00353332
-0.000736712
0.000301958
0.000487242
-8.53352
-5.29226
-3.25811
-2.05024
-1.33938
-0.891375
-0.621339
-0.457278
-0.364575
-0.31834
-0.303716
-0.310496
-0.332079
-0.364069
-0.403707
-0.449373
-0.500228
-0.555664
-0.614291
-0.672367
-0.722425
-0.753816
-0.755889
-0.722297
-0.654234
-0.56083
-0.455888
-0.352924
-0.261482
-0.186223
-0.127822
-0.0846101
-0.0538407
-0.0327088
-0.0186594
-0.00970291
-0.00430105
-0.00126619
-3.56943e-05
0.000433517
-8.7395
-5.39394
-3.35274
-2.12068
-1.39897
-0.94089
-0.663153
-0.492693
-0.394669
-0.343919
-0.325397
-0.328735
-0.347203
-0.376295
-0.413156
-0.45607
-0.504104
-0.556557
-0.611982
-0.666702
-0.713526
-0.742258
-0.742743
-0.708974
-0.642173
-0.551112
-0.448992
-0.348736
-0.259503
-0.185819
-0.128405
-0.0857134
-0.0551412
-0.0339986
-0.0198236
-0.0106739
-0.00506643
-0.00179352
-0.00037196
0.000381479
-8.94912
-5.50321
-3.45075
-2.19443
-1.46022
-0.991439
-0.705409
-0.528215
-0.42463
-0.369217
-0.346697
-0.34653
-0.361846
-0.388022
-0.4221
-0.462272
-0.507508
-0.557018
-0.609302
-0.660758
-0.704474
-0.730703
-0.729759
-0.695945
-0.630476
-0.541762
-0.442412
-0.344786
-0.257686
-0.185516
-0.129044
-0.0868457
-0.0564544
-0.0352923
-0.0209877
-0.011643
-0.00582952
-0.00231877
-0.000706845
0.000330921
-9.16226
-5.61993
-3.55227
-2.27143
-1.52317
-1.04305
-0.748138
-0.563873
-0.454488
-0.394259
-0.367641
-0.363908
-0.376035
-0.399278
-0.430574
-0.468017
-0.510483
-0.557093
-0.606303
-0.654593
-0.695328
-0.719203
-0.716979
-0.683236
-0.619157
-0.532781
-0.436145
-0.341071
-0.256028
-0.185311
-0.129738
-0.0880063
-0.0577801
-0.0365901
-0.0221516
-0.0126102
-0.00659033
-0.002842
-0.00104036
0.000281626
-9.3789
-5.74398
-3.65748
-2.35165
-1.58787
-1.09575
-0.791384
-0.599706
-0.484277
-0.419077
-0.38826
-0.380898
-0.389802
-0.410096
-0.438612
-0.473344
-0.513073
-0.556832
-0.603041
-0.648264
-0.686145
-0.707807
-0.704439
-0.67087
-0.608225
-0.52417
-0.430187
-0.337587
-0.254525
-0.185201
-0.130487
-0.0891946
-0.059118
-0.0378917
-0.0233153
-0.0135756
-0.00734894
-0.00336331
-0.00137252
0.000233378
-9.59908
-5.87521
-3.76656
-2.4351
-1.6544
-1.14961
-0.8352
-0.635758
-0.514038
-0.443708
-0.408588
-0.397534
-0.403178
-0.420513
-0.446253
-0.478293
-0.515321
-0.556284
-0.599568
-0.641826
-0.676976
-0.696561
-0.692175
-0.658867
-0.59769
-0.515931
-0.424535
-0.334327
-0.253173
-0.185185
-0.131288
-0.0904099
-0.0604679
-0.0391971
-0.0244788
-0.0145392
-0.00810538
-0.00388279
-0.00170332
0.000185973
-9.8229
-6.01351
-3.8797
-2.52182
-1.72284
-1.20468
-0.879649
-0.672081
-0.543818
-0.468193
-0.428663
-0.413851
-0.416202
-0.430564
-0.453535
-0.482908
-0.517272
-0.555496
-0.595935
-0.635331
-0.667872
-0.685508
-0.680215
-0.647244
-0.587555
-0.50806
-0.419183
-0.331289
-0.251969
-0.18526
-0.132141
-0.0916515
-0.0618294
-0.0405062
-0.0256421
-0.0155011
-0.00885969
-0.0044005
-0.00203271
0.00013922
-10.0506
-6.15885
-3.99709
-2.61189
-1.79328
-1.26104
-0.924803
-0.708735
-0.573669
-0.492577
-0.448526
-0.42989
-0.428911
-0.440289
-0.460499
-0.487228
-0.518971
-0.554516
-0.592191
-0.628828
-0.658879
-0.674685
-0.668587
-0.636017
-0.577827
-0.500557
-0.414127
-0.328466
-0.250908
-0.185422
-0.133044
-0.0929188
-0.0632022
-0.0418188
-0.0268052
-0.0164611
-0.00961185
-0.00491649
-0.00236084
9.28309e-05
-10.2827
-6.31136
-4.11895
-2.7054
-1.86583
-1.31878
-0.970737
-0.745782
-0.603646
-0.516909
-0.468222
-0.445691
-0.441346
-0.449729
-0.467186
-0.491297
-0.520462
-0.553389
-0.588382
-0.622364
-0.650039
-0.664126
-0.657315
-0.625196
-0.568507
-0.493417
-0.409361
-0.325853
-0.249988
-0.185671
-0.133996
-0.0942112
-0.0645862
-0.0431351
-0.0279682
-0.0174196
-0.010362
-0.00543096
-0.00268786
4.65482e-05
-10.5197
-6.47133
-4.2456
-2.80255
-1.94063
-1.378
-1.01755
-0.783297
-0.633813
-0.541245
-0.4878
-0.4613
-0.45355
-0.458923
-0.473635
-0.495155
-0.521785
-0.552159
-0.584554
-0.615981
-0.641391
-0.653863
-0.646418
-0.614792
-0.559596
-0.486635
-0.40488
-0.323446
-0.249205
-0.186004
-0.134995
-0.095528
-0.0659812
-0.0444548
-0.029131
-0.018377
-0.0111103
-0.00594398
-0.00301382
1.23858e-07
-10.7614
-6.6387
-4.3773
-2.90352
-2.01783
-1.43884
-1.06535
-0.821368
-0.664242
-0.565644
-0.507312
-0.476765
-0.465566
-0.467915
-0.47989
-0.498844
-0.522984
-0.550866
-0.580747
-0.60972
-0.632971
-0.643924
-0.635915
-0.60481
-0.551093
-0.480208
-0.400677
-0.321239
-0.248554
-0.186419
-0.13604
-0.0968688
-0.0673869
-0.0457781
-0.0302938
-0.0193333
-0.0118567
-0.00645575
-0.00333895
-4.67769e-05
)
;

boundaryField
{
    inlet
    {
        type            freestreamPressure;
        freestreamValue uniform 0;
        supersonic      false;
        value           nonuniform List<scalar> 
80
(
0.29844
0.23325
0.165211
0.0942828
0.0207466
-0.0550348
-0.132623
-0.211481
-0.29097
-0.370339
-0.448736
-0.525211
-0.598727
-0.668172
-0.732361
-0.790037
-0.839847
-0.880291
-0.909627
-0.925702
1.08166
1.04133
1.00106
0.960865
0.920785
0.880844
0.84107
0.801489
0.762126
0.723004
0.684145
0.64557
0.6073
0.569351
0.531738
0.494477
0.457585
0.421089
0.384983
0.349071
1.85293
1.81756
1.78188
1.74573
1.70911
1.67204
1.63457
1.59671
1.55848
1.51992
1.48105
1.44189
1.40248
1.36284
1.32301
1.28301
1.24288
1.20265
1.16235
1.12201
2.9395
2.93001
2.91217
2.8865
2.85334
2.81301
2.76595
2.71276
2.65417
2.59104
2.52432
2.45497
2.38393
2.3121
2.24029
2.16921
2.09945
2.03153
1.96587
1.90252
)
;
    }
    outlet
    {
        type            freestreamPressure;
        freestreamValue uniform 0;
        supersonic      false;
        value           nonuniform List<scalar> 
80
(
-7.7771e-07
-8.38936e-07
-8.92731e-07
-9.45787e-07
-9.95091e-07
-1.03736e-06
-1.06999e-06
-1.09013e-06
-1.09465e-06
-1.08027e-06
-1.04396e-06
-9.83267e-07
-8.96898e-07
-7.85326e-07
-6.5154e-07
-5.018e-07
-3.46289e-07
-1.99496e-07
-8.00126e-08
-9.57177e-09
-5.65719e-08
-8.52155e-08
-1.14189e-07
-1.43532e-07
-1.73362e-07
-2.03704e-07
-2.34613e-07
-2.66141e-07
-2.98333e-07
-3.31226e-07
-3.64847e-07
-3.99216e-07
-4.34341e-07
-4.70228e-07
-5.06886e-07
-5.44319e-07
-5.82388e-07
-6.20702e-07
-6.59702e-07
-7.03677e-07
5.86512e-07
5.41206e-07
5.03234e-07
4.66247e-07
4.29678e-07
3.94072e-07
3.59549e-07
3.26023e-07
2.93411e-07
2.61643e-07
2.30647e-07
2.00345e-07
1.70651e-07
1.41476e-07
1.12736e-07
8.43552e-08
5.61959e-08
2.81398e-08
7.47405e-11
-2.81631e-08
1.35591e-08
1.12095e-07
2.74402e-07
4.65117e-07
6.556e-07
8.25855e-07
9.64252e-07
1.06601e-06
1.13126e-06
1.16325e-06
1.16688e-06
1.14759e-06
1.11067e-06
1.06088e-06
1.00222e-06
9.37821e-07
8.70192e-07
8.02324e-07
7.37372e-07
6.6848e-07
)
;
    }
    top
    {
        type            symmetryPlane;
    }
    bottom
    {
        type            symmetryPlane;
    }
    cylinder
    {
        type            zeroGradient;
    }
    frontandback
    {
        type            empty;
    }
}


// ************************************************************************* //
