/*--------------------------------*- C++ -*----------------------------------*\
  =========                 |
  \\      /  F ield         | OpenFOAM: The Open Source CFD Toolbox
   \\    /   O peration     | Website:  https://openfoam.org
    \\  /    A nd           | Version:  6.0
     \\/     M anipulation  |
\*---------------------------------------------------------------------------*/
FoamFile
{
    version     2.0;
    format      ascii;
    class       volVectorField;
    location    "22.75";
    object      U;
}
// * * * * * * * * * * * * * * * * * * * * * * * * * * * * * * * * * * * * * //

dimensions      [0 1 -1 0 0 0 0];

internalField   nonuniform List<vector> 
2400
(
(1.33299 -8.32364 -8.88175e-19)
(0.376556 -7.60527 3.48321e-19)
(0.574651 -7.28641 -2.97806e-19)
(0.814583 -7.02456 -1.72379e-19)
(0.946116 -6.7566 -2.43552e-19)
(1.03541 -6.46839 3.36681e-19)
(1.10315 -6.17072 1.14701e-19)
(1.15318 -5.87961 8.50576e-20)
(1.19394 -5.60638 -1.91429e-19)
(1.2278 -5.35632 -1.26348e-20)
(2.00239 -8.27232 1.03934e-18)
(1.00075 -7.72243 -4.63374e-20)
(1.1715 -7.42156 2.13858e-19)
(1.38209 -7.14157 1.64739e-18)
(1.48172 -6.8504 -1.13242e-18)
(1.53797 -6.53919 -5.219e-20)
(1.57348 -6.22222 -1.50458e-20)
(1.59391 -5.91703 -1.25214e-19)
(1.60917 -5.63445 -1.66032e-19)
(1.61972 -5.37991 -1.87526e-20)
(2.67286 -8.16985 1.89915e-18)
(1.64278 -7.7869 1.503e-18)
(1.78751 -7.50177 -3.82013e-18)
(1.9653 -7.20361 1.1143e-18)
(2.02897 -6.8912 1.52179e-18)
(2.04862 -6.56035 -8.55633e-19)
(2.04925 -6.22812 -6.46128e-19)
(2.03852 -5.91286 4.83794e-19)
(2.02738 -5.62446 -1.00547e-18)
(2.01306 -5.3692 9.44403e-19)
(3.33887 -8.01422 -6.54853e-18)
(2.29739 -7.79488 2.46371e-18)
(2.41681 -7.52349 -2.34253e-18)
(2.55823 -7.20792 1.00451e-18)
(2.58212 -6.87705 -1.0069e-18)
(2.56203 -6.53057 1.39145e-18)
(2.52561 -6.18751 5.11541e-19)
(2.48261 -5.86637 -1.97477e-18)
(2.44454 -5.5759 -1.59967e-18)
(2.40409 -5.3244 1.64264e-18)
(3.99638 -7.80439 3.53381e-19)
(2.95928 -7.74358 -9.78706e-19)
(3.0535 -7.48428 -4.20481e-19)
(3.155 -7.15291 -4.86282e-19)
(3.1357 -6.80712 -2.5404e-18)
(3.07322 -6.44946 3.62042e-19)
(2.99795 -6.10015 -2.25689e-19)
(2.92168 -5.77719 2.04634e-18)
(2.85592 -5.48832 -1.39863e-18)
(2.78798 -5.24517 -7.69528e-19)
(4.64013 -7.53948 5.94256e-18)
(3.62215 -7.6306 -4.80733e-19)
(3.69095 -7.38217 6.53074e-18)
(3.74927 -7.03749 -8.70484e-19)
(3.68409 -6.68118 3.11147e-18)
(3.57749 -6.3175 -3.77114e-19)
(3.46237 -5.96693 1.90215e-20)
(3.35216 -5.64624 1.7415e-18)
(3.25765 -5.36223 -9.41896e-19)
(3.16082 -5.13091 1.26407e-18)
(5.26524 -7.21952 -2.34517e-18)
(4.2798 -7.45457 5.04212e-19)
(4.32238 -7.21601 -1.76621e-18)
(4.3343 -6.86106 -1.59666e-18)
(4.22099 -6.49921 2.20418e-20)
(4.06941 -6.13538 4.78249e-18)
(3.91485 -5.78934 -1.67476e-18)
(3.77173 -5.47564 5.73462e-19)
(3.64899 -5.19968 -2.34055e-18)
(3.5234 -4.98272 -1.03388e-18)
(5.86701 -6.84539 9.87744e-18)
(4.92626 -7.21494 -1.26981e-18)
(4.94126 -6.98522 -9.00827e-18)
(4.90333 -6.62318 4.73498e-19)
(4.73925 -6.26073 1.62981e-18)
(4.54129 -5.90245 -2.2628e-18)
(4.34769 -5.56672 -2.67309e-18)
(4.17432 -5.26511 3.91819e-18)
(4.02738 -5.00219 -3.58004e-19)
(3.87695 -4.80804 -2.84527e-18)
(6.44131 -6.41865 -8.12703e-18)
(5.5564 -6.91202 4.15814e-18)
(5.54229 -6.69027 5.68185e-18)
(5.45135 -6.32432 1.35685e-18)
(5.23365 -5.96548 -4.68255e-18)
(4.98617 -5.61679 2.83275e-18)
(4.75005 -5.29461 1.52709e-18)
(4.54374 -5.00856 3.03275e-18)
(4.37195 -4.76786 -1.90734e-18)
(4.19866 -4.61951 -2.42276e-18)
(6.98336 -5.94047 2.63878e-18)
(6.16496 -6.54685 -1.05211e-18)
(6.12095 -6.33302 -2.85973e-19)
(5.97543 -5.9665 1.3034e-18)
(5.70358 -5.61465 9.72427e-19)
(5.40536 -5.27735 -7.35959e-19)
(5.12162 -4.96858 -1.25929e-18)
(4.86855 -4.69914 1.91814e-18)
(4.64653 -4.49039 -1.56429e-18)
(4.42584 -4.40095 1.36077e-18)
(9.79156 0.830995 1.5109e-19)
(9.76507 0.0575245 4.73772e-19)
(9.67248 -0.708347 -1.49588e-18)
(9.51979 -1.46142 1.37054e-18)
(9.31046 -2.19403 5.40228e-19)
(9.04565 -2.90206 7.01849e-18)
(8.72753 -3.5818 -2.76789e-18)
(8.35969 -4.22916 -3.97811e-18)
(7.94413 -4.84071 4.52563e-18)
(7.48644 -5.41199 -7.84787e-18)
(9.90556 -0.315338 4.3343e-19)
(9.78914 -1.0741 -2.06763e-19)
(9.60402 -1.82007 -1.28943e-18)
(9.35476 -2.54669 3.43852e-18)
(9.04572 -3.2431 -1.20525e-18)
(8.68057 -3.90493 9.37171e-18)
(8.26313 -4.52796 -6.14729e-18)
(7.79845 -5.10788 8.96899e-18)
(7.29055 -5.64045 -6.49383e-18)
(6.74537 -6.12192 -3.39334e-18)
(9.54319 -0.304502 -8.14192e-19)
(9.45872 -1.02368 5.69662e-20)
(9.30887 -1.73628 -3.5544e-18)
(9.09495 -2.43415 2.69956e-18)
(8.81982 -3.10638 -2.9997e-18)
(8.48748 -3.74853 -5.90545e-18)
(8.10162 -4.3556 -2.07969e-18)
(7.66728 -4.92309 -1.50751e-18)
(7.18891 -5.44521 6.00899e-18)
(6.67199 -5.91662 3.5217e-18)
(8.93393 -0.221351 3.32747e-19)
(8.88246 -0.887778 -5.7903e-19)
(8.77104 -1.5519 -8.07003e-19)
(8.59907 -2.20561 -3.31913e-18)
(8.36897 -2.84 2.18825e-18)
(8.08369 -3.45085 6.10101e-18)
(7.74731 -4.03317 2.4719e-18)
(7.36336 -4.5816 5.31476e-19)
(6.93645 -5.08988 1.45477e-18)
(6.47236 -5.55342 1.50201e-19)
(8.31621 -0.210014 -3.52918e-19)
(8.27935 -0.824393 -1.39068e-18)
(8.18792 -1.43763 1.23899e-19)
(8.04092 -2.04333 2.62059e-18)
(7.84095 -2.63422 2.85918e-18)
(7.58959 -3.20709 -1.96549e-18)
(7.29115 -3.75603 -3.51749e-18)
(6.9479 -4.27698 -1.87674e-18)
(6.56591 -4.76391 2.04473e-18)
(6.14934 -5.212 3.2791e-18)
(7.77283 -0.205006 8.50164e-20)
(7.74006 -0.773252 1.13747e-18)
(7.65775 -1.3402 -2.6772e-18)
(7.52447 -1.90164 3.28484e-18)
(7.34357 -2.45075 2.00323e-18)
(7.1147 -2.98614 3.85402e-18)
(6.84373 -3.50057 -8.21765e-19)
(6.5301 -3.99354 -2.40078e-18)
(6.18403 -4.45655 5.64111e-18)
(5.80599 -4.88743 -4.95473e-18)
(7.31582 -0.19547 1.67749e-19)
(7.28224 -0.724199 -1.23621e-18)
(7.20374 -1.25097 -8.00726e-19)
(7.07752 -1.77375 -1.7537e-18)
(6.90896 -2.28478 -2.51127e-19)
(6.69382 -2.78612 -2.54545e-18)
(6.44265 -3.26759 -1.68234e-18)
(6.14831 -3.73572 -2.78476e-19)
(5.83076 -4.17511 -3.36033e-18)
(5.48096 -4.59107 4.70471e-18)
(6.93275 -0.183736 -1.38168e-19)
(6.89651 -0.679368 1.01761e-18)
(6.81973 -1.17202 -4.54353e-19)
(6.69681 -1.66177 9.89127e-19)
(6.53711 -2.13867 2.39792e-18)
(6.32952 -2.60997 4.05978e-18)
(6.09375 -3.05985 -1.08058e-18)
(5.80844 -3.50832 -3.98104e-18)
(5.51546 -3.92616 1.20696e-18)
(5.18064 -4.3362 -7.22364e-18)
(6.60554 -0.166177 1.95146e-19)
(6.56636 -0.635278 -2.32303e-19)
(6.49108 -1.10055 -2.24613e-18)
(6.36937 -1.56401 6.79954e-19)
(6.21736 -2.01259 -1.64045e-18)
(6.01235 -2.45956 -7.2133e-19)
(5.78967 -2.88045 -4.62024e-19)
(5.5014 -3.31593 1.82337e-18)
(5.231 -3.71552 1.76223e-18)
(4.88465 -4.15079 1.4442e-18)
(6.31719 -0.152937 -4.4016e-19)
(6.27394 -0.598623 7.64831e-19)
(6.19998 -1.04134 3.77868e-19)
(6.07724 -1.48529 1.04761e-18)
(5.93223 -1.91378 -1.08375e-19)
(5.72397 -2.34621 -8.42891e-20)
(5.51155 -2.74653 -2.56239e-18)
(5.2042 -3.17865 3.46963e-18)
(4.95126 -3.55654 -2.23727e-18)
(4.55521 -4.06465 6.72213e-19)
(6.51946 7.73192 -4.56659e-18)
(7.1092 7.20218 4.74614e-18)
(7.64868 6.62172 -2.60795e-19)
(8.13465 5.99622 -7.94933e-18)
(8.563 5.33077 5.74025e-18)
(8.9303 4.63113 -3.96643e-18)
(9.23398 3.90281 -8.88392e-19)
(9.47268 3.15277 -8.33734e-19)
(9.6446 2.38776 1.32957e-18)
(9.7509 1.61174 9.46732e-20)
(7.29706 6.6377 5.51765e-18)
(7.83543 6.10015 1.04942e-18)
(8.32219 5.51194 -5.43643e-18)
(8.75263 4.87823 -5.59815e-18)
(9.12206 4.20405 4.60911e-18)
(9.4269 3.4961 -3.64379e-18)
(9.66403 2.76031 4.03316e-18)
(9.83131 2.00427 -1.13795e-18)
(9.92743 1.23775 -3.35597e-18)
(9.95237 0.460421 -2.31353e-19)
(6.86692 6.03587 -9.46672e-19)
(7.38262 5.56805 -7.40454e-19)
(7.85435 5.05022 3.05325e-18)
(8.27681 4.48596 2.81079e-18)
(8.64517 3.87941 6.05119e-18)
(8.95571 3.23676 1.90374e-18)
(9.20489 2.56309 -1.36266e-18)
(9.38969 1.86587 -2.85189e-18)
(9.50879 1.15327 2.2718e-18)
(9.56055 0.425139 1.62423e-19)
(6.30668 5.46248 1.39671e-18)
(6.78568 5.05734 -3.16417e-18)
(7.22705 4.60514 -1.22534e-18)
(7.62591 4.10802 -5.26774e-18)
(7.97802 3.56976 -2.74464e-18)
(8.27986 2.99578 5.12494e-18)
(8.52795 2.39072 3.24141e-18)
(8.71923 1.76102 -2.72883e-18)
(8.85237 1.1127 1.16885e-19)
(8.9246 0.447918 -1.14934e-19)
(5.88227 4.9472 -4.9334e-18)
(6.31867 4.58487 5.49518e-18)
(6.72061 4.17908 -1.38692e-18)
(7.0845 3.73075 2.78406e-18)
(7.40715 3.24398 -1.84906e-18)
(7.68537 2.72388 -3.01775e-18)
(7.916 2.17473 1.42379e-18)
(8.09626 1.60175 -1.52467e-18)
(8.22471 1.00998 -1.4482e-18)
(8.29842 0.40307 6.0985e-19)
(5.56116 4.54045 -6.69673e-19)
(5.96015 4.20942 1.04278e-18)
(6.3249 3.83727 -1.2173e-18)
(6.65417 3.42447 -5.461e-18)
(6.94639 2.97631 2.92033e-18)
(7.19859 2.49766 4.59977e-19)
(7.4078 1.99224 -2.55793e-18)
(7.57146 1.46447 -8.67884e-19)
(7.68824 0.919168 7.79869e-19)
(7.7555 0.360393 -2.23905e-19)
(5.30866 4.22256 -2.6725e-18)
(5.67783 3.91683 -1.005e-20)
(6.0116 3.5693 1.21995e-18)
(6.31068 3.18296 3.09945e-18)
(6.57571 2.76503 6.26226e-19)
(6.80408 2.31913 1.50145e-18)
(6.99298 1.84827 2.89103e-18)
(7.1399 1.35668 -1.22158e-18)
(7.24395 0.849295 1.02352e-18)
(7.30253 0.330006 -3.8256e-19)
(5.09859 3.96913 -9.17713e-19)
(5.43962 3.6887 1.05343e-18)
(5.74984 3.35811 1.01595e-18)
(6.02564 2.99174 -1.45871e-18)
(6.26855 2.59861 -7.8645e-19)
(6.47683 2.17896 -1.70658e-18)
(6.64849 1.73528 1.5363e-19)
(6.781 1.27245 -3.76303e-19)
(6.87394 0.795757 -2.17412e-18)
(6.92416 0.308642 2.90156e-19)
(4.93821 3.75513 -3.35251e-19)
(5.23155 3.51092 -1.79932e-18)
(5.51792 3.19151 -6.89279e-19)
(5.77772 2.84158 3.07336e-19)
(6.00346 2.4708 -1.83283e-19)
(6.19459 2.07339 1.50936e-18)
(6.35194 1.6518 5.91206e-19)
(6.47296 1.21219 8.67217e-19)
(6.55739 0.760407 1.01697e-18)
(6.60075 0.299331 -4.13669e-19)
(4.89632 3.52478 -1.25206e-18)
(5.10975 3.32089 2.12981e-18)
(5.34331 3.01145 -3.35624e-18)
(5.58369 2.67873 -7.51103e-20)
(5.79111 2.33161 2.66174e-18)
(5.9604 1.95899 1.25847e-19)
(6.0992 1.56247 1.12936e-18)
(6.20632 1.14819 -2.32243e-18)
(6.28113 0.722306 -1.88738e-20)
(6.31672 0.28705 2.02621e-19)
(1.12274 4.59383 7.10085e-20)
(1.07924 4.78973 -2.53526e-20)
(1.03943 5.01078 -1.68909e-20)
(0.985119 5.27316 1.9007e-19)
(0.916919 5.6062 -8.53334e-20)
(0.834028 6.05903 -3.08044e-19)
(0.743674 6.70227 3.55692e-19)
(0.709232 7.59879 1.22158e-19)
(0.562692 8.67649 1.8674e-19)
(-0.789913 9.62403 7.91877e-19)
(1.47882 4.6238 1.84724e-19)
(1.4543 4.83124 -5.24479e-19)
(1.43277 5.06355 5.26068e-19)
(1.40088 5.33822 1.10506e-19)
(1.36125 5.68432 -2.24981e-19)
(1.31622 6.15018 2.48311e-19)
(1.27811 6.80323 8.87568e-19)
(1.31403 7.69437 -1.12902e-18)
(1.24873 8.74917 3.91708e-20)
(-0.0351823 9.72143 -9.46968e-19)
(1.84401 4.62692 7.96422e-19)
(1.83913 4.84365 -9.97429e-19)
(1.83716 5.08472 -3.93757e-19)
(1.8295 5.36889 -3.42531e-20)
(1.82036 5.72506 -3.95268e-19)
(1.81503 6.20044 -1.71518e-19)
(1.8304 6.85866 2.93295e-19)
(1.93569 7.73821 8.17545e-19)
(1.94749 8.76318 6.17818e-19)
(0.729359 9.756 -1.74023e-18)
(2.2197 4.59024 7.82255e-19)
(2.23399 4.81658 -8.42893e-19)
(2.25194 5.0668 -8.31802e-19)
(2.26949 5.35993 4.84315e-19)
(2.29192 5.72456 2.52336e-18)
(2.32729 6.20661 -9.87833e-19)
(2.39662 6.86562 7.76289e-19)
(2.56963 7.72768 -2.58992e-18)
(2.6538 8.71673 -2.90256e-18)
(1.49844 9.72713 3.31527e-18)
(2.59718 4.53094 5.94113e-19)
(2.63095 4.7629 -3.79127e-19)
(2.67014 5.01766 1.10407e-18)
(2.71474 5.3151 -9.66105e-19)
(2.77049 5.6838 7.27501e-19)
(2.84797 6.16802 6.26433e-19)
(2.97177 6.82248 6.07649e-19)
(3.21061 7.6608 4.70275e-19)
(3.36215 8.60813 1.8363e-18)
(2.26652 9.63375 1.56886e-18)
(2.98587 4.41818 -1.85258e-18)
(3.03636 4.66102 -4.73406e-19)
(3.09519 4.92396 2.00736e-18)
(3.16591 5.22675 -2.19976e-18)
(3.25439 5.59844 -1.01304e-18)
(3.37364 6.08193 -2.47243e-18)
(3.5512 6.72728 1.31025e-19)
(3.85309 7.53608 -2.57945e-18)
(4.06646 8.4365 -3.04801e-19)
(3.02773 9.47554 -4.80397e-18)
(3.365 4.29713 2.73927e-18)
(3.43354 4.54205 -4.3174e-18)
(3.51394 4.80401 2.37396e-18)
(3.61303 5.10406 1.2024e-18)
(3.73609 5.47228 -2.73305e-19)
(3.89813 5.94936 3.39212e-18)
(4.12905 6.57965 -2.17168e-18)
(4.49103 7.35274 -5.3574e-18)
(4.76032 8.20123 -7.35569e-19)
(3.77612 9.25224 4.42399e-18)
(3.7671 4.09963 -1.84005e-20)
(3.84325 4.36348 2.0664e-18)
(3.93681 4.63474 -9.72089e-19)
(4.05922 4.93595 9.91038e-19)
(4.21428 5.30049 9.99401e-19)
(4.41752 5.76826 -1.63931e-18)
(4.69993 6.37865 1.1696e-18)
(5.11811 7.11047 -2.59433e-18)
(5.43718 7.90292 7.00502e-18)
(4.50545 8.96531 -2.29739e-18)
(4.14035 3.93282 -1.31205e-18)
(4.22949 4.19093 -6.35262e-19)
(4.34016 4.44989 2.82476e-18)
(4.4907 4.73739 -4.01595e-18)
(4.68047 5.08907 3.93276e-18)
(4.92514 5.54082 -1.99653e-18)
(5.25749 6.12513 -3.35455e-18)
(5.72764 6.80972 7.21633e-19)
(6.09011 7.54209 -1.20869e-17)
(5.20993 8.61486 8.43835e-18)
(4.55912 3.673 3.42808e-18)
(4.61994 3.94858 -2.8669e-18)
(4.73311 4.21574 2.9287e-18)
(4.90934 4.4962 -2.3367e-19)
(5.13171 4.83455 -3.00837e-18)
(5.41562 5.26658 -1.55238e-18)
(5.79527 5.8192 1.75718e-18)
(6.31302 6.45093 4.63709e-18)
(6.71289 7.12008 5.76302e-18)
(5.88303 8.20481 2.73271e-20)
(-1.48489 3.05203 -5.81944e-19)
(-1.62322 3.05701 4.1098e-19)
(-1.77282 3.11467 -2.05511e-19)
(-1.95488 3.20982 4.84042e-19)
(-2.19407 3.35141 4.32781e-19)
(-2.52793 3.57395 7.74412e-19)
(-3.00792 3.94369 1.23046e-18)
(-3.66343 4.5885 7.45298e-19)
(-4.65524 5.45572 1.22137e-18)
(-6.73548 5.76166 -8.77559e-19)
(-1.35124 3.26766 3.77214e-19)
(-1.48256 3.29946 4.22053e-19)
(-1.6154 3.38108 -6.42474e-19)
(-1.78465 3.49424 -3.73147e-19)
(-2.0114 3.65456 -7.21386e-19)
(-2.32848 3.90207 1.4321e-18)
(-2.78171 4.30706 -6.72242e-19)
(-3.38814 4.99702 -1.7383e-18)
(-4.3043 5.92062 -1.5016e-18)
(-6.32218 6.32967 2.23459e-18)
(-1.15873 3.46586 -1.12929e-19)
(-1.28996 3.52881 1.12325e-19)
(-1.41814 3.63129 -1.0321e-18)
(-1.58144 3.76309 6.78657e-19)
(-1.79857 3.94486 6.74197e-19)
(-2.09885 4.21949 -4.56904e-19)
(-2.52306 4.66003 -1.29133e-20)
(-3.07662 5.39204 3.14663e-18)
(-3.91286 6.36459 5.88808e-19)
(-5.86229 6.86744 -1.7523e-18)
(-0.938648 3.66616 -1.10563e-18)
(-1.06786 3.75097 6.81293e-19)
(-1.19148 3.87001 -1.78704e-19)
(-1.34823 4.01954 5.53805e-19)
(-1.55484 4.22284 -1.49701e-18)
(-1.83705 4.52455 -4.51023e-21)
(-2.22979 4.99954 2.76175e-19)
(-2.72736 5.76992 7.6884e-21)
(-3.4807 6.78394 -1.55236e-19)
(-5.35767 7.3715 2.36559e-18)
(-0.699677 3.85882 9.97489e-19)
(-0.823796 3.96151 3.26929e-20)
(-0.940608 4.09627 -5.94969e-19)
(-1.08846 4.26318 1.56506e-20)
(-1.28208 4.48738 1.04263e-19)
(-1.54361 4.81515 -1.1285e-18)
(-1.90176 5.32262 3.32263e-19)
(-2.34002 6.12695 -3.66483e-19)
(-3.00799 7.17453 -5.53031e-20)
(-4.80992 7.83763 -2.99687e-18)
(-0.44098 4.03486 -2.69802e-20)
(-0.557238 4.15537 8.06972e-19)
(-0.665444 4.30621 -7.82695e-19)
(-0.802567 4.49062 7.50379e-20)
(-0.980955 4.73531 -1.91929e-19)
(-1.21908 5.08803 1.03844e-18)
(-1.53948 5.62574 2.18807e-19)
(-1.91529 6.45912 1.26417e-19)
(-2.49615 7.53208 8.97478e-19)
(-4.22153 8.26164 6.15087e-19)
(-0.162116 4.19175 -6.40274e-19)
(-0.268071 4.32996 6.86396e-19)
(-0.366128 4.49672 3.24691e-20)
(-0.490798 4.69845 1.10433e-18)
(-0.651808 4.96312 -6.48163e-19)
(-0.863968 5.33959 4.87981e-19)
(-1.14357 5.90493 -4.73805e-19)
(-1.45442 6.76229 1.1565e-18)
(-1.94708 7.85226 1.1876e-18)
(-3.59539 8.63962 1.36042e-18)
(0.135658 4.32807 -4.38697e-19)
(0.0423 4.48286 5.04348e-19)
(-0.04395 4.66481 -2.46321e-19)
(-0.154234 4.88333 -1.93851e-19)
(-0.295584 5.16721 4.64911e-19)
(-0.479189 5.56596 -8.10413e-19)
(-0.715194 6.15606 -6.05667e-19)
(-0.958951 7.03196 2.16073e-18)
(-1.36337 8.13082 -4.34052e-19)
(-2.93535 8.96813 -1.56602e-18)
(0.450088 4.44267 -4.76723e-19)
(0.371554 4.6125 9.87477e-20)
(0.299018 4.80854 6.17575e-20)
(0.205285 5.04284 2.24061e-22)
(0.0860023 5.34466 -3.10898e-19)
(-0.0664523 5.76374 1.03813e-18)
(-0.256187 6.3753 -1.02981e-18)
(-0.431178 7.26408 -1.42331e-19)
(-0.748008 8.36368 1.9639e-20)
(-2.24473 9.24372 -1.26734e-18)
(0.779808 4.5314 1.56553e-19)
(0.718013 4.71494 2.32564e-20)
(0.660991 4.92419 -5.24021e-20)
(0.585932 5.17336 -7.8669e-20)
(0.491068 5.49179 -2.15542e-19)
(0.372249 5.92907 1.66548e-19)
(0.231164 6.55842 1.04704e-19)
(0.126096 7.45414 2.03188e-19)
(-0.104683 8.54693 -2.81662e-19)
(-1.52902 9.46379 2.57691e-19)
(-1.52839 2.74899 -4.75383e-19)
(-1.75358 2.41468 1.95195e-19)
(-1.88421 2.11799 -1.08246e-19)
(-2.03368 1.82889 -1.20509e-19)
(-2.15543 1.5416 -5.81602e-20)
(-2.26789 1.25447 3.38434e-21)
(-2.36635 0.965042 -3.20954e-20)
(-2.45416 0.672151 -2.87389e-20)
(-2.53106 0.374482 -1.82512e-20)
(-2.59725 0.0711355 1.05836e-20)
(-1.71789 2.78239 -3.78737e-19)
(-1.89983 2.46856 -1.92376e-19)
(-2.02794 2.16974 -3.19432e-19)
(-2.16565 1.8754 2.40001e-20)
(-2.28137 1.58367 1.02446e-19)
(-2.38881 1.29374 1.33922e-19)
(-2.4838 1.0026 -4.24282e-20)
(-2.56928 0.709033 1.38229e-19)
(-2.64486 0.411265 1.9982e-20)
(-2.71056 0.108009 -1.47292e-20)
(-1.90507 2.82629 1.06433e-18)
(-2.06341 2.5203 -1.02604e-19)
(-2.19089 2.22232 4.67413e-19)
(-2.31793 1.92475 8.99508e-20)
(-2.42803 1.62984 -4.20015e-19)
(-2.52949 1.33714 -2.09325e-19)
(-2.61985 1.04409 -8.93241e-20)
(-2.70132 0.749417 4.68236e-20)
(-2.77362 0.451114 -9.98832e-20)
(-2.8367 0.147622 1.28679e-20)
(-2.10522 2.90857 2.70464e-19)
(-2.25555 2.59891 5.73062e-19)
(-2.3836 2.29504 2.57716e-20)
(-2.50403 1.99108 2.26811e-19)
(-2.60972 1.69023 2.94073e-19)
(-2.7055 1.39175 2.96089e-20)
(-2.79063 1.09388 2.0607e-19)
(-2.86679 0.795295 9.09242e-20)
(-2.93403 0.493962 1.25824e-19)
(-2.99239 0.188155 -2.08984e-20)
(-2.35616 3.03659 9.68969e-19)
(-2.50604 2.71679 -1.06351e-18)
(-2.63563 2.4003 -8.87623e-20)
(-2.75262 2.08474 1.15759e-19)
(-2.85474 1.7728 -1.52402e-19)
(-2.94515 1.46367 -2.53996e-19)
(-3.02431 1.15623 -3.97022e-19)
(-3.0937 0.849161 3.41564e-19)
(-3.15374 0.540586 -3.57211e-20)
(-3.2047 0.228724 -1.55816e-20)
(-2.70346 3.23779 -1.75006e-18)
(-2.85922 2.89843 9.68975e-19)
(-2.99329 2.56059 3.45287e-19)
(-3.11035 2.2246 5.2379e-20)
(-3.21049 1.89249 3.16048e-19)
(-3.29626 1.56385 -4.34776e-19)
(-3.36883 1.23807 -3.79296e-19)
(-3.42968 0.914001 -8.51343e-21)
(-3.47963 0.590087 7.14284e-20)
(-3.5192 0.26468 4.98139e-20)
(-3.20545 3.57331 -4.8605e-19)
(-3.37702 3.20007 -2.69822e-19)
(-3.52297 2.82706 -9.48432e-20)
(-3.64675 2.45614 3.35694e-19)
(-3.74956 2.08898 -1.03912e-18)
(-3.83377 1.72585 -3.8077e-19)
(-3.90095 1.36666 5.14119e-19)
(-3.95269 1.01072 1.18808e-19)
(-3.99013 0.656978 8.76454e-20)
(-4.01411 0.304147 -5.22029e-20)
(-3.90437 4.17029 -1.5168e-18)
(-4.11283 3.74709 -1.36217e-18)
(-4.2895 3.3215 2.18148e-18)
(-4.43734 2.89641 4.34094e-19)
(-4.55798 2.47355 1.58823e-18)
(-4.65353 2.05405 4.04866e-20)
(-4.7257 1.6385 -4.33945e-19)
(-4.7761 1.22701 5.76262e-19)
(-4.80607 0.819251 1.03845e-20)
(-4.81667 0.414588 1.41722e-19)
(-4.96493 4.97391 8.59656e-20)
(-5.23399 4.48107 2.2107e-18)
(-5.46368 3.98033 -2.12796e-18)
(-5.65595 3.4753 1.44692e-18)
(-5.81238 2.96822 -1.96662e-18)
(-5.93433 2.46125 2.31195e-19)
(-6.02325 1.95602 -6.77742e-19)
(-6.08048 1.45381 2.37291e-19)
(-6.10736 0.955449 4.5076e-20)
(-6.10475 0.46147 -7.87453e-20)
(-7.09873 5.16626 6.63924e-19)
(-7.40907 4.55266 -1.94217e-18)
(-7.67138 3.92273 8.56042e-19)
(-7.88404 3.2816 -6.74565e-19)
(-8.04803 2.63231 3.37339e-19)
(-8.16331 1.97852 1.46077e-18)
(-8.23056 1.32344 1.77427e-19)
(-8.25051 0.670224 3.88778e-19)
(-8.22415 0.0217198 -2.01364e-19)
(-8.15185 -0.619396 -4.49912e-20)
(-2.6517 -0.238488 2.70814e-21)
(-2.69286 -0.554657 -2.86541e-20)
(-2.71878 -0.877089 2.09552e-19)
(-2.72706 -1.20465 -1.43513e-19)
(-2.71489 -1.53525 1.28439e-20)
(-2.67884 -1.86588 -1.91603e-19)
(-2.61343 -2.19398 8.63175e-19)
(-2.51038 -2.51856 1.16837e-19)
(-2.36518 -2.83161 -3.456e-19)
(-2.18656 -3.11377 7.12445e-19)
(-2.76525 -0.201823 3.52854e-20)
(-2.80717 -0.518877 -1.03343e-19)
(-2.83407 -0.843215 -8.41704e-20)
(-2.84317 -1.17409 -7.86048e-20)
(-2.83125 -1.50989 -2.52362e-19)
(-2.79492 -1.84825 -3.41006e-20)
(-2.73016 -2.18667 -2.55848e-20)
(-2.63063 -2.52263 3.72228e-19)
(-2.48838 -2.85196 7.37722e-19)
(-2.3056 -3.17841 -1.75735e-20)
(-2.88949 -0.162516 -3.04925e-20)
(-2.93029 -0.480296 2.66093e-19)
(-2.95687 -0.80618 5.54219e-20)
(-2.96649 -1.13993 -9.75531e-21)
(-2.95592 -1.48059 2.84762e-19)
(-2.92177 -1.82663 1.36541e-19)
(-2.86031 -2.17602 3.15428e-19)
(-2.76674 -2.52583 -1.97606e-19)
(-2.6357 -2.87416 -6.7709e-19)
(-2.46628 -3.228 -1.75982e-18)
(-3.04107 -0.123853 4.9433e-20)
(-3.07855 -0.443394 -1.27567e-19)
(-3.10282 -0.77137 1.92225e-19)
(-3.11129 -1.10812 -4.82533e-19)
(-3.10088 -1.45337 -2.77307e-19)
(-3.06819 -1.80637 -1.06426e-19)
(-3.00935 -2.16561 -7.30721e-19)
(-2.92009 -2.52877 -3.1967e-19)
(-2.79676 -2.89498 1.0903e-20)
(-2.63842 -3.26753 6.00331e-19)
(-3.24611 -0.0882836 3.5828e-20)
(-3.27679 -0.412019 9.45973e-21)
(-3.29497 -0.743744 1.43416e-19)
(-3.2984 -1.0843 4.79712e-19)
(-3.28425 -1.43407 -8.82854e-20)
(-3.24925 -1.79287 -8.18041e-19)
(-3.18966 -2.15986 1.36886e-18)
(-3.10148 -2.53364 -4.31718e-19)
(-2.9816 -2.9137 -4.54125e-19)
(-2.82873 -3.30039 -2.25217e-19)
(-3.54832 -0.0640139 -9.23383e-20)
(-3.56632 -0.397652 1.05241e-19)
(-3.57176 -0.737671 2.8216e-19)
(-3.56294 -1.08528 -2.56759e-19)
(-3.53742 -1.44128 6.54613e-19)
(-3.4924 -1.80607 -6.81477e-20)
(-3.42455 -2.17946 6.57639e-20)
(-3.33031 -2.56087 4.47967e-19)
(-3.20675 -2.94997 3.45901e-19)
(-3.05199 -3.34587 1.85744e-19)
(-4.02502 -0.0492312 1.85255e-20)
(-4.02287 -0.404535 -1.94655e-20)
(-4.00661 -0.7631 5.2902e-19)
(-3.97536 -1.12621 -6.27153e-19)
(-3.92736 -1.49489 -1.12475e-18)
(-3.86053 -1.8699 6.13975e-19)
(-3.77228 -2.25161 -3.01235e-19)
(-3.6598 -2.64008 3.88415e-19)
(-3.52046 -3.03521 1.11345e-18)
(-3.35203 -3.43608 -1.13703e-18)
(-4.80856 0.0123783 -3.14862e-20)
(-4.78261 -0.38774 -4.38028e-19)
(-4.73817 -0.786632 5.78504e-19)
(-4.67541 -1.18518 3.15434e-19)
(-4.59352 -1.58429 -1.03107e-18)
(-4.49136 -1.98455 -8.45773e-19)
(-4.36756 -2.38664 -9.50835e-20)
(-4.22033 -2.79091 3.9222e-20)
(-4.04774 -3.19758 3.88357e-19)
(-3.84776 -3.60625 -3.7784e-19)
(-6.07289 -0.0270537 4.02362e-20)
(-6.01344 -0.508576 7.03249e-19)
(-5.9267 -0.983129 2.90431e-19)
(-5.8137 -1.45038 -9.20259e-19)
(-5.67472 -1.91044 9.22271e-19)
(-5.50994 -2.36308 -1.29894e-18)
(-5.31925 -2.80822 1.51191e-18)
(-5.10265 -3.24625 -1.83445e-18)
(-4.8596 -3.67744 -1.00154e-18)
(-4.58886 -4.10135 -3.04788e-18)
(-8.03293 -1.25003 -1.99094e-20)
(-7.86956 -1.86433 -2.85921e-19)
(-7.66398 -2.463 2.32724e-19)
(-7.41745 -3.04245 2.41877e-19)
(-7.13149 -3.60099 -5.26285e-19)
(-6.80764 -4.13633 5.36557e-19)
(-6.44769 -4.6467 -7.17312e-19)
(-6.05372 -5.13081 6.08459e-19)
(-5.62781 -5.58779 -1.50545e-18)
(-5.17097 -6.01598 1.60039e-18)
(-4.68329 -6.41176 2.50593e-18)
(-4.28931 -4.51582 -1.46311e-18)
(-3.61834 -4.01516 -1.20017e-18)
(-3.15244 -3.84005 1.51773e-18)
(-2.86468 -3.74487 -6.82698e-20)
(-2.64304 -3.68957 1.25748e-18)
(-2.44775 -3.64399 3.85003e-20)
(-2.2659 -3.59292 -8.47723e-19)
(-2.0961 -3.53235 1.26337e-18)
(-1.97453 -3.44953 -2.46556e-19)
(-4.17149 -6.77113 -2.82085e-18)
(-3.96192 -4.91877 5.73745e-18)
(-3.35815 -4.42139 -4.02257e-19)
(-2.91953 -4.2431 -1.3431e-18)
(-2.64298 -4.14131 9.09132e-19)
(-2.424 -4.07268 -1.85222e-18)
(-2.22805 -4.00881 1.89592e-18)
(-2.04733 -3.93676 -1.26542e-18)
(-1.88602 -3.85381 3.47411e-19)
(-1.77729 -3.74727 7.21064e-19)
(-3.63459 -7.09818 1.75653e-18)
(-3.60492 -5.30915 -3.5389e-18)
(-3.06458 -4.82198 1.25848e-18)
(-2.6509 -4.6413 -5.43985e-19)
(-2.38473 -4.53096 8.65077e-19)
(-2.169 -4.44611 -6.07168e-19)
(-1.97384 -4.36101 -4.67208e-19)
(-1.79471 -4.26528 5.17012e-19)
(-1.63524 -4.15815 -1.03694e-18)
(-1.52056 -4.03199 1.18906e-18)
(-3.07537 -7.38997 -3.91489e-18)
(-3.21769 -5.68481 4.74445e-19)
(-2.7362 -5.21341 1.19145e-18)
(-2.3452 -5.02989 1.39638e-18)
(-2.08925 -4.90825 -2.16166e-18)
(-1.87848 -4.80378 1.31227e-19)
(-1.68707 -4.69431 -7.60444e-19)
(-1.5126 -4.57276 -1.31413e-18)
(-1.35744 -4.44088 2.47481e-18)
(-1.24044 -4.29585 5.71727e-19)
(-2.49477 -7.64581 2.89636e-18)
(-2.79893 -6.04324 5.75427e-19)
(-2.37136 -5.59155 1.71687e-18)
(-2.00125 -5.40377 -6.46256e-20)
(-1.75595 -5.26789 1.73211e-18)
(-1.55213 -5.14087 7.7658e-19)
(-1.36715 -5.00475 1.47581e-18)
(-1.20013 -4.85608 -1.35765e-18)
(-1.05237 -4.69912 -6.5231e-20)
(-0.937041 -4.53487 -8.77439e-19)
(-1.89457 -7.86379 2.1168e-18)
(-2.34802 -6.38082 -1.87929e-18)
(-1.96928 -5.95148 -2.50919e-19)
(-1.61892 -5.75739 -4.87089e-19)
(-1.38548 -5.60429 -4.71367e-19)
(-1.19137 -5.45217 -5.08699e-19)
(-1.01627 -5.28787 7.90486e-19)
(-0.860157 -5.11176 -8.50491e-19)
(-0.723057 -4.93037 7.48514e-19)
(-0.613028 -4.74733 4.40332e-20)
(-1.27646 -8.04241 -3.78766e-18)
(-1.86466 -6.69369 -1.38362e-18)
(-1.52979 -6.28793 2.33504e-18)
(-1.19879 -6.08506 -7.14577e-19)
(-0.979178 -5.91201 8.71171e-19)
(-0.798048 -5.73295 -2.27294e-18)
(-0.636563 -5.53975 1.63457e-18)
(-0.494995 -5.33661 -5.03273e-19)
(-0.371909 -5.13194 7.21091e-19)
(-0.270923 -4.93072 -7.82533e-19)
(-0.642377 -8.17998 1.75615e-18)
(-1.3492 -6.97747 -5.97683e-19)
(-1.05363 -6.59528 -7.59463e-19)
(-0.742457 -6.38098 -2.98253e-19)
(-0.539384 -6.18574 1.94415e-19)
(-0.375003 -5.97869 3.81293e-19)
(-0.231082 -5.75686 -6.89245e-19)
(-0.10757 -5.52802 4.19571e-19)
(-0.00132797 -5.30204 9.93157e-19)
(0.0874394 -5.08453 -8.20225e-19)
(0.00561408 -8.27474 1.42031e-18)
(-0.802462 -7.22754 -3.15503e-20)
(-0.542297 -6.86787 1.24243e-18)
(-0.252386 -6.63959 -9.82548e-19)
(-0.0692183 -6.42057 2.78034e-19)
(0.0743262 -6.18539 -2.90565e-19)
(0.196663 -5.93606 -1.17322e-19)
(0.298699 -5.6836 -6.03639e-19)
(0.3854 -5.43886 6.13051e-19)
(0.45877 -5.20744 4.55083e-19)
(0.665191 -8.32398 -2.77068e-19)
(-0.226106 -7.43869 -2.04266e-19)
(0.0016929 -7.10008 -1.36504e-19)
(0.268031 -6.85571 -4.39691e-19)
(0.42743 -6.61215 4.01585e-19)
(0.545918 -6.3496 1.02184e-19)
(0.642769 -6.07473 -2.49923e-19)
(0.720191 -5.80136 1.89974e-20)
(0.784976 -5.54082 -1.02591e-19)
(0.83999 -5.29855 4.1691e-21)
(1.16593 -4.64308 -1.21716e-20)
(1.00724 -3.67557 -3.50619e-21)
(0.97947 -3.00637 8.44197e-21)
(0.959018 -2.43668 -3.27634e-21)
(0.906529 -1.91577 1.65175e-22)
(0.853146 -1.47564 -8.04605e-23)
(0.800365 -1.11277 -1.18287e-22)
(0.754419 -0.822354 2.37126e-22)
(0.716854 -0.595989 -1.2425e-22)
(0.688281 -0.423767 7.86118e-24)
(0.668081 -0.295819 8.03536e-23)
(0.654328 -0.202865 2.07313e-23)
(0.647616 -0.136927 -6.97168e-24)
(0.644012 -0.0928332 -7.14862e-23)
(0.648128 -0.0613983 1.1154e-23)
(0.653763 -0.0441667 -4.69723e-23)
(0.662011 -0.0244555 1.73916e-23)
(0.669526 -0.0126451 1.79303e-23)
(0.670348 0.00767535 -3.87856e-23)
(0.654527 0.0394385 -5.51952e-23)
(1.47445 -4.67695 8.43187e-20)
(1.20477 -3.70522 2.16477e-20)
(1.08795 -3.0155 -1.63676e-20)
(1.02305 -2.4393 3.2913e-21)
(0.942359 -1.91383 -3.92873e-21)
(0.867513 -1.46998 -6.92023e-22)
(0.800598 -1.10673 -8.55268e-23)
(0.745277 -0.817115 2.70209e-22)
(0.701602 -0.591962 -2.22427e-22)
(0.669036 -0.420944 -9.36483e-23)
(0.646207 -0.293988 -4.65696e-23)
(0.630775 -0.201843 4.99295e-23)
(0.62288 -0.1365 -1.7737e-22)
(0.618565 -0.0929226 -9.6936e-23)
(0.622105 -0.0619346 6.3327e-23)
(0.627231 -0.0448047 6.81587e-23)
(0.634494 -0.0251143 -1.61523e-22)
(0.641514 -0.0129571 2.82527e-22)
(0.639768 0.00824046 8.95848e-23)
(0.624772 0.0399942 1.29592e-22)
(1.78519 -4.68954 -1.74052e-19)
(1.40952 -3.72999 7.08045e-20)
(1.20237 -3.02746 7.97382e-20)
(1.08968 -2.44458 -2.28188e-20)
(0.980433 -1.91495 1.79027e-21)
(0.883954 -1.46718 -3.04718e-21)
(0.802503 -1.1029 -4.48249e-22)
(0.737639 -0.813576 2.58157e-22)
(0.687771 -0.58917 1.3282e-22)
(0.651143 -0.418967 9.19338e-23)
(0.625616 -0.292707 -2.8914e-23)
(0.60844 -0.201154 -1.29923e-23)
(0.599307 -0.136257 2.36794e-22)
(0.594259 -0.0931018 -1.34359e-22)
(0.597184 -0.0624895 -1.83731e-22)
(0.601727 -0.0454089 2.03473e-22)
(0.608002 -0.0257245 -7.06915e-23)
(0.614354 -0.0131551 -1.62617e-22)
(0.610095 0.00886468 -3.22557e-22)
(0.596117 0.0405242 2.10706e-22)
(2.09656 -4.68331 -5.21093e-20)
(1.6217 -3.74714 1.40965e-19)
(1.324 -3.03763 -5.82965e-20)
(1.16 -2.44961 -1.20711e-20)
(1.02131 -1.91767 7.33159e-21)
(0.902918 -1.46677 -4.23707e-23)
(0.806408 -1.10121 7.27422e-22)
(0.731721 -0.811721 2.47027e-22)
(0.675511 -0.587608 -2.89328e-22)
(0.634711 -0.417829 -1.6597e-23)
(0.606389 -0.291966 -2.44146e-24)
(0.587386 -0.200791 5.44181e-24)
(0.576942 -0.13619 -5.44798e-23)
(0.571121 -0.0933654 2.30949e-22)
(0.573371 -0.0630568 7.58382e-23)
(0.577259 -0.0459773 -1.50368e-22)
(0.582531 -0.0262814 -1.5635e-22)
(0.588057 -0.0132402 -3.93631e-22)
(0.581377 0.0095341 4.93338e-22)
(0.568592 0.0410191 -4.47472e-22)
(2.40695 -4.65449 1.42201e-20)
(1.84199 -3.74507 1.26872e-20)
(1.45363 -3.03544 3.91612e-21)
(1.23428 -2.44859 2.71657e-20)
(1.06493 -1.91931 9.51326e-21)
(0.924527 -1.46776 5.77958e-21)
(0.812525 -1.10129 -1.41096e-21)
(0.727687 -0.811424 7.01629e-23)
(0.664941 -0.587228 -1.28101e-22)
(0.619824 -0.417506 7.30733e-23)
(0.588587 -0.291751 2.92903e-23)
(0.567655 -0.200741 -3.48169e-22)
(0.555817 -0.136293 -1.5663e-22)
(0.549167 -0.0937068 3.9398e-22)
(0.550671 -0.0636304 3.8296e-22)
(0.553831 -0.0465083 -2.15806e-22)
(0.558077 -0.0267823 6.13726e-22)
(0.562636 -0.0132167 1.16118e-22)
(0.553662 0.0102322 1.65229e-22)
(0.542225 0.0414682 -4.13501e-23)
(2.71629 -4.59077 -4.36123e-19)
(2.07036 -3.71257 -5.87846e-20)
(1.59014 -3.01731 4.62511e-20)
(1.31141 -2.44205 -7.41115e-20)
(1.11053 -1.92063 -2.59995e-20)
(0.948563 -1.47029 -1.85787e-20)
(0.82092 -1.10306 2.47311e-21)
(0.725637 -0.812569 1.58169e-22)
(0.656142 -0.587956 -2.47109e-22)
(0.606542 -0.417955 -6.29896e-23)
(0.572252 -0.292033 -1.78545e-22)
(0.549278 -0.200986 3.02455e-22)
(0.535954 -0.136553 -2.21686e-22)
(0.528407 -0.0941171 -3.18821e-22)
(0.529083 -0.0642039 -2.51362e-22)
(0.531448 -0.0470006 3.98645e-22)
(0.534635 -0.0272251 5.81316e-23)
(0.538108 -0.0130914 2.24079e-22)
(0.526998 0.0109429 -3.2875e-22)
(0.517039 0.0418623 1.59992e-22)
(3.02499 -4.49423 4.42696e-19)
(2.30369 -3.67596 1.4307e-19)
(1.73163 -3.01191 -9.00664e-21)
(1.39101 -2.44995 9.45198e-20)
(1.15815 -1.93196 -2.87498e-20)
(0.975194 -1.47853 3.60088e-21)
(0.831761 -1.10794 6.05785e-21)
(0.725667 -0.815609 -1.33524e-21)
(0.649168 -0.589931 -8.99411e-22)
(0.5949 -0.419215 -1.59389e-23)
(0.557407 -0.292822 -2.86169e-22)
(0.532268 -0.201526 4.69836e-22)
(0.517362 -0.136967 -3.90666e-22)
(0.508843 -0.0945913 1.33664e-21)
(0.508603 -0.0647735 3.89769e-22)
(0.510108 -0.0474548 -6.77551e-22)
(0.5122 -0.0276104 -2.59927e-22)
(0.514492 -0.0128749 -7.49196e-22)
(0.501429 0.0116489 1.72796e-22)
(0.493052 0.0421926 -1.54547e-22)
(3.32841 -4.43166 5.68892e-19)
(2.54087 -3.71427 7.05837e-20)
(1.88297 -3.07136 -1.19684e-19)
(1.47815 -2.50071 -1.33946e-20)
(1.21115 -1.96735 -3.94457e-20)
(1.00614 -1.49915 9.3371e-21)
(0.845805 -1.11908 -7.92252e-21)
(0.728064 -0.821995 1.30964e-21)
(0.644124 -0.593825 1.38692e-22)
(0.584938 -0.421613 5.7783e-22)
(0.544065 -0.294281 -1.05778e-22)
(0.516629 -0.202445 2.45001e-23)
(0.500041 -0.137577 -3.2901e-22)
(0.49047 -0.0951494 9.23125e-24)
(0.489225 -0.0653495 -9.40007e-22)
(0.489812 -0.0478804 -1.13633e-22)
(0.490769 -0.0279483 3.33199e-22)
(0.491812 -0.0125865 7.55905e-22)
(0.476994 0.0123269 -2.17211e-22)
(0.470275 0.042449 1.83078e-22)
(3.61256 -4.46693 -7.39848e-20)
(2.79249 -3.82655 4.76902e-19)
(2.05782 -3.17331 -1.85185e-19)
(1.58237 -2.57338 -9.61547e-20)
(1.27488 -2.01525 8.10475e-21)
(1.04409 -1.52854 5.04675e-21)
(0.864333 -1.13606 -5.88122e-21)
(0.733386 -0.832011 3.44969e-22)
(0.641228 -0.599964 -1.03823e-22)
(0.576738 -0.425394 -2.68429e-22)
(0.532256 -0.296571 -1.03776e-21)
(0.502367 -0.203843 5.19606e-22)
(0.48399 -0.138443 -3.94546e-22)
(0.473278 -0.0958234 -2.43154e-22)
(0.470939 -0.0659513 1.15728e-21)
(0.470555 -0.0482928 4.14028e-24)
(0.470337 -0.0282552 -8.62557e-22)
(0.47009 -0.0122517 8.39483e-23)
(0.453728 0.0129505 -1.12465e-22)
(0.448715 0.0426202 1.02589e-22)
(3.86271 -4.32793 3.1393e-20)
(3.05533 -3.73394 5.81516e-19)
(2.25107 -3.12816 -1.11883e-19)
(1.70149 -2.55417 -1.08712e-19)
(1.34783 -2.01556 3.58704e-20)
(1.08836 -1.53815 3.7978e-20)
(0.887432 -1.14564 -1.23584e-20)
(0.741847 -0.839307 8.65793e-21)
(0.640607 -0.605237 -3.4504e-21)
(0.570357 -0.428957 2.03351e-21)
(0.521998 -0.298827 -3.16714e-22)
(0.489482 -0.205234 -6.27107e-22)
(0.469199 -0.139298 -1.05411e-21)
(0.457254 -0.096467 6.67635e-22)
(0.453735 -0.0665048 1.49224e-22)
(0.452331 -0.0486454 -4.84356e-22)
(0.450902 -0.0284873 6.04634e-22)
(0.449348 -0.0118433 -9.18955e-23)
(0.431657 0.013547 4.20043e-23)
(0.428374 0.0427174 -4.85343e-23)
(4.20306 -3.55146 0)
(3.35624 -3.17381 0)
(2.489 -2.77971 0)
(1.85724 -2.35724 0)
(1.4454 -1.92228 0)
(1.15041 -1.50171 0)
(0.922328 -1.13212 0)
(0.756419 -0.834467 0)
(0.642158 -0.603986 0)
(0.563651 -0.428765 0)
(0.509693 -0.298773 0)
(0.473308 -0.205153 0)
(0.450154 -0.139272 0)
(0.436245 -0.0966139 0)
(0.430833 -0.0668182 0)
(0.427818 -0.048803 0)
(0.424563 -0.0284726 0)
(0.421177 -0.0109659 0)
(0.402039 0.014544 0)
(0.40147 0.0428306 0)
(4.06411 -2.9666 0)
(3.21091 -2.87093 0)
(2.37189 -2.52958 0)
(1.77917 -2.10357 0)
(1.40507 -1.70926 0)
(1.13273 -1.35335 0)
(0.912198 -1.03538 0)
(0.745665 -0.772248 0)
(0.628829 -0.565395 0)
(0.547236 -0.405293 0)
(0.489886 -0.284513 0)
(0.45039 -0.196569 0)
(0.424404 -0.134429 0)
(0.408309 -0.0940917 0)
(0.40045 -0.0657393 0)
(0.395333 -0.0480037 0)
(0.389648 -0.0276707 0)
(0.384098 -0.0092506 0)
(0.364011 0.0159964 0)
(0.367566 0.0427505 0)
(3.94526 -2.33362 0)
(3.28695 -2.33705 0)
(2.52376 -2.14776 0)
(1.88856 -1.85956 0)
(1.45395 -1.55255 0)
(1.14981 -1.24988 0)
(0.913671 -0.965033 0)
(0.736186 -0.722117 0)
(0.612603 -0.53018 0)
(0.527119 -0.381567 0)
(0.466724 -0.268896 0)
(0.424633 -0.186522 0)
(0.396205 -0.128424 0)
(0.378086 -0.0906752 0)
(0.367633 -0.06401 0)
(0.360271 -0.0465965 0)
(0.351919 -0.0262986 0)
(0.344427 -0.00705881 0)
(0.32436 0.0174175 0)
(0.3327 0.042271 0)
(3.63976 -1.84643 0)
(3.04277 -1.97905 0)
(2.32343 -1.88223 0)
(1.74988 -1.62585 0)
(1.3738 -1.34747 0)
(1.10936 -1.09474 0)
(0.893186 -0.862418 0)
(0.719952 -0.656541 0)
(0.593845 -0.487549 0)
(0.505081 -0.353896 0)
(0.441634 -0.250984 0)
(0.396913 -0.174957 0)
(0.36609 -0.121343 0)
(0.345934 -0.0863747 0)
(0.332702 -0.0615467 0)
(0.323004 -0.044456 0)
(0.311883 -0.0242591 0)
(0.303089 -0.00444458 0)
(0.284275 0.0185994 0)
(0.297902 0.0412046 0)
(3.25732 -1.39729 0)
(2.81199 -1.53072 0)
(2.27796 -1.49085 0)
(1.78757 -1.34004 0)
(1.39625 -1.14655 0)
(1.10222 -0.947766 0)
(0.876744 -0.757404 0)
(0.702562 -0.584239 0)
(0.574055 -0.437773 0)
(0.482105 -0.320172 0)
(0.415629 -0.228747 0)
(0.368183 -0.160511 0)
(0.334855 -0.112317 0)
(0.312484 -0.0806137 0)
(0.296267 -0.0579305 0)
(0.28422 -0.0412668 0)
(0.270484 -0.0214042 0)
(0.26154 -0.00153941 0)
(0.245284 0.0192881 0)
(0.264436 0.0393142 0)
(2.81246 -1.00871 0)
(2.47983 -1.14863 0)
(2.04038 -1.17991 0)
(1.60162 -1.09299 0)
(1.25418 -0.936157 0)
(1.00969 -0.775111 0)
(0.826662 -0.631011 0)
(0.675053 -0.498176 0)
(0.551919 -0.378812 0)
(0.45845 -0.279431 0)
(0.389406 -0.201262 0)
(0.339413 -0.142399 0)
(0.303547 -0.100694 0)
(0.278706 -0.0728777 0)
(0.259351 -0.0527387 0)
(0.245076 -0.0367608 0)
(0.229248 -0.0177389 0)
(0.221749 0.00133188 0)
(0.209103 0.0191397 0)
(0.233705 0.0363132 0)
(2.35935 -0.701367 0)
(2.12353 -0.818759 0)
(1.81457 -0.858472 0)
(1.50036 -0.811916 0)
(1.22606 -0.717222 0)
(1.00142 -0.612177 0)
(0.81577 -0.508596 0)
(0.659164 -0.40657 0)
(0.531864 -0.311564 0)
(0.435044 -0.231267 0)
(0.36373 -0.167962 0)
(0.311705 -0.120035 0)
(0.273497 -0.0858828 0)
(0.246002 -0.0626564 0)
(0.223522 -0.0455432 0)
(0.207327 -0.0307856 0)
(0.190329 -0.0134921 0)
(0.18599 0.00366017 0)
(0.1774 0.0177688 0)
(0.207147 0.0318841 0)
(1.96712 -0.454038 0)
(1.80387 -0.535522 0)
(1.59 -0.574908 0)
(1.35289 -0.56401 0)
(1.12151 -0.513439 0)
(0.918462 -0.442564 0)
(0.750765 -0.368172 0)
(0.612919 -0.297129 0)
(0.499537 -0.231603 0)
(0.409133 -0.174647 0)
(0.339402 -0.128465 0)
(0.286639 -0.0928817 0)
(0.246491 -0.0672322 0)
(0.216324 -0.049374 0)
(0.191009 -0.0359216 0)
(0.173402 -0.0233579 0)
(0.156383 -0.00909963 0)
(0.156453 0.0048457 0)
(0.1516 0.0148262 0)
(0.186075 0.0256805 0)
(1.67541 -0.255006 0)
(1.55714 -0.302982 0)
(1.40574 -0.331156 0)
(1.23094 -0.331978 0)
(1.04858 -0.307778 0)
(0.875721 -0.269077 0)
(0.723453 -0.227014 0)
(0.593677 -0.186304 0)
(0.484074 -0.147495 0)
(0.393788 -0.112248 0)
(0.322323 -0.082961 0)
(0.267449 -0.0603254 0)
(0.225078 -0.0440052 0)
(0.192358 -0.0324432 0)
(0.164796 -0.0235518 0)
(0.146394 -0.0146831 0)
(0.130296 -0.00505215 0)
(0.134908 0.00433892 0)
(0.132893 0.010092 0)
(0.171461 0.0172947 0)
(1.51244 -0.0837364 0)
(1.41598 -0.0994853 0)
(1.29658 -0.109284 0)
(1.15488 -0.110531 0)
(0.998655 -0.103588 0)
(0.841762 -0.0913888 0)
(0.698011 -0.0774913 0)
(0.574065 -0.0638081 0)
(0.469202 -0.0507343 0)
(0.381572 -0.038797 0)
(0.310689 -0.028826 0)
(0.255277 -0.0211098 0)
(0.211831 -0.0155203 0)
(0.17759 -0.0114845 0)
(0.148803 -0.00831748 0)
(0.130149 -0.00501514 0)
(0.115135 -0.00156686 0)
(0.122874 0.00182908 0)
(0.122498 0.00363465 0)
(0.163802 0.00626896 0)
(5.88631 -0.188709 4.87115e-20)
(5.83241 -0.57665 -5.40903e-20)
(5.76224 -0.961397 -4.75287e-19)
(5.64087 -1.35563 -8.55169e-20)
(5.51885 -1.73218 3.34356e-19)
(5.31231 -2.13208 3.52379e-19)
(5.14185 -2.47894 1.02783e-18)
(4.81245 -2.90497 -6.31771e-19)
(4.64102 -3.16478 9.71548e-20)
(4.18187 -3.7308 -1.45776e-19)
(5.29839 -0.245555 -6.93181e-21)
(5.23857 -0.558667 -1.10224e-19)
(5.17024 -0.864427 3.35681e-19)
(5.06673 -1.17526 2.43876e-19)
(4.96886 -1.4686 3.15123e-19)
(4.815 -1.77806 4.9776e-19)
(4.69979 -2.04164 3.23043e-19)
(4.5013 -2.35691 -9.26726e-20)
(4.43113 -2.54503 -5.35877e-19)
(4.24394 -2.91449 6.38497e-19)
(4.71206 -0.267645 2.03085e-20)
(4.66296 -0.500416 -2.76725e-20)
(4.61007 -0.724094 9.90684e-20)
(4.54316 -0.946739 -7.18901e-21)
(4.48424 -1.15403 -6.99378e-20)
(4.40605 -1.36919 -4.26632e-19)
(4.35432 -1.55139 1.77061e-19)
(4.265 -1.7733 -1.42528e-19)
(4.22624 -1.91374 7.08312e-19)
(4.12164 -2.19889 4.19657e-19)
(4.14149 -0.240219 4.339e-20)
(4.10916 -0.406734 2.19951e-20)
(4.07608 -0.566881 -3.85597e-20)
(4.03921 -0.725044 -1.40102e-19)
(4.00542 -0.875675 1.20225e-20)
(3.96266 -1.03196 4.88678e-20)
(3.92327 -1.17425 -1.50618e-19)
(3.8634 -1.34302 2.78015e-20)
(3.81902 -1.46705 -3.08404e-19)
(3.77134 -1.67926 -4.00765e-19)
(3.57869 -0.203017 -2.04539e-20)
(3.55691 -0.321799 3.29156e-21)
(3.53387 -0.437965 1.4238e-20)
(3.50824 -0.553374 7.84625e-20)
(3.48124 -0.666612 -7.38323e-21)
(3.45072 -0.782343 -9.41575e-20)
(3.42106 -0.892123 -1.1643e-20)
(3.39161 -1.01202 1.31859e-19)
(3.36981 -1.10746 1.83867e-20)
(3.36453 -1.2503 1.03792e-19)
(3.02567 -0.16718 -2.53659e-21)
(3.01008 -0.249787 -8.08519e-21)
(2.9938 -0.331263 -7.97804e-21)
(2.97696 -0.411905 3.46836e-20)
(2.96049 -0.491219 2.44012e-20)
(2.9451 -0.570172 6.53893e-20)
(2.93105 -0.646401 1.28279e-19)
(2.91951 -0.725856 -1.74653e-19)
(2.90607 -0.795907 1.43536e-19)
(2.9085 -0.891158 -4.40043e-20)
(2.52835 -0.128836 1.06775e-20)
(2.51779 -0.183328 -2.5654e-21)
(2.50678 -0.237201 -1.65491e-20)
(2.49543 -0.29052 -3.05523e-20)
(2.48388 -0.343333 -1.17727e-19)
(2.47229 -0.395988 2.64173e-20)
(2.46038 -0.448311 -5.26831e-20)
(2.44928 -0.501744 3.39646e-20)
(2.43676 -0.552549 -8.3099e-21)
(2.43579 -0.613603 -4.60477e-20)
(2.124 -0.0922529 -2.18586e-21)
(2.11574 -0.126187 -1.71288e-20)
(2.10646 -0.159933 7.01223e-21)
(2.09625 -0.193533 -8.7195e-21)
(2.08525 -0.22702 -2.5588e-21)
(2.07365 -0.260435 -1.65085e-20)
(2.06157 -0.293745 -4.36662e-21)
(2.04948 -0.327096 -2.15679e-20)
(2.0367 -0.359805 2.49644e-20)
(2.02859 -0.395649 -1.78776e-20)
(1.83427 -0.0568646 3.47618e-21)
(1.82714 -0.0752498 -6.73701e-21)
(1.81858 -0.0935847 1.42797e-20)
(1.80867 -0.111876 -3.55867e-20)
(1.7975 -0.13013 2.66654e-20)
(1.78519 -0.148352 2.38011e-21)
(1.77184 -0.166547 -6.20017e-21)
(1.75757 -0.184728 9.39568e-21)
(1.7424 -0.202838 -5.86299e-21)
(1.72792 -0.221596 1.58634e-21)
(1.67683 -0.0202459 -4.70443e-21)
(1.67004 -0.0260402 4.69935e-21)
(1.66159 -0.0318504 5.39245e-21)
(1.65152 -0.0376804 -4.32789e-21)
(1.63989 -0.0435305 -2.70844e-20)
(1.62678 -0.0493966 5.59385e-21)
(1.61226 -0.0552695 2.99942e-21)
(1.59641 -0.0611346 1.46547e-20)
(1.57931 -0.0669712 -3.84296e-20)
(1.56127 -0.0728207 -1.13717e-20)
(5.09116 2.96648 5.29359e-19)
(5.19762 2.81928 -2.42372e-19)
(5.22327 2.57716 5.28912e-19)
(5.39658 2.27767 -9.0372e-19)
(5.56678 1.96284 -5.20362e-19)
(5.68351 1.63748 -2.05242e-19)
(5.77156 1.29567 1.84745e-19)
(5.83946 0.93731 5.52851e-19)
(5.88618 0.568666 5.44859e-20)
(5.89966 0.191505 -9.08517e-20)
(4.97602 2.73751 -1.38556e-18)
(5.05417 2.48684 6.50067e-19)
(4.94551 2.21625 1.30724e-19)
(5.01865 1.91915 -3.40252e-19)
(5.15981 1.60861 -6.89285e-19)
(5.25148 1.30187 1.77079e-19)
(5.29785 0.998026 -2.46909e-19)
(5.32416 0.690486 -3.95673e-19)
(5.33792 0.379784 7.82452e-20)
(5.32824 0.0660369 2.98698e-20)
(4.71396 2.22442 -8.24295e-19)
(4.73273 1.95358 -1.04654e-18)
(4.56297 1.69477 3.81108e-20)
(4.56033 1.44592 5.15816e-19)
(4.66552 1.1905 5.94282e-19)
(4.7467 0.937019 -4.084e-19)
(4.77498 0.691487 1.57765e-19)
(4.77567 0.449761 -1.00058e-19)
(4.76651 0.209011 -4.44869e-20)
(4.74528 -0.0314772 6.85615e-21)
(4.3227 1.64137 7.9555e-19)
(4.30321 1.4081 5.23576e-19)
(4.12392 1.20345 -3.81106e-20)
(4.07586 1.02114 -3.52879e-19)
(4.13891 0.83634 -7.31381e-20)
(4.20342 0.647529 9.00709e-21)
(4.22357 0.46227 1.79247e-19)
(4.21298 0.282055 1.32775e-20)
(4.19265 0.10512 -2.05334e-20)
(4.16875 -0.069578 -2.71747e-20)
(3.80963 1.13586 -2.90869e-19)
(3.78265 0.960072 9.56914e-20)
(3.63733 0.813865 -2.05803e-19)
(3.57543 0.689557 -6.34928e-20)
(3.60063 0.56453 1.28175e-20)
(3.64082 0.432496 1.00563e-19)
(3.65376 0.299038 -9.03362e-20)
(3.64173 0.168705 4.82087e-20)
(3.62076 0.0420362 -3.38678e-20)
(3.5994 -0.0818404 2.17088e-20)
(3.21127 0.749251 4.31364e-20)
(3.19498 0.627505 -1.54107e-19)
(3.10532 0.527145 1.31598e-19)
(3.05635 0.443268 3.79824e-20)
(3.05892 0.360277 2.36814e-20)
(3.07643 0.271662 -4.15642e-20)
(3.08196 0.180121 2.33812e-20)
(3.07282 0.0897498 -8.5606e-20)
(3.05719 0.00205472 3.84532e-20)
(3.04107 -0.0833733 -6.86875e-21)
(2.62663 0.467969 9.57114e-20)
(2.62438 0.390889 5.51432e-20)
(2.58515 0.325405 -4.61986e-20)
(2.56014 0.269454 4.23159e-20)
(2.55711 0.214984 -1.598e-20)
(2.56212 0.157836 6.91978e-20)
(2.56318 0.0987563 7.75181e-21)
(2.55778 0.0399232 -6.55689e-21)
(2.5487 -0.0175338 -1.14959e-20)
(2.5386 -0.0736564 8.95494e-21)
(2.14891 0.268067 -1.0376e-20)
(2.15696 0.224678 1.19083e-20)
(2.14838 0.185894 3.9213e-20)
(2.14211 0.151067 -4.90183e-20)
(2.14198 0.11717 7.49703e-20)
(2.14403 0.0824566 -1.54905e-20)
(2.14441 0.046988 -2.00627e-20)
(2.14198 0.0115006 3.92339e-20)
(2.13732 -0.0235345 -1.0541e-20)
(2.13121 -0.0580738 1.02837e-21)
(1.81855 0.132052 2.16159e-20)
(1.8319 0.111148 -2.35809e-20)
(1.83645 0.0914903 -1.89913e-20)
(1.83929 0.0729277 -6.43944e-21)
(1.84258 0.0546501 1.16372e-20)
(1.84548 0.03618 1.46695e-20)
(1.84687 0.0174974 -4.15629e-20)
(1.84634 -0.0012303 2.44947e-20)
(1.84396 -0.0198776 -1.03379e-20)
(1.8399 -0.0384153 -1.0348e-23)
(1.64587 0.0383058 -1.27648e-20)
(1.66134 0.0320839 -2.3254e-20)
(1.66992 0.0260787 -5.89911e-20)
(1.67572 0.0202675 -4.08368e-21)
(1.68055 0.0145099 4.42329e-20)
(1.6843 0.00873147 -1.72481e-20)
(1.68645 0.00292899 3.0452e-21)
(1.68676 -0.00287699 5.11272e-21)
(1.68522 -0.00867316 3.96244e-21)
(1.6819 -0.01446 -4.71345e-21)
(1.00293 0.125253 0)
(1.03695 0.386041 0)
(1.10975 0.660668 0)
(1.22708 0.964613 0)
(1.40638 1.30204 0)
(1.64732 1.68205 0)
(1.9719 2.07767 0)
(2.36808 2.48065 0)
(2.98017 2.84165 0)
(3.9291 3.33074 0)
(1.00352 0.116487 0)
(1.04024 0.359798 0)
(1.11622 0.614427 0)
(1.23522 0.897063 0)
(1.41938 1.20654 0)
(1.6682 1.56594 0)
(2.0217 1.92982 0)
(2.43466 2.34553 0)
(3.11166 2.5684 0)
(3.84851 3.11881 0)
(1.00382 0.105861 0)
(1.0412 0.327848 0)
(1.11971 0.55553 0)
(1.23816 0.811274 0)
(1.4258 1.07445 0)
(1.66851 1.40247 0)
(2.05245 1.67728 0)
(2.43073 2.11121 0)
(3.19012 2.10367 0)
(3.72461 2.60723 0)
(1.00426 0.0934992 0)
(1.03986 0.292197 0)
(1.12005 0.487027 0)
(1.22983 0.71727 0)
(1.4246 0.916361 0)
(1.62941 1.22609 0)
(2.04569 1.3441 0)
(2.33858 1.82257 0)
(3.10544 1.59568 0)
(3.55916 2.01757 0)
(1.00476 0.079632 0)
(1.03647 0.253672 0)
(1.11776 0.408271 0)
(1.20991 0.620535 0)
(1.40863 0.733356 0)
(1.56871 1.0564 0)
(1.95461 0.991762 0)
(2.21594 1.48954 0)
(2.80458 1.16662 0)
(3.29787 1.46646 0)
(1.0043 0.0646276 0)
(1.03306 0.213139 0)
(1.10698 0.321463 0)
(1.19154 0.52065 0)
(1.35507 0.544535 0)
(1.52073 0.870279 0)
(1.7743 0.7079 0)
(2.07996 1.12255 0)
(2.40519 0.836641 0)
(2.91817 1.00956 0)
(1.0022 0.0489727 0)
(1.03104 0.169241 0)
(1.08543 0.237057 0)
(1.17706 0.407047 0)
(1.27813 0.388506 0)
(1.46489 0.646146 0)
(1.59163 0.510443 0)
(1.89914 0.762724 0)
(2.04901 0.573989 0)
(2.47914 0.647086 0)
(1.00025 0.0337498 0)
(1.02736 0.120267 0)
(1.06477 0.163909 0)
(1.15131 0.279383 0)
(1.21645 0.269304 0)
(1.37595 0.414372 0)
(1.45671 0.3508 0)
(1.68682 0.459307 0)
(1.77697 0.35941 0)
(2.06805 0.373051 0)
(1.00003 0.0198243 0)
(1.02145 0.0700655 0)
(1.05242 0.0985038 0)
(1.11802 0.157092 0)
(1.17603 0.162518 0)
(1.2845 0.220789 0)
(1.36068 0.203717 0)
(1.50462 0.235879 0)
(1.5859 0.191532 0)
(1.75864 0.183006 0)
(1.00052 0.00661404 0)
(1.01719 0.0227718 0)
(1.04623 0.0332895 0)
(1.09569 0.0500844 0)
(1.15199 0.0546819 0)
(1.22937 0.068588 0)
(1.30363 0.0664332 0)
(1.40011 0.0718304 0)
(1.47964 0.0592841 0)
(1.59006 0.0532401 0)
(1.00133 0.152185 -1.08291e-21)
(1.02128 0.459876 1.73656e-21)
(1.06014 0.785027 -2.25961e-21)
(1.11524 1.13643 2.50146e-21)
(1.18139 1.51647 1.90489e-22)
(1.24863 1.9242 7.01403e-22)
(1.30805 2.3501 -1.39235e-22)
(1.34138 2.82296 2.84881e-21)
(1.40037 3.39134 -8.96808e-21)
(1.31847 4.05973 5.34549e-21)
(1.00103 0.149465 2.31094e-21)
(1.02231 0.45206 -6.21888e-21)
(1.06553 0.772241 1.16589e-21)
(1.1287 1.11967 -1.06644e-20)
(1.20824 1.49693 3.23438e-21)
(1.29479 1.90453 -1.81741e-21)
(1.3831 2.33099 4.60297e-21)
(1.45334 2.80201 -4.12849e-21)
(1.57088 3.37154 1.95412e-20)
(1.5938 4.05321 -8.52244e-20)
(1.00079 0.146775 -2.97571e-21)
(1.02333 0.444447 1.75065e-20)
(1.07069 0.759646 -7.98907e-21)
(1.14151 1.10291 -1.48869e-21)
(1.23402 1.47696 -4.2899e-21)
(1.3394 1.88351 -3.66319e-21)
(1.456 2.30947 -6.88397e-21)
(1.56322 2.77659 -3.31108e-20)
(1.73919 3.34191 1.13728e-19)
(1.8709 4.02895 -5.25923e-20)
(1.00063 0.144129 9.84452e-21)
(1.02441 0.437075 -1.80182e-20)
(1.0757 0.747334 1.03548e-20)
(1.15381 1.08631 1.54863e-20)
(1.25889 1.45681 -3.57539e-21)
(1.38266 1.8615 4.46748e-21)
(1.52693 2.28587 8.50279e-21)
(1.67124 2.7471 3.27804e-20)
(1.90556 3.30224 3.85557e-21)
(2.15395 3.97255 -6.69406e-20)
(1.00056 0.141538 -2.5277e-21)
(1.02557 0.429967 1.78172e-21)
(1.08064 0.735378 -3.19526e-21)
(1.16573 1.07 -4.63952e-21)
(1.28299 1.43672 -5.17967e-21)
(1.42477 1.83885 3.84697e-21)
(1.5961 2.26058 -1.0722e-21)
(1.77732 2.71416 8.03719e-21)
(2.06908 3.25651 3.32554e-20)
(2.43305 3.90774 -9.16343e-20)
(1.00061 0.139011 -8.1314e-23)
(1.02686 0.423133 6.99297e-21)
(1.08557 0.72383 5.28059e-22)
(1.1774 1.0541 -6.99931e-22)
(1.30649 1.41687 -2.21315e-21)
(1.46596 1.81589 -1.43553e-21)
(1.66378 2.23395 1.4925e-20)
(1.88245 2.67718 -2.74397e-21)
(2.23167 3.19857 -4.52717e-20)
(2.72582 3.78802 4.48348e-19)
(1.00077 0.136557 -1.07355e-20)
(1.0283 0.416573 -3.55337e-21)
(1.09053 0.712709 -5.86781e-21)
(1.18892 1.03868 -2.12698e-21)
(1.32957 1.39745 -7.49231e-22)
(1.50648 1.79293 -1.73562e-21)
(1.73003 2.20661 5.93457e-21)
(1.9852 2.63863 9.98995e-21)
(2.38816 3.1435 2.46864e-19)
(2.99603 3.69167 -6.87805e-19)
(1.00105 0.1342 7.7335e-21)
(1.02991 0.410343 6.90285e-21)
(1.09554 0.702087 4.91447e-21)
(1.20038 1.02382 4.07386e-21)
(1.3524 1.37857 -4.42597e-21)
(1.5466 1.77024 9.3944e-21)
(1.79592 2.17816 6.77234e-21)
(2.09085 2.59373 -1.5901e-19)
(2.55199 3.06183 -1.7837e-20)
(3.31584 3.48267 -2.88864e-19)
(1.00146 0.131974 -2.44922e-21)
(1.03172 0.404604 5.09061e-21)
(1.10052 0.6923 3.44668e-21)
(1.21167 1.00996 -1.63591e-21)
(1.37514 1.36067 -4.9804e-21)
(1.58623 1.74849 9.09542e-21)
(1.85845 2.15155 -7.26721e-20)
(2.18527 2.55861 1.01361e-19)
(2.69017 3.01118 6.01349e-20)
(3.5363 3.42149 -1.99715e-19)
(1.00201 0.129698 3.34512e-21)
(1.03379 0.398832 -1.25064e-21)
(1.1052 0.682857 -1.78037e-21)
(1.22187 0.997058 -4.81811e-21)
(1.3974 1.34471 6.11774e-21)
(1.62959 1.72936 -8.37392e-21)
(1.93443 2.12319 -4.31664e-20)
(2.31261 2.50903 2.08234e-19)
(2.89536 2.88673 6.07492e-20)
(3.96683 3.10526 -4.33785e-19)
(1.00124 0.176774 -1.99968e-21)
(0.996194 0.533974 -8.76776e-22)
(0.973897 0.896294 -8.12288e-21)
(0.925999 1.26531 3.85161e-20)
(0.836698 1.63324 -8.49045e-22)
(0.686497 1.99463 -3.70423e-20)
(0.471886 2.34852 -4.09977e-20)
(0.164439 2.6795 6.24588e-20)
(-0.357445 2.97067 -6.52678e-20)
(-1.06873 3.16813 1.27504e-19)
(1.00201 0.175141 -3.62667e-21)
(1.00113 0.529171 -8.28188e-21)
(0.986176 0.890359 -1.41443e-20)
(0.950188 1.26189 2.81099e-20)
(0.878757 1.6374 -3.77531e-20)
(0.751586 2.01168 4.61966e-20)
(0.561787 2.38769 -6.18473e-20)
(0.292437 2.75221 4.55434e-20)
(-0.171874 3.08755 -1.50983e-20)
(-0.882176 3.33291 2.71129e-20)
(1.00248 0.172974 1.65817e-20)
(1.00534 0.522398 3.82832e-20)
(0.997675 0.880724 -2.37288e-20)
(0.97332 1.25186 6.38184e-21)
(0.919188 1.63019 2.90458e-21)
(0.815088 2.00857 5.80498e-20)
(0.64989 2.39058 1.99495e-20)
(0.414891 2.76788 -1.48584e-20)
(0.00819543 3.12067 2.63906e-20)
(-0.677448 3.40449 6.19319e-20)
(1.0027 0.170649 -2.24916e-20)
(1.00879 0.515161 -3.6986e-20)
(1.00813 0.87008 -1.27145e-20)
(0.99493 1.23979 4.30918e-21)
(0.957148 1.61967 3.27439e-20)
(0.875364 2.00102 -4.85374e-20)
(0.734513 2.38742 -1.00201e-20)
(0.530773 2.77951 8.28127e-22)
(0.182557 3.16376 -6.30551e-20)
(-0.455845 3.51369 2.43859e-19)
(1.00276 0.168215 8.39319e-21)
(1.01163 0.507719 -7.22514e-21)
(1.01764 0.859117 3.71592e-20)
(1.01522 1.22725 -2.11518e-21)
(0.993159 1.60896 2.37083e-20)
(0.93338 1.99531 -6.51703e-20)
(0.818066 2.38997 3.95195e-20)
(0.645566 2.8038 -7.82058e-21)
(0.357386 3.23107 1.02657e-20)
(-0.222583 3.64451 -1.77449e-19)
(1.0027 0.165677 -7.69979e-21)
(1.014 0.50002 -1.55488e-21)
(1.02635 0.847706 -8.31674e-21)
(1.03443 1.2141 -2.90511e-20)
(1.02779 1.59761 2.33181e-20)
(0.990083 1.99007 1.13816e-20)
(0.902177 2.39449 -1.17843e-20)
(0.761878 2.82999 4.28108e-22)
(0.533012 3.29679 -1.10435e-20)
(0.0185092 3.76196 5.42572e-20)
(1.00253 0.163055 7.66428e-21)
(1.01597 0.492095 -1.52453e-20)
(1.03431 0.835773 3.3617e-21)
(1.05262 1.20002 8.9638e-21)
(1.0612 1.58464 3.48864e-20)
(1.04551 1.98263 -1.19738e-21)
(0.986449 2.39513 9.55278e-22)
(0.879049 2.84687 -1.43464e-20)
(0.707861 3.34535 -2.18946e-20)
(0.266405 3.85835 3.50526e-22)
(1.00228 0.160374 -5.21965e-21)
(1.01761 0.484034 1.71238e-20)
(1.0416 0.823403 2.68725e-21)
(1.06978 1.18502 -1.7882e-20)
(1.0933 1.56975 -3.44625e-21)
(1.09924 1.97194 -9.15295e-21)
(1.06976 2.38999 -9.66636e-22)
(0.996004 2.85233 8.9345e-21)
(0.881733 3.37674 -5.96854e-20)
(0.521091 3.93682 5.92765e-20)
(1.00198 0.157657 1.77925e-21)
(1.019 0.475926 -7.91579e-21)
(1.04827 0.810732 3.08205e-21)
(1.08589 1.16929 -2.67934e-21)
(1.12401 1.55319 -2.08519e-20)
(1.15099 1.95828 5.4776e-21)
(1.15131 2.38004 4.56244e-22)
(1.11227 2.84891 6.00407e-21)
(1.05513 3.39434 -1.67799e-20)
(0.781813 3.99869 7.41443e-20)
(1.00165 0.154921 -1.7662e-21)
(1.0202 0.467851 8.39919e-22)
(1.05441 0.797897 -3.94173e-22)
(1.10101 1.15302 2.23752e-21)
(1.15335 1.53531 1.89055e-21)
(1.20075 1.94222 -8.25272e-22)
(1.23078 2.36654 1.51903e-22)
(1.22755 2.8388 -3.87366e-21)
(1.2282 3.39922 8.33176e-21)
(1.0481 4.04001 -1.48349e-20)
(0.997403 0.0167506 0)
(0.962576 0.0488851 0)
(0.896245 0.0776562 0)
(0.79886 0.101273 0)
(0.676077 0.118195 0)
(0.537184 0.127151 0)
(0.39292 0.127526 0)
(0.254177 0.119613 0)
(0.132419 0.10298 0)
(0.0397366 0.0741545 0)
(0.997218 0.0486576 0)
(0.959828 0.142223 0)
(0.888326 0.226681 0)
(0.782715 0.297087 0)
(0.647752 0.349124 0)
(0.491462 0.379502 0)
(0.323553 0.385199 0)
(0.155459 0.363689 0)
(-0.0022867 0.314672 0)
(-0.13883 0.231335 0)
(0.997032 0.0775525 0)
(0.957052 0.227191 0)
(0.880043 0.363828 0)
(0.765188 0.480073 0)
(0.616417 0.569005 0)
(0.44116 0.624512 0)
(0.248824 0.644234 0)
(0.0435772 0.62905 0)
(-0.178587 0.569079 0)
(-0.390499 0.445069 0)
(0.996997 0.103295 0)
(0.956166 0.303477 0)
(0.876325 0.488735 0)
(0.754822 0.650118 0)
(0.592986 0.779155 0)
(0.394168 0.869434 0)
(0.161413 0.915895 0)
(-0.101168 0.912003 0)
(-0.384639 0.848092 0)
(-0.648627 0.701456 0)
(0.997166 0.125233 0)
(0.957902 0.369232 0)
(0.879398 0.598379 0)
(0.757082 0.803127 0)
(0.59046 0.972954 0)
(0.383086 1.09848 0)
(0.13937 1.17777 0)
(-0.150703 1.21281 0)
(-0.508625 1.17282 0)
(-0.855315 0.996454 0)
(0.997524 0.142922 0)
(0.962049 0.423106 0)
(0.888902 0.690238 0)
(0.77111 0.934994 0)
(0.604635 1.14714 0)
(0.388577 1.31697 0)
(0.117988 1.43965 0)
(-0.229893 1.50643 0)
(-0.652011 1.47802 0)
(-1.02606 1.29675 0)
(0.998016 0.156364 0)
(0.967884 0.464941 0)
(0.903189 0.763744 0)
(0.795183 1.04367 0)
(0.636697 1.29292 0)
(0.427082 1.5 0)
(0.166447 1.66233 0)
(-0.176899 1.78501 0)
(-0.643766 1.81998 0)
(-1.12217 1.63587 0)
(0.998585 0.165997 0)
(0.974671 0.495718 0)
(0.920185 0.819681 0)
(0.825098 1.13153 0)
(0.677801 1.42081 0)
(0.471348 1.67471 0)
(0.202517 1.88413 0)
(-0.176693 2.0443 0)
(-0.71719 2.10506 0)
(-1.24145 1.95732 0)
(0.999202 0.172688 0)
(0.981775 0.518097 0)
(0.938604 0.860395 0)
(0.85923 1.19408 0)
(0.730686 1.50956 0)
(0.543685 1.7975 0)
(0.301239 2.05035 0)
(-0.038582 2.27297 0)
(-0.576803 2.43685 0)
(-1.18417 2.36939 0)
(1.00003 0.1772 0)
(0.988987 0.53535 0)
(0.956612 0.897069 0)
(0.891946 1.25949 0)
(0.777896 1.61129 0)
(0.597861 1.94309 0)
(0.351046 2.24578 0)
(-0.00707024 2.50162 0)
(-0.591385 2.68147 0)
(-1.31685 2.70367 0)
(0.00592714 0.0472375 -4.14575e-20)
(-0.0052511 0.0361261 -1.26485e-19)
(-0.0137264 0.0247671 -2.2359e-19)
(-0.019171 0.0132074 1.04423e-20)
(-0.0213951 0.00148507 1.10479e-19)
(-0.0202561 -0.0103531 -8.45264e-20)
(-0.0156395 -0.0222583 -1.27585e-20)
(-0.007471 -0.0341831 1.65056e-20)
(0.00428083 -0.0460829 1.40689e-20)
(0.0196031 -0.0579161 -1.41314e-20)
(-0.185763 0.158403 7.69444e-21)
(-0.200078 0.127806 -1.6613e-20)
(-0.211497 0.0958768 2.06389e-21)
(-0.220322 0.0629257 -1.96951e-20)
(-0.226325 0.0291746 8.16898e-20)
(-0.229263 -0.00518533 5.29994e-20)
(-0.22899 -0.0399855 -1.01606e-19)
(-0.225425 -0.0750763 4.15924e-20)
(-0.218532 -0.110322 -1.95011e-20)
(-0.208327 -0.145598 9.29513e-21)
(-0.456965 0.336119 -4.3585e-20)
(-0.47862 0.286281 6.55152e-20)
(-0.496765 0.232873 -2.5192e-20)
(-0.512289 0.177195 -2.02656e-20)
(-0.525258 0.119914 -3.03876e-20)
(-0.535405 0.0614259 2.10026e-20)
(-0.542534 0.00200571 -2.19124e-20)
(-0.546523 -0.0581258 2.41725e-20)
(-0.547308 -0.118766 -4.15746e-20)
(-0.544877 -0.179714 -5.66499e-21)
(-0.725061 0.561065 -6.95227e-20)
(-0.756643 0.489138 -1.03998e-20)
(-0.782811 0.412399 1.63242e-19)
(-0.805758 0.332799 7.7381e-21)
(-0.826246 0.251019 6.97343e-20)
(-0.843984 0.167399 -1.32069e-19)
(-0.858732 0.0821872 -5.50514e-20)
(-0.87034 -0.00438076 -1.73039e-20)
(-0.878713 -0.09206 -5.46522e-21)
(-0.883804 -0.180595 1.94746e-20)
(-0.936592 0.817879 -9.09654e-21)
(-0.98331 0.719437 1.80622e-19)
(-1.02013 0.617908 -2.30482e-19)
(-1.05325 0.513504 -5.57688e-20)
(-1.08362 0.406475 1.00792e-19)
(-1.11079 0.297057 7.86191e-20)
(-1.13451 0.185483 5.52309e-20)
(-1.15465 0.0720008 -4.87098e-21)
(-1.17114 -0.0431336 -6.30301e-21)
(-1.18394 -0.15966 -4.79912e-21)
(-1.10368 1.09077 1.33849e-19)
(-1.17051 0.965302 -2.91832e-20)
(-1.2191 0.839839 1.75319e-19)
(-1.26442 0.710686 8.49054e-20)
(-1.30613 0.578091 -7.29255e-20)
(-1.34374 0.442332 -1.75878e-21)
(-1.37703 0.303701 5.97284e-20)
(-1.40588 0.162499 1.46009e-20)
(-1.43026 0.019039 7.60309e-21)
(-1.45013 -0.126349 -1.48632e-20)
(-1.2179 1.3924 -1.65318e-19)
(-1.3167 1.23511 -1.46911e-19)
(-1.38339 1.08359 6.29279e-21)
(-1.44758 0.927159 1.0812e-19)
(-1.50559 0.766452 3.8826e-20)
(-1.55784 0.601609 3.53001e-20)
(-1.60413 0.433035 -7.71543e-20)
(-1.64435 0.26118 -1.32751e-20)
(-1.6784 0.0865342 9.97366e-21)
(-1.70615 -0.090447 2.26309e-20)
(-1.30152 1.71983 1.81964e-19)
(-1.43955 1.53003 1.7753e-19)
(-1.52505 1.35032 -5.64754e-20)
(-1.61289 1.1631 -1.58109e-19)
(-1.69122 0.971086 -7.81414e-20)
(-1.7619 0.774358 5.86266e-20)
(-1.82411 0.573442 2.29103e-20)
(-1.87799 0.368635 2.82042e-20)
(-1.92358 0.160242 -1.23899e-20)
(-1.96099 -0.0515273 1.36995e-21)
(-1.33171 2.0733 7.95044e-21)
(-1.5325 1.84202 -9.58255e-20)
(-1.64363 1.63178 -1.98321e-20)
(-1.7588 1.41277 1.23737e-20)
(-1.85642 1.18945 1.03918e-19)
(-1.9444 0.960513 -2.23092e-20)
(-2.02175 0.726182 4.04252e-20)
(-2.08965 0.48622 1.07106e-20)
(-2.14829 0.240613 -1.0884e-20)
(-2.19787 -0.0106288 -3.22783e-21)
(-1.31194 2.52354 6.77117e-20)
(-1.60301 2.2181 1.62468e-20)
(-1.7327 1.95696 -3.93138e-20)
(-1.87855 1.6924 3.97234e-20)
(-1.99767 1.42649 1.4896e-20)
(-2.10655 1.15622 2.90305e-21)
(-2.20182 0.881163 -4.57273e-21)
(-2.2859 0.600349 -2.82943e-20)
(-2.3586 0.313388 7.14053e-23)
(-2.42005 0.0200909 2.19278e-21)
(0.0384383 -0.0696448 -1.39647e-20)
(0.0606871 -0.0812343 1.17925e-20)
(0.0862091 -0.0926538 1.50652e-20)
(0.11483 -0.103877 8.4641e-21)
(0.146343 -0.114886 -2.66649e-20)
(0.180517 -0.125674 1.11452e-19)
(0.2171 -0.136253 -1.14025e-20)
(0.255831 -0.14668 9.45135e-20)
(0.296533 -0.157123 -6.97554e-20)
(0.339236 -0.167983 -3.4773e-20)
(-0.19488 -0.180785 3.45134e-22)
(-0.178311 -0.215769 -2.77261e-20)
(-0.158792 -0.250441 6.56719e-20)
(-0.13654 -0.284706 -1.13785e-19)
(-0.111809 -0.318479 -1.06206e-19)
(-0.0848663 -0.351676 5.33425e-20)
(-0.0560403 -0.384203 -1.58853e-20)
(-0.0258727 -0.416065 -2.52713e-20)
(0.00490015 -0.447629 -6.5981e-20)
(0.0365483 -0.479636 5.02809e-20)
(-0.539276 -0.240761 2.88677e-21)
(-0.530611 -0.301688 -2.43707e-20)
(-0.519062 -0.362276 8.34029e-20)
(-0.504842 -0.422315 -4.57935e-20)
(-0.488102 -0.481585 -6.22469e-20)
(-0.468915 -0.539748 1.59563e-19)
(-0.447803 -0.596358 -1.01396e-19)
(-0.426745 -0.651327 5.59088e-20)
(-0.408042 -0.705729 2.7467e-20)
(-0.386321 -0.760902 -3.11795e-20)
(-0.885619 -0.269715 1.68667e-20)
(-0.884253 -0.359128 -2.01758e-20)
(-0.879928 -0.448554 -2.70177e-20)
(-0.872808 -0.537753 8.97626e-21)
(-0.862582 -0.62643 2.42068e-20)
(-0.848651 -0.713956 -4.62334e-20)
(-0.832467 -0.799392 1.80817e-19)
(-0.820346 -0.882769 -1.62153e-19)
(-0.816886 -0.966814 7.69935e-20)
(-0.800509 -1.05399 8.67211e-20)
(-1.19307 -0.277293 -7.46275e-21)
(-1.19867 -0.395703 4.4086e-20)
(-1.20113 -0.51457 -1.12368e-19)
(-1.20059 -0.633655 2.09489e-20)
(-1.19581 -0.752679 -9.49245e-20)
(-1.18477 -0.870783 1.97367e-20)
(-1.17062 -0.986406 -1.65207e-19)
(-1.16799 -1.09951 1.15153e-19)
(-1.18558 -1.21496 -1.11837e-19)
(-1.17312 -1.33723 -4.55639e-20)
(-1.46541 -0.273306 1.54256e-20)
(-1.47618 -0.421399 -3.21533e-20)
(-1.48307 -0.570204 3.57208e-20)
(-1.48638 -0.719477 -5.58321e-20)
(-1.48395 -0.869146 6.49639e-20)
(-1.47153 -1.01861 -5.83673e-21)
(-1.45328 -1.16605 7.15917e-20)
(-1.45496 -1.31092 -1.71141e-19)
(-1.49464 -1.45963 9.85752e-20)
(-1.48692 -1.61939 -1.54224e-19)
(-1.72735 -0.269336 -1.37833e-20)
(-1.74195 -0.449657 -8.08331e-21)
(-1.75073 -0.630932 -1.92778e-21)
(-1.75458 -0.812889 7.46893e-20)
(-1.75132 -0.995718 -2.80399e-20)
(-1.73452 -1.1796 -4.01042e-20)
(-1.70682 -1.36317 5.78046e-20)
(-1.70325 -1.54478 5.56006e-21)
(-1.75689 -1.73004 8.107e-20)
(-1.75247 -1.92699 3.06907e-20)
(-1.98992 -0.266482 5.87275e-21)
(-2.01003 -0.484304 -6.07539e-21)
(-2.02185 -0.704509 -2.04498e-20)
(-2.02654 -0.926538 5.33452e-21)
(-2.02279 -1.15017 -1.71061e-20)
(-2.00323 -1.37584 3.2386e-20)
(-1.96597 -1.60287 -2.03028e-20)
(-1.94719 -1.8276 1.90319e-20)
(-1.99451 -2.05018 1.27872e-20)
(-1.9796 -2.27554 -5.09507e-20)
(-2.2378 -0.267298 5.3143e-21)
(-2.26716 -0.528929 4.2142e-21)
(-2.28573 -0.794701 6.02081e-21)
(-2.29414 -1.06325 -1.84736e-20)
(-2.29209 -1.33281 -2.12103e-20)
(-2.27375 -1.60235 -3.27184e-20)
(-2.23188 -1.87143 3.86577e-20)
(-2.19161 -2.13501 -2.36751e-20)
(-2.20867 -2.38261 -3.783e-20)
(-2.1675 -2.61201 1.97605e-19)
(-2.46934 -0.279304 -2.97153e-21)
(-2.50525 -0.584274 6.2637e-21)
(-2.52689 -0.893729 2.44282e-21)
(-2.53376 -1.20558 2.11967e-21)
(-2.52573 -1.51653 -3.47675e-20)
(-2.50076 -1.82272 -5.94803e-20)
(-2.45159 -2.12183 -2.80124e-19)
(-2.38254 -2.41034 1.60787e-19)
(-2.34077 -2.66936 -3.93085e-20)
(-2.28128 -2.86763 -3.9058e-19)
(0.447255 -0.197118 0)
(0.67429 -0.174674 0)
(0.882415 -0.168801 0)
(1.09647 -0.169727 0)
(1.33217 -0.165296 0)
(1.57126 -0.153392 0)
(1.81066 -0.136148 0)
(2.02046 -0.115508 0)
(2.21532 -0.0936824 0)
(2.36175 -0.0729483 0)
(2.49314 -0.0541579 0)
(2.56993 -0.0389447 0)
(2.64401 -0.026318 0)
(2.6653 -0.0171147 0)
(2.7021 -0.00987472 0)
(2.68761 -0.00465877 0)
(2.70531 -0.00118916 0)
(2.66807 0.00223497 0)
(2.67632 0.00343378 0)
(2.61978 0.00631925 0)
(0.120977 -0.559229 0)
(0.393826 -0.446106 0)
(0.583416 -0.469079 0)
(0.814672 -0.490519 0)
(1.07396 -0.480873 0)
(1.33122 -0.444265 0)
(1.57502 -0.389702 0)
(1.78679 -0.325008 0)
(1.97646 -0.258538 0)
(2.11927 -0.196405 0)
(2.24475 -0.142056 0)
(2.3193 -0.0986879 0)
(2.39112 -0.0637732 0)
(2.41473 -0.0391579 0)
(2.45295 -0.0199275 0)
(2.44569 -0.00732122 0)
(2.46652 0.00156966 0)
(2.44111 0.0091768 0)
(2.45242 0.0121062 0)
(2.41153 0.0185073 0)
(-0.295665 -0.891973 0)
(0.0669627 -0.686683 0)
(0.27628 -0.818181 0)
(0.557414 -0.837466 0)
(0.844434 -0.795601 0)
(1.11139 -0.716004 0)
(1.34986 -0.61285 0)
(1.55361 -0.499696 0)
(1.72623 -0.389256 0)
(1.85624 -0.289572 0)
(1.96576 -0.206125 0)
(2.03148 -0.140295 0)
(2.09472 -0.0895497 0)
(2.11644 -0.0540903 0)
(2.15298 -0.0270678 0)
(2.15035 -0.0103673 0)
(2.17315 0.00226331 0)
(2.15839 0.0118472 0)
(2.17217 0.0161209 0)
(2.14689 0.0252581 0)
(-0.654587 -1.25864 0)
(-0.229152 -0.994945 0)
(0.0571917 -1.17753 0)
(0.372877 -1.14694 0)
(0.672111 -1.05962 0)
(0.939867 -0.93391 0)
(1.1704 -0.784872 0)
(1.36133 -0.629783 0)
(1.51407 -0.483522 0)
(1.62839 -0.355593 0)
(1.71912 -0.2512 0)
(1.77469 -0.169707 0)
(1.82704 -0.108824 0)
(1.84544 -0.0659574 0)
(1.87875 -0.0343565 0)
(1.87807 -0.0150176 0)
(1.90221 0.000192006 0)
(1.89414 0.0108815 0)
(1.91027 0.0163794 0)
(1.89596 0.0285294 0)
(-0.93324 -1.62459 0)
(-0.498352 -1.33521 0)
(-0.112657 -1.49321 0)
(0.230425 -1.42426 0)
(0.543873 -1.29448 0)
(0.813202 -1.12192 0)
(1.03548 -0.928079 0)
(1.21119 -0.734187 0)
(1.34461 -0.557029 0)
(1.44232 -0.406135 0)
(1.51536 -0.285124 0)
(1.56144 -0.192079 0)
(1.60313 -0.123737 0)
(1.61872 -0.0756014 0)
(1.64823 -0.0410091 0)
(1.6486 -0.0197714 0)
(1.67373 -0.00288671 0)
(1.66943 0.00851363 0)
(1.68817 0.0151044 0)
(1.68023 0.0301889 0)
(-1.1297 -1.99819 0)
(-0.696571 -1.71835 0)
(-0.236763 -1.80098 0)
(0.140164 -1.69015 0)
(0.46644 -1.50618 0)
(0.732259 -1.28072 0)
(0.941608 -1.04196 0)
(1.0993 -0.813002 0)
(1.21345 -0.610331 0)
(1.29435 -0.441585 0)
(1.35203 -0.308469 0)
(1.38935 -0.207553 0)
(1.42172 -0.134107 0)
(1.43521 -0.0827664 0)
(1.4607 -0.0462339 0)
(1.46215 -0.0239926 0)
(1.4876 -0.00605622 0)
(1.48553 0.00577451 0)
(1.5068 0.0132638 0)
(1.50162 0.031097 0)
(-1.27532 -2.39116 0)
(-0.805649 -2.14354 0)
(-0.307705 -2.1122 0)
(0.0994323 -1.94065 0)
(0.432138 -1.69341 0)
(0.687694 -1.41306 0)
(0.879408 -1.13174 0)
(1.01719 -0.872083 0)
(1.11253 -0.648534 0)
(1.17767 -0.466054 0)
(1.2225 -0.324277 0)
(1.2519 -0.217988 0)
(1.27674 -0.141204 0)
(1.28849 -0.0880332 0)
(1.31012 -0.0502461 0)
(1.31289 -0.0277037 0)
(1.33783 -0.00900691 0)
(1.33739 0.0030086 0)
(1.36056 0.011316 0)
(1.35564 0.03172 0)
(-1.39867 -2.78977 0)
(-0.835123 -2.58476 0)
(-0.315066 -2.42138 0)
(0.10676 -2.16925 0)
(0.434904 -1.85475 0)
(0.67212 -1.52165 0)
(0.84159 -1.20211 0)
(0.958041 -0.916413 0)
(1.03519 -0.676037 0)
(1.08597 -0.483057 0)
(1.12 -0.335031 0)
(1.14239 -0.225036 0)
(1.16135 -0.146124 0)
(1.17146 -0.0919271 0)
(1.18973 -0.0533762 0)
(1.19385 -0.0309328 0)
(1.21757 -0.0116308 0)
(1.21862 0.000381303 0)
(1.24271 0.00955124 0)
(1.23657 0.0322918 0)
(-1.51073 -3.12896 0)
(-0.809011 -2.97106 0)
(-0.265272 -2.68536 0)
(0.152137 -2.35194 0)
(0.463363 -1.97983 0)
(0.675921 -1.60425 0)
(0.820686 -1.255 0)
(0.91577 -0.949458 0)
(0.975919 -0.696437 0)
(1.01393 -0.49566 0)
(1.03878 -0.343025 0)
(1.05509 -0.230317 0)
(1.06942 -0.149905 0)
(1.07789 -0.0950251 0)
(1.09339 -0.0559741 0)
(1.09868 -0.0337507 0)
(1.12077 -0.0139405 0)
(1.12326 -0.0020161 0)
(1.14723 0.00810577 0)
(1.1392 0.0328871 0)
(-1.6036 -3.31082 0)
(-0.755557 -3.22412 0)
(-0.181184 -2.85324 0)
(0.217087 -2.46318 0)
(0.503376 -2.05682 0)
(0.68932 -1.65485 0)
(0.809863 -1.28771 0)
(0.885184 -0.970219 0)
(0.930207 -0.709566 0)
(0.957167 -0.5041 0)
(0.974253 -0.348637 0)
(0.985343 -0.234223 0)
(0.99595 -0.152831 0)
(1.00277 -0.0975186 0)
(1.01605 -0.0581469 0)
(1.02218 -0.0361563 0)
(1.04249 -0.0159179 0)
(1.04631 -0.00407992 0)
(1.0693 0.00705647 0)
(1.05927 0.0335329 0)
(-1.62915 -3.30999 -3.49591e-20)
(-0.711659 -3.30094 -6.22786e-20)
(-0.110491 -2.90752 2.45735e-20)
(0.267289 -2.49321 -7.18794e-21)
(0.533519 -2.07915 2.88379e-20)
(0.700782 -1.66712 3.84537e-20)
(0.80439 -1.29371 -4.78852e-21)
(0.866258 -0.972261 -1.08257e-20)
(0.901034 -0.709468 -1.67355e-21)
(0.920496 -0.503289 1.20145e-20)
(0.932272 -0.347868 -2.76005e-21)
(0.9397 -0.233842 -2.60108e-21)
(0.947711 -0.1529 -4.99686e-22)
(0.953132 -0.0980715 -6.12362e-23)
(0.964814 -0.0590074 -6.24386e-23)
(0.971235 -0.0374706 3.2789e-22)
(0.989955 -0.017066 -2.69083e-22)
(0.994521 -0.00535145 4.06368e-23)
(1.01599 0.00661129 1.58199e-22)
(1.00416 0.0341562 -6.15552e-23)
(-1.31761 -3.51792 -2.929e-21)
(-0.484507 -3.36375 -6.42358e-20)
(0.0551285 -2.91655 3.79072e-20)
(0.368342 -2.46145 -1.13458e-20)
(0.591909 -2.03879 -1.20016e-21)
(0.728343 -1.6249 7.12208e-21)
(0.809867 -1.25667 -9.8428e-21)
(0.85692 -0.943288 -1.31677e-20)
(0.881846 -0.688481 1.44938e-20)
(0.894911 -0.489094 -1.38181e-21)
(0.902566 -0.338826 -7.16263e-21)
(0.907377 -0.228492 8.78598e-22)
(0.913703 -0.150031 -2.34951e-22)
(0.918292 -0.0968591 2.1154e-22)
(0.929108 -0.0588055 4.53123e-23)
(0.935868 -0.0379847 -1.28657e-22)
(0.953568 -0.0177019 -2.5424e-23)
(0.958728 -0.0061885 -2.7049e-22)
(0.978838 0.00637073 -1.19102e-23)
(0.965586 0.0346113 1.14416e-22)
(-1.11186 -3.66262 -1.95243e-19)
(-0.358799 -3.3877 -2.88132e-21)
(0.15365 -2.93955 2.89066e-20)
(0.433138 -2.45459 1.60993e-20)
(0.63068 -2.02233 -1.3157e-20)
(0.747566 -1.60314 1.73569e-20)
(0.812754 -1.23371 -1.78178e-20)
(0.847705 -0.922963 2.05594e-20)
(0.863814 -0.672297 -1.00354e-20)
(0.87072 -0.477352 -2.4097e-21)
(0.874168 -0.330951 6.75431e-22)
(0.876175 -0.223665 1.75692e-22)
(0.880642 -0.14739 -3.22699e-22)
(0.884211 -0.0957434 -1.17769e-22)
(0.894109 -0.0586736 -3.46022e-22)
(0.901101 -0.0385307 -7.50375e-23)
(0.917748 -0.0183704 4.1616e-22)
(0.923531 -0.007038 5.24639e-22)
(0.942132 0.00619083 -8.1833e-23)
(0.927683 0.0350806 1.99073e-22)
(-0.839652 -3.86197 -1.94942e-19)
(-0.186057 -3.43269 -4.18187e-20)
(0.274285 -2.96213 -1.25825e-20)
(0.508099 -2.44672 1.40551e-20)
(0.670564 -2.00134 -1.33051e-21)
(0.765097 -1.58031 -3.66733e-21)
(0.81363 -1.21201 1.86361e-20)
(0.837215 -0.905085 -1.74412e-20)
(0.845442 -0.658682 2.80597e-21)
(0.846873 -0.467721 3.39397e-21)
(0.846494 -0.324586 -5.24552e-23)
(0.84585 -0.219823 1.04229e-21)
(0.848482 -0.145357 -2.58194e-22)
(0.850959 -0.0949802 7.56398e-23)
(0.859932 -0.058764 1.74514e-22)
(0.867048 -0.0391899 -5.17688e-23)
(0.88262 -0.0191082 -4.01795e-22)
(0.889009 -0.00790382 -5.48147e-22)
(0.905926 0.00607654 1.10682e-22)
(0.890507 0.0355688 -2.08946e-22)
(-0.582528 -4.02068 2.18668e-19)
(-0.0349833 -3.46153 2.79921e-20)
(0.376975 -2.9757 -2.89775e-21)
(0.575715 -2.44316 1.33525e-20)
(0.706293 -1.98307 -1.51994e-20)
(0.780171 -1.55986 -2.10478e-20)
(0.81295 -1.19212 6.85143e-21)
(0.82566 -0.888525 2.84524e-21)
(0.82656 -0.646122 -1.77218e-21)
(0.823048 -0.458911 1.68282e-21)
(0.819263 -0.31882 -6.56868e-22)
(0.816239 -0.216389 1.08352e-21)
(0.817172 -0.143587 -1.07698e-22)
(0.818569 -0.0943769 -4.74116e-23)
(0.826657 -0.0589704 -3.35374e-22)
(0.833799 -0.0399007 3.35581e-22)
(0.848283 -0.0198832 -3.62744e-23)
(0.855221 -0.0087611 4.80241e-22)
(0.870271 0.00603804 -4.6784e-22)
(0.85411 0.0360774 1.6617e-22)
(-0.304834 -4.175 -4.87307e-20)
(0.129434 -3.49949 -4.66181e-20)
(0.481275 -2.98569 2.49834e-20)
(0.643373 -2.44111 -6.6631e-21)
(0.740664 -1.96595 4.67535e-21)
(0.793542 -1.54083 1.06467e-20)
(0.811169 -1.17403 -1.9914e-21)
(0.813415 -0.873461 -1.96023e-21)
(0.807375 -0.634683 2.00739e-21)
(0.799283 -0.450867 -1.73498e-21)
(0.79242 -0.313543 -3.55158e-22)
(0.787282 -0.213251 -5.26791e-22)
(0.786683 -0.141985 3.02208e-22)
(0.787067 -0.0938665 -9.29436e-23)
(0.794336 -0.059245 1.46315e-22)
(0.801415 -0.0406284 4.07697e-22)
(0.814814 -0.020673 2.18132e-22)
(0.822212 -0.00958667 5.33087e-23)
(0.835211 0.00608413 1.85078e-22)
(0.818537 0.0366067 -5.50774e-23)
(-0.0247936 -4.30232 7.56053e-20)
(0.291896 -3.53262 -5.90832e-20)
(0.579841 -2.99016 2.47659e-20)
(0.708262 -2.4397 2.67816e-21)
(0.77373 -1.95105 -8.86124e-22)
(0.805657 -1.52357 -4.76931e-21)
(0.808712 -1.15783 -3.7261e-22)
(0.800857 -0.859978 -1.206e-21)
(0.788176 -0.624469 2.90263e-21)
(0.775753 -0.443691 1.25581e-21)
(0.766042 -0.308831 -8.27057e-22)
(0.758999 -0.210453 8.66213e-23)
(0.757024 -0.140573 5.34189e-23)
(0.75648 -0.0934546 -3.09396e-23)
(0.763008 -0.0595801 2.17691e-22)
(0.769945 -0.0413608 -3.51135e-22)
(0.782271 -0.0214653 9.19244e-23)
(0.790009 -0.0103616 -3.47831e-22)
(0.80079 0.0062205 3.48768e-22)
(0.783833 0.037155 -4.39192e-22)
(0.265288 -4.41564 9.64818e-20)
(0.461518 -3.56936 -5.64848e-20)
(0.678102 -2.99358 -4.16041e-20)
(0.771936 -2.43858 9.28295e-21)
(0.806376 -1.93852 -2.76214e-21)
(0.817114 -1.50822 5.93714e-23)
(0.805999 -1.14355 -8.53346e-22)
(0.788348 -0.848106 1.72305e-21)
(0.769257 -0.615493 3.33686e-22)
(0.752675 -0.437401 -8.64898e-22)
(0.740263 -0.304709 1.53247e-23)
(0.731462 -0.208019 1.19483e-22)
(0.72823 -0.139363 -5.10413e-23)
(0.726841 -0.0931468 3.24674e-22)
(0.732702 -0.0599709 -3.42336e-22)
(0.739422 -0.0420888 1.30801e-22)
(0.750697 -0.0222495 1.01974e-22)
(0.758631 -0.0110688 -3.129e-22)
(0.767051 0.00644996 -2.91461e-22)
(0.750039 0.0377186 1.98075e-22)
(0.560231 -4.50951 -8.1214e-20)
(0.635701 -3.60516 -1.45248e-20)
(0.775896 -2.99623 1.14726e-20)
(0.834362 -2.43735 -3.26815e-21)
(0.839054 -1.92842 8.69645e-22)
(0.828479 -1.495 -3.12224e-22)
(0.803442 -1.13125 1.02189e-22)
(0.776231 -0.837868 -1.90853e-21)
(0.750897 -0.607755 3.96232e-22)
(0.730271 -0.431988 4.35045e-22)
(0.715242 -0.301171 -8.67256e-23)
(0.704768 -0.205946 4.87487e-23)
(0.700355 -0.138354 3.17208e-23)
(0.69819 -0.0929423 -1.29919e-22)
(0.703441 -0.0604094 2.90204e-23)
(0.709872 -0.0428038 -1.5212e-23)
(0.720119 -0.0230154 -1.26331e-22)
(0.728088 -0.0116931 2.7115e-22)
(0.734035 0.00677174 1.2296e-22)
(0.717198 0.0382919 1.35676e-22)
(0.861131 -4.58696 1.09889e-20)
(0.817661 -3.64183 -6.99605e-22)
(0.875927 -3.00033 -6.77924e-21)
(0.896469 -2.43647 2.77347e-21)
(0.872283 -1.92077 -4.88138e-22)
(0.840313 -1.48407 -6.29251e-23)
(0.801437 -1.12097 1.79128e-22)
(0.764825 -0.829279 1.11372e-22)
(0.733353 -0.601254 1.71472e-22)
(0.708745 -0.427446 -1.19124e-23)
(0.691133 -0.29821 -7.69303e-24)
(0.679022 -0.20423 -2.60714e-23)
(0.673462 -0.137543 3.16315e-25)
(0.670566 -0.0928386 -2.45326e-23)
(0.675245 -0.0608876 2.97049e-25)
(0.681314 -0.0434983 -1.51582e-23)
(0.690554 -0.0237534 -2.78443e-23)
(0.698386 -0.0122216 3.5777e-23)
(0.701785 0.00718282 -5.55635e-23)
(0.685348 0.0388683 -5.74061e-23)
)
;

boundaryField
{
    inlet
    {
        type            freestream;
        freestreamValue uniform (1 0 0);
        value           uniform (1 0 0);
    }
    outlet
    {
        type            freestream;
        freestreamValue uniform (1 0 0);
        value           nonuniform List<vector> 
40
(
(0.40147 0.0428306 0)
(0.367566 0.0427505 0)
(0.3327 0.042271 0)
(0.297902 0.0412046 0)
(0.264436 0.0393142 0)
(0.233705 0.0363132 0)
(0.207147 0.0318841 0)
(0.186075 0.0256805 0)
(0.171461 0.0172947 0)
(0.163802 0.00626896 0)
(0.654527 0.0394385 -5.51952e-23)
(0.624772 0.0399942 1.29592e-22)
(0.596117 0.0405242 2.10706e-22)
(0.568592 0.0410191 -4.47472e-22)
(0.542225 0.0414682 -4.13501e-23)
(0.517039 0.0418623 1.59992e-22)
(0.493052 0.0421926 -1.54547e-22)
(0.470275 0.042449 1.83078e-22)
(0.448715 0.0426202 1.02589e-22)
(0.428374 0.0427174 -4.85343e-23)
(1.00416 0.0341562 -6.15552e-23)
(0.965586 0.0346113 1.14416e-22)
(0.927683 0.0350806 1.99073e-22)
(0.890507 0.0355688 -2.08946e-22)
(0.85411 0.0360774 1.6617e-22)
(0.818537 0.0366067 -5.50774e-23)
(0.783833 0.037155 -4.39192e-22)
(0.750039 0.0377186 1.98075e-22)
(0.717198 0.0382919 1.35676e-22)
(0.685348 0.0388683 -5.74061e-23)
(2.61978 0.00631925 0)
(2.41153 0.0185073 0)
(2.14689 0.0252581 0)
(1.89596 0.0285294 0)
(1.68023 0.0301889 0)
(1.50162 0.031097 0)
(1.35564 0.03172 0)
(1.23657 0.0322918 0)
(1.1392 0.0328871 0)
(1.05927 0.0335329 0)
)
;
    }
    top
    {
        type            symmetryPlane;
    }
    bottom
    {
        type            symmetryPlane;
    }
    cylinder
    {
        type            rotatingWallVelocity;
        origin          (0 0 0);
        axis            (0 0 1);
        omega           constant -20;
        value           nonuniform List<vector> 
80
(
(0.396319 -9.98427 8.66152e-24)
(1.17718 -9.92228 6.08003e-23)
(1.95079 -9.79941 -1.78625e-24)
(2.71241 -9.61642 3.55822e-23)
(3.45738 -9.37443 -1.90954e-22)
(4.18115 -9.07491 6.58704e-23)
(4.8793 -8.7197 8.11251e-22)
(5.54754 -8.31097 2.80107e-21)
(6.1818 -7.8512 -1.75963e-21)
(6.77818 -7.34322 -1.79807e-21)
(9.98427 -0.396319 -8.66152e-24)
(9.92228 -1.17718 -6.08003e-23)
(9.79941 -1.95079 1.78625e-24)
(9.61642 -2.71241 3.68854e-23)
(9.37443 -3.45738 -5.54456e-22)
(9.07491 -4.18115 -6.58704e-23)
(8.7197 -4.8793 -8.11251e-22)
(8.31097 -5.54754 5.66204e-22)
(7.8512 -6.1818 -2.44731e-21)
(7.34322 -6.77818 1.79807e-21)
(7.34322 6.77818 1.79807e-21)
(7.8512 6.1818 -2.44731e-21)
(8.31097 5.54754 5.66204e-22)
(8.7197 4.8793 -8.11251e-22)
(9.07491 4.18115 -6.58704e-23)
(9.37443 3.45738 -5.54456e-22)
(9.61642 2.71241 3.68854e-23)
(9.79941 1.95079 1.78625e-24)
(9.92228 1.17718 -6.08003e-23)
(9.98427 0.396319 -8.66152e-24)
(0.396319 9.98427 8.66152e-24)
(1.17718 9.92228 6.08003e-23)
(1.95079 9.79941 -1.78625e-24)
(2.71241 9.61642 3.55822e-23)
(3.45738 9.37443 -1.90954e-22)
(4.18115 9.07491 6.58704e-23)
(4.8793 8.7197 8.11251e-22)
(5.54754 8.31097 -5.66204e-22)
(6.1818 7.8512 -1.75963e-21)
(6.77818 7.34322 -1.79807e-21)
(-6.77818 7.34322 -1.79807e-21)
(-6.1818 7.8512 -1.75963e-21)
(-5.54754 8.31097 2.80107e-21)
(-4.8793 8.7197 8.11251e-22)
(-4.18115 9.07491 6.58704e-23)
(-3.45738 9.37443 -1.90954e-22)
(-2.71241 9.61642 3.55822e-23)
(-1.95079 9.79941 -1.78625e-24)
(-1.17718 9.92228 6.08003e-23)
(-0.396319 9.98427 8.66152e-24)
(-7.34322 6.77818 1.79807e-21)
(-7.8512 6.1818 -2.44731e-21)
(-8.31097 5.54754 5.66204e-22)
(-8.7197 4.8793 -8.11251e-22)
(-9.07491 4.18115 -6.58704e-23)
(-9.37443 3.45738 -5.54456e-22)
(-9.61642 2.71241 3.68854e-23)
(-9.79941 1.95079 1.78625e-24)
(-9.92228 1.17718 -6.08003e-23)
(-9.98427 0.396319 -8.66152e-24)
(-9.98427 -0.396319 -8.66152e-24)
(-9.92228 -1.17718 -6.08003e-23)
(-9.79941 -1.95079 1.78625e-24)
(-9.61642 -2.71241 -3.55822e-23)
(-9.37443 -3.45738 -5.54456e-22)
(-9.07491 -4.18115 -6.58704e-23)
(-8.7197 -4.8793 -8.11251e-22)
(-8.31097 -5.54754 5.66204e-22)
(-7.8512 -6.1818 -2.44731e-21)
(-7.34322 -6.77818 1.79807e-21)
(-6.77818 -7.34322 -1.79807e-21)
(-6.1818 -7.8512 -1.75963e-21)
(-5.54754 -8.31097 -5.66204e-22)
(-4.8793 -8.7197 8.11251e-22)
(-4.18115 -9.07491 6.58704e-23)
(-3.45738 -9.37443 -1.90954e-22)
(-2.71241 -9.61642 3.55822e-23)
(-1.95079 -9.79941 -1.78625e-24)
(-1.17718 -9.92228 6.08003e-23)
(-0.396319 -9.98427 8.66152e-24)
)
;
    }
    frontandback
    {
        type            empty;
    }
}


// ************************************************************************* //
