/*--------------------------------*- C++ -*----------------------------------*\
  =========                 |
  \\      /  F ield         | OpenFOAM: The Open Source CFD Toolbox
   \\    /   O peration     | Website:  https://openfoam.org
    \\  /    A nd           | Version:  6.0
     \\/     M anipulation  |
\*---------------------------------------------------------------------------*/
FoamFile
{
    version     2.0;
    format      ascii;
    class       surfaceScalarField;
    location    "1.75";
    object      phi;
}
// * * * * * * * * * * * * * * * * * * * * * * * * * * * * * * * * * * * * * //

dimensions      [0 3 -1 0 0 0 0];

internalField   nonuniform List<scalar> 
4670
(
0.000115325
-0.439617
0.439502
0.000727031
-0.385342
0.38473
0.00153937
-0.337014
0.336202
0.00232934
-0.292553
0.291763
0.00303062
-0.253366
0.252665
0.00366836
-0.219307
0.218669
0.00430511
-0.190072
0.189435
0.00501086
-0.165264
0.164558
0.0058405
-0.144368
0.143538
-0.12684
0.125863
0.00681784
0.000223797
-0.439841
0.000947273
-0.386066
0.0018343
-0.337901
0.00268115
-0.2934
0.00343316
-0.254118
0.00412312
-0.219997
0.00482104
-0.19077
0.00560562
-0.166049
0.00654315
-0.145306
-0.127966
0.00766899
0.00030217
-0.440143
0.00111893
-0.386882
0.00208072
-0.338863
0.0029795
-0.294299
0.00377148
-0.25491
0.00449949
-0.220725
0.0052418
-0.191512
0.00608606
-0.166893
0.00711095
-0.14633
-0.129222
0.00836682
0.000376701
-0.44052
0.0012776
-0.387783
0.00229406
-0.339879
0.00322401
-0.295229
0.00403574
-0.255722
0.00478149
-0.221471
0.00554638
-0.192277
0.00642551
-0.167772
0.00750984
-0.147415
-0.130579
0.00886712
0.000446721
-0.440967
0.00141702
-0.388754
0.00246869
-0.340931
0.00340763
-0.296168
0.00421564
-0.25653
0.00495452
-0.22221
0.00571472
-0.193038
0.00659655
-0.168654
0.007702
-0.14852
-0.131996
0.0091191
0.000508518
-0.441475
0.00153162
-0.389777
0.0025983
-0.341998
0.00352435
-0.297094
0.00430488
-0.25731
0.00501042
-0.222915
0.00573494
-0.193762
0.00658111
-0.1695
0.00766114
-0.1496
-0.133423
0.00908826
0.000566285
-0.442041
0.00162467
-0.390835
0.00268466
-0.343058
0.00357463
-0.297984
0.00430335
-0.258039
0.00494925
-0.223561
0.00560748
-0.19442
0.00637868
-0.170271
0.00738354
-0.150605
-0.134803
0.00876263
0.000621287
-0.442663
0.00170089
-0.391915
0.00273231
-0.344089
0.00356051
-0.298812
0.00421019
-0.258689
0.00476811
-0.224119
0.00532911
-0.194981
0.00598489
-0.170927
0.00685008
-0.15147
-0.136025
0.00807286
0.000692232
-0.443355
0.00178178
-0.393004
0.00275789
-0.345065
0.00349586
-0.29955
0.00403533
-0.259228
0.00446731
-0.224551
0.00488074
-0.195395
0.00534875
-0.171395
0.00595998
-0.152082
-0.136952
0.00688694
0.000817923
-0.444173
0.00187731
-0.394064
0.0027736
-0.345962
0.0034098
-0.300186
0.00382886
-0.259647
0.00411416
-0.224836
0.00432974
-0.19561
0.00450584
-0.171571
0.00469305
-0.152269
-0.137587
0.0053278
0.45019
0.000575545
-0.450766
0.449547
0.000642971
0.448864
0.000683017
0.448165
0.000699183
0.447452
0.000712466
0.446733
0.00071921
0.44602
0.000713182
0.445332
0.000687722
0.444719
0.000613064
0.00054635
0.401084
0.000771395
-0.40128
0.400692
0.00103518
0.400182
0.00119308
0.399548
0.00133328
0.398795
0.00146516
0.397951
0.00156328
0.397037
0.00162701
0.396081
0.00164453
0.395083
0.00161024
0.00156616
0.350142
0.000447163
-0.349818
0.350281
0.000896212
0.350233
0.00124126
0.349998
0.00156861
0.349602
0.00186106
0.349074
0.00209105
0.348432
0.00226953
0.347691
0.00238518
0.346863
0.00243816
0.00246757
0.301538
-0.00024013
-0.300851
0.302035
0.000399081
0.302322
0.000954527
0.302421
0.00147022
0.302348
0.00193377
0.30212
0.00231851
0.301782
0.00260831
0.301347
0.00281944
0.300807
0.00297874
0.00308819
0.259278
-0.0011058
-0.258413
0.259946
-0.000268169
0.260403
0.000496593
0.260676
0.00119799
0.26079
0.00181961
0.260764
0.00234444
0.260611
0.00276105
0.260363
0.00306716
0.260035
0.00330694
0.00347644
0.223901
-0.00201703
-0.22299
0.224606
-0.000972569
0.225105
-2.42097e-06
0.225417
0.000885452
0.225568
0.00166882
0.225585
0.00232774
0.225488
0.00285815
0.225314
0.00324067
0.225079
0.00354176
0.00371946
0.195038
-0.00288243
-0.194173
0.195684
-0.00161855
0.196119
-0.000437449
0.196363
0.000641842
0.196442
0.00158991
0.196385
0.00238403
0.196223
0.00302045
0.196011
0.00345254
0.195764
0.00378906
0.00387323
0.171961
-0.00364141
-0.171202
0.172485
-0.00214214
0.172787
-0.000739969
0.17289
0.000539242
0.172817
0.00166239
0.172606
0.00259557
0.1723
0.00332669
0.171978
0.00377412
0.17165
0.00411697
0.00395215
0.153763
-0.00425998
-0.153144
0.15413
-0.0025095
0.154266
-0.000875161
0.154194
0.000610985
0.153942
0.0019145
0.153546
0.00299133
0.153059
0.00381357
0.152598
0.00423545
0.152209
0.00450577
0.00389232
0.13952
-0.139055
-0.00472519
0.139725
-0.00271482
0.139695
-0.000845133
0.139458
0.000847963
0.139043
0.00232951
0.138488
0.00354677
0.137836
0.0044656
0.137204
0.00486679
0.136761
0.00494904
0.00306642
0.450264
-0.000586156
-0.449678
0.450724
-0.00045935
0.451084
-0.00036073
0.451386
-0.00030187
0.451567
-0.000180544
0.45162
-5.26595e-05
0.451557
6.29995e-05
0.451378
0.000178589
0.451089
0.00028854
0.000323862
0.393814
-0.00230145
-0.392099
0.395389
-0.00203442
0.396816
-0.00178728
0.398044
-0.00153004
0.399082
-0.0012188
0.399922
-0.000891941
0.400559
-0.000574017
0.40099
-0.000252789
0.401228
5.04555e-05
0.00027181
0.337475
-0.00452026
-0.335256
0.339602
-0.00416124
0.341582
-0.00376682
0.343366
-0.00331444
0.344963
-0.00281576
0.346363
-0.00229187
0.347553
-0.00176435
0.348529
-0.00122834
0.349296
-0.000717057
-0.000249925
0.285998
-0.00692033
-0.283598
0.288328
-0.00649114
0.290525
-0.00596409
0.292563
-0.00535172
0.294433
-0.00468654
0.296124
-0.00398264
0.297619
-0.00325905
0.298913
-0.00252214
0.299998
-0.00180259
-0.0011027
0.24222
-0.00943355
-0.239707
0.24467
-0.00894134
0.246995
-0.0082892
0.249174
-0.00753014
0.251191
-0.00670394
0.253032
-0.00582356
0.254682
-0.00490935
0.256136
-0.00397615
0.257383
-0.00304885
-0.00213264
0.205947
-0.0121106
-0.20327
0.208547
-0.0115416
0.211007
-0.0107488
0.213304
-0.00982719
0.215421
-0.00882105
0.217347
-0.00774994
0.219073
-0.00663544
0.220594
-0.00549658
0.2219
-0.00435489
-0.00322302
0.176612
-0.0150272
-0.173695
0.1794
-0.0143303
0.181995
-0.0133431
0.184387
-0.0122194
0.186569
-0.0110033
0.188537
-0.00971781
0.190285
-0.00838396
0.19181
-0.00702141
0.193106
-0.00565036
-0.00429008
0.153498
-0.018237
-0.150289
0.156444
-0.0172763
0.159128
-0.0160262
0.161576
-0.0146677
0.163788
-0.0132157
0.165762
-0.0116916
0.167494
-0.0101164
0.168981
-0.00850755
0.170216
-0.0068858
-0.00527629
0.135652
-0.0216619
-0.132227
0.138638
-0.0202629
0.141355
-0.0187431
0.143831
-0.0171431
0.146053
-0.015438
0.148014
-0.0136529
0.149708
-0.0118105
0.151129
-0.00992842
0.152274
-0.00803019
-0.00614706
0.121816
-0.118952
-0.0245257
0.124798
-0.023245
0.127591
-0.0215362
0.130118
-0.01967
0.132361
-0.0176813
0.134307
-0.0155992
0.13595
-0.0134526
0.137286
-0.0112648
0.138319
-0.00906284
-0.00688324
0.015795
0.0849623
-0.0818018
-0.0189555
0.0132025
0.101905
-0.0993126
0.0111472
0.123559
-0.121504
0.00949751
0.150271
-0.148621
0.0080492
0.182222
-0.180774
0.00658168
0.219667
-0.218199
0.00491863
0.263357
-0.261694
0.00300863
0.314691
-0.312781
0.00109031
0.373658
-0.371739
0.440002
-0.438911
0.0175381
0.0883726
-0.0209484
0.0146626
0.104781
0.012315
0.125906
0.0103869
0.152199
0.00869096
0.183918
0.00701464
0.221343
0.00518565
0.265186
0.00315194
0.316725
0.00116545
0.375644
0.441167
0.0190908
0.0919914
-0.0227096
0.0159693
0.107902
0.0133593
0.128516
0.0111745
0.154384
0.00924551
0.185847
0.00736861
0.22322
0.00537671
0.267178
0.00322951
0.318872
0.0011791
0.377694
0.442346
0.0204274
0.0957808
-0.0242168
0.0170976
0.111232
0.014259
0.131355
0.011846
0.156797
0.00970746
0.187986
0.00765089
0.225277
0.00551322
0.269316
0.00326203
0.321123
0.00117121
0.379785
0.443517
0.02152
0.0997067
-0.0254459
0.0180203
0.114732
0.0149908
0.134385
0.0123829
0.159404
0.0100643
0.190304
0.00785652
0.227484
0.00560567
0.271566
0.00327883
0.32345
0.00114798
0.381916
0.444665
0.0223322
0.103735
-0.0263606
0.018706
0.118358
0.0155297
0.137561
0.0127659
0.162168
0.010298
0.192772
0.00796244
0.22982
0.00561637
0.273912
0.00323929
0.325827
0.00110181
0.384054
0.445767
0.0228093
0.107823
-0.0268973
0.019113
0.122054
0.0158481
0.140826
0.0129797
0.165037
0.0104044
0.195347
0.00797648
0.232248
0.00556468
0.276324
0.00316869
0.328223
0.00106093
0.386161
0.446828
0.0228795
0.111885
-0.0269418
0.0192064
0.125727
0.015933
0.144099
0.0130188
0.167951
0.0103823
0.197984
0.00789898
0.234731
0.00545937
0.278764
0.00306286
0.33062
0.000995433
0.388229
0.447824
0.0224432
0.115734
-0.0262913
0.0189444
0.129226
0.0157752
0.147268
0.01288
0.170846
0.0102264
0.200638
0.00772584
0.237232
0.00528268
0.281207
0.00291275
0.33299
0.00092245
0.390219
0.448746
0.0214478
-0.0246663
0.0184469
0.0154266
0.0125777
0.00994543
0.00747013
0.00507899
0.00281209
0.000932229
-0.00355605
0.0691257
-0.0692431
0.00367343
-0.00301339
0.0919727
-0.0925154
-0.00218111
0.118028
-0.118861
-0.00129221
0.147122
-0.148011
-0.000466697
0.179394
-0.18022
0.000218166
0.215434
-0.216119
0.000683367
0.256432
-0.256897
0.000811094
0.304315
-0.304443
0.000495683
0.360556
-0.360241
0.429848
-0.429353
-0.00220749
0.069248
0.00208519
-0.00171988
0.0914851
-0.00095913
0.117268
-0.000158627
0.146321
0.000541089
0.178695
0.0010596
0.214915
0.00132489
0.256166
0.00123402
0.304406
0.000706707
0.361083
0.430555
-0.000546457
0.0695347
0.000259785
-0.000285659
0.0912243
0.000285002
0.116697
0.000929727
0.145677
0.00147604
0.178148
0.00182147
0.21457
0.00188431
0.256104
0.00156742
0.304723
0.000823046
0.361828
0.431378
0.00131245
0.0701348
-0.00191253
0.00126905
0.0912677
0.00158333
0.116383
0.00201868
0.145241
0.00237829
0.177789
0.00253076
0.214417
0.00237916
0.256255
0.00183878
0.305263
0.00090045
0.362766
0.432278
0.00331596
0.0711105
-0.00429163
0.00292157
0.0916621
0.00293309
0.116371
0.00311888
0.145055
0.00326413
0.177643
0.0032067
0.214475
0.00283904
0.256623
0.00208349
0.306019
0.000966872
0.363883
0.433245
0.00542146
0.0724815
-0.00679246
0.00465119
0.0924324
0.00432897
0.116693
0.00423338
0.145151
0.00413809
0.177739
0.00386254
0.21475
0.00327703
0.257208
0.00230493
0.306991
0.00102333
0.365164
0.434269
0.00758395
0.0742526
-0.00935512
0.00642634
0.09359
0.00575277
0.117367
0.00535485
0.145549
0.00500154
0.178092
0.00449453
0.215258
0.00369323
0.25801
0.00252202
0.308162
0.00108309
0.366603
0.435352
0.00975371
0.0764141
-0.0119152
0.00821027
0.0951335
0.00717945
0.118398
0.00646839
0.14626
0.00584628
0.178714
0.00510266
0.216001
0.00408511
0.259027
0.00272122
0.309526
0.00113333
0.368191
0.436485
0.0118804
0.0789421
-0.0144083
0.00996492
0.0970489
0.00858142
0.119781
0.00755527
0.147286
0.00666037
0.179609
0.00567869
0.216983
0.0044492
0.260257
0.00290659
0.311069
0.00119096
0.369907
0.437676
0.0139196
-0.0167793
0.0116559
0.00993355
0.00859865
0.00743397
0.00621758
0.00478051
0.0030679
0.00123537
-0.0691229
-0.00525846
0.00513823
-0.0703312
-0.00828206
0.00949043
-0.0723768
-0.0121223
0.0141678
-0.07509
-0.0155716
0.0182848
-0.0783094
-0.0185127
0.0217321
-0.0819392
-0.0209542
0.0245839
-0.0859106
-0.0228963
0.0268677
-0.0901652
-0.0243107
0.0285653
-0.0946395
-0.0251405
0.0296148
-0.0253051
-0.0992484
0.029914
-0.0932557
-0.00451817
-0.0944742
-0.00706354
-0.0965104
-0.010086
-0.0991981
-0.012884
-0.102358
-0.0153527
-0.105884
-0.0174284
-0.109698
-0.0190818
-0.113736
-0.0202726
-0.117929
-0.0209482
-0.0210456
-0.122188
-0.119805
-0.00357385
-0.121181
-0.005687
-0.123198
-0.00806924
-0.125748
-0.0103343
-0.128711
-0.0123899
-0.131994
-0.014145
-0.135524
-0.0155523
-0.139232
-0.0165646
-0.143046
-0.0171339
-0.0172113
-0.14688
-0.149047
-0.00253752
-0.15047
-0.00426426
-0.152388
-0.0061514
-0.154734
-0.00798776
-0.157438
-0.00968582
-0.160426
-0.0111575
-0.163628
-0.0123503
-0.166976
-0.0132159
-0.170398
-0.013712
-0.0138003
-0.173809
-0.181259
-0.00149794
-0.182631
-0.00289271
-0.184397
-0.00438571
-0.186524
-0.00586048
-0.188967
-0.00724253
-0.191666
-0.00845829
-0.194559
-0.00945814
-0.197577
-0.0101979
-0.200647
-0.0106413
-0.0107582
-0.203689
-0.217071
-0.00054618
-0.218328
-0.00163529
-0.219923
-0.0027909
-0.221841
-0.00394241
-0.224049
-0.00503468
-0.226496
-0.00601103
-0.229124
-0.00682985
-0.231868
-0.00745402
-0.234655
-0.00785446
-0.00800646
-0.237407
-0.257674
0.000230893
-0.258751
-0.000557978
-0.260143
-0.00139896
-0.261844
-0.00224186
-0.263825
-0.00305396
-0.266042
-0.00379388
-0.26844
-0.00443158
-0.270955
-0.00493858
-0.273515
-0.00529486
-0.00547979
-0.276042
-0.30491
0.000698696
-0.305678
0.000209591
-0.306755
-0.000321692
-0.308147
-0.000850555
-0.309827
-0.0013735
-0.311758
-0.00186246
-0.313889
-0.00230149
-0.316156
-0.00267081
-0.31849
-0.00296158
-0.00316271
-0.320807
-0.360168
0.000626144
-0.360384
0.000425734
-0.360904
0.000198371
-0.361743
-1.17088e-05
-0.362883
-0.000233318
-0.364297
-0.000448582
-0.365943
-0.000655179
-0.367772
-0.000842142
-0.369724
-0.00100991
-0.00117327
-0.371713
-0.428726
-0.428301
-0.428102
-0.428114
-0.428347
-0.428796
-0.429451
-0.430293
-0.431303
-0.432476
-0.103881
-0.0246755
0.0293082
-0.108361
-0.0232615
0.027741
-0.112486
-0.0210062
0.0251321
-0.116049
-0.0179877
0.0215505
-0.118879
-0.0144024
0.0172318
-0.1209
-0.0105552
0.0125771
-0.122174
-0.00680273
0.0080758
-0.122913
-0.00346798
0.00420703
-0.123591
-0.000699662
0.00137758
0.00129607
-0.124579
-0.000307159
-0.126414
-0.0204497
-0.130447
-0.019228
-0.134123
-0.0173301
-0.13728
-0.0148313
-0.139787
-0.0118949
-0.141587
-0.00875553
-0.142709
-0.00568073
-0.143262
-0.00291507
-0.143322
-0.000639713
0.000736317
-0.142762
-0.150645
-0.0166848
-0.154198
-0.0156757
-0.157399
-0.0141287
-0.160116
-0.0121139
-0.162244
-0.00976717
-0.163727
-0.00727256
-0.16457
-0.00483834
-0.164825
-0.00265948
-0.164536
-0.00092865
3.7006e-05
-0.163837
-0.177131
-0.0133626
-0.180234
-0.0125733
-0.183
-0.011362
-0.185323
-0.00979156
-0.187119
-0.00797096
-0.188346
-0.0060457
-0.189009
-0.00417557
-0.189162
-0.00250572
-0.188892
-0.0011993
-0.000443337
-0.188411
-0.206638
-0.0104138
-0.209374
-0.00983761
-0.211801
-0.00893499
-0.213835
-0.00775733
-0.215414
-0.00639168
-0.216509
-0.00495094
-0.217139
-0.0035459
-0.21736
-0.00228466
-0.217264
-0.0012954
-0.000676555
-0.217031
-0.240073
-0.00774777
-0.242542
-0.00736783
-0.244736
-0.00674111
-0.246588
-0.00590553
-0.248052
-0.00492749
-0.249117
-0.00388613
-0.249801
-0.0028619
-0.250148
-0.00193784
-0.25024
-0.00120301
-0.000710835
-0.250206
-0.2785
-0.00528896
-0.280784
-0.00508446
-0.282823
-0.00470147
-0.284566
-0.00416296
-0.285976
-0.00351713
-0.287047
-0.00281508
-0.287791
-0.00211793
-0.288248
-0.00148113
-0.288485
-0.000966371
-0.000611188
-0.288584
-0.323082
-0.00301331
-0.325208
-0.00295859
-0.327122
-0.00278784
-0.328779
-0.00250575
-0.330146
-0.00214985
-0.331214
-0.00174697
-0.331993
-0.00133994
-0.33251
-0.00096374
-0.332827
-0.000649441
-0.000449414
-0.332989
-0.373664
-0.00106234
-0.375526
-0.00109671
-0.377235
-0.00107924
-0.378745
-0.000995105
-0.380019
-0.000876124
-0.381036
-0.000729662
-0.381795
-0.000580884
-0.382323
-0.00043568
-0.38267
-0.000302641
-0.000267486
-0.382852
-0.433539
-0.434635
-0.435715
-0.43671
-0.437586
-0.438316
-0.438896
-0.439332
-0.439635
-0.439902
-9.92909e-05
-0.439803
-4.12901e-05
-0.38291
0.00010228
-0.333132
0.00020931
-0.288691
0.000212088
-0.250209
7.53003e-05
-0.216894
-0.000218764
-0.188117
-0.000618348
-0.163437
-0.000822175
-0.142558
-0.125202
-0.000199536
-0.000120236
-0.439683
-0.000116203
-0.382914
-1.15006e-05
-0.333237
8.00552e-05
-0.288783
8.73303e-05
-0.250216
-9.24836e-06
-0.216797
-0.000192138
-0.187934
-0.000426388
-0.163203
-0.000738726
-0.142246
-0.124741
-0.00119973
-0.000119179
-0.439564
-0.00013012
-0.382903
-2.48853e-05
-0.333342
8.45845e-05
-0.288892
0.00012124
-0.250253
6.04571e-05
-0.216737
-9.22531e-05
-0.187782
-0.000325981
-0.162969
-0.000654716
-0.141917
-0.124247
-0.00114852
-0.000127433
-0.439436
-0.000106845
-0.382924
4.01515e-05
-0.333489
0.00019866
-0.289051
0.00029431
-0.250348
0.000306464
-0.216749
0.000239864
-0.187715
9.49159e-05
-0.162824
-0.000148378
-0.141674
-0.123879
-0.000517095
-0.000110914
-0.439325
-3.64474e-05
-0.382998
0.000175427
-0.333701
0.000401286
-0.289277
0.000566982
-0.250514
0.000655191
-0.216837
0.000676804
-0.187737
0.000643096
-0.162791
0.000549688
-0.14158
-0.123709
0.000380352
-8.04243e-05
-0.439245
7.01128e-05
-0.383149
0.000366657
-0.333998
0.000676458
-0.289587
0.000927572
-0.250765
0.00110839
-0.217018
0.0012374
-0.187866
0.00133504
-0.162888
0.00140709
-0.141653
-0.123748
0.00144571
-3.12951e-05
-0.439214
0.000210482
-0.383391
0.000602403
-0.334389
0.00100341
-0.289988
0.00134411
-0.251106
0.00161973
-0.217293
0.00185809
-0.188104
0.0020901
-0.16312
0.00233069
-0.141893
-0.123992
0.00257532
3.30041e-05
-0.439247
0.00037961
-0.383737
0.000872623
-0.334882
0.0013669
-0.290482
0.00179798
-0.251537
0.00216819
-0.217664
0.00251384
-0.18845
0.00287545
-0.163482
0.00327673
-0.142294
-0.124433
0.00371741
7.87648e-05
-0.439325
0.000536039
-0.384195
0.00114687
-0.335493
0.00174043
-0.291075
0.00226157
-0.252058
0.0027225
-0.218124
0.0031692
-0.188896
0.00365218
-0.163965
0.00420454
-0.142847
-0.12506
0.00483147
0.000176607
0.000712403
0.00142083
0.00210865
0.00271508
0.00326011
0.00379904
0.00439254
0.00508424
0.0058871
0.0090965
-0.421281
0.419002
0.014471
-0.254404
0.24903
0.0256873
-0.130029
0.118812
0.0385948
-0.0444007
0.0314932
0.0503465
0.0099702
-0.0217218
0.0593055
0.0355591
-0.0445181
0.0654408
0.042977
-0.0491123
0.0693757
0.0415394
-0.0454743
0.0717844
0.0369195
-0.0393282
0.0731825
0.0316855
-0.0330837
0.0739169
0.0267174
-0.0274518
0.0742105
0.0222271
-0.0225208
0.074207
0.0182334
-0.0182299
0.0739999
0.0147212
-0.0145141
0.0736502
0.0116789
-0.0113292
0.0731976
0.00908434
-0.00863171
0.0726675
0.00691691
-0.00638678
0.0720724
0.00510527
-0.00451023
0.0714208
0.00373777
-0.0030862
0.00206187
-0.00135537
0.00853286
-0.422144
0.0138873
-0.259759
0.0252011
-0.141343
0.0380501
-0.0572498
0.0498325
-0.00181223
0.0588779
0.0265137
0.0650915
0.0367633
0.0690733
0.0375576
0.0715039
0.0344889
0.0729119
0.0302775
0.0736535
0.0259758
0.073957
0.0219237
0.0739679
0.0182225
0.0737806
0.0149086
0.0734559
0.0120035
0.0730331
0.00950723
0.0725371
0.00741296
0.0719801
0.00566208
0.0713701
0.00434771
0.00272384
0.00785876
-0.421636
0.0132144
-0.265114
0.0245647
-0.152693
0.0372964
-0.0699814
0.0490233
-0.0135392
0.0581009
0.0174362
0.0643752
0.030489
0.0684093
0.0335235
0.0708783
0.03202
0.0723171
0.0288386
0.0730891
0.0252038
0.0734271
0.0215857
0.0734789
0.0181707
0.0733397
0.0150477
0.0730705
0.0122727
0.0727103
0.00986741
0.0722838
0.00783951
0.0718028
0.00614304
0.0712754
0.00487514
0.00329692
0.00704483
-0.419814
0.0123998
-0.270469
0.0237183
-0.164011
0.0363019
-0.082565
0.0479134
-0.0251506
0.0569806
0.0083689
0.0633008
0.0241689
0.0673921
0.0294321
0.0699146
0.0294975
0.0714041
0.0273491
0.0722286
0.0243793
0.0726249
0.0211894
0.0727434
0.0180522
0.0726801
0.015111
0.0724964
0.0124564
0.0722312
0.0101326
0.071909
0.00816176
0.0715416
0.0065104
0.0711371
0.0052796
0.00373781
0.00610045
-0.416795
0.011409
-0.275778
0.0226003
-0.175203
0.0350249
-0.0949896
0.0464911
-0.0366168
0.0555219
-0.000661957
0.0618785
0.0178124
0.0660324
0.0252781
0.0686223
0.0269076
0.0701807
0.0257907
0.0710786
0.0234814
0.0715564
0.0207116
0.0717665
0.0178422
0.0718062
0.0150713
0.0717373
0.0125253
0.0715987
0.0102712
0.0714149
0.00834553
0.071198
0.00672731
0.0709562
0.00552146
0.00400384
0.00502652
-0.412734
0.0101625
-0.280914
0.0211266
-0.186167
0.0334105
-0.107274
0.0447387
-0.047945
0.053728
-0.00965123
0.0601195
0.0114209
0.0643428
0.0210549
0.0670131
0.0242373
0.0686573
0.0241465
0.0696481
0.0224905
0.070229
0.0201307
0.0705546
0.0175165
0.0707235
0.0149024
0.0707978
0.012451
0.0708168
0.0102522
0.0708048
0.00835754
0.0707742
0.00675787
0.0707336
0.00556205
0.00405343
0.00342956
-0.407401
0.00833278
-0.285817
0.0191201
-0.196954
0.0313666
-0.11952
0.0426226
-0.059201
0.0515964
-0.018625
0.0580344
0.00498286
0.0623371
0.0167522
0.0651003
0.021474
0.0668457
0.0224012
0.0679475
0.0213887
0.0686519
0.0194263
0.0691159
0.0170526
0.069439
0.0145793
0.0696839
0.012206
0.0698901
0.0100461
0.0700821
0.00816558
0.0702726
0.00656734
0.0704707
0.00536395
0.00384635
0.000560434
-0.399888
0.00558592
-0.290843
0.0164085
-0.207777
0.0287802
-0.131892
0.0400863
-0.0705071
0.0491106
-0.0276493
0.0556273
-0.00153381
0.0600273
0.0123522
0.0628977
0.0186036
0.064759
0.0205398
0.0659885
0.0201592
0.0668357
0.0185791
0.0674595
0.0164288
0.0679607
0.0140781
0.0684025
0.0117642
0.0688245
0.0096241
0.0692513
0.00773874
0.0696963
0.00612233
0.0701691
0.00489123
0.00334393
-0.00196472
-0.391037
0.00302429
-0.295832
0.0134334
-0.218186
0.0257635
-0.144222
0.0371429
-0.0818865
0.0462707
-0.036777
0.0529032
-0.00816626
0.057423
0.0078324
0.0604167
0.0156099
0.0624092
0.0185473
0.063783
0.0187855
0.0647913
0.0175708
0.0655955
0.0156246
0.0662976
0.013376
0.0669614
0.0111005
0.0676264
0.0089591
0.0683176
0.00704755
0.0690488
0.00539104
0.0698305
0.00410962
0.00250935
0.000952817
-0.386662
0.00294948
-0.297828
0.0113428
-0.226579
0.0228446
-0.155724
0.0340341
-0.093076
0.0431857
-0.0459286
0.0499113
-0.0148918
0.054548
0.00319561
0.0576714
0.0124865
0.0598069
0.0164118
0.0613404
0.017252
0.062528
0.0163832
0.0635331
0.0146195
0.0644585
0.0124506
0.0653683
0.0101906
0.0663025
0.00802494
0.0672861
0.00606391
0.0683339
0.00434325
0.0694569
0.0029867
0.0013078
0.158438
-0.316567
-0.228533
0.120572
-0.259962
0.0982114
-0.204219
0.0914447
-0.148957
0.0938901
-0.0955214
0.100072
-0.0521109
0.106811
-0.0216301
0.112594
-0.00258728
0.117011
0.00806863
0.120184
0.013239
0.122389
0.0150473
0.123893
0.0148789
0.124908
0.0136049
0.125586
0.0117723
0.126036
0.00974103
0.126331
0.00772974
0.126523
0.00587171
0.126644
0.00422213
0.126721
0.00290975
0.00127446
0.179732
-0.251877
-0.244421
0.144591
-0.224821
0.123723
-0.183351
0.114823
-0.140057
0.115042
-0.0957403
0.119927
-0.0569962
0.126202
-0.0279049
0.132024
-0.00840906
0.136693
0.00339933
0.140164
0.00976799
0.142641
0.0125706
0.144369
0.0131513
0.145558
0.0124156
0.146369
0.010961
0.146919
0.00919152
0.147288
0.00736081
0.147533
0.0056266
0.147691
0.00406417
0.147792
0.00280807
0.00123051
0.214659
-0.19653
-0.270007
0.178778
-0.188939
0.156464
-0.161037
0.14463
-0.128223
0.141921
-0.0930317
0.14476
-0.0598349
0.149914
-0.0330587
0.155323
-0.0138179
0.159986
-0.00126408
0.163628
0.0061258
0.166325
0.00987367
0.168264
0.0112127
0.169634
0.0110451
0.170593
0.0100023
0.171258
0.00852593
0.171716
0.00690304
0.172027
0.00531603
0.172231
0.00385966
0.172365
0.0026747
0.00117293
0.25476
-0.149682
-0.301608
0.219287
-0.153466
0.195784
-0.137534
0.181422
-0.11386
0.1755
-0.0871105
0.175664
-0.0599988
0.179012
-0.0364062
0.183433
-0.018239
0.1877
-0.0055309
0.191285
0.00254089
0.194084
0.00707377
0.196184
0.00911279
0.197724
0.00950588
0.198836
0.00889018
0.199631
0.00773041
0.200193
0.00634088
0.200584
0.00492591
0.200846
0.00359729
0.201019
0.00250141
0.00109805
0.300695
-0.110482
-0.339895
0.266666
-0.119437
0.242052
-0.112921
0.225534
-0.0973423
0.216447
-0.0780237
0.213527
-0.0570782
0.21449
-0.0373695
0.217342
-0.021091
0.220745
-0.00893421
0.223958
-0.000672223
0.226677
0.00435541
0.228845
0.0069449
0.230516
0.00783469
0.231776
0.00762993
0.232711
0.00679529
0.233393
0.00565917
0.233878
0.00444079
0.234211
0.00326408
0.234434
0.00227848
0.00100145
0.351139
-0.078296
-0.383325
0.320109
-0.0884068
0.295197
-0.0880091
0.277037
-0.0791822
0.265174
-0.0661603
0.259071
-0.050975
0.257254
-0.035553
0.258038
-0.0218744
0.260104
-0.0110012
0.262582
-0.00314933
0.264979
0.00195764
0.26708
0.00484453
0.268819
0.00609508
0.270208
0.00624102
0.271287
0.00571668
0.272102
0.00484386
0.272699
0.00384403
0.273118
0.00284544
0.273401
0.00199459
0.000877934
0.406409
-0.0524926
-0.432212
0.379346
-0.0613438
0.355251
-0.0639149
0.336075
-0.0600057
0.321987
-0.0520724
0.312909
-0.0418971
0.308144
-0.0307875
0.306495
-0.0202256
0.306809
-0.0113149
0.308182
-0.00452273
0.309991
0.000148792
0.311857
0.00297866
0.313578
0.00437411
0.315062
0.00475695
0.316281
0.0044972
0.317242
0.0038828
0.317968
0.00311848
0.318488
0.00232546
0.318845
0.00163713
0.000721633
0.468044
-0.0319989
-0.488537
0.445059
-0.0383591
0.422606
-0.0414616
0.403024
-0.0404237
0.38722
-0.036269
0.375534
-0.0302108
0.367874
-0.0231271
0.363609
-0.0159612
0.361876
-0.00958176
0.361842
-0.00448851
0.362814
-0.000823315
0.364277
0.00151511
0.365885
0.00276616
0.367424
0.00321802
0.368778
0.00314355
0.369895
0.00276547
0.370767
0.00224725
0.371404
0.00168776
0.371848
0.00119287
0.000526425
0.538832
-0.0152624
-0.555569
0.51907
-0.0185968
0.498225
-0.0206163
0.478461
-0.0206602
0.4612
-0.0190084
0.447218
-0.0162286
0.43687
-0.0127785
0.430026
-0.00911761
0.426165
-0.00572033
0.424588
-0.00291224
0.42459
-0.000825133
0.425551
0.000554179
0.426988
0.00132974
0.428558
0.00164754
0.430046
0.00165554
0.431332
0.0014794
0.432366
0.00121372
0.433137
0.000916839
0.43368
0.000649636
0.000286747
0.622851
-0.638113
0.604254
0.583638
0.562977
0.543969
0.52774
0.514962
0.505844
0.500124
0.497212
0.496386
0.496941
0.49827
0.499918
0.501573
0.503053
0.504267
0.505183
0.505833
0.276414
-0.00578165
-0.275358
0.276376
-0.00267682
0.275181
0.000350001
0.272768
0.00326097
0.269075
0.0060231
0.264027
0.00859479
0.257518
0.0109743
0.249382
0.0130029
0.239278
0.0150535
0.0138113
0.279922
-0.00558074
-0.280123
0.27903
-0.00178406
0.277424
0.00195556
0.275088
0.00559676
0.272012
0.00909934
0.268191
0.0124161
0.263648
0.0155168
0.258367
0.0182843
0.252504
0.0209158
0.0218944
0.294268
-0.00451235
-0.295336
0.292916
-0.000432725
0.291285
0.00358726
0.289372
0.00750909
0.287175
0.011297
0.284673
0.0149177
0.281838
0.0183524
0.278564
0.021558
0.27485
0.0246293
0.026738
0.316091
-0.00315733
-0.317446
0.314721
0.000937272
0.313328
0.00497999
0.3119
0.0089377
0.310418
0.0127782
0.308866
0.0164702
0.307233
0.0199857
0.305503
0.0232879
0.30374
0.0263922
0.0288699
0.342649
-0.0019274
-0.343879
0.34164
0.00194648
0.340843
0.00577613
0.34025
0.00953071
0.339849
0.01318
0.339623
0.0166955
0.339558
0.0200515
0.339623
0.023223
0.339811
0.0262035
0.028786
0.374227
-0.000976948
-0.375177
0.373711
0.00246239
0.373621
0.00586575
0.373945
0.00920659
0.374666
0.0124591
0.375763
0.0155988
0.377212
0.0186026
0.378986
0.021449
0.381068
0.0241212
0.0265286
0.412241
-0.000324132
-0.412894
0.412204
0.0024999
0.412774
0.00529574
0.413939
0.00804118
0.415684
0.0107146
0.417987
0.0132953
0.420826
0.0157641
0.424171
0.0181032
0.427996
0.0202969
0.0223122
0.458746
3.32975e-05
-0.459103
0.459166
0.00207963
0.460357
0.0041053
0.462305
0.00609338
0.464992
0.0080274
0.468395
0.0098917
0.472488
0.0116718
0.477236
0.0133543
0.482606
0.0149272
0.016381
0.516605
0.000116099
-0.516687
0.517458
0.00122591
0.51924
0.00232375
0.521934
0.00339958
0.525517
0.0044437
0.529962
0.00544696
0.535233
0.00640099
0.541289
0.00729788
0.548086
0.00813098
0.008898
0.590545
-0.590429
0.591771
0.594095
0.597494
0.601938
0.607385
0.613786
0.621084
0.629215
0.225525
-0.0289119
-0.221139
0.234597
-0.0323171
0.242602
-0.0295411
0.249591
-0.0266594
0.25591
-0.0239994
0.261514
-0.0212042
0.266311
-0.0182495
0.270249
-0.0152029
0.273284
-0.0120971
-0.00895757
0.254101
-0.0336223
-0.249391
0.259092
-0.0373081
0.263906
-0.0343546
0.268
-0.0307543
0.271475
-0.0274738
0.274423
-0.0241518
0.276794
-0.0206208
0.278545
-0.0169537
0.279659
-0.0132118
-0.00942142
0.29073
-0.0364556
-0.287897
0.29258
-0.0391585
0.2942
-0.0359742
0.295443
-0.0319973
0.296229
-0.0282597
0.29666
-0.0245835
0.296788
-0.0207484
0.296608
-0.0167735
0.29612
-0.0127247
-0.00863706
0.328431
-0.0367787
-0.328107
0.327341
-0.0380689
0.326221
-0.0348543
0.325146
-0.0309225
0.323978
-0.0270915
0.322722
-0.023327
0.32143
-0.019457
0.32012
-0.0154636
0.318791
-0.0113958
-0.00729166
0.365514
-0.0347207
-0.367572
0.362097
-0.0346527
0.358883
-0.0316397
0.356051
-0.0280907
0.353479
-0.0245193
0.351105
-0.0209533
0.348948
-0.0173003
0.347026
-0.0135413
0.345338
-0.00970748
-0.0058326
0.4037
-0.030587
-0.407834
0.398731
-0.0296829
0.394132
-0.0270414
0.390089
-0.0240473
0.386531
-0.020961
0.383395
-0.0178178
0.380682
-0.0145867
0.378405
-0.0112643
0.37657
-0.00787283
-0.00443963
0.446264
-0.0247644
-0.452087
0.440189
-0.0236084
0.434627
-0.0214793
0.429705
-0.0191249
0.425402
-0.0166586
0.421692
-0.0141071
0.418574
-0.0114695
0.416064
-0.00875376
0.414169
-0.00597818
-0.00316444
0.496381
-0.017603
-0.503543
0.489398
-0.0166252
0.483045
-0.0151262
0.477404
-0.0134836
0.472487
-0.0117418
0.468299
-0.00991868
0.464852
-0.00802261
0.462163
-0.00606466
0.460244
-0.00405951
-0.00202357
0.557772
-0.00933246
-0.566043
0.549939
-0.00879179
0.542824
-0.00801141
0.536494
-0.00715374
0.530986
-0.00623358
0.526328
-0.00526064
0.522547
-0.0042423
0.519669
-0.00318645
0.517712
-0.00210214
-0.000999159
0.63641
-0.645743
0.627618
0.619607
0.612453
0.60622
0.600959
0.596717
0.59353
0.591428
0.126944
0.0101472
-0.0102094
0.127171
0.0290143
-0.0292412
0.127532
0.0479631
-0.0483243
0.128111
0.0680423
-0.0686216
0.12917
0.0893435
-0.0904018
0.131127
0.113145
-0.115102
0.136066
0.137759
-0.142699
0.143815
0.17541
-0.183159
0.16965
0.20032
-0.226156
0.269593
-0.321081
0.148253
0.00993253
0.148877
0.0283903
0.149904
0.0469352
0.151481
0.0664663
0.153975
0.0868491
0.158024
0.109096
0.166049
0.129735
0.178713
0.162746
0.209695
0.169338
0.229897
0.173111
0.0095307
0.174256
0.0272447
0.176177
0.045015
0.179067
0.0635757
0.183391
0.0825258
0.189945
0.102541
0.201132
0.118548
0.21813
0.145748
0.246781
0.140687
0.188782
0.202116
0.00890199
0.203905
0.0254558
0.206926
0.0419939
0.211396
0.0591051
0.217834
0.0760876
0.227006
0.0933694
0.240656
0.104899
0.260485
0.125918
0.285207
0.115964
0.145881
0.235946
0.00801186
0.238476
0.0229254
0.242743
0.0377267
0.248955
0.0528935
0.257583
0.067459
0.269251
0.0817013
0.284504
0.0896461
0.306331
0.104091
0.328394
0.0939016
0.106704
0.275373
0.00684757
0.278684
0.0196147
0.284223
0.0321882
0.292172
0.044944
0.302811
0.0568199
0.316649
0.0678641
0.333023
0.0732714
0.35564
0.0814743
0.376273
0.0732681
0.0751431
0.321296
0.00542678
0.325343
0.0155677
0.332042
0.0254893
0.341539
0.0354469
0.353853
0.0445054
0.36931
0.0524074
0.386557
0.0560247
0.408405
0.0596261
0.427874
0.0537995
0.0509301
0.374769
0.00379246
0.379437
0.0108997
0.387098
0.0178281
0.397836
0.0247089
0.411463
0.0308789
0.427947
0.0359232
0.445805
0.0381661
0.466164
0.0392677
0.484479
0.0354846
0.0318659
0.437059
0.0019873
0.442234
0.00572394
0.450696
0.00936604
0.462452
0.0129537
0.477185
0.0161457
0.494473
0.0186348
0.51292
0.0197196
0.532306
0.0198812
0.549852
0.017939
0.0156751
0.509704
0.515428
0.524794
0.537747
0.553893
0.572528
0.592247
0.612129
0.630068
0.0711977
0.00675691
-0.00726976
0.0711671
0.020158
-0.0201273
0.0705118
0.0331353
-0.0324801
0.0690646
0.0463855
-0.0449382
0.066624
0.0603306
-0.05789
0.0627833
0.0750227
-0.071182
0.0570971
0.0928853
-0.0871991
0.0482883
0.114088
-0.105279
0.0346972
0.148938
-0.135347
0.22562
-0.209878
0.0711408
0.00629793
0.0710428
0.020256
0.0703159
0.0338623
0.0688007
0.0479006
0.066328
0.0628032
0.0625014
0.0788493
0.0569854
0.0984014
0.0485446
0.122529
0.0357411
0.161742
0.240412
0.071035
0.00594204
0.0708185
0.0204725
0.0699662
0.0347145
0.0683288
0.0495381
0.0657674
0.0653646
0.0618998
0.0827169
0.056508
0.103793
0.0483752
0.130662
0.0364242
0.173693
0.254127
0.0708816
0.00573773
0.0704965
0.0208576
0.0694665
0.0357445
0.0676536
0.0513509
0.0649467
0.0680714
0.0609837
0.0866799
0.0556678
0.109109
0.0477747
0.138555
0.0367526
0.184715
0.266663
0.0706819
0.00573233
0.0700799
0.0214597
0.0688212
0.0370032
0.0667815
0.0533907
0.0638727
0.0709802
0.0597621
0.0907905
0.0544701
0.114401
0.0467478
0.146277
0.0367491
0.194713
0.277966
0.070438
0.00597171
0.0695725
0.0223251
0.0680365
0.0385393
0.0657205
0.0557066
0.0625541
0.0741466
0.0582472
0.0950974
0.0529217
0.119727
0.0453117
0.153887
0.0364499
0.203575
0.288055
0.0701519
0.00649997
0.0689788
0.0234982
0.067119
0.0403991
0.0644797
0.0583459
0.0610016
0.0776247
0.056454
0.0996451
0.0510305
0.12515
0.0434993
0.161418
0.0358948
0.21118
0.297053
0.0698259
0.00735901
0.068304
0.0250202
0.0660765
0.0426265
0.0630688
0.0613536
0.0592278
0.0814657
0.0544001
0.104473
0.048811
0.130739
0.0413679
0.168861
0.0351121
0.217435
0.305223
0.069464
0.0085874
0.067556
0.0269283
0.0649212
0.0452613
0.0615037
0.064771
0.0572539
0.0857155
0.0521125
0.109614
0.0462954
0.136556
0.0390218
0.176135
0.0341273
0.22233
0.313059
0.069081
0.066768
0.063705
0.0598544
0.0551682
0.04968
0.0435377
0.0365138
0.0326881
0.0690789
0.00622933
-0.00464165
0.0669745
0.0144254
-0.012321
0.0642643
0.0211397
-0.0184295
0.0607471
0.02625
-0.0227328
0.0560252
0.0288764
-0.0241545
0.0496564
0.0280074
-0.0216386
0.0405805
0.0223635
-0.0132875
0.0284573
0.00832307
0.00380014
0.0124647
-0.00699835
0.0229909
0.0499065
-0.0337683
0.0694933
0.0074089
0.0677951
0.0161236
0.0654724
0.0234625
0.0623241
0.0293982
0.0579487
0.0332518
0.0519139
0.0340422
0.0432023
0.0310751
0.0313962
0.0201292
0.0156748
0.00872304
0.0676665
0.0698674
0.0082207
0.0685381
0.017453
0.0665788
0.0254218
0.063791
0.032186
0.0597854
0.0372573
0.0541344
0.0396933
0.0458472
0.0393623
0.0341419
0.0318345
0.0178801
0.0249849
0.0858063
0.0702002
0.00870504
0.069201
0.0184521
0.0675706
0.0270522
0.0651127
0.0346439
0.0614519
0.0409182
0.05616
0.0449852
0.048265
0.0472573
0.0366873
0.0434121
0.0201009
0.0415713
0.103995
0.0704885
0.00890498
0.0697758
0.0191648
0.0684326
0.0283955
0.0662645
0.0368119
0.0629114
0.0442713
0.0579438
0.0499529
0.0504292
0.0547719
0.0391064
0.0547349
0.0225366
0.058141
0.12224
0.0707302
0.00886571
0.0702574
0.0196376
0.0691561
0.0294967
0.0672346
0.0387335
0.0641512
0.0473547
0.0594767
0.0546274
0.0523374
0.0619111
0.0413658
0.0657065
0.0250038
0.074503
0.140451
0.0709236
0.00863405
0.0706419
0.0199193
0.0697344
0.0304042
0.0680124
0.0404555
0.0651571
0.05021
0.0607404
0.0590441
0.0539591
0.0686924
0.0433962
0.0762695
0.0273807
0.0905185
0.158477
0.0710676
0.00825808
0.0709265
0.0200603
0.070162
0.0311686
0.0685894
0.0420282
0.0659155
0.0528839
0.0617155
0.0632441
0.0552641
0.0751438
0.0451432
0.0863904
0.0295982
0.106063
0.17616
0.0711614
0.00778679
0.0711094
0.0201123
0.0704354
0.0318427
0.0689592
0.0435043
0.0664168
0.0554262
0.0623874
0.0672736
0.0562314
0.0812997
0.0465647
0.0960572
0.031594
0.121034
0.193345
0.0712048
0.0711898
0.0705524
0.0691185
0.0666548
0.0627463
0.0568469
0.0476248
0.0333117
0.508293
-0.000761936
0.51065
-0.00235691
0.514748
-0.00409792
0.521009
-0.0062618
0.529906
-0.00889649
0.54193
-0.0120244
0.557228
-0.015298
0.576379
-0.0191506
0.598188
-0.0218088
-0.0257605
0.623948
0.435409
-0.0011325
0.436668
-0.00361607
0.439065
-0.00649498
0.443053
-0.0102495
0.449198
-0.0150418
0.458171
-0.0209967
0.470427
-0.0275543
0.486972
-0.035696
0.506884
-0.04172
-0.0516731
0.532796
0.372802
-0.00105453
0.372797
-0.00361149
0.37319
-0.00688742
0.374454
-0.0115135
0.377266
-0.0178545
0.382497
-0.026227
0.391085
-0.0361427
0.404556
-0.0491667
0.422807
-0.0599717
-0.0789541
0.450088
0.319122
-0.000582879
0.317977
-0.00246662
0.316486
-0.00539642
0.315078
-0.0101056
0.314453
-0.0172287
0.315548
-0.0273227
0.319783
-0.0403776
0.328946
-0.0583297
0.344878
-0.0759031
-0.106349
0.372273
0.273167
0.000173061
0.271166
-0.000465575
0.268188
-0.00241833
0.264549
-0.0064666
0.260839
-0.0135182
0.257894
-0.0243776
0.257334
-0.0398182
0.260914
-0.0619098
0.273106
-0.0880944
-0.130126
0.296882
0.233868
0.00109048
0.231346
0.00205612
0.227399
0.00152884
0.222194
-0.00126152
0.216107
-0.00743143
0.209729
-0.0179997
0.204465
-0.0345538
0.201922
-0.0593673
0.208317
-0.0944885
-0.144845
0.223036
0.200276
0.00206214
0.197538
0.00479386
0.193127
0.00594017
0.187062
0.00480286
0.179475
0.000155907
0.170623
-0.00914805
0.161359
-0.0252892
0.153097
-0.0511061
0.151603
-0.0929946
-0.143726
0.150484
0.17156
0.00300937
0.16884
0.00751403
0.164375
0.0104048
0.158069
0.0111097
0.149837
0.00838743
0.139617
0.00107209
0.127554
-0.0132261
0.114526
-0.038078
0.103112
-0.0815806
-0.118062
0.0774477
0.147008
0.00387991
0.144465
0.0100567
0.140241
0.0146295
0.134159
0.0171907
0.125992
0.0165545
0.115458
0.0116067
0.102113
0.000119007
0.0855834
-0.0215486
0.0620693
-0.0580665
-0.0601127
0.00412041
0.126012
0.123748
0.119948
0.114406
0.106806
0.096774
0.0836055
0.065857
0.0307814
-0.0630997
0.618763
0.00518483
0.614334
0.00442899
0.610866
0.00346845
0.608409
0.00245653
0.607015
0.00139393
0.606728
0.000287051
0.607585
-0.000856477
0.609614
-0.00202911
0.612837
-0.00322309
-0.00443005
0.617267
0.529191
0.00879013
0.526323
0.00729696
0.524361
0.00543031
0.523333
0.00348482
0.523274
0.00145301
0.52421
-0.00064967
0.52616
-0.00280606
0.529133
-0.00500199
0.533134
-0.00722419
-0.0094585
0.538162
0.448866
0.0100123
0.448355
0.0078082
0.448665
0.0051202
0.4498
0.00235022
0.451794
-0.00054148
0.454668
-0.00352352
0.458424
-0.00656194
0.463057
-0.00963539
0.46856
-0.0127268
-0.0158174
0.474919
0.373904
0.0083808
0.376316
0.00539632
0.379473
0.00196315
0.383349
-0.00152539
0.387992
-0.00518495
0.393418
-0.00894937
0.399607
-0.0127511
0.40653
-0.0165577
0.41415
-0.0203467
-0.0240908
0.422423
0.301531
0.00373218
0.307173
-0.000245368
0.313502
-0.00436575
0.320459
-0.00848231
0.3281
-0.0128258
0.336402
-0.0172515
0.345286
-0.0216349
0.354654
-0.0259263
0.364396
-0.0300888
-0.034075
0.374381
0.230317
-0.00354876
0.238756
-0.00868498
0.247711
-0.0133209
0.257107
-0.0178783
0.266941
-0.0226596
0.277079
-0.0273896
0.287337
-0.0318931
0.297516
-0.0361046
0.307389
-0.0399619
-0.0433909
0.316705
0.158654
-0.0117182
0.167515
-0.0175468
0.176329
-0.022135
0.185093
-0.0266419
0.193672
-0.0312385
0.201832
-0.0355498
0.209353
-0.0394137
0.216008
-0.0427597
0.221551
-0.045505
-0.0475597
0.22572
0.0826444
-0.0169149
0.0871132
-0.0220155
0.0910243
-0.0260461
0.0944731
-0.0300906
0.0972103
-0.0339757
0.0990346
-0.0373741
0.0998063
-0.0401854
0.099394
-0.0423474
0.097675
-0.043786
-0.0444136
0.094529
0.0024928
-0.0152873
-0.000810284
-0.0187124
-0.00415096
-0.0227054
-0.00768421
-0.0265574
-0.0117422
-0.0299178
-0.0164402
-0.0326761
-0.0218048
-0.0348208
-0.0278253
-0.0363269
-0.034474
-0.0371373
-0.0371543
-0.0417333
-0.0732488
-0.0824708
-0.0910083
-0.0992808
-0.107466
-0.115559
-0.123512
-0.131273
-0.138796
-0.146036
0.622912
-0.00564488
0.629762
-0.00685025
0.637802
-0.00804
0.647006
-0.00920379
0.657337
-0.0103312
0.668749
-0.0114118
0.681184
-0.0124354
0.694577
-0.0133923
0.70885
-0.0142734
-0.0150652
0.723915
0.544214
-0.011697
0.551273
-0.0139088
0.559317
-0.0160844
0.56832
-0.0182065
0.578246
-0.0202576
0.589055
-0.0222203
0.600698
-0.0240781
0.61312
-0.0258145
0.626263
-0.0274165
-0.0288435
0.640041
0.482118
-0.0188967
0.490131
-0.0219212
0.498925
-0.0248782
0.508462
-0.0277436
0.518697
-0.030493
0.529579
-0.033102
0.541048
-0.0355474
0.553039
-0.037805
0.565491
-0.0398686
-0.0416149
0.578262
0.431298
-0.0277714
0.440704
-0.0313276
0.450563
-0.0347374
0.460785
-0.0379651
0.471267
-0.040975
0.481898
-0.0437328
0.492558
-0.0462081
0.503121
-0.0483682
0.513487
-0.050234
-0.0515013
0.523373
0.384458
-0.0378489
0.394457
-0.0413267
0.404191
-0.0444716
0.413457
-0.047231
0.422037
-0.0495551
0.429705
-0.0514001
0.436229
-0.0527327
0.441388
-0.0535271
0.444947
-0.0537934
-0.0532949
0.446741
0.325191
-0.0463349
0.332556
-0.0486923
0.338495
-0.0504098
0.342684
-0.0514207
0.344796
-0.0516667
0.344504
-0.0511078
0.341501
-0.0497304
0.335493
-0.0475187
0.326206
-0.0445068
-0.0416499
0.314561
0.22823
-0.0488457
0.228787
-0.0492488
0.227057
-0.0486801
0.222682
-0.0470453
0.215298
-0.0442829
0.20459
-0.0403997
0.190315
-0.0354557
0.172347
-0.02955
0.15131
-0.0234707
-0.0200451
0.129706
0.0898021
-0.0441188
0.0833171
-0.0427638
0.0748364
-0.0401994
0.0641026
-0.0363116
0.0509275
-0.0311077
0.0353272
-0.0247994
0.0175729
-0.0177015
-0.00177883
-0.0101983
-0.0214689
-0.00378062
-0.00235501
-0.0391589
-0.0496255
-0.0362266
-0.0581637
-0.0342256
-0.0673512
-0.0310119
-0.0771075
-0.0265553
-0.08721
-0.0210052
-0.0972513
-0.0147581
-0.106645
-0.00830786
-0.114906
-0.00193686
-0.12215
0.00346295
0.00357791
-0.128083
-0.152955
-0.159439
-0.165319
-0.170324
-0.174097
-0.176278
-0.17651
-0.17424
-0.169399
-0.166129
0.724206
-0.000290997
0.716723
0.00748272
0.701498
0.0152257
0.680637
0.0208612
0.656733
0.0239039
0.632038
0.0246946
0.608311
0.0237268
0.586842
0.0214689
0.568378
0.0184646
0.553152
0.0152255
0.541036
0.0121164
0.53168
0.00935606
0.524636
0.00704346
0.519448
0.00518844
0.5157
0.00374806
0.513044
0.00265561
0.511203
0.00184114
0.509973
0.00123033
0.509173
0.000799909
0.000341913
0.638053
0.00169708
0.627259
0.0182774
0.609066
0.0334187
0.586552
0.0433749
0.562606
0.0478498
0.539249
0.048052
0.517855
0.0451208
0.499273
0.0400509
0.483809
0.0339279
0.471375
0.0276598
0.461656
0.021836
0.454233
0.0167782
0.448675
0.0126019
0.444583
0.00928009
0.44162
0.00671099
0.439512
0.00476376
0.438043
0.0033104
0.437057
0.00221677
0.436411
0.00144574
0.000619832
0.571798
0.00816159
0.555188
0.0348866
0.531651
0.0569558
0.505584
0.0694416
0.480319
0.0731157
0.457548
0.070822
0.438138
0.0645314
0.42232
0.0558687
0.409825
0.0464225
0.400172
0.0373136
0.392831
0.0291764
0.387313
0.0222963
0.383204
0.0167113
0.380173
0.0123105
0.377965
0.0089197
0.376379
0.00634908
0.375264
0.00442609
0.374508
0.00297196
0.37401
0.00194468
0.000836319
0.511785
0.0197501
0.490148
0.0565235
0.462041
0.0850625
0.433165
0.0983173
0.407216
0.0990652
0.385552
0.0924859
0.368504
0.0815798
0.355608
0.0687647
0.346041
0.055989
0.339
0.0443545
0.333813
0.0343636
0.32997
0.0261396
0.32711
0.019571
0.324984
0.014437
0.323413
0.0104902
0.322269
0.00749311
0.321452
0.00524332
0.320892
0.00353156
0.320518
0.00231899
0.00100036
0.437654
0.0288368
0.418752
0.0754261
0.392251
0.111563
0.365123
0.125445
0.341181
0.123008
0.322147
0.11152
0.308208
0.0955186
0.298426
0.078547
0.291653
0.0627615
0.286932
0.0490752
0.283561
0.0377347
0.281082
0.0286189
0.279218
0.0214348
0.277804
0.0158513
0.276734
0.0115599
0.275937
0.0082905
0.275355
0.00582513
0.27495
0.00393617
0.274675
0.00259389
0.00112217
0.327218
0.0161796
0.325374
0.07727
0.314012
0.122925
0.297628
0.14183
0.280468
0.140168
0.26641
0.125578
0.256465
0.105464
0.249899
0.0851136
0.245668
0.0669919
0.24289
0.051854
0.240956
0.0396685
0.239519
0.0300556
0.238402
0.0225518
0.237518
0.0167356
0.236821
0.0122567
0.236283
0.00882848
0.235879
0.00622933
0.235592
0.00422312
0.235393
0.00279258
0.00121119
0.182757
-0.0368719
0.212036
0.0479906
0.229019
0.105943
0.230952
0.139897
0.224934
0.146186
0.217917
0.132594
0.212548
0.110832
0.209092
0.0885699
0.207037
0.0690474
0.205781
0.0531094
0.204914
0.0405356
0.204227
0.0307422
0.203641
0.0231384
0.203133
0.0172437
0.202702
0.012687
0.202351
0.00917944
0.202077
0.00650384
0.201877
0.00442351
0.201735
0.0029345
0.0012754
0.0507795
-0.12681
0.113815
-0.0150447
0.154591
0.0651668
0.172169
0.122319
0.177039
0.141315
0.17699
0.132643
0.175888
0.111934
0.175095
0.0893629
0.174736
0.0694065
0.174581
0.0532644
0.174448
0.0406686
0.174267
0.0309238
0.174036
0.0233687
0.173783
0.0174968
0.173536
0.0129342
0.173316
0.00939967
0.173133
0.00668616
0.172995
0.00456173
0.172895
0.00303505
0.00132124
-0.0270198
-0.227873
0.0532951
-0.0953596
0.101688
0.0167741
0.127012
0.0969952
0.138918
0.129409
0.143826
0.127735
0.145876
0.109884
0.147007
0.088232
0.147803
0.0686105
0.148357
0.0527106
0.148682
0.0403432
0.148815
0.0307911
0.14881
0.0233739
0.148722
0.0175845
0.148597
0.0130593
0.148466
0.00953079
0.148348
0.0068042
0.148254
0.00465597
0.148183
0.00310585
0.00135367
-0.0591973
-0.334805
0.0210528
-0.17561
0.0689692
-0.0311422
0.0961418
0.0698226
0.110687
0.114864
0.117941
0.120481
0.121693
0.106131
0.1239
0.0860256
0.125336
0.0671745
0.126277
0.0517688
0.126856
0.0397651
0.127167
0.0304797
0.127296
0.0232451
0.127311
0.0175692
0.127265
0.0131054
0.127194
0.00960209
0.12712
0.00687792
0.127057
0.00471928
0.127007
0.00315541
0.00137646
0.010301
-0.345305
0.0202514
-0.18556
0.0244661
-0.035357
0.0293289
0.0649598
0.0354588
0.108734
0.0418799
0.11406
0.0475955
0.100416
0.0521943
0.0814268
0.0557023
0.0636666
0.0583355
0.0491356
0.060337
0.0377635
0.0619095
0.0289072
0.0632047
0.02195
0.0643324
0.0164415
0.0653717
0.0120662
0.0663796
0.00859417
0.0673978
0.00585971
0.068455
0.00366207
0.0695731
0.00203734
0.000179061
0.00945869
-0.355964
0.019068
-0.195169
0.0253296
-0.0416185
0.0319968
0.0582926
0.0388909
0.10184
0.0454749
0.107476
0.0510795
0.0948113
0.0554681
0.0770382
0.0587421
0.0603925
0.0611421
0.0467357
0.0629131
0.0359925
0.0642537
0.0275666
0.0653106
0.020893
0.0661899
0.0155622
0.0669673
0.0112887
0.0676971
0.00786431
0.0684186
0.0051382
0.0691581
0.00292266
0.0699351
0.00126032
-0.000651485
0.0095332
-0.366645
0.0183246
-0.203961
0.0258435
-0.0491374
0.0341242
0.0500119
0.0418986
0.0940652
0.0487303
0.100644
0.0542618
0.0892798
0.0584595
0.0728406
0.0615151
0.0573368
0.0636974
0.0445533
0.0652547
0.0344353
0.0663815
0.0264398
0.0672201
0.0200544
0.0678726
0.0149097
0.0684118
0.0107496
0.0688893
0.00738683
0.0693419
0.00468557
0.0697935
0.002471
0.0702619
0.000791961
-0.00115004
0.00988375
-0.377046
0.0178816
-0.211959
0.0262655
-0.0575213
0.0358273
0.04045
0.0444173
0.0854752
0.0515397
0.093522
0.057054
0.0837654
0.0611065
0.0687882
0.0639786
0.0544647
0.065971
0.0425609
0.0673386
0.0330677
0.0682746
0.0255039
0.0689181
0.0194109
0.0693684
0.0144594
0.0696953
0.0104227
0.0699481
0.00713396
0.0701617
0.00447204
0.0703575
0.00227512
0.0705516
0.0005979
-0.00135355
0.0102043
-0.38687
0.0175112
-0.219266
0.0265917
-0.0666017
0.0371566
0.0298851
0.046466
0.0761658
0.0538958
0.0860922
0.059441
0.0782202
0.0633934
0.0648359
0.0661177
0.0517404
0.0679488
0.0407297
0.069152
0.0318645
0.0699213
0.0247346
0.0703943
0.0189379
0.0706679
0.0141858
0.0708098
0.0102808
0.0708672
0.00707655
0.0708729
0.00446637
0.0708465
0.00230146
0.0708023
0.000642089
-0.00130076
0.0103821
-0.395807
0.0170877
-0.225971
0.0267527
-0.0762667
0.038117
0.0185208
0.04807
0.0662128
0.0558152
0.0783471
0.0614278
0.0726075
0.0653172
0.0609465
0.0679251
0.0491325
0.0696219
0.039033
0.0706852
0.0308011
0.0713123
0.0241075
0.0716399
0.0186103
0.0717635
0.0140623
0.0717487
0.0102955
0.0716409
0.00718429
0.0714712
0.00463607
0.0712576
0.00251514
0.0710126
0.000887015
-0.001032
0.0103925
-0.403624
0.0166033
-0.232182
0.0267471
-0.0864105
0.0387311
0.00653684
0.0492511
0.0556927
0.0573091
0.0702891
0.063016
0.0669007
0.0668738
0.0570886
0.0693938
0.0466125
0.0709819
0.0374448
0.0719302
0.0298529
0.0724397
0.023598
0.0726478
0.0184022
0.0726486
0.0140615
0.0725063
0.0104379
0.0722646
0.00742595
0.0719531
0.00494762
0.0715881
0.0028801
0.0711812
0.00129395
-0.000588912
0.0102491
-0.410156
0.0160843
-0.238017
0.0266107
-0.0969369
0.0390439
-0.00589638
0.0500386
0.044698
0.0583899
0.0619378
0.0642068
0.0610837
0.0680589
0.0532365
0.0705174
0.0441541
0.0720221
0.0359401
0.0728799
0.0289951
0.0732972
0.0231807
0.0734121
0.0182873
0.0733181
0.0141556
0.0730781
0.0106778
0.0727345
0.00776952
0.0723155
0.00536664
0.0718361
0.00335942
0.0713069
0.00182317
-1.42147e-05
0.00997437
-0.415298
0.0155545
-0.243597
0.0263794
-0.107762
0.0391032
-0.0186201
0.0504654
0.0333358
0.0590727
0.0533305
0.0650041
0.0551523
0.0688706
0.04937
0.0712915
0.0417333
0.0727373
0.0344943
0.0735294
0.0282029
0.0738799
0.0228302
0.0739284
0.0182388
0.0737679
0.014316
0.0734606
0.0109851
0.0730477
0.00818244
0.0725562
0.00585817
0.0720001
0.00391548
0.0713891
0.00243422
0.000648576
0.00959062
0.0150232
0.0260737
0.0389467
0.0505607
0.0593731
0.0654131
0.0693087
0.0717138
0.0731243
0.0738755
0.0741848
0.0741938
0.0739957
0.0736518
0.0732024
0.0726738
0.0720791
0.0714272
)
;

boundaryField
{
    inlet
    {
        type            calculated;
        value           nonuniform List<scalar> 
40
(
-0.126882
-0.148038
-0.172709
-0.201487
-0.235055
-0.274209
-0.319875
-0.373135
-0.435253
-0.507716
-0.0706849
-0.0706818
-0.0706791
-0.0706772
-0.0706765
-0.0706774
-0.0706801
-0.070685
-0.0706924
-0.070703
-0.0706665
-0.0706729
-0.0706792
-0.0706845
-0.0706884
-0.0706909
-0.0706919
-0.0706916
-0.0706901
-0.0706878
-0.507531
-0.435039
-0.37288
-0.319594
-0.273923
-0.234785
-0.201247
-0.172507
-0.147878
-0.126774
)
;
    }
    outlet
    {
        type            calculated;
        value           nonuniform List<scalar> 
40
(
0.126754
0.147836
0.172422
0.201094
0.234531
0.273525
0.319002
0.372044
0.433919
0.50612
0.0707143
0.0707083
0.0707023
0.0706962
0.0706902
0.070684
0.0706778
0.0706715
0.070665
0.0706584
0.0707705
0.0707656
0.0707605
0.0707551
0.0707496
0.0707439
0.0707381
0.0707322
0.0707263
0.0707203
0.508831
0.436133
0.373793
0.320354
0.274554
0.235304
0.20167
0.172849
0.14815
0.126984
)
;
    }
    top
    {
        type            symmetryPlane;
        value           uniform 0;
    }
    bottom
    {
        type            symmetryPlane;
        value           uniform 0;
    }
    cylinder
    {
        type            calculated;
        value           nonuniform List<scalar> 
80
(
-2.24957e-18
-2.09323e-18
3.84833e-18
1.52795e-17
-1.51e-17
1.8551e-17
-4.38623e-18
-9.69617e-18
-1.31433e-18
2.12433e-17
2.12727e-18
-8.59637e-18
9.53378e-18
-1.28448e-17
-7.04719e-18
-1.34561e-17
-4.71905e-17
-3.74792e-18
2.98678e-17
-4.94195e-17
1.75591e-17
-2.98678e-17
3.74792e-18
1.9435e-17
1.48831e-17
-1.70841e-17
1.28448e-17
-9.53378e-18
8.59637e-18
3.10856e-19
2.24957e-18
2.09323e-18
-3.84833e-18
-1.52795e-17
3.70194e-18
5.29072e-18
3.48153e-17
9.69617e-18
-2.64412e-17
-4.47323e-17
2.12433e-17
2.64412e-17
-9.69617e-18
2.06958e-17
1.8551e-17
-3.70194e-18
1.52795e-17
3.84833e-18
-2.09323e-18
-2.24957e-18
-1.75591e-17
2.11226e-18
-3.74792e-18
-4.08916e-17
1.57265e-17
1.70841e-17
-1.28448e-17
9.53378e-18
-8.59637e-18
-3.10856e-19
3.10856e-19
8.59637e-18
-9.53378e-18
1.28448e-17
-1.70841e-17
1.48831e-17
4.08916e-17
3.74792e-18
-2.11226e-18
1.75591e-17
-2.12433e-17
1.31433e-18
9.69617e-18
4.38623e-18
3.30463e-17
1.51e-17
-1.52795e-17
-3.84833e-18
2.09323e-18
2.24957e-18
)
;
    }
    frontandback
    {
        type            empty;
        value           nonuniform 0();
    }
}


// ************************************************************************* //
