/*--------------------------------*- C++ -*----------------------------------*\
  =========                 |
  \\      /  F ield         | OpenFOAM: The Open Source CFD Toolbox
   \\    /   O peration     | Website:  https://openfoam.org
    \\  /    A nd           | Version:  6.0
     \\/     M anipulation  |
\*---------------------------------------------------------------------------*/
FoamFile
{
    version     2.0;
    format      ascii;
    class       volVectorField;
    location    "19.25";
    object      U;
}
// * * * * * * * * * * * * * * * * * * * * * * * * * * * * * * * * * * * * * //

dimensions      [0 1 -1 0 0 0 0];

internalField   nonuniform List<vector> 
2400
(
(0.0179309 -0.434527 -1.20486e-20)
(0.00563093 -0.338172 5.38466e-21)
(-0.00375756 -0.265765 -5.98208e-21)
(-0.0106885 -0.211584 -3.88808e-21)
(-0.015163 -0.170942 -6.78729e-21)
(-0.0172852 -0.14018 9.3698e-21)
(-0.017498 -0.11654 3.82092e-21)
(-0.0163112 -0.0979783 3.59944e-21)
(-0.0142088 -0.0830037 -8.37576e-21)
(-0.0121688 -0.0705651 -6.44308e-22)
(0.0515756 -0.428195 1.34474e-20)
(0.0321224 -0.330594 -1.37103e-21)
(0.0185447 -0.259074 2.8237e-21)
(0.00958764 -0.206832 3.66535e-20)
(0.00466587 -0.168503 -2.79406e-20)
(0.00323578 -0.139989 -1.46752e-21)
(0.00451898 -0.118255 -3.30605e-22)
(0.00776505 -0.101065 -3.7495e-21)
(0.0123313 -0.0867787 -6.63541e-21)
(0.01692 -0.0742995 -2.63346e-21)
(0.0844622 -0.419672 2.4885e-20)
(0.0581313 -0.3222 2.53547e-20)
(0.0412902 -0.252604 -7.32165e-20)
(0.0315365 -0.203069 2.42527e-20)
(0.0275343 -0.167623 4.03633e-20)
(0.0282216 -0.141785 -2.33112e-20)
(0.0324428 -0.122278 -2.01637e-20)
(0.0391914 -0.10668 1.90149e-20)
(0.0476666 -0.0931658 -4.3403e-20)
(0.0561485 -0.0805824 4.61822e-20)
(0.11657 -0.409195 -8.7059e-20)
(0.0839565 -0.313458 4.3503e-20)
(0.0650222 -0.246869 -4.31099e-20)
(0.0558783 -0.200764 2.21253e-20)
(0.0542746 -0.168684 -2.57267e-20)
(0.0585555 -0.145862 4.13414e-20)
(0.0671544 -0.128848 2.24451e-20)
(0.0788029 -0.115048 -6.80239e-20)
(0.0925531 -0.102401 -6.67558e-20)
(0.106159 -0.0896703 7.85317e-20)
(0.147926 -0.396992 3.54572e-21)
(0.110052 -0.304745 -1.69552e-20)
(0.0905153 -0.242216 -7.62064e-21)
(0.0836102 -0.200132 -9.45274e-21)
(0.0860182 -0.171729 -6.3994e-20)
(0.0954234 -0.152094 1.04798e-20)
(0.109824 -0.137707 -7.04251e-21)
(0.127696 -0.125846 7.44475e-20)
(0.147972 -0.11417 -5.25583e-20)
(0.167784 -0.101315 -3.83348e-20)
(0.178629 -0.383283 8.44124e-20)
(0.137035 -0.296344 -8.61793e-21)
(0.118762 -0.238805 1.31741e-19)
(0.115975 -0.201112 -1.69883e-20)
(0.124153 -0.176425 8.28039e-20)
(0.140263 -0.159862 -9.47358e-21)
(0.161847 -0.147982 -7.54903e-22)
(0.187146 -0.13804 6.0878e-20)
(0.215032 -0.127403 -3.41152e-20)
(0.241944 -0.114553 6.59952e-20)
(0.20886 -0.368269 -3.199e-20)
(0.165675 -0.288422 1.13665e-20)
(0.150926 -0.236596 -3.3788e-20)
(0.154387 -0.203365 -4.25513e-20)
(0.170228 -0.182074 -4.54683e-21)
(0.194652 -0.168066 1.40686e-19)
(0.224729 -0.158181 -5.06753e-20)
(0.25848 -0.149836 2.5237e-20)
(0.29482 -0.1402 -8.75332e-20)
(0.329515 -0.127611 -5.59058e-20)
(0.238882 -0.352119 1.54299e-19)
(0.196857 -0.281009 -1.75671e-20)
(0.188259 -0.235342 -1.83969e-19)
(0.200297 -0.206303 1.03962e-20)
(0.225769 -0.187677 4.50896e-20)
(0.260083 -0.175219 -6.74211e-20)
(0.299805 -0.166256 -9.12249e-20)
(0.342741 -0.158648 1.39112e-19)
(0.388034 -0.149603 -1.17957e-20)
(0.431027 -0.137504 -1.29249e-19)
(0.269041 -0.334948 -1.29694e-19)
(0.231515 -0.273958 7.66503e-20)
(0.231969 -0.234583 1.21678e-19)
(0.255018 -0.209145 3.32705e-20)
(0.292082 -0.192089 -1.30491e-19)
(0.337743 -0.179665 8.68873e-20)
(0.387986 -0.169769 5.42743e-20)
(0.440285 -0.160856 1.15109e-19)
(0.494159 -0.150471 -7.04029e-20)
(0.545426 -0.137979 -1.04003e-19)
(0.299728 -0.316736 4.42271e-20)
(0.270501 -0.266875 -1.82127e-20)
(0.283029 -0.233649 -6.00115e-22)
(0.319513 -0.211061 3.79045e-20)
(0.370126 -0.194409 3.24095e-20)
(0.428742 -0.180412 -2.28781e-20)
(0.490841 -0.167309 -4.62956e-20)
(0.553362 -0.153795 7.42643e-20)
(0.615404 -0.137922 -6.30954e-20)
(0.673686 -0.121969 5.8272e-20)
(0.61748 -0.00933355 3.94345e-21)
(0.591036 -0.0552373 1.13867e-20)
(0.561474 -0.0973083 -3.80717e-20)
(0.529741 -0.135506 3.34288e-20)
(0.496672 -0.169936 1.25785e-20)
(0.462985 -0.20084 1.55992e-19)
(0.429253 -0.228565 -5.96722e-20)
(0.39589 -0.25353 -7.99112e-20)
(0.363167 -0.276211 8.28409e-20)
(0.331193 -0.297131 -1.43482e-19)
(0.832835 0.0173687 1.39842e-20)
(0.780131 -0.0411678 -4.50379e-21)
(0.721814 -0.0922516 -3.77694e-20)
(0.660047 -0.135536 1.00115e-19)
(0.596879 -0.171087 -3.34199e-20)
(0.534174 -0.19936 2.51615e-19)
(0.47351 -0.221141 -1.55168e-19)
(0.416127 -0.237492 2.21181e-19)
(0.362898 -0.249673 -1.50444e-19)
(0.314319 -0.259052 -7.67493e-20)
(1.01843 0.066825 -2.77769e-20)
(0.955029 -0.000879397 4.07502e-21)
(0.882716 -0.0602603 -1.20542e-19)
(0.804155 -0.110388 9.27247e-20)
(0.72209 -0.150874 -9.37422e-20)
(0.639187 -0.181879 -1.75435e-19)
(0.557873 -0.204094 -5.68329e-20)
(0.480206 -0.218691 -4.85e-20)
(0.407797 -0.227252 1.53616e-19)
(0.341807 -0.23163 7.92606e-20)
(1.16843 0.116786 1.26865e-20)
(1.10435 0.0440021 -2.22013e-20)
(1.02819 -0.0211344 -3.00618e-20)
(0.942594 -0.077132 -1.17883e-19)
(0.850491 -0.12303 6.87361e-20)
(0.754961 -0.158468 1.98698e-19)
(0.659006 -0.183736 8.55486e-20)
(0.565353 -0.19979 1.65693e-20)
(0.476311 -0.208228 4.52815e-20)
(0.393786 -0.211204 -1.42363e-21)
(1.28303 0.159354 -1.49573e-20)
(1.2245 0.0851757 -5.87634e-20)
(1.15145 0.017186 7.88488e-21)
(1.06605 -0.0427158 1.02064e-19)
(0.971008 -0.0930489 1.04842e-19)
(0.869418 -0.132878 -6.91019e-20)
(0.764509 -0.161939 -1.28594e-19)
(0.659402 -0.180757 -6.20129e-20)
(0.556895 -0.190741 7.26748e-20)
(0.459501 -0.194263 9.91318e-20)
(1.36581 0.192691 3.13122e-21)
(1.31631 0.119979 4.99518e-20)
(1.25076 0.051716 -1.16969e-19)
(1.17066 -0.00998919 1.46461e-19)
(1.07818 -0.0632736 8.63627e-20)
(0.976065 -0.106676 1.5667e-19)
(0.867406 -0.139321 -3.34967e-20)
(0.755381 -0.161159 -8.91297e-20)
(0.642888 -0.173234 2.11066e-19)
(0.532606 -0.178136 -1.71417e-19)
(1.42188 0.216744 7.68623e-21)
(1.38276 0.147445 -6.00114e-20)
(1.32706 0.080901 -3.73445e-20)
(1.2555 0.0192425 -7.97426e-20)
(1.16954 -0.0354544 -1.12608e-20)
(1.07131 -0.0813101 -1.17223e-19)
(0.963484 -0.116843 -7.25181e-20)
(0.848936 -0.141306 -1.50055e-20)
(0.730151 -0.15517 -1.30939e-19)
(0.609011 -0.161269 1.85917e-19)
(1.45653 0.2325 -6.79529e-21)
(1.42774 0.167704 5.01837e-20)
(1.38267 0.104204 -2.23349e-20)
(1.32136 0.0439972 4.99103e-20)
(1.24447 -0.0107968 1.22431e-19)
(1.15345 -0.0580195 1.9924e-19)
(1.05035 -0.0956216 -5.72465e-20)
(0.937508 -0.121999 -1.96132e-19)
(0.816493 -0.136636 5.33329e-20)
(0.686726 -0.142374 -3.05731e-19)
(1.47454 0.241568 9.8951e-21)
(1.45513 0.181591 -1.18023e-20)
(1.4204 0.121737 -1.21087e-19)
(1.3698 0.0637552 3.69872e-20)
(1.30332 0.00965104 -8.58422e-20)
(1.22168 -0.0383012 -3.56061e-20)
(1.12633 -0.077572 -2.83647e-20)
(1.01913 -0.105514 8.1597e-20)
(0.900663 -0.119728 9.39491e-20)
(0.765957 -0.121261 5.73366e-20)
(1.47964 0.245537 -2.40116e-20)
(1.46823 0.190499 4.30543e-20)
(1.44289 0.134565 2.01073e-20)
(1.40264 0.0791442 6.12631e-20)
(1.3469 0.0259831 -7.0369e-21)
(1.27578 -0.022728 -4.69114e-21)
(1.19021 -0.0642114 -1.58772e-19)
(1.09193 -0.0949251 2.02616e-19)
(0.981675 -0.110057 -1.25406e-19)
(0.84877 -0.104886 2.62073e-20)
(0.537635 0.499606 -5.46919e-20)
(0.577469 0.460209 6.33043e-20)
(0.610956 0.415372 1.14217e-21)
(0.637426 0.366058 -1.5811e-19)
(0.656373 0.313354 1.1771e-19)
(0.667564 0.258451 -8.85036e-20)
(0.671045 0.20257 -2.16095e-20)
(0.667131 0.146886 -2.06367e-20)
(0.656393 0.0924661 3.41984e-20)
(0.639608 0.0401927 2.37617e-21)
(0.752312 0.673857 8.04196e-20)
(0.812649 0.6315 2.15446e-20)
(0.863619 0.579019 -1.12339e-19)
(0.903678 0.51796 -1.38309e-19)
(0.931577 0.450121 1.09637e-19)
(0.946501 0.377526 -9.86502e-20)
(0.948128 0.302337 1.17894e-19)
(0.93665 0.226744 -3.09173e-20)
(0.91278 0.152849 -1.03649e-19)
(0.877705 0.0825326 -7.79383e-21)
(0.886246 0.754262 -6.0842e-21)
(0.958457 0.717917 2.12552e-21)
(1.02124 0.669239 7.47231e-20)
(1.07249 0.609708 7.57899e-20)
(1.11041 0.541113 1.74474e-19)
(1.13362 0.465545 6.27717e-20)
(1.14125 0.385325 -4.2307e-20)
(1.13297 0.302916 -9.34638e-20)
(1.10908 0.220807 7.58607e-20)
(1.07045 0.141388 5.22662e-21)
(0.967815 0.773975 2.10924e-20)
(1.04587 0.745937 -5.04535e-20)
(1.11573 0.705067 -2.51143e-20)
(1.175 0.652531 -1.43505e-19)
(1.22157 0.589809 -8.80794e-20)
(1.25368 0.518712 1.69434e-19)
(1.26998 0.441334 1.15624e-19)
(1.26961 0.359992 -9.73935e-20)
(1.25227 0.277141 4.5311e-21)
(1.21827 0.195272 -4.35556e-21)
(1.016 0.757621 -5.63978e-20)
(1.09578 0.737347 9.6952e-20)
(1.16896 0.704796 -2.53176e-20)
(1.23308 0.660752 7.76127e-20)
(1.28591 0.606307 -5.4187e-20)
(1.32554 0.542891 -1.02071e-19)
(1.35033 0.472228 5.4436e-20)
(1.35904 0.396299 -5.76099e-20)
(1.35085 0.31729 -5.76442e-20)
(1.32545 0.237523 2.52898e-20)
(1.04382 0.7221 -1.02195e-20)
(1.12277 0.708097 1.75491e-20)
(1.19659 0.682968 -1.67586e-20)
(1.26281 0.647074 -1.46519e-19)
(1.31932 0.601142 8.46107e-20)
(1.36425 0.546245 1.70149e-20)
(1.39592 0.483733 -9.35833e-20)
(1.4129 0.415209 -3.4574e-20)
(1.414 0.342501 3.24596e-20)
(1.39845 0.267619 -9.20863e-21)
(1.05988 0.678112 -1.13687e-20)
(1.13685 0.668828 4.94046e-21)
(1.20957 0.649832 2.31065e-20)
(1.27573 0.620991 8.25862e-20)
(1.33356 0.582738 2.10087e-20)
(1.38144 0.535887 5.35897e-20)
(1.41784 0.481487 1.14265e-19)
(1.4413 0.42081 -4.88888e-20)
(1.4505 0.35533 4.58788e-20)
(1.44432 0.286705 -1.72926e-20)
(1.06972 0.632082 -1.26055e-20)
(1.14436 0.626593 1.83124e-20)
(1.21487 0.612603 1.76212e-20)
(1.2793 0.589504 -4.271e-20)
(1.3365 0.557632 -2.81414e-20)
(1.38527 0.517681 -5.85623e-20)
(1.4243 0.470516 8.32783e-21)
(1.45225 0.417162 -1.38416e-20)
(1.46776 0.358798 -9.76393e-20)
(1.46958 0.296754 1.37457e-20)
(1.07747 0.588349 -1.93077e-21)
(1.14912 0.586411 -1.18659e-20)
(1.21622 0.57643 -1.52709e-20)
(1.27756 0.557684 9.32703e-21)
(1.33268 0.530708 -3.89069e-21)
(1.38078 0.496244 5.19247e-20)
(1.42075 0.455057 2.35416e-20)
(1.4514 0.407997 3.80538e-20)
(1.47144 0.356012 4.68546e-20)
(1.47959 0.300151 -2.01779e-20)
(1.08927 0.548515 -9.42352e-22)
(1.15603 0.548035 1.99735e-20)
(1.21765 0.540524 -5.76917e-20)
(1.27422 0.524847 -4.34557e-21)
(1.32583 0.501694 7.70956e-20)
(1.37181 0.471818 3.76367e-21)
(1.41118 0.435865 4.68938e-20)
(1.44285 0.394503 -1.04066e-19)
(1.46565 0.348458 -1.27616e-21)
(1.47834 0.298517 1.07051e-20)
(0.59686 0.192359 -8.30381e-21)
(0.556097 0.207852 2.92378e-21)
(0.509409 0.226357 9.66494e-22)
(0.456015 0.249023 -1.56392e-20)
(0.394992 0.277343 6.96776e-21)
(0.325833 0.312869 2.06438e-20)
(0.248962 0.356579 -1.92462e-20)
(0.16665 0.407514 -4.95402e-21)
(0.0871068 0.460204 -5.95712e-21)
(0.0323392 0.500244 -2.1911e-20)
(0.619295 0.250025 -2.28576e-20)
(0.580422 0.270335 4.813e-20)
(0.535662 0.294102 -4.43524e-20)
(0.484554 0.32221 -7.53377e-21)
(0.426226 0.35568 1.25428e-20)
(0.360155 0.395095 -1.47839e-20)
(0.286656 0.43968 -4.18083e-20)
(0.207635 0.485547 4.85568e-20)
(0.130377 0.522455 -7.37315e-23)
(0.0748553 0.528331 2.21793e-20)
(0.649213 0.304871 -7.62108e-20)
(0.612949 0.329765 8.11427e-20)
(0.570809 0.358559 2.82757e-20)
(0.522736 0.391818 1.54745e-21)
(0.467861 0.430084 1.81821e-20)
(0.405514 0.472978 7.15745e-21)
(0.335671 0.517997 -1.19114e-20)
(0.259476 0.558415 -2.63646e-20)
(0.18256 0.579471 -1.9308e-20)
(0.121501 0.552032 2.84808e-20)
(0.686245 0.355907 -6.31459e-20)
(0.653222 0.385038 5.93514e-20)
(0.614332 0.418495 4.76504e-20)
(0.56998 0.456447 -3.26582e-20)
(0.519239 0.498954 -1.20509e-19)
(0.461164 0.544703 3.89764e-20)
(0.395173 0.589527 -2.80539e-20)
(0.321271 0.624042 7.68021e-20)
(0.242787 0.629402 6.78485e-20)
(0.171687 0.570377 -6.00331e-20)
(0.729875 0.402244 -4.53585e-20)
(0.700607 0.435161 2.05931e-20)
(0.665507 0.472787 -5.72869e-20)
(0.625468 0.514806 4.49836e-20)
(0.579427 0.560809 -2.1736e-20)
(0.526041 0.608584 -1.8283e-20)
(0.463964 0.65241 -1.83476e-20)
(0.391734 0.68051 -3.17812e-21)
(0.309821 0.670555 -2.69938e-20)
(0.224604 0.582505 -1.61246e-20)
(0.779421 0.443123 1.14077e-19)
(0.754281 0.47928 2.32328e-20)
(0.723403 0.520448 -7.82015e-20)
(0.68815 0.565746 7.33365e-20)
(0.647231 0.614316 3.36063e-20)
(0.598783 0.663104 5.47505e-20)
(0.540512 0.704984 -3.24453e-21)
(0.469219 0.726125 3.37789e-20)
(0.382098 0.701472 8.27371e-21)
(0.279266 0.587714 3.294e-20)
(0.834008 0.477951 -1.24068e-19)
(0.813216 0.516706 1.43759e-19)
(0.786869 0.560651 -6.96737e-20)
(0.756744 0.608277 -3.90629e-20)
(0.721203 0.658318 6.81926e-22)
(0.677748 0.706954 -5.35738e-20)
(0.622982 0.745829 3.63908e-20)
(0.55177 0.759479 4.17221e-20)
(0.457783 0.720984 5.69359e-21)
(0.334553 0.585497 -2.47402e-20)
(0.892512 0.506399 -8.98266e-21)
(0.876129 0.546938 -5.62161e-20)
(0.854513 0.592718 2.38727e-20)
(0.829741 0.64156 -5.51878e-21)
(0.799666 0.691843 -1.89424e-20)
(0.761048 0.739051 9.96495e-21)
(0.70928 0.773813 -4.05279e-21)
(0.637179 0.779493 -7.32424e-21)
(0.534832 0.728262 4.10731e-21)
(0.389253 0.575559 -7.94849e-21)
(0.953523 0.528605 1.97433e-20)
(0.941477 0.569889 6.44244e-21)
(0.924798 0.616272 -4.08687e-20)
(0.90553 0.665002 3.21658e-20)
(0.880811 0.714153 -1.56047e-20)
(0.846629 0.75858 -2.08954e-21)
(0.797124 0.788118 -6.23478e-21)
(0.72306 0.785461 -2.01533e-21)
(0.611085 0.722859 -4.76314e-20)
(0.442137 0.55785 3.02513e-20)
(1.01369 0.542267 -2.73584e-20)
(1.00566 0.583455 1.99368e-20)
(0.995003 0.629772 -7.04419e-21)
(0.981854 0.677548 -2.77853e-21)
(0.96245 0.724467 -8.9087e-21)
(0.932204 0.764907 -4.4912e-21)
(0.884081 0.78824 6.35884e-21)
(0.806933 0.777058 3.45787e-20)
(0.684354 0.704692 4.64027e-20)
(0.492027 0.532531 7.21372e-21)
(0.769778 -0.318509 1.40772e-19)
(0.740592 -0.339834 -8.80006e-20)
(0.703489 -0.359225 3.3422e-20)
(0.657843 -0.371598 -7.61964e-20)
(0.598891 -0.372243 -4.99846e-20)
(0.520597 -0.353633 -7.74742e-20)
(0.41537 -0.304853 -9.41305e-20)
(0.273677 -0.211529 -4.31225e-20)
(0.0842208 -0.0554349 -5.98353e-20)
(-0.167441 0.186245 2.97003e-20)
(0.727134 -0.285174 -8.42347e-20)
(0.696857 -0.305072 -6.98808e-20)
(0.657927 -0.323613 1.20763e-19)
(0.61062 -0.336245 5.93939e-20)
(0.55119 -0.338148 8.82917e-20)
(0.474338 -0.321759 -1.48825e-19)
(0.373454 -0.276018 5.1332e-20)
(0.240417 -0.186063 1.05233e-19)
(0.0663029 -0.0325025 7.17329e-20)
(-0.158705 0.209837 -7.6591e-20)
(0.68719 -0.245575 3.96736e-20)
(0.654988 -0.263458 -1.61249e-20)
(0.614454 -0.280411 1.71022e-19)
(0.5656 -0.292321 -1.03175e-19)
(0.505405 -0.294413 -8.40607e-20)
(0.429424 -0.279304 4.84971e-20)
(0.332169 -0.236122 -7.14306e-22)
(0.207142 -0.150039 -2.11072e-19)
(0.0481434 -0.00135255 -8.58525e-21)
(-0.149414 0.236075 6.73558e-20)
(0.652252 -0.20163 2.62181e-19)
(0.617709 -0.216731 -1.22589e-19)
(0.575317 -0.231028 4.12274e-20)
(0.52475 -0.240954 -7.04416e-20)
(0.463498 -0.241967 1.84259e-19)
(0.387925 -0.227023 -9.81224e-21)
(0.293688 -0.185722 -3.47949e-20)
(0.175993 -0.103781 5.46488e-21)
(0.0315384 0.0379246 1.741e-20)
(-0.138744 0.264962 -8.76612e-20)
(0.623107 -0.153249 -2.26525e-19)
(0.5862 -0.165003 -2.47184e-21)
(0.541906 -0.175868 9.20962e-20)
(0.489614 -0.182813 -4.47635e-21)
(0.427204 -0.181639 -1.05935e-20)
(0.351781 -0.165805 1.21236e-19)
(0.260104 -0.125662 -2.26698e-20)
(0.14907 -0.0479893 2.79565e-20)
(0.0182673 0.0848525 5.39594e-21)
(-0.125887 0.296276 1.16897e-19)
(0.600366 -0.100818 8.34875e-21)
(0.561342 -0.108758 -1.32746e-19)
(0.515337 -0.115587 1.19738e-19)
(0.461505 -0.11874 -1.05235e-20)
(0.39805 -0.114432 2.02836e-20)
(0.322731 -0.0967549 -1.0229e-19)
(0.233331 -0.0570786 -1.53041e-20)
(0.128325 0.0162778 -7.68769e-21)
(0.0100108 0.138594 -5.35646e-20)
(-0.110078 0.329597 -2.54361e-20)
(0.584554 -0.0450588 1.16668e-19)
(0.543849 -0.0487744 -1.11284e-19)
(0.496505 -0.0510737 -5.2866e-21)
(0.441507 -0.0497775 -1.32127e-19)
(0.377319 -0.0415428 7.21756e-20)
(0.30227 -0.0212085 -4.57019e-20)
(0.215037 0.0186151 3.83652e-20)
(0.115484 0.0876365 -7.36396e-20)
(0.00827084 0.197991 -6.90576e-20)
(-0.090639 0.36432 -4.9493e-20)
(0.576078 0.0131516 7.30843e-20)
(0.534271 0.0139955 -7.42786e-20)
(0.486104 0.0166117 3.29404e-20)
(0.430465 0.0228684 2.32218e-20)
(0.366034 0.0356521 -4.28831e-20)
(0.291605 0.0592955 7.37389e-20)
(0.206592 0.0997602 4.49409e-20)
(0.111981 0.164422 -1.36626e-19)
(0.0143059 0.261604 2.3013e-20)
(-0.0670105 0.399682 5.96147e-20)
(0.57522 0.0728316 7.75683e-20)
(0.532998 0.0784721 -1.17678e-20)
(0.484625 0.0862751 -6.74427e-21)
(0.428991 0.0978522 -5.37725e-22)
(0.364949 0.115628 2.8808e-20)
(0.291644 0.143045 -8.51228e-20)
(0.209039 0.184494 7.0197e-20)
(0.11892 0.244734 5.46433e-21)
(0.0290833 0.327767 -2.57709e-21)
(-0.0387868 0.434803 4.35879e-20)
(0.582137 0.132928 -2.25112e-20)
(0.540255 0.143491 -2.36546e-21)
(0.492363 0.156631 6.25681e-21)
(0.437463 0.173732 6.95361e-21)
(0.374539 0.196752 1.75271e-20)
(0.302971 0.228203 -1.2674e-20)
(0.223062 0.270799 -7.43875e-21)
(0.137033 0.326494 -1.15934e-20)
(0.0532528 0.394632 1.07257e-20)
(-0.00571594 0.468706 -7.84355e-21)
(0.829356 -0.352102 1.39596e-19)
(0.879049 -0.374343 -5.15147e-20)
(0.924691 -0.391189 1.34873e-20)
(0.966464 -0.400756 5.5735e-20)
(1.00448 -0.403216 2.88179e-20)
(1.03785 -0.39898 2.38421e-21)
(1.06521 -0.388252 3.51557e-21)
(1.08503 -0.371246 -1.89909e-21)
(1.09565 -0.3483 -1.01995e-21)
(1.09537 -0.319945 9.06091e-22)
(0.793008 -0.369513 6.44093e-20)
(0.844781 -0.391304 5.22067e-20)
(0.893275 -0.406607 4.8684e-20)
(0.937206 -0.414138 -1.43159e-20)
(0.975889 -0.413886 -1.27834e-20)
(1.00832 -0.406196 -1.09325e-20)
(1.03314 -0.39142 2.26846e-21)
(1.04879 -0.370028 9.99096e-22)
(1.05365 -0.342683 1.58772e-21)
(1.0462 -0.310303 -1.82751e-21)
(0.754342 -0.386444 -1.89461e-19)
(0.806083 -0.405815 1.90965e-20)
(0.855032 -0.417923 -9.2246e-20)
(0.898947 -0.421994 -1.46662e-20)
(0.936452 -0.417898 4.73421e-20)
(0.966225 -0.40595 1.52963e-20)
(0.986797 -0.386668 -6.78751e-22)
(0.996655 -0.360796 -1.47374e-21)
(0.99437 -0.32934 -6.3233e-21)
(0.978764 -0.293597 1.28428e-21)
(0.707872 -0.397282 -5.00438e-20)
(0.758162 -0.414002 -7.3031e-20)
(0.80549 -0.42233 -7.01307e-21)
(0.847288 -0.422043 -2.37586e-20)
(0.881666 -0.413232 -2.48654e-20)
(0.906986 -0.39639 -2.32972e-21)
(0.921712 -0.372306 -3.68165e-21)
(0.924463 -0.342056 -7.45763e-23)
(0.914131 -0.307012 6.38888e-21)
(0.890026 -0.268834 -1.52411e-21)
(0.647613 -0.395873 -1.08542e-19)
(0.695314 -0.409465 1.13892e-19)
(0.739256 -0.413602 6.35269e-21)
(0.776888 -0.408548 -5.4895e-21)
(0.80611 -0.394787 1.32424e-20)
(0.825173 -0.373149 5.11948e-21)
(0.832623 -0.344786 -3.59584e-21)
(0.827359 -0.311145 7.31119e-21)
(0.808722 -0.273955 -1.19605e-21)
(0.776619 -0.235171 -6.39273e-22)
(0.566516 -0.374393 1.56066e-19)
(0.610023 -0.384392 -8.64943e-20)
(0.648682 -0.38431 -2.63253e-20)
(0.680121 -0.374834 -6.09624e-21)
(0.702322 -0.356882 -1.06637e-20)
(0.713673 -0.331688 5.3672e-21)
(0.713 -0.300787 -4.03284e-21)
(0.699627 -0.265971 -3.20711e-21)
(0.673446 -0.229237 2.06581e-21)
(0.634982 -0.192686 2.79965e-21)
(0.455846 -0.322369 2.54254e-20)
(0.492744 -0.329027 1.57824e-20)
(0.523877 -0.325703 3.19592e-21)
(0.547173 -0.313451 -9.92405e-21)
(0.560907 -0.293584 3.05545e-20)
(0.563824 -0.267698 1.37939e-21)
(0.555189 -0.237626 -6.75772e-22)
(0.534844 -0.205371 5.72179e-22)
(0.503239 -0.173014 2.94795e-21)
(0.461436 -0.142593 -2.13052e-21)
(0.304794 -0.226455 7.35087e-20)
(0.33177 -0.231462 5.26359e-20)
(0.352768 -0.227631 -8.85917e-20)
(0.366134 -0.216273 -1.65861e-20)
(0.370609 -0.198941 -2.94218e-20)
(0.365422 -0.177403 -1.67105e-21)
(0.350345 -0.15357 -7.08258e-21)
(0.325709 -0.129397 9.27506e-21)
(0.292396 -0.106779 -7.33038e-23)
(0.251783 -0.0874368 4.53959e-21)
(0.100112 -0.0703967 -1.34343e-20)
(0.112513 -0.0779977 -8.76269e-20)
(0.120109 -0.079355 6.63496e-20)
(0.121825 -0.0757514 -2.23803e-20)
(0.116964 -0.0686278 2.89332e-20)
(0.105259 -0.0595373 -1.65843e-21)
(0.0868938 -0.0500636 -5.67401e-21)
(0.062489 -0.041728 1.41778e-22)
(0.0330556 -0.0358981 -4.44302e-22)
(-8.80753e-05 -0.0337145 -2.32561e-21)
(-0.176458 0.165014 -1.35081e-20)
(-0.186025 0.146112 4.58895e-20)
(-0.196733 0.12889 -1.90848e-20)
(-0.208903 0.112706 5.89837e-21)
(-0.222656 0.0969066 -5.60214e-21)
(-0.237902 0.0808318 -1.38996e-21)
(-0.254352 0.0638556 9.67554e-22)
(-0.271534 0.0454292 4.71614e-21)
(-0.288841 0.0251173 -2.24454e-21)
(-0.305584 0.00260902 -8.09404e-22)
(1.08254 -0.286975 1.50393e-21)
(1.05588 -0.25059 -7.41663e-21)
(1.01471 -0.212439 4.10819e-20)
(0.959148 -0.174653 -2.99489e-20)
(0.890396 -0.139785 3.54626e-21)
(0.810654 -0.110646 -3.07212e-20)
(0.722817 -0.0900155 1.54158e-19)
(0.629622 -0.0802209 7.82946e-21)
(0.52972 -0.0831588 -4.61019e-20)
(0.411705 -0.0952583 1.04098e-19)
(1.02515 -0.274108 4.99452e-21)
(0.989713 -0.235733 -1.50452e-20)
(0.939874 -0.197179 -1.53214e-20)
(0.876509 -0.160769 -1.13777e-20)
(0.801467 -0.129001 -3.28772e-20)
(0.717382 -0.104316 -7.79091e-22)
(0.627158 -0.0887605 -1.00924e-20)
(0.532958 -0.0835081 2.84652e-20)
(0.433628 -0.088379 9.18915e-20)
(0.323574 -0.096856 -2.02664e-20)
(0.949037 -0.255169 -3.39094e-21)
(0.905079 -0.216016 3.02848e-20)
(0.847589 -0.178333 7.99882e-21)
(0.778141 -0.144432 -1.67858e-21)
(0.69912 -0.116552 3.58422e-20)
(0.61343 -0.0965828 1.55764e-20)
(0.523955 -0.0857168 3.0263e-20)
(0.43273 -0.0839745 -3.28451e-20)
(0.339696 -0.0896116 -6.55857e-20)
(0.243596 -0.0961565 -1.54239e-19)
(0.85197 -0.229437 4.17951e-21)
(0.800568 -0.190979 -1.33329e-20)
(0.737226 -0.155676 1.95453e-20)
(0.6641 -0.125653 -4.44744e-20)
(0.583945 -0.10273 -2.64007e-20)
(0.499781 -0.0881665 -1.24992e-20)
(0.414413 -0.0823621 -6.35301e-20)
(0.32989 -0.0845181 -2.94144e-20)
(0.247068 -0.0922778 3.55709e-21)
(0.16684 -0.100477 4.78129e-20)
(0.731535 -0.196889 2.08451e-21)
(0.674755 -0.161295 -3.17645e-23)
(0.608273 -0.130439 1.28992e-20)
(0.534636 -0.106086 3.9828e-20)
(0.456749 -0.089531 -6.74618e-21)
(0.377553 -0.0813917 -5.9112e-20)
(0.299652 -0.0814135 9.96989e-20)
(0.224998 -0.0882917 -3.04317e-20)
(0.154833 -0.0995522 -2.29367e-20)
(0.0906036 -0.111234 -1.08331e-20)
(0.585334 -0.158416 -5.73539e-21)
(0.526316 -0.128434 6.11504e-21)
(0.460293 -0.104442 2.02691e-20)
(0.389946 -0.0877175 -1.95028e-20)
(0.318078 -0.0789852 3.88869e-20)
(0.247347 -0.0782879 -4.74038e-21)
(0.180013 -0.0848892 3.72676e-21)
(0.11777 -0.097225 2.5141e-20)
(0.0618178 -0.112935 1.97185e-20)
(0.0134004 -0.128949 6.37655e-21)
(0.41097 -0.115985 8.49627e-22)
(0.35394 -0.0948137 -1.15919e-21)
(0.29279 -0.0802901 2.89803e-20)
(0.230047 -0.0731482 -3.47158e-20)
(0.168168 -0.0735776 -6.62994e-20)
(0.109357 -0.0811729 3.20333e-20)
(0.0554071 -0.0949126 -1.69667e-20)
(0.00764036 -0.113183 1.82069e-20)
(-0.0330099 -0.13387 5.12536e-20)
(-0.0657224 -0.15456 -5.54759e-20)
(0.205563 -0.0728114 -9.05785e-22)
(0.155789 -0.0639674 -1.8126e-20)
(0.104662 -0.0615636 2.57716e-20)
(0.054277 -0.0658199 1.59672e-20)
(0.00654552 -0.0765051 -4.87082e-20)
(-0.0369123 -0.0929458 -3.83683e-20)
(-0.0748341 -0.114049 -2.72899e-21)
(-0.106319 -0.138343 5.96941e-21)
(-0.130763 -0.164069 7.82132e-21)
(-0.14773 -0.189351 -2.16207e-20)
(-0.0354672 -0.0360258 1.53169e-21)
(-0.0714579 -0.0432167 2.51349e-20)
(-0.10645 -0.0554533 1.04364e-20)
(-0.139021 -0.0725731 -3.42007e-20)
(-0.16796 -0.0941158 3.39832e-20)
(-0.192306 -0.119368 -4.46828e-20)
(-0.211352 -0.147394 5.85585e-20)
(-0.224616 -0.177063 -7.04773e-20)
(-0.231798 -0.207099 -3.73461e-20)
(-0.232728 -0.236182 -1.00625e-19)
(-0.321015 -0.0223079 -4.42685e-22)
(-0.334412 -0.0492864 -7.36086e-21)
(-0.345161 -0.0782431 5.46942e-21)
(-0.352738 -0.108891 6.5269e-21)
(-0.356758 -0.140828 -1.47582e-20)
(-0.356965 -0.173585 1.45933e-20)
(-0.353207 -0.206638 -1.7878e-20)
(-0.345409 -0.239414 1.38794e-20)
(-0.333554 -0.271303 -3.52364e-20)
(-0.317645 -0.301696 3.8885e-20)
(-0.2976 -0.329974 5.56708e-20)
(-0.22739 -0.263112 -4.1745e-20)
(-0.156944 -0.21261 -4.33099e-20)
(-0.0895692 -0.173248 5.82315e-20)
(-0.0254241 -0.142535 -5.32635e-21)
(0.0360588 -0.119099 6.92488e-20)
(0.0950813 -0.101644 7.85044e-21)
(0.151898 -0.0892736 -6.21012e-20)
(0.20785 -0.0820548 1.14441e-19)
(0.262175 -0.0768463 -1.57772e-20)
(-0.274076 -0.355257 -5.88115e-20)
(-0.216297 -0.28691 1.60979e-19)
(-0.158583 -0.23297 -6.75355e-21)
(-0.104014 -0.189434 -5.31686e-20)
(-0.0526714 -0.154121 4.21748e-20)
(-0.00389188 -0.125615 -9.60174e-20)
(0.0427354 -0.102527 1.1061e-19)
(0.0878449 -0.0838665 -9.33804e-20)
(0.132951 -0.0698685 1.68982e-20)
(0.176394 -0.0599387 7.28959e-20)
(-0.247472 -0.377438 3.37649e-20)
(-0.200189 -0.307145 -1.01425e-19)
(-0.153524 -0.249994 3.52283e-20)
(-0.110059 -0.202966 -1.94974e-20)
(-0.0696683 -0.164164 3.60345e-20)
(-0.0315446 -0.132264 -2.69756e-20)
(0.00487901 -0.10606 -2.56028e-20)
(0.0402855 -0.0848136 3.47104e-20)
(0.0756765 -0.0687845 -8.09441e-20)
(0.109049 -0.0578322 1.21533e-19)
(-0.218266 -0.39632 -7.2109e-20)
(-0.179993 -0.32354 7.90487e-21)
(-0.142997 -0.263397 3.69065e-20)
(-0.109233 -0.213565 5.00728e-20)
(-0.0783433 -0.172333 -7.65769e-20)
(-0.0494415 -0.13842 6.34552e-21)
(-0.0219331 -0.110729 -4.27418e-20)
(0.00475417 -0.0886029 -8.96196e-20)
(0.0312381 -0.0720997 1.70844e-19)
(0.0558234 -0.0609106 6.54191e-20)
(-0.186988 -0.411766 5.05416e-20)
(-0.156683 -0.335962 1.15615e-20)
(-0.128269 -0.273021 4.50673e-20)
(-0.103038 -0.220981 -5.49246e-21)
(-0.0804214 -0.178148 5.96558e-20)
(-0.0594999 -0.143162 2.93328e-20)
(-0.0397109 -0.114868 7.49249e-20)
(-0.0206124 -0.0924983 -7.61341e-20)
(-0.00182733 -0.0757867 -7.85348e-21)
(0.0153459 -0.0642326 -8.56138e-20)
(-0.154166 -0.423727 3.35425e-20)
(-0.131182 -0.344433 -3.95167e-20)
(-0.110506 -0.27889 -8.86156e-21)
(-0.0928175 -0.225159 -1.54552e-20)
(-0.0773819 -0.181375 -1.69512e-20)
(-0.0632937 -0.145968 -2.15703e-20)
(-0.0500574 -0.117615 3.52306e-20)
(-0.0373551 -0.0953415 -4.7052e-20)
(-0.0249742 -0.0785656 4.24727e-20)
(-0.0138827 -0.0666307 5.57745e-21)
(-0.120293 -0.432229 -5.83115e-20)
(-0.104304 -0.34913 -2.94222e-20)
(-0.0907024 -0.281233 5.11219e-20)
(-0.0796701 -0.226293 -1.90526e-20)
(-0.0703787 -0.182099 2.82405e-20)
(-0.0619864 -0.146768 -8.55263e-20)
(-0.0540959 -0.118733 6.5367e-20)
(-0.0465134 -0.0967924 -2.45094e-20)
(-0.0391598 -0.0801004 4.43115e-20)
(-0.0327811 -0.0678805 -5.35345e-20)
(-0.0858122 -0.437371 2.68859e-20)
(-0.0767343 -0.350377 -1.15704e-20)
(-0.0696513 -0.280473 -1.78447e-20)
(-0.0644287 -0.224819 -7.16381e-21)
(-0.0602417 -0.180715 3.96447e-21)
(-0.05637 -0.145888 1.19138e-20)
(-0.0525521 -0.118486 -2.93645e-20)
(-0.0487312 -0.0970833 1.79107e-20)
(-0.0449568 -0.0806252 5.49514e-20)
(-0.0418688 -0.0682425 -5.31759e-20)
(-0.0511058 -0.439328 2.01697e-20)
(-0.0490045 -0.348617 5.28971e-23)
(-0.0479326 -0.277183 2.77542e-20)
(-0.0476693 -0.221366 -2.39665e-20)
(-0.0475134 -0.177862 7.42319e-21)
(-0.0469355 -0.143954 -8.30577e-21)
(-0.0458552 -0.117489 -4.71627e-21)
(-0.044376 -0.096826 -2.74671e-20)
(-0.0426828 -0.0807453 2.9964e-20)
(-0.0414222 -0.0683036 3.12559e-20)
(-0.0164672 -0.438326 -3.55962e-21)
(-0.0214788 -0.344371 -3.03976e-21)
(-0.0259129 -0.272039 -2.73543e-21)
(-0.0297237 -0.216685 -1.04936e-20)
(-0.0324767 -0.174323 1.13396e-20)
(-0.0339133 -0.141764 4.14003e-21)
(-0.0341876 -0.116549 -8.88898e-21)
(-0.0335918 -0.096832 5.46311e-22)
(-0.032456 -0.081254 -5.38605e-21)
(-0.0315406 -0.0688121 -3.66521e-22)
(-0.0109074 -0.0379636 -1.10992e-21)
(-0.00196316 -0.0411795 -1.10594e-21)
(0.0495035 -0.0428719 2.47896e-21)
(0.0972553 -0.0459781 -1.64841e-21)
(0.156667 -0.0460317 -5.1667e-22)
(0.214186 -0.0417686 -1.00637e-21)
(0.272168 -0.0335183 3.49725e-22)
(0.327957 -0.0223286 -4.30346e-22)
(0.382157 -0.0104261 2.20787e-22)
(0.434432 -0.0016208 4.71253e-23)
(0.485016 0.000238471 -2.43659e-22)
(0.533765 -0.00813468 6.14564e-23)
(0.577375 -0.0263957 -5.80776e-23)
(0.614929 -0.0464295 -1.17284e-22)
(0.638902 -0.0598565 1.92401e-23)
(0.664197 -0.0402236 -2.87333e-23)
(0.677441 -0.00865034 1.16637e-23)
(0.714814 0.0407728 7.03539e-24)
(0.734373 0.0435457 -1.38483e-23)
(0.797237 -0.00387432 -2.39692e-24)
(0.0241323 -0.0400445 5.18736e-21)
(0.0351304 -0.0516246 3.88578e-21)
(0.0892466 -0.0555251 -3.67257e-21)
(0.136631 -0.0592981 1.99052e-21)
(0.193825 -0.0589636 -3.83236e-21)
(0.248254 -0.05367 -1.72532e-22)
(0.302674 -0.0442963 -3.52984e-22)
(0.355052 -0.0319877 -6.57669e-22)
(0.40635 -0.0190776 4.38661e-22)
(0.456556 -0.0093412 1.37087e-22)
(0.505837 -0.00662593 5.382e-23)
(0.553733 -0.0139802 4.99478e-22)
(0.596304 -0.0310767 -5.39869e-22)
(0.631767 -0.049655 -9.62925e-23)
(0.652714 -0.0621783 7.14373e-23)
(0.672986 -0.0419579 4.41448e-23)
(0.683168 -0.0107413 -8.62937e-23)
(0.717669 0.0384147 1.00201e-22)
(0.74027 0.040544 3.31644e-23)
(0.803435 -0.00609536 8.64108e-24)
(0.0721472 -0.0443538 -1.79704e-20)
(0.0857138 -0.0627576 2.46219e-21)
(0.14242 -0.0682057 1.72147e-20)
(0.188711 -0.0721186 -8.54697e-21)
(0.242505 -0.0711834 -1.07416e-21)
(0.292688 -0.0648373 -3.75251e-21)
(0.342414 -0.0544096 -8.05434e-24)
(0.390329 -0.0411058 -1.34656e-21)
(0.43772 -0.0273206 -4.30606e-22)
(0.484881 -0.0167587 -3.61218e-22)
(0.53192 -0.013237 -8.21672e-23)
(0.578062 -0.0195624 4.56905e-23)
(0.618842 -0.0354386 5.38894e-22)
(0.651661 -0.0525155 -2.24059e-22)
(0.669337 -0.0641042 -1.32825e-22)
(0.684444 -0.0433823 1.28159e-22)
(0.691461 -0.0126507 -2.41189e-23)
(0.722741 0.0360308 -5.5154e-23)
(0.748037 0.0374494 -1.21397e-22)
(0.810833 -0.0083021 2.72295e-23)
(0.133205 -0.0513126 -4.8919e-21)
(0.149444 -0.0744779 1.90284e-20)
(0.207944 -0.0806719 -8.95316e-21)
(0.252144 -0.0841561 -4.73636e-21)
(0.301299 -0.0824191 3.7547e-21)
(0.34615 -0.0750353 -6.73886e-22)
(0.390187 -0.0636549 1.55652e-21)
(0.432737 -0.0495037 -5.61316e-22)
(0.475361 -0.0349925 1.38995e-21)
(0.518619 -0.0237262 7.02272e-22)
(0.562569 -0.0194659 -1.52174e-21)
(0.606131 -0.0247795 2.10202e-22)
(0.644437 -0.0394142 -3.86087e-23)
(0.674135 -0.05498 3.74053e-22)
(0.688379 -0.0656244 7.77083e-23)
(0.698306 -0.044488 -8.46536e-23)
(0.702146 -0.014355 -6.86485e-23)
(0.729944 0.0336559 -1.2733e-22)
(0.757579 0.0342992 1.87348e-22)
(0.81935 -0.0104735 -5.68182e-23)
(0.2074 -0.0611258 -2.12129e-21)
(0.22588 -0.086549 -1.15189e-21)
(0.284468 -0.0925857 -2.78946e-21)
(0.325243 -0.0951077 6.95059e-21)
(0.368479 -0.0924188 6.78296e-21)
(0.407004 -0.0840635 5.39482e-21)
(0.444531 -0.0718678 -3.05169e-21)
(0.481002 -0.0570379 9.82204e-22)
(0.518175 -0.0419609 6.88258e-22)
(0.556824 -0.0301192 7.88729e-22)
(0.596964 -0.0251999 -2.31267e-22)
(0.637231 -0.0295406 -1.1413e-21)
(0.672476 -0.042945 -2.5434e-23)
(0.698678 -0.0570251 6.4186e-22)
(0.709415 -0.0667402 3.0605e-22)
(0.714262 -0.0452812 -1.31211e-22)
(0.715003 -0.0158452 2.75045e-22)
(0.739139 0.0313168 4.24723e-23)
(0.768738 0.0311361 6.97472e-23)
(0.828858 -0.0125837 -9.84847e-24)
(0.29478 -0.0736669 -2.196e-20)
(0.314373 -0.0985242 -3.11832e-21)
(0.37034 -0.103475 1.55007e-20)
(0.406008 -0.104627 -1.71493e-20)
(0.442051 -0.100935 -1.60449e-20)
(0.473398 -0.0917455 -1.53389e-20)
(0.503801 -0.0789139 3.11765e-21)
(0.533694 -0.0635946 9.88568e-22)
(0.564939 -0.0481201 -1.81741e-21)
(0.598457 -0.0358373 -7.06896e-22)
(0.634219 -0.0303478 -3.30203e-22)
(0.670609 -0.0337746 1.16892e-21)
(0.70232 -0.0459889 -3.95528e-22)
(0.72475 -0.0586403 -3.35937e-22)
(0.731987 -0.0674625 -2.1929e-22)
(0.731964 -0.045773 1.93177e-22)
(0.729763 -0.0171141 1.16676e-23)
(0.750149 0.0290417 6.10451e-23)
(0.781345 0.0279995 -1.35674e-22)
(0.839235 -0.0146106 2.6065e-23)
(0.395201 -0.0885077 1.9397e-20)
(0.413887 -0.109826 1.03081e-20)
(0.463565 -0.112818 -7.111e-21)
(0.492165 -0.112378 2.57329e-20)
(0.519843 -0.10777 -8.83843e-21)
(0.543354 -0.0979598 3.10086e-22)
(0.566255 -0.0847123 9.60207e-21)
(0.589303 -0.0691071 -1.11876e-21)
(0.614364 -0.053404 -4.74849e-21)
(0.642427 -0.0408111 3.51632e-22)
(0.673416 -0.0348429 -8.23896e-22)
(0.705499 -0.0374281 1.40973e-21)
(0.733325 -0.0485177 -6.93354e-22)
(0.751816 -0.0598257 1.81897e-21)
(0.755631 -0.067813 2.42244e-22)
(0.751038 -0.0459857 -3.8383e-22)
(0.746128 -0.0181637 -9.18559e-23)
(0.762764 0.0268539 -2.18798e-22)
(0.795203 0.0249289 6.92714e-23)
(0.850344 -0.0165321 -3.68105e-23)
(0.508133 -0.105329 3.53977e-20)
(0.522751 -0.120302 1.30191e-20)
(0.561759 -0.120484 -9.34344e-21)
(0.581236 -0.118372 3.51142e-21)
(0.599595 -0.113024 -1.05274e-20)
(0.61487 -0.102833 6.61788e-21)
(0.630147 -0.0893771 -8.35781e-21)
(0.646324 -0.0736556 1.53353e-21)
(0.665163 -0.0578511 4.2126e-22)
(0.687649 -0.0450418 2.36362e-21)
(0.713648 -0.0386625 -4.19796e-22)
(0.741151 -0.0404758 -1.04685e-22)
(0.764868 -0.0505233 -7.07587e-22)
(0.779352 -0.0605995 -6.70284e-23)
(0.779893 -0.0678351 -8.94813e-22)
(0.771104 -0.0459625 -8.7574e-23)
(0.763774 -0.0190128 1.09537e-22)
(0.776747 0.02477 2.18188e-22)
(0.810099 0.0219622 -8.56618e-23)
(0.862044 -0.0183276 4.2032e-23)
(0.632168 -0.123242 -7.89936e-21)
(0.638372 -0.130043 4.54393e-20)
(0.662175 -0.126769 -1.32434e-20)
(0.670656 -0.123056 -1.66689e-20)
(0.679098 -0.117163 1.24037e-21)
(0.686043 -0.106786 4.99866e-21)
(0.693836 -0.0932531 -3.07699e-21)
(0.703339 -0.077499 1.98597e-21)
(0.716125 -0.0616355 9.53698e-22)
(0.733099 -0.0486308 -9.17129e-22)
(0.754059 -0.0418569 -2.92081e-21)
(0.776858 -0.0429439 1.24416e-21)
(0.796366 -0.0520326 -6.02719e-22)
(0.806874 -0.0610017 -1.50044e-22)
(0.804341 -0.0675849 1.02088e-21)
(0.791784 -0.0457549 -6.05336e-23)
(0.782371 -0.0196872 -3.09273e-22)
(0.791841 0.0228004 3.14758e-23)
(0.825811 0.0191334 -4.42264e-23)
(0.874188 -0.0199789 2.94508e-23)
(0.764616 -0.135252 -5.1435e-21)
(0.75679 -0.134747 4.67477e-20)
(0.761721 -0.129491 -4.96311e-21)
(0.757926 -0.125099 -1.7309e-20)
(0.756329 -0.119229 1.36825e-20)
(0.75518 -0.109122 1.67775e-20)
(0.755871 -0.0958465 -1.07337e-20)
(0.759096 -0.0803121 1.19829e-20)
(0.766168 -0.0645751 -6.73153e-21)
(0.777858 -0.0515092 5.20893e-21)
(0.793881 -0.0444375 -1.22302e-21)
(0.81199 -0.04488 -1.65249e-21)
(0.827299 -0.0530861 -1.75311e-21)
(0.833942 -0.0610368 9.65637e-22)
(0.828577 -0.0670117 9.60815e-23)
(0.812716 -0.04529 -2.3693e-22)
(0.801585 -0.0201201 2.26517e-22)
(0.807786 0.0209821 -2.49033e-23)
(0.842116 0.0164562 2.44363e-23)
(0.886636 -0.0214842 -1.49124e-23)
(0.942274 -0.126789 0)
(0.902776 -0.122387 0)
(0.88317 -0.121224 0)
(0.864403 -0.118785 0)
(0.851248 -0.114786 0)
(0.840992 -0.106454 0)
(0.8338 -0.0947324 0)
(0.830065 -0.080558 0)
(0.83075 -0.0659317 0)
(0.836396 -0.053576 0)
(0.846589 -0.0467199 0)
(0.858968 -0.0466917 0)
(0.869058 -0.0538711 0)
(0.870898 -0.0604537 0)
(0.862165 -0.0654509 0)
(0.84242 -0.0438991 0)
(0.829435 -0.0200852 0)
(0.83136 0.0187374 0)
(0.865795 0.0128464 0)
(0.904379 -0.0234259 0)
(1.13665 -0.0858485 0)
(1.08097 -0.0956945 0)
(1.03928 -0.105023 0)
(1.00409 -0.108239 0)
(0.97709 -0.106965 0)
(0.955442 -0.100719 0)
(0.938323 -0.0907421 0)
(0.925776 -0.0782698 0)
(0.918322 -0.0653133 0)
(0.91614 -0.054385 0)
(0.918628 -0.0484477 0)
(0.923284 -0.04838 0)
(0.92629 -0.0544828 0)
(0.921715 -0.0592367 0)
(0.90877 -0.062407 0)
(0.884649 -0.0407497 0)
(0.869958 -0.0187487 0)
(0.866487 0.016331 0)
(0.900148 0.00826013 0)
(0.929585 -0.0257518 0)
(1.28059 -0.0414553 0)
(1.22526 -0.0630712 0)
(1.17654 -0.0811683 0)
(1.13403 -0.0910092 0)
(1.09857 -0.0938674 0)
(1.06861 -0.0907989 0)
(1.04357 -0.083399 0)
(1.02355 -0.0732305 0)
(1.00888 -0.0623804 0)
(0.999441 -0.0531831 0)
(0.994513 -0.0483801 0)
(0.991502 -0.048419 0)
(0.987381 -0.0535689 0)
(0.976415 -0.0566309 0)
(0.959618 -0.058074 0)
(0.932026 -0.0366069 0)
(0.916692 -0.0166261 0)
(0.908177 0.0140649 0)
(0.940236 0.0038166 0)
(0.958655 -0.0277 0)
(1.35553 -0.00344727 0)
(1.31365 -0.0318877 0)
(1.27102 -0.0541272 0)
(1.23181 -0.0685362 0)
(1.19647 -0.075506 0)
(1.16455 -0.0761479 0)
(1.13631 -0.0720228 0)
(1.11236 -0.064788 0)
(1.09315 -0.0565305 0)
(1.07852 -0.0493696 0)
(1.06774 -0.04587 0)
(1.05824 -0.046133 0)
(1.04792 -0.0505034 0)
(1.0314 -0.0521867 0)
(1.01168 -0.0522783 0)
(0.982064 -0.0315507 0)
(0.967612 -0.0137859 0)
(0.955048 0.0120551 0)
(0.98483 -4.24569e-05 0)
(0.990768 -0.0288875 0)
(1.36925 0.021816 0)
(1.34498 -0.00817773 0)
(1.31474 -0.0306492 0)
(1.28505 -0.0464159 0)
(1.25651 -0.0557702 0)
(1.22894 -0.05929 0)
(1.20303 -0.0581402 0)
(1.1798 -0.053791 0)
(1.15994 -0.0481764 0)
(1.14339 -0.0430965 0)
(1.12954 -0.0409115 0)
(1.116 -0.0414423 0)
(1.10157 -0.0451784 0)
(1.08137 -0.0458484 0)
(1.06032 -0.0450572 0)
(1.03058 -0.0257402 0)
(1.01882 -0.0103209 0)
(1.00386 0.0104379 0)
(1.03112 -0.00285525 0)
(1.0241 -0.0288966 0)
(1.34611 0.0336733 0)
(1.33605 0.00646803 0)
(1.31802 -0.0139616 0)
(1.29844 -0.0287319 0)
(1.27847 -0.0384818 0)
(1.25799 -0.0434538 0)
(1.23759 -0.0443263 0)
(1.21834 -0.042207 0)
(1.20104 -0.0387648 0)
(1.18566 -0.0354127 0)
(1.1718 -0.0342485 0)
(1.15719 -0.0348835 0)
(1.14153 -0.0379733 0)
(1.1203 -0.0379357 0)
(1.10002 -0.0367386 0)
(1.07216 -0.0196148 0)
(1.06475 -0.00662043 0)
(1.04943 0.00916302 0)
(1.07457 -0.00427358 0)
(1.05571 -0.0273119 0)
(1.30836 0.03557 0)
(1.30719 0.0136744 0)
(1.29852 -0.00349421 0)
(1.28696 -0.0161466 0)
(1.27405 -0.0249847 0)
(1.25993 -0.0302198 0)
(1.24506 -0.0321838 0)
(1.23033 -0.0315628 0)
(1.21651 -0.0296777 0)
(1.20364 -0.0275512 0)
(1.19153 -0.0269622 0)
(1.17804 -0.0274228 0)
(1.16358 -0.02972 0)
(1.14379 -0.0291786 0)
(1.12629 -0.0279363 0)
(1.1018 -0.0138129 0)
(1.09956 -0.00333001 0)
(1.08569 0.00793147 0)
(1.10961 -0.00427791 0)
(1.08186 -0.0238714 0)
(1.26964 0.030511 0)
(1.27326 0.0149501 0)
(1.27097 0.00198729 0)
(1.26521 -0.00785023 0)
(1.25729 -0.0149534 0)
(1.24771 -0.0195488 0)
(1.23689 -0.0218138 0)
(1.22555 -0.022078 0)
(1.21442 -0.0212523 0)
(1.20362 -0.0199909 0)
(1.19328 -0.0196704 0)
(1.18143 -0.0198284 0)
(1.16913 -0.0212593 0)
(1.15194 -0.0204274 0)
(1.13815 -0.0193416 0)
(1.11746 -0.00889114 0)
(1.11984 -0.00107913 0)
(1.10824 0.00630917 0)
(1.13181 -0.00328982 0)
(1.09934 -0.0186266 0)
(1.23762 0.0206282 0)
(1.24349 0.0114235 0)
(1.24516 0.00334297 0)
(1.24333 -0.00300007 0)
(1.2388 -0.00768668 0)
(1.23216 -0.0108749 0)
(1.22393 -0.0126817 0)
(1.21471 -0.013226 0)
(1.20519 -0.0130164 0)
(1.19551 -0.0123927 0)
(1.18618 -0.0122303 0)
(1.17541 -0.0121972 0)
(1.16486 -0.0128956 0)
(1.14993 -0.012117 0)
(1.13939 -0.0113293 0)
(1.12173 -0.00495854 0)
(1.12704 -6.53755e-05 0)
(1.11734 0.0040615 0)
(1.14082 -0.00195022 0)
(1.10741 -0.011932 0)
(1.21811 0.00734338 0)
(1.22486 0.00429316 0)
(1.22848 0.00153871 0)
(1.2288 -0.000670404 0)
(1.22615 -0.00232341 0)
(1.22109 -0.00347272 0)
(1.21422 -0.00416523 0)
(1.20609 -0.00442786 0)
(1.19735 -0.00442091 0)
(1.18812 -0.00424463 0)
(1.17917 -0.00419843 0)
(1.16885 -0.00416006 0)
(1.15917 -0.0043533 0)
(1.14547 -0.00402767 0)
(1.13676 -0.00372228 0)
(1.12076 -0.0015967 0)
(1.12718 7.96191e-05 0)
(1.11841 0.00138156 0)
(1.14168 -0.000638581 0)
(1.10905 -0.00413585 0)
(1.47205 0.245176 3.03511e-21)
(1.47119 0.200763 -3.29992e-21)
(1.45963 0.154232 -3.53954e-20)
(1.43612 0.106387 -6.16871e-21)
(1.39964 0.058338 2.32289e-20)
(1.34965 0.0116479 2.43257e-20)
(1.28648 -0.0314724 6.70412e-20)
(1.2122 -0.0678823 -4.19378e-20)
(1.13108 -0.0930705 5.52703e-21)
(1.02513 -0.102422 -2.7936e-20)
(1.44042 0.227928 -6.3139e-22)
(1.44843 0.198323 -8.57968e-21)
(1.45045 0.167065 2.5315e-20)
(1.44555 0.134294 2.15438e-20)
(1.4327 0.100236 2.93366e-20)
(1.41092 0.0652609 4.91852e-20)
(1.37926 0.0299835 2.68381e-20)
(1.337 -0.00458927 -8.1055e-21)
(1.28554 -0.0370846 -5.62306e-20)
(1.20462 -0.0662964 6.84745e-20)
(1.39888 0.203713 1.56582e-21)
(1.41033 0.183713 -2.74825e-21)
(1.419 0.162868 9.19289e-21)
(1.42427 0.141028 8.73143e-22)
(1.42529 0.117995 -5.10468e-21)
(1.42103 0.0935629 -4.20514e-20)
(1.4103 0.0675986 1.9772e-20)
(1.3918 0.0401831 -1.67523e-20)
(1.36679 0.011761 7.8082e-20)
(1.32085 -0.0183987 5.68952e-20)
(1.35666 0.175841 4.12643e-21)
(1.36772 0.161848 2.19567e-21)
(1.37759 0.147494 -3.80245e-21)
(1.38599 0.132672 -1.55073e-20)
(1.39255 0.11723 2.74166e-21)
(1.39675 0.100988 6.30008e-21)
(1.39799 0.083765 -1.82682e-20)
(1.39544 0.0654071 2.10091e-21)
(1.38946 0.0458988 -3.81577e-20)
(1.37208 0.0233313 -5.35289e-20)
(1.31678 0.147774 -2.06433e-21)
(1.32643 0.137884 4.26431e-22)
(1.33555 0.127888 1.74278e-21)
(1.3441 0.117759 9.40281e-21)
(1.35197 0.10744 1.40974e-22)
(1.35898 0.096842 -1.20185e-20)
(1.36488 0.085836 -2.58964e-21)
(1.36924 0.0742521 1.9042e-20)
(1.37196 0.0619518 1.03881e-21)
(1.37026 0.0474656 1.77239e-20)
(1.27972 0.120231 -3.29656e-22)
(1.2879 0.113349 -8.63725e-22)
(1.2958 0.106438 -1.05653e-21)
(1.30341 0.0994953 4.67905e-21)
(1.31072 0.0925054 3.91824e-21)
(1.31767 0.0854379 9.90005e-21)
(1.32419 0.0782462 1.95181e-20)
(1.33016 0.0708651 -2.69032e-20)
(1.33549 0.0632185 2.25546e-20)
(1.3397 0.0545185 -6.22216e-21)
(1.24588 0.0932912 1.30935e-21)
(1.25273 0.0886575 -2.86748e-22)
(1.25939 0.0840193 -2.13764e-21)
(1.26585 0.0793792 -4.40077e-21)
(1.27212 0.0747365 -1.73535e-20)
(1.27818 0.0700868 4.10174e-21)
(1.28403 0.0654207 -8.42867e-21)
(1.28963 0.0607224 5.49546e-21)
(1.29495 0.0559564 -1.41148e-21)
(1.30007 0.0507445 -8.09858e-21)
(1.21649 0.0669088 -2.63881e-22)
(1.22223 0.0639824 -2.25591e-21)
(1.2278 0.0610608 9.43692e-22)
(1.23319 0.0581459 -1.25173e-21)
(1.23841 0.0552384 -4.12982e-22)
(1.24345 0.0523377 -2.52135e-21)
(1.2483 0.0494422 -7.28021e-22)
(1.25296 0.0465485 -3.72924e-21)
(1.25743 0.0436415 4.51955e-21)
(1.26181 0.0405475 -3.36947e-21)
(1.19343 0.0407347 4.18592e-22)
(1.19832 0.0391309 -8.64102e-22)
(1.20304 0.0375309 1.92658e-21)
(1.20757 0.035935 -5.10026e-21)
(1.21192 0.0343428 3.8385e-21)
(1.21607 0.0327539 4.64412e-22)
(1.22004 0.0311676 -9.54089e-22)
(1.2238 0.0295828 1.64588e-21)
(1.22737 0.027993 -1.0916e-21)
(1.23079 0.0263249 2.65746e-22)
(1.1796 0.0136773 -5.57782e-22)
(1.18396 0.0131896 5.56411e-22)
(1.18814 0.0127047 7.20235e-22)
(1.19213 0.0122205 -5.68664e-22)
(1.19593 0.0117351 -4.01985e-21)
(1.19954 0.0112464 1.02293e-21)
(1.20295 0.0107526 6.60498e-22)
(1.20617 0.0102521 2.74432e-21)
(1.20919 0.00974231 -6.65834e-21)
(1.21201 0.00920445 -2.1347e-21)
(1.13169 0.474316 4.02493e-21)
(1.18254 0.473055 -2.83789e-21)
(1.231 0.467285 1.01813e-20)
(1.27602 0.456029 -2.43939e-20)
(1.31855 0.439309 -1.89251e-20)
(1.35788 0.417526 -9.00047e-21)
(1.39296 0.391049 9.03035e-21)
(1.42288 0.360207 3.12532e-20)
(1.44672 0.325351 3.0464e-21)
(1.46349 0.286867 -5.58826e-21)
(1.16031 0.410921 -6.03182e-21)
(1.20097 0.403546 1.01869e-20)
(1.23877 0.39336 3.72319e-21)
(1.27294 0.380604 -1.06574e-20)
(1.30514 0.365357 -2.97525e-20)
(1.33547 0.347726 8.80734e-21)
(1.3633 0.327848 -1.35631e-20)
(1.38816 0.305833 -2.28672e-20)
(1.40964 0.281777 5.0796e-21)
(1.42725 0.255776 2.20244e-21)
(1.18252 0.347963 -9.62203e-21)
(1.2132 0.340388 -1.85569e-20)
(1.24065 0.330606 1.33321e-21)
(1.26545 0.319038 2.20068e-20)
(1.28893 0.305966 2.61987e-20)
(1.3113 0.291515 -2.1818e-20)
(1.33228 0.275835 8.5726e-21)
(1.35164 0.259091 -6.49468e-21)
(1.36928 0.241427 -3.0629e-21)
(1.3851 0.222948 6.79964e-22)
(1.19356 0.289267 9.08636e-21)
(1.21615 0.28182 1.18987e-20)
(1.23548 0.272967 -8.79459e-22)
(1.25325 0.263032 -1.4902e-20)
(1.27044 0.252256 -4.30085e-21)
(1.28701 0.240753 -4.38776e-22)
(1.30277 0.228624 1.19246e-20)
(1.31761 0.21598 7.50114e-22)
(1.33154 0.202924 -1.6762e-21)
(1.34457 0.18953 -2.41669e-21)
(1.19303 0.234615 -6.79604e-21)
(1.20933 0.227866 3.71888e-21)
(1.223 0.220379 -9.12669e-21)
(1.23587 0.212377 -3.40601e-21)
(1.24866 0.203959 3.79281e-22)
(1.26122 0.19518 6.06305e-21)
(1.27333 0.186094 -6.56477e-21)
(1.28493 0.17676 3.91281e-21)
(1.29603 0.167235 -3.08498e-21)
(1.30665 0.157562 2.04507e-21)
(1.1838 0.183617 -3.45244e-23)
(1.19555 0.17816 -5.20145e-21)
(1.20558 0.17236 5.80244e-21)
(1.21526 0.166355 1.83788e-21)
(1.22505 0.16016 1.41476e-21)
(1.2348 0.153786 -3.33287e-21)
(1.24432 0.14726 1.98668e-21)
(1.25357 0.140614 -7.63771e-21)
(1.26255 0.133879 3.66527e-21)
(1.27127 0.127078 -6.88845e-22)
(1.16942 0.137125 2.90868e-21)
(1.17815 0.133162 2.38809e-21)
(1.18591 0.129038 -2.49472e-21)
(1.19355 0.124826 2.7392e-21)
(1.20131 0.12052 -9.81014e-22)
(1.20909 0.116119 5.48665e-21)
(1.21675 0.11164 7.43522e-22)
(1.22427 0.107102 -6.98707e-22)
(1.23164 0.102523 -1.22844e-21)
(1.23884 0.0979154 9.61099e-22)
(1.15323 0.0951105 -5.50089e-22)
(1.16011 0.0925029 5.00092e-22)
(1.16651 0.0898123 2.09645e-21)
(1.17287 0.0870763 -3.12015e-21)
(1.17931 0.0842906 5.29222e-21)
(1.18575 0.0814554 -1.16605e-21)
(1.19213 0.078581 -1.76552e-21)
(1.1984 0.0756801 3.77549e-21)
(1.20457 0.0727628 -1.03823e-21)
(1.2106 0.0698369 1.16342e-22)
(1.13847 0.0564126 9.39467e-22)
(1.14435 0.0549374 -1.04147e-21)
(1.15001 0.0534236 -1.00867e-21)
(1.15563 0.0518891 -4.63082e-22)
(1.16127 0.0503322 8.06434e-22)
(1.16688 0.048754 1.29422e-21)
(1.17242 0.0471603 -3.50977e-21)
(1.17786 0.0455572 2.28083e-21)
(1.18319 0.0439498 -1.03582e-21)
(1.18838 0.0423414 -1.00719e-23)
(1.12889 0.0187938 -5.85063e-22)
(1.1344 0.018287 -1.2584e-21)
(1.13978 0.017769 -3.00329e-21)
(1.14508 0.0172479 -4.19017e-22)
(1.15034 0.0167254 3.01483e-21)
(1.15551 0.0162038 -1.2525e-21)
(1.1606 0.0156857 2.2407e-22)
(1.16556 0.0151735 4.50405e-22)
(1.17039 0.0146682 4.12495e-22)
(1.17507 0.0141697 -4.86034e-22)
(0.999968 0.00819795 0)
(0.998511 0.0249211 0)
(0.996157 0.0431319 0)
(0.991771 0.064177 0)
(0.987716 0.0895302 0)
(0.980555 0.122903 0)
(0.978837 0.164913 0)
(0.973662 0.230291 0)
(0.996527 0.303536 0)
(1.03463 0.468165 0)
(1.00001 0.00844052 0)
(0.999126 0.0256357 0)
(0.997865 0.044239 0)
(0.995285 0.0656087 0)
(0.993979 0.090926 0)
(0.990864 0.123906 0)
(0.995509 0.163446 0)
(0.998795 0.225373 0)
(1.03522 0.282306 0)
(1.0772 0.423526 0)
(1.00004 0.00856759 0)
(0.999782 0.0260057 0)
(0.999736 0.044722 0)
(0.999226 0.0660781 0)
(1.00079 0.0907613 0)
(1.00209 0.122552 0)
(1.01201 0.157968 0)
(1.02337 0.213843 0)
(1.06337 0.252981 0)
(1.11265 0.362771 0)
(1.00007 0.00851511 0)
(1.00048 0.0258489 0)
(1.0017 0.0442715 0)
(1.0034 0.0651167 0)
(1.00769 0.0884722 0)
(1.01346 0.118183 0)
(1.027 0.148561 0)
(1.04538 0.196841 0)
(1.08322 0.222592 0)
(1.13727 0.304769 0)
(1.0001 0.00820411 0)
(1.00119 0.0249085 0)
(1.00361 0.0424464 0)
(1.00748 0.0620847 0)
(1.01412 0.083294 0)
(1.02382 0.109879 0)
(1.03954 0.134783 0)
(1.06276 0.174306 0)
(1.09702 0.191276 0)
(1.14995 0.249349 0)
(1.00013 0.00756683 0)
(1.00184 0.0229691 0)
(1.00532 0.0389184 0)
(1.01102 0.0565371 0)
(1.0195 0.0748641 0)
(1.03201 0.0973035 0)
(1.04893 0.11689 0)
(1.074 0.146934 0)
(1.10475 0.158354 0)
(1.15185 0.196024 0)
(1.00015 0.00655534 0)
(1.00234 0.0198815 0)
(1.00665 0.0334984 0)
(1.01364 0.0482705 0)
(1.02339 0.0631611 0)
(1.0373 0.0807126 0)
(1.05462 0.0954283 0)
(1.07897 0.116319 0)
(1.10627 0.124033 0)
(1.14564 0.146395 0)
(1.00017 0.00514921 0)
(1.00266 0.0155912 0)
(1.0075 0.0261433 0)
(1.01516 0.0373448 0)
(1.02557 0.048386 0)
(1.03969 0.0607827 0)
(1.05667 0.0710178 0)
(1.07887 0.0841514 0)
(1.10291 0.0890948 0)
(1.13474 0.101296 0)
(1.00018 0.00335229 0)
(1.0028 0.0101311 0)
(1.00788 0.0169273 0)
(1.01573 0.0239944 0)
(1.02625 0.0308572 0)
(1.03991 0.0382157 0)
(1.0561 0.0442594 0)
(1.07591 0.0513347 0)
(1.09728 0.0540576 0)
(1.12305 0.059916 0)
(1.00019 0.0011789 0)
(1.00284 0.00355846 0)
(1.00796 0.00593425 0)
(1.01575 0.00837301 0)
(1.02615 0.0107217 0)
(1.03928 0.0131694 0)
(1.05477 0.0151716 0)
(1.07292 0.0173937 0)
(1.09267 0.018242 0)
(1.11486 0.0199722 0)
(0.999881 0.00422698 -4.86215e-22)
(0.996896 0.0127109 8.23371e-22)
(0.990939 0.0215591 -1.11835e-21)
(0.980743 0.0312175 1.42071e-21)
(0.96658 0.0419897 7.59387e-23)
(0.945059 0.054699 7.33395e-22)
(0.915649 0.070249 -2.19461e-22)
(0.871255 0.0897428 -1.32696e-21)
(0.806073 0.117955 3.53942e-21)
(0.702612 0.153259 -1.25169e-21)
(0.999874 0.00465713 1.06075e-21)
(0.996959 0.0140441 -3.10419e-21)
(0.9912 0.0239255 5.923e-22)
(0.981324 0.0349215 -6.81859e-21)
(0.967689 0.0473658 2.736e-21)
(0.946964 0.0626813 1.06396e-21)
(0.918778 0.0816346 -1.36372e-20)
(0.87657 0.107342 5.27995e-21)
(0.814329 0.144594 -5.8582e-21)
(0.718389 0.198638 1.37674e-20)
(0.999867 0.00508223 -1.51605e-21)
(0.99703 0.0153634 9.39407e-21)
(0.991495 0.0262649 -4.59628e-21)
(0.98198 0.0385746 -1.3042e-21)
(0.968972 0.0526558 -4.09485e-21)
(0.949161 0.0705231 -7.11413e-21)
(0.922519 0.0927426 9.28966e-21)
(0.882984 0.124529 1.29842e-20)
(0.824719 0.170261 -3.08508e-20)
(0.739143 0.242074 1.37502e-20)
(0.99986 0.00550148 5.34443e-21)
(0.997111 0.0166648 -1.0164e-20)
(0.991828 0.0285713 6.45682e-21)
(0.982714 0.042163 1.23634e-20)
(0.97043 0.0578436 -4.08615e-21)
(0.951647 0.078188 1.14935e-20)
(0.926877 0.103518 -1.13374e-20)
(0.890443 0.141204 -9.88411e-21)
(0.837252 0.194664 7.40145e-21)
(0.764739 0.282971 1.38785e-20)
(0.999856 0.00591403 -1.32796e-21)
(0.997204 0.0179443 1.13061e-21)
(0.992201 0.0308378 -2.22649e-21)
(0.983533 0.0456724 -2.8335e-21)
(0.972066 0.0629135 -5.97548e-21)
(0.954423 0.0856382 -9.05782e-21)
(0.931858 0.113914 1.19992e-20)
(0.898889 0.157269 -5.55773e-21)
(0.851968 0.217509 -8.16598e-21)
(0.794979 0.320818 9.21908e-21)
(0.999855 0.00631886 3.30319e-23)
(0.997313 0.019197 4.86021e-21)
(0.992618 0.033056 1.14911e-22)
(0.984445 0.0490867 -2.49966e-21)
(0.973885 0.0678466 -1.2614e-20)
(0.957497 0.0928294 3.00065e-20)
(0.937469 0.123889 -1.67959e-20)
(0.908268 0.172603 6.97033e-21)
(0.868946 0.238496 1.00377e-20)
(0.829566 0.355225 -3.47344e-20)
(0.999858 0.0067151 -7.63073e-21)
(0.997442 0.0204193 -2.74079e-21)
(0.993086 0.0352199 -4.56035e-21)
(0.985461 0.0523952 -2.93269e-21)
(0.975897 0.0726327 -8.80746e-21)
(0.960888 0.09973 1.34551e-20)
(0.943718 0.133425 -1.01167e-20)
(0.918547 0.187087 -6.96311e-21)
(0.888306 0.257385 -3.52363e-20)
(0.868049 0.386036 5.46887e-20)
(0.999867 0.00710343 5.71017e-21)
(0.997598 0.0216155 5.5314e-21)
(0.993616 0.0373427 5.31793e-21)
(0.986597 0.0556242 7.59763e-21)
(0.978117 0.0773222 6.81493e-22)
(0.964627 0.106405 -1.64186e-20)
(0.95062 0.142654 8.3715e-21)
(0.929736 0.200741 4.45387e-20)
(0.910197 0.274213 -8.26406e-21)
(0.909666 0.413518 6.3884e-21)
(0.999883 0.00748434 -2.20068e-21)
(0.997795 0.0227904 4.89914e-21)
(0.994228 0.0394417 5.32698e-21)
(0.987887 0.0588129 9.44227e-22)
(0.980586 0.0819891 6.38607e-21)
(0.968779 0.112968 -2.00872e-20)
(0.958219 0.151779 2.71088e-20)
(0.941913 0.213622 -3.28115e-20)
(0.934738 0.289165 -3.96148e-21)
(0.953028 0.4374 1.07604e-20)
(0.999913 0.00783702 3.32115e-21)
(0.998055 0.0238647 -1.12664e-21)
(0.994958 0.0413512 -1.7431e-21)
(0.98938 0.0616811 -1.48051e-20)
(0.983372 0.0861683 2.28438e-21)
(0.973443 0.118725 1.44567e-20)
(0.966595 0.159752 1.23152e-20)
(0.955203 0.224175 -4.45878e-20)
(0.96173 0.30031 1.12977e-20)
(0.995566 0.453818 1.83577e-20)
(0.999857 -0.000133403 -4.87466e-22)
(0.996682 -0.000521776 -2.80915e-22)
(0.990461 -0.00202742 -2.27673e-21)
(0.97993 -0.00540233 1.09589e-20)
(0.966155 -0.0119564 1.31945e-21)
(0.945218 -0.0243168 -1.18505e-20)
(0.921602 -0.0446481 -2.51164e-20)
(0.885171 -0.0837436 6.7136e-20)
(0.854785 -0.14107 -6.91296e-21)
(0.816948 -0.265852 -5.98744e-20)
(0.99986 0.000288325 -9.13569e-22)
(0.99662 0.000723013 -2.28027e-21)
(0.990224 0.000180817 -4.26406e-21)
(0.979372 -0.00202897 7.64205e-21)
(0.96498 -0.00693903 -1.38751e-20)
(0.943022 -0.0171415 1.72142e-20)
(0.917113 -0.0340691 -4.52085e-20)
(0.877251 -0.0687195 4.18398e-20)
(0.83668 -0.119696 6.75921e-22)
(0.786444 -0.23534 -1.26022e-20)
(0.999868 0.000719606 4.69887e-21)
(0.9966 0.00201225 1.11629e-20)
(0.990102 0.00249295 -6.9866e-21)
(0.979054 0.00153831 1.56649e-21)
(0.96423 -0.00160257 -4.39589e-22)
(0.941559 -0.00941913 2.57652e-20)
(0.913844 -0.0226526 2.16316e-20)
(0.871289 -0.0520377 -3.91105e-20)
(0.822305 -0.0957028 1.35847e-20)
(0.758477 -0.199752 -7.28489e-21)
(0.999876 0.00115402 -6.41868e-21)
(0.996606 0.00331587 -1.10305e-20)
(0.990059 0.00482038 -4.03685e-21)
(0.978907 0.00512143 1.70464e-21)
(0.963796 0.00371129 1.3285e-20)
(0.940658 -0.00172863 -2.1884e-20)
(0.911545 -0.0113958 -1.03412e-20)
(0.866906 -0.0353098 -1.11113e-20)
(0.811244 -0.0713906 4.6417e-20)
(0.734418 -0.162028 -9.66381e-20)
(0.999883 0.00159183 2.49709e-21)
(0.996626 0.00463568 -2.34581e-21)
(0.990071 0.007174 1.23082e-20)
(0.978891 0.00875471 -4.34633e-23)
(0.963611 0.00907776 1.1571e-20)
(0.940214 0.00607759 -3.33035e-20)
(0.910069 -2.68596e-05 3.01187e-20)
(0.863885 -0.0181754 7.49639e-21)
(0.803145 -0.0460959 -1.29278e-20)
(0.714899 -0.121723 5.18581e-20)
(0.999889 0.00203217 -2.56769e-21)
(0.996656 0.00597033 -5.22073e-22)
(0.990128 0.00955538 -2.81669e-21)
(0.978984 0.0124482 -1.12712e-20)
(0.963643 0.0145234 9.88038e-21)
(0.940172 0.0140506 9.14299e-21)
(0.909342 0.0115603 -4.6739e-21)
(0.862128 -0.000543808 -2.4465e-20)
(0.797741 -0.0197086 9.81986e-21)
(0.7002 -0.0788902 -1.65451e-20)
(0.999892 0.00247364 2.55134e-21)
(0.996694 0.00731523 -5.5755e-21)
(0.990223 0.011955 1.32305e-21)
(0.979174 0.0161849 3.25814e-21)
(0.963872 0.020021 1.64781e-20)
(0.940496 0.0221416 -6.52602e-22)
(0.909315 0.0232985 4.22815e-21)
(0.861585 0.0174219 1.28473e-20)
(0.794837 0.00746505 -4.0216e-22)
(0.690477 -0.0340302 -4.59071e-21)
(0.999893 0.00291495 -1.84178e-21)
(0.996737 0.00866578 6.31298e-21)
(0.990353 0.014363 1.10268e-21)
(0.979449 0.0199457 -7.44888e-21)
(0.964286 0.02554 -1.50708e-21)
(0.94116 0.030295 -6.12223e-21)
(0.909953 0.0351057 -7.27795e-21)
(0.862235 0.0355581 8.87342e-21)
(0.794294 0.0351039 2.85965e-20)
(0.685825 0.0122683 -2.3109e-20)
(0.999891 0.00335496 6.84941e-22)
(0.996786 0.0100178 -3.1112e-21)
(0.990516 0.016771 1.31525e-21)
(0.979805 0.0237148 -9.06857e-22)
(0.964878 0.0310556 -1.17665e-20)
(0.942149 0.038466 2.31355e-21)
(0.911231 0.0469127 7.77206e-21)
(0.864068 0.0537356 -1.46059e-20)
(0.796022 0.0629205 7.40708e-21)
(0.686294 0.0593718 -1.71102e-20)
(0.999887 0.00379262 -6.97728e-22)
(0.996838 0.0113675 3.28701e-22)
(0.990711 0.019172 -1.58301e-22)
(0.980237 0.0274769 1.07543e-21)
(0.965643 0.036546 1.20954e-21)
(0.943451 0.0466138 -7.29205e-22)
(0.913132 0.0586508 1.26042e-22)
(0.867079 0.0718357 3.05327e-21)
(0.799962 0.0906325 -3.73942e-21)
(0.691897 0.106602 3.71035e-21)
(1.00012 -0.000731431 0)
(1.00181 -0.00223086 0)
(1.00509 -0.00381008 0)
(1.01015 -0.00556058 0)
(1.01712 -0.00743743 0)
(1.02626 -0.00960632 0)
(1.03768 -0.0117155 0)
(1.0517 -0.0143048 0)
(1.06823 -0.0160559 0)
(1.08748 -0.018983 0)
(1.00011 -0.00200524 0)
(1.00156 -0.00612065 0)
(1.00442 -0.0104828 0)
(1.00891 -0.0153808 0)
(1.01526 -0.0207112 0)
(1.02383 -0.0270067 0)
(1.03487 -0.0332332 0)
(1.0489 -0.0410915 0)
(1.06593 -0.0465204 0)
(1.08662 -0.0557427 0)
(1.00008 -0.00287507 0)
(1.00111 -0.00879387 0)
(1.0032 -0.0151536 0)
(1.00658 -0.0224622 0)
(1.01166 -0.0306402 0)
(1.01889 -0.0406557 0)
(1.02892 -0.0508612 0)
(1.04238 -0.0643706 0)
(1.06005 -0.0739412 0)
(1.0824 -0.0910461 0)
(1.00004 -0.00332235 0)
(1.00049 -0.0101884 0)
(1.0015 -0.0177137 0)
(1.00324 -0.0266181 0)
(1.00639 -0.0369734 0)
(1.01128 -0.0501918 0)
(1.01945 -0.0642749 0)
(1.03103 -0.0839015 0)
(1.04908 -0.0984425 0)
(1.07221 -0.12586 0)
(0.999999 -0.00338452 0)
(0.99976 -0.0104052 0)
(0.999486 -0.0182964 0)
(0.99916 -0.0279443 0)
(0.999825 -0.0397119 0)
(1.00133 -0.0553646 0)
(1.00662 -0.0730744 0)
(1.01446 -0.098887 0)
(1.03218 -0.119478 0)
(1.05407 -0.159979 0)
(0.999959 -0.00313316 0)
(0.999003 -0.009653 0)
(0.997366 -0.0172122 0)
(0.994747 -0.0268003 0)
(0.992554 -0.0391486 0)
(0.989837 -0.0562602 0)
(0.991268 -0.0770619 0)
(0.993198 -0.108507 0)
(1.00947 -0.136313 0)
(1.02695 -0.19229 0)
(0.999923 -0.00265534 0)
(0.998291 -0.00819358 0)
(0.995328 -0.014876 0)
(0.990428 -0.02373 0)
(0.985239 -0.035829 0)
(0.977872 -0.0533548 0)
(0.974573 -0.0763315 0)
(0.968756 -0.112358 0)
(0.982022 -0.148259 0)
(0.990982 -0.22128 0)
(0.999892 -0.00203754 0)
(0.997673 -0.00629002 0)
(0.99352 -0.011724 0)
(0.986558 -0.0193362 0)
(0.978479 -0.0304478 0)
(0.966558 -0.0473886 0)
(0.957847 -0.0713054 0)
(0.943339 -0.110579 0)
(0.951317 -0.154978 0)
(0.947708 -0.24687 0)
(0.99987 -0.00135719 0)
(0.997183 -0.00418054 0)
(0.992048 -0.00816886 0)
(0.983396 -0.014223 0)
(0.972774 -0.0238184 0)
(0.956848 -0.0393676 0)
(0.942416 -0.0630167 0)
(0.919258 -0.104014 0)
(0.918067 -0.156977 0)
(0.900007 -0.27082 0)
(0.999858 -0.000675323 0)
(0.996841 -0.00208579 0)
(0.990987 -0.0046299 0)
(0.981095 -0.00909527 0)
(0.968462 -0.0170005 0)
(0.949347 -0.0308189 0)
(0.929457 -0.0533018 0)
(0.898313 -0.0944225 0)
(0.882412 -0.153893 0)
(0.852684 -0.285993 0)
(1.10092 -0.018847 -2.48858e-21)
(1.10647 -0.0187636 -5.87997e-21)
(1.11211 -0.0186586 -1.02878e-20)
(1.11778 -0.018543 6.36721e-22)
(1.12352 -0.0184231 4.4101e-21)
(1.1293 -0.018302 -3.18288e-21)
(1.13512 -0.018182 -3.90891e-22)
(1.14096 -0.0180651 5.3163e-22)
(1.14679 -0.0179525 3.70852e-22)
(1.15259 -0.0178442 -3.74599e-22)
(1.10122 -0.0556116 3.57935e-22)
(1.10726 -0.0554885 -8.72984e-22)
(1.11339 -0.0552963 8.14715e-23)
(1.11956 -0.0550606 -7.67578e-22)
(1.12582 -0.0547955 3.28542e-21)
(1.13218 -0.0545048 1.78886e-21)
(1.13861 -0.0541904 -3.48716e-21)
(1.14509 -0.0538553 1.29815e-21)
(1.15159 -0.0535029 -5.57661e-22)
(1.15808 -0.053136 2.24396e-22)
(1.09931 -0.0912173 -3.22742e-21)
(1.10653 -0.0911499 3.49244e-21)
(1.11384 -0.0909326 -1.38687e-21)
(1.12109 -0.0906181 -7.17921e-22)
(1.12841 -0.0902381 -1.33037e-21)
(1.13586 -0.0897994 7.2692e-22)
(1.14341 -0.0893035 -7.22859e-22)
(1.15103 -0.0887553 7.04088e-22)
(1.15867 -0.0881617 -1.1444e-21)
(1.16631 -0.0875287 -1.3212e-22)
(1.09266 -0.126915 -7.17345e-21)
(1.10187 -0.1271 -9.95998e-22)
(1.11115 -0.127001 9.10615e-21)
(1.12014 -0.126718 5.22068e-22)
(1.12911 -0.126311 2.58528e-21)
(1.13822 -0.12579 -5.62187e-21)
(1.14745 -0.125154 -2.05995e-21)
(1.15673 -0.124409 -5.27859e-22)
(1.16604 -0.123568 -7.41984e-23)
(1.17533 -0.12264 4.13107e-22)
(1.07923 -0.162947 -4.58925e-21)
(1.09136 -0.163739 1.40778e-20)
(1.1036 -0.16402 -1.52126e-20)
(1.1151 -0.163961 -2.83773e-21)
(1.12639 -0.163679 5.01885e-21)
(1.1378 -0.163189 2.96092e-21)
(1.14933 -0.162485 1.74958e-21)
(1.16089 -0.161578 -2.65794e-22)
(1.17241 -0.16049 -9.72959e-23)
(1.18387 -0.159237 -1.10388e-22)
(1.05762 -0.198858 1.56786e-20)
(1.07371 -0.200869 1.56926e-22)
(1.09002 -0.201992 1.3899e-20)
(1.10493 -0.202516 6.3607e-21)
(1.11929 -0.20264 -4.57315e-21)
(1.13375 -0.202379 -4.23381e-22)
(1.14831 -0.201728 2.64727e-21)
(1.16281 -0.200713 4.40708e-22)
(1.17714 -0.199364 1.22263e-22)
(1.19127 -0.197691 -1.11957e-22)
(1.02716 -0.233742 -4.43883e-20)
(1.04822 -0.237838 -2.19341e-20)
(1.06989 -0.240506 3.00865e-21)
(1.0892 -0.242203 1.44105e-20)
(1.10753 -0.243193 2.52307e-21)
(1.12593 -0.243465 1.13077e-21)
(1.14433 -0.24302 -3.58704e-21)
(1.16241 -0.241894 -4.25904e-22)
(1.18 -0.240096 2.1791e-22)
(1.19694 -0.237575 6.58074e-23)
(0.988249 -0.267693 4.65934e-20)
(1.01521 -0.27474 4.44685e-20)
(1.04336 -0.279776 -7.057e-21)
(1.06794 -0.283404 -1.71697e-20)
(1.0912 -0.285752 -1.33962e-20)
(1.11444 -0.286729 5.14048e-21)
(1.13729 -0.286342 7.65847e-22)
(1.15916 -0.28459 8.2559e-22)
(1.17963 -0.281382 -2.0912e-22)
(1.19819 -0.276548 -1.29156e-22)
(0.943067 -0.300627 5.7875e-20)
(0.976569 -0.310766 -3.17534e-20)
(1.01126 -0.318878 -9.70236e-21)
(1.0415 -0.325043 1.05648e-20)
(1.0704 -0.328843 1.57263e-20)
(1.09879 -0.330132 -1.78802e-21)
(1.12564 -0.328877 3.18456e-21)
(1.14995 -0.324924 7.55227e-22)
(1.17082 -0.318028 2.12088e-22)
(1.18718 -0.307931 4.11833e-23)
(0.895384 -0.324266 -9.47325e-20)
(0.933808 -0.339358 -1.34132e-20)
(0.9726 -0.35362 2.67013e-20)
(1.0079 -0.364222 -4.80667e-20)
(1.04183 -0.370027 -7.82678e-21)
(1.07371 -0.370957 -5.45172e-21)
(1.10199 -0.366961 4.9404e-22)
(1.12527 -0.357892 -1.49384e-21)
(1.14207 -0.343644 -8.93876e-22)
(1.15076 -0.32422 1.02074e-21)
(1.15836 -0.0177398 -2.87395e-22)
(1.16408 -0.0176376 2.48736e-22)
(1.16972 -0.0175353 2.25169e-22)
(1.17528 -0.0174302 5.86297e-23)
(1.18074 -0.0173191 -2.10834e-22)
(1.18609 -0.0171987 8.56056e-22)
(1.19133 -0.0170654 -2.07281e-22)
(1.19643 -0.0169155 -9.77435e-23)
(1.2014 -0.016743 -2.57085e-22)
(1.20621 -0.0165161 4.76675e-23)
(1.16455 -0.0527564 5.57803e-24)
(1.17096 -0.0523645 -4.41933e-22)
(1.17731 -0.0519601 8.61898e-22)
(1.18358 -0.0515423 -1.17968e-21)
(1.18973 -0.0511093 -9.21747e-22)
(1.19577 -0.0506587 2.79548e-22)
(1.20168 -0.0501874 -2.16076e-23)
(1.20743 -0.049691 -3.6045e-23)
(1.21302 -0.0491549 2.35464e-22)
(1.21845 -0.0484667 -4.4014e-22)
(1.17394 -0.086861 6.21523e-23)
(1.18152 -0.0861608 -2.60778e-22)
(1.18904 -0.0854291 6.85237e-22)
(1.19648 -0.0846653 -2.73518e-22)
(1.20381 -0.0838671 -8.47479e-23)
(1.21101 -0.0830293 -6.9831e-22)
(1.21807 -0.0821441 8.57932e-22)
(1.22495 -0.081199 -7.83862e-22)
(1.2316 -0.0801604 -3.64085e-22)
(1.238 -0.0787889 4.0043e-23)
(1.18459 -0.121634 1.96622e-22)
(1.1938 -0.120553 -2.25004e-22)
(1.20292 -0.119396 -4.26136e-22)
(1.21194 -0.11816 9.3582e-24)
(1.22081 -0.11683 -7.27446e-22)
(1.22949 -0.115385 4.06487e-23)
(1.23789 -0.11379 -3.27311e-21)
(1.24594 -0.111996 3.8542e-21)
(1.25343 -0.109916 -2.26369e-21)
(1.26004 -0.107094 -4.28904e-21)
(1.19525 -0.157827 -1.94535e-23)
(1.20651 -0.156254 -5.19028e-23)
(1.21759 -0.1545 5.37628e-22)
(1.22841 -0.152526 -3.41688e-22)
(1.23884 -0.150265 7.58501e-22)
(1.24869 -0.147623 -1.08572e-21)
(1.25771 -0.144478 5.86394e-21)
(1.26559 -0.140682 -6.39149e-21)
(1.27194 -0.136048 7.56984e-21)
(1.27496 -0.129788 -2.38097e-21)
(1.20513 -0.195676 -5.80236e-23)
(1.21859 -0.193266 2.31851e-22)
(1.23146 -0.190367 -8.13055e-22)
(1.24345 -0.186835 2.17341e-21)
(1.25414 -0.182478 -4.69144e-21)
(1.26302 -0.177062 -8.44914e-22)
(1.26942 -0.17033 -2.53539e-21)
(1.27263 -0.16204 1.32436e-20)
(1.272 -0.151927 -4.851e-21)
(1.2622 -0.138996 1.23553e-20)
(1.21296 -0.234217 1.5186e-22)
(1.22765 -0.229837 2.5658e-22)
(1.24042 -0.224181 -4.02478e-22)
(1.25053 -0.216945 -4.97667e-21)
(1.25704 -0.20781 -1.02939e-21)
(1.25895 -0.196493 3.03216e-21)
(1.25515 -0.182816 -8.60062e-21)
(1.24479 -0.166757 4.20673e-21)
(1.22717 -0.148284 -2.63048e-20)
(1.19207 -0.12694 -3.24956e-20)
(1.21415 -0.26985 -5.93387e-23)
(1.22657 -0.26098 8.64254e-22)
(1.23433 -0.249602 2.47158e-21)
(1.23609 -0.235405 -4.77458e-21)
(1.23048 -0.218194 -3.7137e-21)
(1.21616 -0.198004 -2.37013e-20)
(1.19207 -0.175206 4.39791e-21)
(1.15806 -0.150533 -1.24091e-21)
(1.11354 -0.124642 5.0966e-20)
(1.04586 -0.0981871 3.3254e-20)
(1.19774 -0.294398 -3.9773e-22)
(1.20108 -0.277263 -1.47013e-21)
(1.19572 -0.256516 9.31013e-21)
(1.18031 -0.232404 7.15875e-21)
(1.15376 -0.20554 1.11707e-20)
(1.1155 -0.176995 2.71369e-20)
(1.06569 -0.148341 1.35634e-20)
(1.00588 -0.121434 -1.28184e-20)
(0.935111 -0.0973043 -3.11334e-20)
(0.840802 -0.0744381 5.35114e-20)
(1.1496 -0.299788 -9.88886e-22)
(1.13694 -0.270802 3.72882e-21)
(1.11141 -0.238124 -1.07696e-20)
(1.0722 -0.203147 -1.0704e-21)
(1.01936 -0.16788 -1.03301e-20)
(0.95404 -0.134928 -1.40337e-20)
(0.878645 -0.107334 -6.97737e-20)
(0.797287 -0.0881768 3.54245e-20)
(0.711106 -0.0793074 -7.78884e-21)
(0.609142 -0.0746107 -8.30847e-20)
(1.21736 -0.0150636 0)
(1.2331 -0.0122688 0)
(1.24663 -0.00924299 0)
(1.25704 -0.0062546 0)
(1.26398 -0.00348568 0)
(1.26703 -0.00109606 0)
(1.26691 0.000831242 0)
(1.26314 0.00218457 0)
(1.25792 0.00301641 0)
(1.24962 0.0031581 0)
(1.24337 0.00286156 0)
(1.23446 0.00188097 0)
(1.23306 0.000837415 0)
(1.22807 -0.000204984 0)
(1.23406 1.80641e-05 0)
(1.22791 0.00181873 0)
(1.22327 0.00406813 0)
(1.19969 0.00701107 0)
(1.16942 0.00509776 0)
(1.15691 0.00143451 0)
(1.23086 -0.0439695 0)
(1.24719 -0.03539 0)
(1.26019 -0.026248 0)
(1.26936 -0.0173217 0)
(1.27463 -0.00915032 0)
(1.27575 -0.0021807 0)
(1.27357 0.00338872 0)
(1.26774 0.00728675 0)
(1.26041 0.00966387 0)
(1.25011 0.0100546 0)
(1.24171 0.0091385 0)
(1.23109 0.00617606 0)
(1.22768 0.00298264 0)
(1.22185 -0.00031039 0)
(1.22628 0.000267346 0)
(1.22022 0.00539963 0)
(1.21319 0.0122814 0)
(1.18894 0.0205415 0)
(1.15638 0.0155371 0)
(1.13988 0.00473004 0)
(1.25241 -0.0705946 0)
(1.26894 -0.0554991 0)
(1.28008 -0.0398107 0)
(1.28614 -0.0248135 0)
(1.28754 -0.0114511 0)
(1.28443 -0.000324773 0)
(1.27789 0.00840282 0)
(1.26775 0.0144545 0)
(1.2561 0.0180633 0)
(1.24168 0.018589 0)
(1.22893 0.0169407 0)
(1.21455 0.0119741 0)
(1.20694 0.00647302 0)
(1.19883 0.000632794 0)
(1.20038 0.00116968 0)
(1.19526 0.00891293 0)
(1.18586 0.0202508 0)
(1.16327 0.0327188 0)
(1.12751 0.0261487 0)
(1.10653 0.00857203 0)
(1.27566 -0.094114 0)
(1.28974 -0.0714657 0)
(1.2957 -0.0483428 0)
(1.29493 -0.0269176 0)
(1.28875 -0.00863031 0)
(1.2781 0.00607634 0)
(1.26441 0.0172814 0)
(1.24771 0.0248716 0)
(1.22994 0.0291846 0)
(1.20996 0.0295596 0)
(1.19167 0.0269264 0)
(1.1724 0.0198891 0)
(1.15962 0.0117957 0)
(1.14883 0.00297203 0)
(1.14807 0.00253212 0)
(1.14653 0.0118099 0)
(1.13766 0.0268906 0)
(1.12107 0.0429111 0)
(1.08278 0.0363811 0)
(1.06014 0.0124173 0)
(1.28727 -0.110968 0)
(1.29261 -0.079807 0)
(1.28747 -0.0483255 0)
(1.27426 -0.0207101 0)
(1.25618 0.00145969 0)
(1.23534 0.0184159 0)
(1.21337 0.0306914 0)
(1.19022 0.0385564 0)
(1.16743 0.0425739 0)
(1.14355 0.0421879 0)
(1.12164 0.0381972 0)
(1.09933 0.0290059 0)
(1.08337 0.0180083 0)
(1.07212 0.00570799 0)
(1.07205 0.00308358 0)
(1.07781 0.0128614 0)
(1.07341 0.0308878 0)
(1.06661 0.0505468 0)
(1.02753 0.0453598 0)
(1.00758 0.0155605 0)
(1.26118 -0.114347 0)
(1.24973 -0.0744442 0)
(1.22797 -0.0353678 0)
(1.19888 -0.00412066 0)
(1.16865 0.0190597 0)
(1.14002 0.035523 0)
(1.11385 0.0464871 0)
(1.08936 0.0528503 0)
(1.06702 0.0554705 0)
(1.04456 0.053838 0)
(1.02398 0.0484164 0)
(1.00304 0.0372472 0)
(0.988082 0.02328 0)
(0.980128 0.00727733 0)
(0.984294 0.0015997 0)
(1.00003 0.0113435 0)
(1.00262 0.031812 0)
(1.00726 0.0555609 0)
(0.969357 0.0524664 0)
(0.956094 0.0175794 0)
(1.16584 -0.0984835 0)
(1.1362 -0.0520558 0)
(1.09985 -0.0103008 0)
(1.05991 0.0190912 0)
(1.02563 0.0391324 0)
(0.998171 0.0519992 0)
(0.976529 0.0596641 0)
(0.958618 0.0635496 0)
(0.943629 0.0645557 0)
(0.928446 0.0619369 0)
(0.914186 0.0555814 0)
(0.898987 0.0429614 0)
(0.889034 0.0263185 0)
(0.887505 0.00683899 0)
(0.898031 -0.00213897 0)
(0.924124 0.00752753 0)
(0.934108 0.0301614 0)
(0.949715 0.0582992 0)
(0.914726 0.057501 0)
(0.91068 0.0184046 0)
(0.989583 -0.0672024 0)
(0.954817 -0.0197398 0)
(0.916534 0.0168139 0)
(0.878983 0.0393955 0)
(0.852965 0.0539188 0)
(0.836367 0.0620625 0)
(0.826728 0.0663411 0)
(0.821063 0.0682319 0)
(0.817703 0.0683728 0)
(0.81316 0.0655799 0)
(0.808092 0.0590662 0)
(0.801276 0.0456718 0)
(0.798688 0.0268987 0)
(0.805004 0.0045201 0)
(0.822181 -0.00753018 0)
(0.857141 0.00221774 0)
(0.873417 0.0267887 0)
(0.898321 0.0592599 0)
(0.867475 0.0606097 0)
(0.873621 0.0182077 0)
(0.760317 -0.0338816 0)
(0.74073 0.00793307 0)
(0.716163 0.0343792 0)
(0.693246 0.0497862 0)
(0.683366 0.0595896 0)
(0.682169 0.0640478 0)
(0.687251 0.0661639 0)
(0.695347 0.067178 0)
(0.704465 0.0674396 0)
(0.711157 0.0653095 0)
(0.715924 0.0593564 0)
(0.718236 0.0458364 0)
(0.723655 0.0255731 0)
(0.737678 0.00100173 0)
(0.760555 -0.0137067 0)
(0.802012 -0.00376495 0)
(0.822914 0.0224599 0)
(0.855029 0.0589191 0)
(0.829025 0.0621348 0)
(0.845121 0.0172681 0)
(0.529665 -0.0112523 0)
(0.536005 0.0216888 0)
(0.534638 0.0406648 0)
(0.530883 0.0520452 0)
(0.538078 0.0588392 0)
(0.551726 0.0609264 0)
(0.570451 0.0619011 0)
(0.590948 0.0627723 0)
(0.61121 0.0636942 0)
(0.628003 0.0626134 0)
(0.641809 0.05753 0)
(0.652678 0.0442209 0)
(0.665556 0.0229582 0)
(0.686203 -0.0031302 0)
(0.713316 -0.019921 0)
(0.758846 -0.00963376 0)
(0.782761 0.0179359 0)
(0.820094 0.0578148 0)
(0.799164 0.0624677 0)
(0.824228 0.0158484 0)
(0.372093 -0.0119962 6.79358e-21)
(0.399894 0.0266947 -3.90572e-20)
(0.417103 0.0447471 2.99832e-21)
(0.426657 0.0541897 1.39975e-20)
(0.445191 0.0582957 -1.43269e-20)
(0.46856 0.0585111 -1.77126e-20)
(0.496208 0.0585773 2.0788e-21)
(0.524782 0.059282 4.28536e-21)
(0.552341 0.060517 8.67463e-22)
(0.575869 0.05989 -5.84688e-21)
(0.595857 0.0550178 9.2715e-22)
(0.612701 0.0415031 1.47202e-21)
(0.63074 0.0194854 3.75597e-22)
(0.655618 -0.0072326 1.79463e-22)
(0.684954 -0.0247236 -1.10135e-22)
(0.732066 -0.0135784 4.73041e-22)
(0.75729 0.0149727 -3.19933e-22)
(0.797456 0.0569534 6.5268e-23)
(0.780568 0.0620134 5.85265e-23)
(0.811951 0.0143668 1.17141e-23)
(0.266552 -0.0174847 6.46905e-21)
(0.2987 0.0255342 -4.05979e-20)
(0.328568 0.043041 1.38585e-20)
(0.34815 0.050961 1.93563e-20)
(0.375789 0.0536778 -3.933e-22)
(0.407013 0.0532792 -2.59832e-21)
(0.441852 0.0534229 4.31693e-21)
(0.476882 0.0546179 5.49071e-21)
(0.510267 0.0565199 -6.39238e-21)
(0.539179 0.0564928 1.23976e-22)
(0.564134 0.0519261 4.16835e-21)
(0.585752 0.0383946 -5.76554e-22)
(0.607864 0.0160446 4.86606e-22)
(0.635922 -0.0107524 -2.02426e-22)
(0.666761 -0.028304 -4.62897e-23)
(0.714592 -0.0162701 -9.31326e-23)
(0.740471 0.0129433 -1.77729e-23)
(0.78234 0.0562231 -1.90769e-22)
(0.768555 0.0613467 5.77335e-24)
(0.80434 0.0131102 -2.20158e-23)
(0.179043 -0.0261867 -3.09962e-20)
(0.209236 0.0210037 -1.28925e-20)
(0.24761 0.0384413 5.84279e-21)
(0.275349 0.0453141 -1.66464e-21)
(0.311222 0.0471263 1.28244e-20)
(0.349691 0.0465478 -8.68705e-21)
(0.391223 0.0470695 8.38997e-21)
(0.432281 0.0489723 -9.43332e-21)
(0.471172 0.0516866 4.72013e-21)
(0.505279 0.0523576 1.32309e-21)
(0.535143 0.0481701 -5.42005e-22)
(0.561561 0.0347135 -3.7396e-22)
(0.587752 0.0121662 3.10961e-22)
(0.618841 -0.0145357 -4.2093e-22)
(0.650857 -0.0320102 -5.96368e-22)
(0.698806 -0.0190385 -5.44041e-23)
(0.724959 0.010795 4.18865e-22)
(0.768195 0.0552897 3.33257e-22)
(0.757812 0.0603946 -1.36382e-23)
(0.79795 0.0116899 -3.16822e-23)
(0.107711 -0.0330865 -1.22621e-20)
(0.133123 0.0152231 -7.73594e-21)
(0.176427 0.0320349 -1.38738e-20)
(0.210429 0.0380231 -6.50043e-21)
(0.253425 0.0391842 5.76596e-21)
(0.298301 0.0386506 1.1893e-21)
(0.345814 0.039707 -9.59346e-21)
(0.392284 0.0424499 8.93773e-21)
(0.436198 0.04609 -1.27509e-21)
(0.475167 0.047566 -1.89326e-21)
(0.509749 0.0438609 2.49111e-22)
(0.540853 0.0306005 -1.07548e-21)
(0.570998 0.0079928 8.17184e-22)
(0.604843 -0.0184823 3.33361e-23)
(0.637628 -0.035821 4.82738e-22)
(0.685036 -0.0219255 -1.43619e-23)
(0.711045 0.00848017 -3.73064e-22)
(0.755254 0.0541246 -3.39094e-22)
(0.748512 0.0591751 2.2865e-23)
(0.792869 0.0101258 2.99659e-23)
(0.0510574 -0.0372821 1.794e-20)
(0.0709824 0.00875463 4.19874e-21)
(0.116674 0.0240403 -1.67362e-20)
(0.155297 0.0290262 1.62718e-20)
(0.204202 0.029707 1.36308e-20)
(0.254477 0.0294363 1.58118e-20)
(0.307071 0.03121 -4.17835e-21)
(0.358166 0.0349511 -1.61758e-21)
(0.40646 0.0396472 1.23808e-21)
(0.449809 0.0420456 -1.11773e-21)
(0.48877 0.0389374 8.91609e-22)
(0.524299 0.0260137 -1.34672e-21)
(0.558127 0.0035119 6.52285e-22)
(0.594328 -0.0225689 -6.74091e-22)
(0.627408 -0.0396789 -5.73607e-22)
(0.673577 -0.0248679 3.87033e-22)
(0.699005 0.00604166 -7.62376e-24)
(0.743744 0.0527357 2.70461e-22)
(0.740819 0.0576823 -1.55488e-22)
(0.789165 0.00842532 -1.89914e-23)
(0.00811873 -0.039322 -2.78358e-21)
(0.0230758 0.00170729 -1.464e-20)
(0.0696324 0.0147302 1.55063e-20)
(0.111573 0.0185143 -5.79522e-21)
(0.165149 0.0188318 -5.56405e-21)
(0.219702 0.019019 -9.41401e-21)
(0.276322 0.0216778 1.56415e-21)
(0.331099 0.0265563 1.19743e-21)
(0.382978 0.0324149 -1.34511e-21)
(0.430075 0.0358299 1.2378e-21)
(0.472928 0.0334185 2.59631e-22)
(0.512464 0.0209707 1.11667e-21)
(0.549567 -0.00124498 -4.49399e-22)
(0.587616 -0.0267444 -5.59277e-22)
(0.620471 -0.04351 2.89602e-22)
(0.664695 -0.0277946 4.08666e-22)
(0.68909 0.00353006 1.62071e-22)
(0.733877 0.051139 1.87971e-23)
(0.734873 0.055917 5.89312e-23)
(0.786888 0.00659803 1.38827e-23)
(-0.0216118 -0.0397534 1.16665e-20)
(-0.0104879 -0.00583543 -1.63631e-20)
(0.0362865 0.00441689 8.07221e-21)
(0.0805616 0.00681343 5.933e-21)
(0.137595 0.00685156 -1.82533e-21)
(0.195227 0.00765085 4.45366e-21)
(0.254699 0.0113207 4.59817e-23)
(0.31209 0.0174332 9.4257e-22)
(0.366625 0.0245208 -2.16502e-21)
(0.416699 0.0290145 -1.32834e-21)
(0.462811 0.0273802 9.79177e-22)
(0.505787 0.01554 -4.42361e-23)
(0.545627 -0.00620751 9.96467e-23)
(0.584929 -0.0309375 -1.58102e-22)
(0.617016 -0.047241 2.95095e-22)
(0.658601 -0.0306447 -3.26098e-22)
(0.68152 0.000988685 6.23433e-23)
(0.725847 0.049352 -1.90483e-22)
(0.730793 0.0538889 1.09736e-22)
(0.786071 0.0046578 3.88738e-23)
(-0.0383469 -0.0391515 1.55686e-20)
(-0.0296909 -0.0138412 -4.2475e-21)
(0.0173373 -0.0066545 -1.65788e-20)
(0.0632248 -0.00576609 8.29101e-21)
(0.12254 -0.00592901 1.93078e-21)
(0.182015 -0.00439612 1.61344e-21)
(0.243079 0.000371366 1.02028e-21)
(0.30192 0.00777149 -1.53913e-21)
(0.358072 0.0161148 -3.51672e-22)
(0.410231 0.0217175 9.48792e-22)
(0.458838 0.0209206 5.67917e-23)
(0.504551 0.00980889 -3.33495e-22)
(0.546479 -0.0112936 -1.20811e-22)
(0.586377 -0.035074 7.79315e-22)
(0.617156 -0.0508016 -5.08308e-22)
(0.65545 -0.033361 1.13217e-22)
(0.676472 -0.00153978 5.69046e-23)
(0.719816 0.047396 -1.5337e-22)
(0.728666 0.0516136 -9.7077e-23)
(0.786721 0.0026205 -1.88957e-23)
(-0.0421421 -0.0381837 -6.38654e-21)
(-0.034583 -0.0223487 -3.64031e-21)
(0.0131996 -0.0183108 3.70812e-21)
(0.0601579 -0.0189399 -3.67559e-21)
(0.120618 -0.0192078 3.35798e-21)
(0.180685 -0.0168424 1.53481e-21)
(0.242032 -0.010925 5.14472e-23)
(0.301096 -0.00222413 2.0061e-21)
(0.357751 0.0073639 -3.65831e-22)
(0.411005 0.0140751 -5.05667e-22)
(0.461234 0.0141551 2.88781e-22)
(0.508869 0.00387812 -3.25133e-22)
(0.552152 -0.0164143 2.21381e-22)
(0.591957 -0.0390798 -3.55369e-22)
(0.620915 -0.0541274 3.12484e-23)
(0.655335 -0.0358928 -1.14545e-23)
(0.674072 -0.00401577 -8.29598e-23)
(0.715913 0.0452946 1.29598e-22)
(0.728542 0.0491135 4.34273e-23)
(0.788821 0.000506111 -2.80594e-24)
(-0.0329974 -0.0375567 1.07036e-21)
(-0.0252807 -0.0314355 3.53955e-22)
(0.0239862 -0.0304222 -2.23025e-21)
(0.0715654 -0.0324341 1.65235e-21)
(0.132057 -0.0326779 -2.5671e-22)
(0.191466 -0.0293971 7.37732e-22)
(0.251778 -0.0223087 -3.34898e-22)
(0.309819 -0.0123326 -1.01616e-22)
(0.365822 -0.00154723 -2.39941e-22)
(0.419123 0.00624075 -3.5179e-23)
(0.470025 0.00721347 -4.51896e-23)
(0.518686 -0.00214328 7.12187e-23)
(0.562536 -0.0214801 4.61914e-23)
(0.601549 -0.0428871 -5.38146e-23)
(0.628215 -0.0571612 -6.64096e-24)
(0.658266 -0.0381913 -1.577e-23)
(0.674391 -0.00639581 -1.88867e-23)
(0.714233 0.0430781 1.50635e-23)
(0.730457 0.0464127 -1.96016e-23)
(0.792352 -0.00166758 6.31758e-25)
)
;

boundaryField
{
    inlet
    {
        type            freestream;
        freestreamValue uniform (1 0 0);
        value           uniform (1 0 0);
    }
    outlet
    {
        type            freestream;
        freestreamValue uniform (1 0 0);
        value           nonuniform List<vector> 
40
(
(0.904379 -0.0234259 0)
(0.929585 -0.0257518 0)
(0.958655 -0.0277 0)
(0.990768 -0.0288875 0)
(1.0241 -0.0288966 0)
(1.05571 -0.0273119 0)
(1.08186 -0.0238714 0)
(1.09934 -0.0186266 0)
(1.10741 -0.011932 0)
(1.10905 -0.00413585 0)
(0.797237 -0.00387432 -2.39692e-24)
(0.803435 -0.00609536 8.64108e-24)
(0.810833 -0.0083021 2.72295e-23)
(0.81935 -0.0104735 -5.68182e-23)
(0.828858 -0.0125837 -9.84847e-24)
(0.839235 -0.0146106 2.6065e-23)
(0.850344 -0.0165321 -3.68105e-23)
(0.862044 -0.0183276 4.2032e-23)
(0.874188 -0.0199789 2.94508e-23)
(0.886636 -0.0214842 -1.49124e-23)
(0.811951 0.0143668 1.17141e-23)
(0.80434 0.0131102 -2.20158e-23)
(0.79795 0.0116899 -3.16822e-23)
(0.792869 0.0101258 2.99659e-23)
(0.789165 0.00842532 -1.89914e-23)
(0.786888 0.00659803 1.38827e-23)
(0.786071 0.0046578 3.88738e-23)
(0.786721 0.0026205 -1.88957e-23)
(0.788821 0.000506111 -2.80594e-24)
(0.792352 -0.00166758 6.31758e-25)
(1.15691 0.00143451 0)
(1.13988 0.00473004 0)
(1.10653 0.00857203 0)
(1.06014 0.0124173 0)
(1.00758 0.0155605 0)
(0.956094 0.0175794 0)
(0.91068 0.0184046 0)
(0.873621 0.0182077 0)
(0.845121 0.0172681 0)
(0.824228 0.0158484 0)
)
;
    }
    top
    {
        type            symmetryPlane;
    }
    bottom
    {
        type            symmetryPlane;
    }
    cylinder
    {
        type            rotatingWallVelocity;
        origin          (0 0 0);
        axis            (0 0 1);
        omega           constant -1;
        value           nonuniform List<vector> 
80
(
(0.019816 -0.499213 4.33076e-25)
(0.0588591 -0.496114 3.04002e-24)
(0.0975394 -0.48997 -8.93124e-26)
(0.13562 -0.480821 1.77911e-24)
(0.172869 -0.468721 -9.5477e-24)
(0.209058 -0.453746 3.29352e-24)
(0.243965 -0.435985 4.05625e-23)
(0.277377 -0.415548 1.40054e-22)
(0.30909 -0.39256 -8.79813e-23)
(0.338909 -0.367161 -8.99035e-23)
(0.499213 -0.019816 -4.33076e-25)
(0.496114 -0.0588591 -3.04002e-24)
(0.48997 -0.0975394 8.93124e-26)
(0.480821 -0.13562 1.84427e-24)
(0.468721 -0.172869 -2.77228e-23)
(0.453746 -0.209058 -3.29352e-24)
(0.435985 -0.243965 -4.05625e-23)
(0.415548 -0.277377 2.83102e-23)
(0.39256 -0.30909 -1.22366e-22)
(0.367161 -0.338909 8.99035e-23)
(0.367161 0.338909 8.99035e-23)
(0.39256 0.30909 -1.22366e-22)
(0.415548 0.277377 2.83102e-23)
(0.435985 0.243965 -4.05625e-23)
(0.453746 0.209058 -3.29352e-24)
(0.468721 0.172869 -2.77228e-23)
(0.480821 0.13562 1.84427e-24)
(0.48997 0.0975394 8.93124e-26)
(0.496114 0.0588591 -3.04002e-24)
(0.499213 0.019816 -4.33076e-25)
(0.019816 0.499213 4.33076e-25)
(0.0588591 0.496114 3.04002e-24)
(0.0975394 0.48997 -8.93124e-26)
(0.13562 0.480821 1.77911e-24)
(0.172869 0.468721 -9.5477e-24)
(0.209058 0.453746 3.29352e-24)
(0.243965 0.435985 4.05625e-23)
(0.277377 0.415548 -2.83102e-23)
(0.30909 0.39256 -8.79813e-23)
(0.338909 0.367161 -8.99035e-23)
(-0.338909 0.367161 -8.99035e-23)
(-0.30909 0.39256 -8.79813e-23)
(-0.277377 0.415548 1.40054e-22)
(-0.243965 0.435985 4.05625e-23)
(-0.209058 0.453746 3.29352e-24)
(-0.172869 0.468721 -9.5477e-24)
(-0.13562 0.480821 1.77911e-24)
(-0.0975394 0.48997 -8.93124e-26)
(-0.0588591 0.496114 3.04002e-24)
(-0.019816 0.499213 4.33076e-25)
(-0.367161 0.338909 8.99035e-23)
(-0.39256 0.30909 -1.22366e-22)
(-0.415548 0.277377 2.83102e-23)
(-0.435985 0.243965 -4.05625e-23)
(-0.453746 0.209058 -3.29352e-24)
(-0.468721 0.172869 -2.77228e-23)
(-0.480821 0.13562 1.84427e-24)
(-0.48997 0.0975394 8.93124e-26)
(-0.496114 0.0588591 -3.04002e-24)
(-0.499213 0.019816 -4.33076e-25)
(-0.499213 -0.019816 -4.33076e-25)
(-0.496114 -0.0588591 -3.04002e-24)
(-0.48997 -0.0975394 8.93124e-26)
(-0.480821 -0.13562 -1.77911e-24)
(-0.468721 -0.172869 -2.77228e-23)
(-0.453746 -0.209058 -3.29352e-24)
(-0.435985 -0.243965 -4.05625e-23)
(-0.415548 -0.277377 2.83102e-23)
(-0.39256 -0.30909 -1.22366e-22)
(-0.367161 -0.338909 8.99035e-23)
(-0.338909 -0.367161 -8.99035e-23)
(-0.30909 -0.39256 -8.79813e-23)
(-0.277377 -0.415548 -2.83102e-23)
(-0.243965 -0.435985 4.05625e-23)
(-0.209058 -0.453746 3.29352e-24)
(-0.172869 -0.468721 -9.5477e-24)
(-0.13562 -0.480821 1.77911e-24)
(-0.0975394 -0.48997 -8.93124e-26)
(-0.0588591 -0.496114 3.04002e-24)
(-0.019816 -0.499213 4.33076e-25)
)
;
    }
    frontandback
    {
        type            empty;
    }
}


// ************************************************************************* //
