/*--------------------------------*- C++ -*----------------------------------*\
  =========                 |
  \\      /  F ield         | OpenFOAM: The Open Source CFD Toolbox
   \\    /   O peration     | Website:  https://openfoam.org
    \\  /    A nd           | Version:  6.0
     \\/     M anipulation  |
\*---------------------------------------------------------------------------*/
FoamFile
{
    version     2.0;
    format      ascii;
    class       surfaceScalarField;
    location    "24.5";
    object      phi;
}
// * * * * * * * * * * * * * * * * * * * * * * * * * * * * * * * * * * * * * //

dimensions      [0 3 -1 0 0 0 0];

internalField   nonuniform List<scalar> 
4670
(
0.0102349
-0.696187
0.685952
0.028635
-0.702135
0.683735
0.0476579
-0.714588
0.695566
0.0649447
-0.707576
0.690289
0.0804629
-0.691606
0.676088
0.0948357
-0.673026
0.658653
0.108687
-0.655321
0.641469
0.122418
-0.639964
0.626233
0.136297
-0.627295
0.613415
-0.617829
0.60342
0.150706
0.0104513
-0.706638
0.0282815
-0.719966
0.0462857
-0.732593
0.0624167
-0.723707
0.0768134
-0.706003
0.090166
-0.686378
0.103078
-0.668233
0.115881
-0.652767
0.128788
-0.640202
-0.631153
0.142112
0.0103978
-0.717036
0.0274004
-0.736968
0.0441783
-0.749371
0.0589487
-0.738477
0.0720227
-0.719077
0.0841565
-0.698512
0.0959284
-0.680004
0.107591
-0.664429
0.119283
-0.651894
-0.643104
0.131234
0.0100638
-0.7271
0.0260234
-0.752928
0.0414136
-0.764761
0.0546847
-0.751748
0.0662836
-0.730676
0.0770187
-0.709247
0.0874789
-0.690465
0.0979214
-0.674872
0.108502
-0.662475
-0.65401
0.119408
0.00947631
-0.736576
0.0241839
-0.767635
0.0380622
-0.778639
0.0497562
-0.763442
0.0597941
-0.740714
0.068962
-0.718415
0.0778117
-0.699314
0.08667
-0.68373
0.0958976
-0.671703
-0.663989
0.105877
0.0086566
-0.745233
0.0219308
-0.780909
0.0341574
-0.790866
0.0441926
-0.773478
0.0526554
-0.749176
0.0602636
-0.726023
0.0674049
-0.706456
0.0743662
-0.690691
0.0818172
-0.679154
-0.672927
0.0907554
0.00769514
-0.752928
0.0194131
-0.792627
0.0298261
-0.801279
0.0379914
-0.781643
0.0446987
-0.755884
0.0507501
-0.732075
0.056429
-0.712135
0.0616929
-0.695955
0.0668637
-0.684325
-0.678548
0.0724848
0.00674351
-0.759671
0.0169487
-0.802833
0.0254922
-0.809822
0.0315358
-0.787686
0.0359774
-0.760325
0.0398684
-0.735966
0.0438924
-0.716159
0.0480229
-0.700086
0.051105
-0.687407
-0.676757
0.0493136
0.00597758
-0.765649
0.0148991
-0.811754
0.0217921
-0.816715
0.0258388
-0.791733
0.0277305
-0.762217
0.028262
-0.736497
0.0283144
-0.716211
0.0291179
-0.700889
0.0310757
-0.689365
-0.674846
0.0291651
0.00554814
-0.771197
0.0134628
-0.819669
0.0191451
-0.822397
0.0218806
-0.794469
0.0221083
-0.762445
0.0197974
-0.734186
0.0143177
-0.710731
0.00594471
-0.692516
0.000738226
-0.684158
-0.69966
0.0255517
0.821899
0.00677055
-0.82867
0.81513
0.00676918
0.808481
0.00664922
0.802089
0.00639187
0.796055
0.00603438
0.790444
0.00561041
0.785248
0.00519689
0.780397
0.00485026
0.775768
0.00462909
0.00457109
0.878304
0.011415
-0.882948
0.872842
0.0122312
0.866803
0.0126881
0.860387
0.0128076
0.85376
0.0126617
0.84706
0.0123105
0.840357
0.0118995
0.833655
0.0115525
0.826831
0.0114535
0.0117328
0.8573
0.0127435
-0.858629
0.855062
0.0144699
0.852086
0.0156636
0.848576
0.016318
0.844694
0.0165436
0.840583
0.0164212
0.836345
0.0161372
0.831986
0.0159114
0.827424
0.0160157
0.0167597
0.812086
0.0129638
-0.812307
0.811114
0.0154418
0.809507
0.0172714
0.807526
0.0182987
0.805296
0.0187731
0.803025
0.0186929
0.800795
0.0183671
0.798696
0.0180105
0.796699
0.0180125
0.01899
0.773825
0.0136159
-0.774477
0.772596
0.0166704
0.770802
0.0190656
0.768902
0.0201989
0.766872
0.0208026
0.765162
0.020403
0.763687
0.0198424
0.762784
0.0189133
0.762486
0.0183109
0.0190308
0.744915
0.0151612
-0.746461
0.742962
0.0186237
0.740351
0.0216769
0.737958
0.022592
0.735309
0.0234511
0.733538
0.0221741
0.731977
0.0214034
0.73173
0.0191602
0.732287
0.017754
0.0171314
0.721965
0.0175851
-0.724389
0.719358
0.0212307
0.71582
0.0252146
0.712962
0.0254506
0.709243
0.0271694
0.70728
0.0241369
0.704925
0.0237586
0.705836
0.0182492
0.706415
0.0171747
0.0128156
0.702189
0.0207954
-0.705399
0.699147
0.0242718
0.694765
0.0295972
0.691779
0.0284367
0.686713
0.0322353
0.684624
0.0262259
0.680169
0.0282137
0.683495
0.0149234
0.683931
0.0167383
0.0042304
0.684237
0.024837
-0.688279
0.680917
0.0275926
0.675823
0.0346901
0.67311
0.0311506
0.666829
0.0385155
0.664742
0.0283135
0.656729
0.0362262
0.661508
0.0101442
0.664129
0.0141172
-0.0157984
0.667961
-0.673155
0.0300309
0.66429
0.0312632
0.658619
0.0403614
0.656324
0.0334453
0.649453
0.0453868
0.647357
0.030409
0.636105
0.0474782
0.6361
0.0101495
0.638723
0.0114946
-0.0767355
0.853063
-0.00239499
-0.850668
0.854638
-0.00157469
0.855134
-0.000496351
0.854424
0.000710385
0.852478
0.00194566
0.849385
0.00309315
0.84527
0.00411539
0.840314
0.00495551
0.834701
0.00561343
0.00603069
0.864368
-0.0118475
-0.854916
0.872537
-0.0097433
0.879265
-0.00722507
0.884395
-0.00441927
0.887863
-0.00152221
0.889716
0.0012401
0.890034
0.00379773
0.888931
0.00605781
0.88652
0.00802437
0.00960294
0.811401
-0.0242619
-0.798986
0.822634
-0.0209766
0.832419
-0.0170107
0.840607
-0.0126065
0.847197
-0.00811264
0.852263
-0.00382595
0.855867
0.00019365
0.858071
0.0038541
0.858956
0.00713965
0.00992978
0.759901
-0.0371561
-0.747007
0.771627
-0.032703
0.781792
-0.0271757
0.790294
-0.021108
0.797258
-0.0150765
0.802818
-0.00938674
0.807013
-0.00400056
0.809929
0.000937826
0.811639
0.00542974
0.00926181
0.727786
-0.050005
-0.714937
0.739205
-0.0441226
0.748701
-0.0366714
0.756407
-0.0288137
0.762614
-0.0212831
0.76745
-0.014223
0.770911
-0.00746155
0.773165
-0.00131635
0.774273
0.00432166
0.0090582
0.707118
-0.0632839
-0.693839
0.718256
-0.0552606
0.726843
-0.0452582
0.733643
-0.0356144
0.739042
-0.0266817
0.743003
-0.0181845
0.745508
-0.00996655
0.746858
-0.00266639
0.747064
0.00411615
0.00966122
0.69127
-0.0776524
-0.676902
0.70222
-0.0662104
0.709805
-0.0528433
0.715917
-0.0417267
0.720736
-0.0315008
0.723939
-0.0213877
0.725626
-0.011653
0.726242
-0.0032827
0.725679
0.00467966
0.0109512
0.677485
-0.0925976
-0.662539
0.688093
-0.0768186
0.694814
-0.0595647
0.700468
-0.0473806
0.704707
-0.0357394
0.707179
-0.0238594
0.708236
-0.0127102
0.70835
-0.00339664
0.707201
0.00582864
0.012753
0.665379
-0.103408
-0.654568
0.674687
-0.0861269
0.682098
-0.0669756
0.687272
-0.0525545
0.690312
-0.0387802
0.691915
-0.0254622
0.692474
-0.0132687
0.692227
-0.00314994
0.690556
0.0074994
0.0150304
0.655677
-0.663982
-0.0951033
0.656885
-0.087335
0.673217
-0.0833078
0.677862
-0.057199
0.678101
-0.0390189
0.678613
-0.0259749
0.678888
-0.0135439
0.678357
-0.00261875
0.676148
0.00970833
0.0180242
0.100359
0.549276
-0.544253
-0.105381
0.09331
0.558594
-0.551545
0.0846037
0.566646
-0.557939
0.0744009
0.574395
-0.564192
0.0628003
0.583199
-0.571599
0.0498105
0.595971
-0.582981
0.0354187
0.619892
-0.6055
0.0200514
0.668809
-0.653442
0.0061908
0.743937
-0.730076
0.804351
-0.79816
0.10177
0.556183
-0.108677
0.0936292
0.566734
0.0842395
0.576035
0.0736838
0.58495
0.0619528
0.59493
0.0489754
0.608949
0.0346879
0.634179
0.0195269
0.68397
0.00600953
0.757454
0.81036
0.0978186
0.561726
-0.103362
0.0908449
0.573708
0.0823886
0.584491
0.0724281
0.594911
0.061022
0.606336
0.0482145
0.621756
0.0340523
0.648342
0.0190661
0.698956
0.00581732
0.770703
0.816178
0.102958
0.570564
-0.111796
0.0936226
0.583044
0.0835459
0.594568
0.0726347
0.605822
0.0607346
0.618236
0.0477203
0.63477
0.0335309
0.662531
0.0186611
0.713826
0.00564789
0.783716
0.821825
0.0980734
0.575724
-0.103234
0.0910184
0.590099
0.0823471
0.60324
0.0720229
0.616146
0.0602568
0.630003
0.047223
0.647804
0.0330281
0.676726
0.0182601
0.728594
0.00547772
0.796499
0.827303
0.105432
0.585505
-0.115213
0.0950342
0.600496
0.0840219
0.614252
0.0723829
0.627785
0.0599999
0.642386
0.0467264
0.661078
0.0324894
0.690963
0.0178408
0.743243
0.0053048
0.809035
0.832608
0.100055
0.588618
-0.103167
0.0927662
0.607784
0.0830937
0.623924
0.0718003
0.639079
0.0594104
0.654776
0.0460553
0.674433
0.031806
0.705212
0.0173019
0.757747
0.00506711
0.82127
0.837675
0.111582
0.601049
-0.124012
0.0974079
0.621958
0.0839111
0.637421
0.0712699
0.65172
0.058498
0.667547
0.0450353
0.687896
0.0308511
0.719397
0.0166115
0.771986
0.00476761
0.833113
0.842443
0.109376
0.612479
-0.120807
0.0947406
0.636594
0.0823715
0.64979
0.0701437
0.663948
0.0571446
0.680546
0.0435191
0.701521
0.0294744
0.733441
0.015636
0.785825
0.00435129
0.844398
0.846794
0.111504
-0.163006
0.0935299
0.0807806
0.0678269
0.0545344
0.0411185
0.0275533
0.0143917
0.00387422
0.150088
0.451892
-0.456403
-0.145576
0.131703
0.454684
-0.436299
0.111338
0.451078
-0.430713
0.0922415
0.448151
-0.429055
0.0746792
0.447189
-0.429627
0.0580914
0.450281
-0.433693
0.0419197
0.464341
-0.448169
0.025688
0.505316
-0.489085
0.00993471
0.59029
-0.574536
0.721492
-0.711558
0.138189
0.467675
-0.153972
0.123862
0.469012
0.108714
0.466225
0.0927042
0.464161
0.076297
0.463596
0.0597465
0.466831
0.0430976
0.48099
0.0262501
0.522164
0.01006
0.60648
0.731552
0.131816
0.48568
-0.149821
0.118522
0.482305
0.104988
0.479759
0.090683
0.478466
0.0755487
0.47873
0.0596807
0.482699
0.0431999
0.497471
0.0262062
0.539158
0.00987117
0.622815
0.741423
0.128163
0.497441
-0.139924
0.115911
0.494558
0.102732
0.492938
0.0888437
0.492355
0.0742433
0.493331
0.0588536
0.498089
0.0426467
0.513678
0.0257238
0.556081
0.00948577
0.639053
0.750909
0.124277
0.506081
-0.132917
0.113108
0.505727
0.100593
0.505453
0.0871453
0.505802
0.0728957
0.50758
0.057807
0.513178
0.0418143
0.52967
0.0250204
0.572875
0.00901085
0.655062
0.75992
0.120038
0.514384
-0.12834
0.10967
0.516095
0.0979805
0.517142
0.085203
0.51858
0.0714339
0.521349
0.0566731
0.527938
0.040891
0.545453
0.0242528
0.589513
0.00852542
0.67079
0.768446
0.115256
0.522627
-0.123499
0.105676
0.525674
0.0947914
0.528027
0.0827461
0.530625
0.0695884
0.534507
0.055295
0.542232
0.0398342
0.560913
0.0234317
0.605915
0.00804564
0.686176
0.776491
0.11208
0.530737
-0.12019
0.102799
0.534955
0.0922836
0.538543
0.0806303
0.542278
0.0678598
0.547278
0.0539221
0.556169
0.0387581
0.576077
0.0226215
0.622052
0.00759708
0.7012
0.784088
0.107282
0.537663
-0.114209
0.0989618
0.543275
0.089232
0.548273
0.0782193
0.553291
0.065979
0.559518
0.0524744
0.569674
0.0376528
0.590899
0.0218185
0.637886
0.0071896
0.715829
0.791278
0.105512
-0.112102
0.0972422
0.0875755
0.0766745
0.064594
0.0512865
0.0366853
0.0211296
0.00688207
-0.400625
0.151083
-0.206861
-0.388684
0.109698
-0.12164
-0.380928
0.100609
-0.108366
-0.379594
0.0639056
-0.0652389
-0.377796
0.051065
-0.0528628
-0.379018
0.026353
-0.0251312
-0.381255
0.0111506
-0.00891431
-0.386097
-0.00824917
0.0130912
-0.392518
-0.0232596
0.0296807
-0.0380646
-0.400744
0.0462904
-0.408963
0.123747
-0.39641
0.0971449
-0.384124
0.088324
-0.38137
0.061152
-0.378529
0.0482237
-0.37952
0.0273437
-0.381594
0.0132251
-0.3863
-0.00354378
-0.392546
-0.017013
-0.0301352
-0.400476
-0.409994
0.103028
-0.399237
0.0863885
-0.387013
0.0761
-0.382759
0.0568971
-0.379235
0.0446999
-0.379698
0.0278071
-0.38158
0.0151076
-0.386061
0.000936317
-0.392178
-0.0108953
-0.0223244
-0.399989
-0.411562
0.0855354
-0.40023
0.0750562
-0.389213
0.0650834
-0.383747
0.0514312
-0.37969
0.0406428
-0.379362
0.0274789
-0.380833
0.0165786
-0.384893
0.00499657
-0.39074
-0.00504898
-0.0146942
-0.39837
-0.413884
0.0697926
-0.401597
0.0627696
-0.391147
0.0546334
-0.384653
0.0449369
-0.380097
0.0360864
-0.378833
0.0262156
-0.379666
0.0174117
-0.383052
0.00838255
-0.388378
0.000276925
-0.0074786
-0.395594
-0.418729
0.054829
-0.405975
0.0500155
-0.395477
0.0441351
-0.388021
0.0374811
-0.382809
0.0308743
-0.380469
0.0238759
-0.380372
0.0173144
-0.382727
0.010738
-0.387118
0.00466775
-0.00113405
-0.393463
-0.433423
0.0400823
-0.420413
0.0370055
-0.409512
0.0332343
-0.401058
0.0290277
-0.394854
0.0246703
-0.39114
0.0201617
-0.389631
0.0158054
-0.39039
0.0114965
-0.393161
0.00743854
0.00356044
-0.397855
-0.474107
0.0251048
-0.460573
0.0234712
-0.448821
0.0214828
-0.439052
0.0192581
-0.431289
0.0169071
-0.42562
0.0144935
-0.421937
0.0121223
-0.420235
0.00979421
-0.420369
0.00757253
0.00544565
-0.422254
-0.559607
0.0101759
-0.545781
0.00964482
-0.533296
0.00899753
-0.522322
0.00828409
-0.512915
0.00750008
-0.505118
0.00669655
-0.49889
0.00589428
-0.494208
0.0051128
-0.490993
0.00435662
0.003597
-0.489144
-0.701382
-0.691737
-0.682739
-0.674455
-0.666955
-0.660259
-0.654364
-0.649252
-0.644895
-0.641298
-0.409765
-0.0498465
0.0588685
-0.419454
-0.0604622
0.0701512
-0.429677
-0.0694154
0.0796382
-0.440329
-0.0768117
0.0874639
-0.451322
-0.0824448
0.0934376
-0.462827
-0.0858264
0.0973316
-0.473698
-0.08746
0.0983307
-0.479775
-0.0880727
0.0941494
-0.48722
-0.0858519
0.093297
-0.0797795
-0.503213
0.0957726
-0.409381
-0.0409416
-0.419102
-0.0507408
-0.429434
-0.0590834
-0.440229
-0.0660165
-0.451288
-0.0713856
-0.462161
-0.0749537
-0.472284
-0.0773372
-0.481466
-0.0788907
-0.48965
-0.0776675
-0.0746206
-0.494809
-0.408967
-0.0319635
-0.418915
-0.0407927
-0.42961
-0.0483885
-0.440846
-0.0547808
-0.452346
-0.0598853
-0.463607
-0.0636926
-0.4744
-0.0665441
-0.484943
-0.0683476
-0.494013
-0.0685978
-0.0692424
-0.499391
-0.407354
-0.0229789
-0.41748
-0.0306671
-0.428501
-0.037368
-0.440167
-0.043114
-0.452176
-0.0478765
-0.464151
-0.0517182
-0.475954
-0.0547402
-0.487462
-0.0568398
-0.497682
-0.0583781
-0.0610018
-0.505923
-0.404343
-0.0142295
-0.414413
-0.0205972
-0.425544
-0.0262368
-0.437476
-0.0311828
-0.44992
-0.0354325
-0.462604
-0.0390341
-0.475347
-0.041997
-0.487821
-0.0443655
-0.499504
-0.0466952
-0.0499804
-0.510525
-0.401486
-0.00620672
-0.410988
-0.0110948
-0.421725
-0.0154996
-0.433459
-0.0194494
-0.445943
-0.0229487
-0.458956
-0.0260207
-0.472275
-0.028678
-0.485582
-0.0310586
-0.498672
-0.0336046
-0.0368179
-0.511835
-0.404295
0.000233013
-0.412301
-0.00308889
-0.421677
-0.00612343
-0.432237
-0.00888887
-0.443792
-0.0113935
-0.456162
-0.0136514
-0.469139
-0.0157004
-0.482509
-0.0176885
-0.496215
-0.0198987
-0.0225626
-0.510471
-0.425814
0.00379297
-0.430878
0.00197513
-0.437325
0.00032383
-0.44504
-0.00117476
-0.453895
-0.00253802
-0.463768
-0.00377805
-0.474525
-0.00494384
-0.486067
-0.00614621
-0.498408
-0.00755786
-0.00929262
-0.511678
-0.488585
0.00323415
-0.489241
0.00263066
-0.491024
0.00210743
-0.493876
0.00167718
-0.497716
0.00130145
-0.502479
0.000985711
-0.508118
0.000694756
-0.514643
0.000379135
-0.522145
-5.62388e-05
-0.000716456
-0.530721
-0.638064
-0.635433
-0.633326
-0.631649
-0.630347
-0.629361
-0.628667
-0.628288
-0.628344
-0.62906
0.000952093
-0.630012
0.0107402
-0.540509
0.0251815
-0.526119
0.0403201
-0.525609
0.0541592
-0.525674
0.0658013
-0.522168
0.0748281
-0.514949
0.0809747
-0.505538
0.0824411
-0.496276
-0.487792
0.06702
0.00186879
-0.631881
0.0130342
-0.551675
0.0286488
-0.541734
0.0447407
-0.541701
0.0594537
-0.540387
0.0722486
-0.534962
0.0833986
-0.526099
0.0934544
-0.515594
0.101832
-0.504653
-0.493843
0.107883
0.00291284
-0.634794
0.0155239
-0.564286
0.0323433
-0.558553
0.049427
-0.558785
0.0651095
-0.556069
0.0789902
-0.548843
0.091121
-0.53823
0.101404
-0.525877
0.109852
-0.513101
-0.501762
0.117771
0.00401403
-0.638808
0.0180823
-0.578354
0.036037
-0.576508
0.0540209
-0.576769
0.0705734
-0.572622
0.0854962
-0.563766
0.0991759
-0.55191
0.112353
-0.539054
0.126029
-0.526777
-0.516541
0.140809
0.00518751
-0.643996
0.0206119
-0.593778
0.0395424
-0.595438
0.0582332
-0.59546
0.0753948
-0.589783
0.0909267
-0.579298
0.105208
-0.566191
0.118724
-0.55257
0.131825
-0.539879
-0.529078
0.144362
0.00635859
-0.650354
0.0229819
-0.610402
0.0426664
-0.615123
0.0618315
-0.614625
0.0793986
-0.60735
0.095439
-0.595338
0.110471
-0.581223
0.125088
-0.567187
0.139722
-0.554513
-0.54385
0.154494
0.00749021
-0.657844
0.0250849
-0.627997
0.0452488
-0.635287
0.0646073
-0.633983
0.0822863
-0.625029
0.0984647
-0.611517
0.113645
-0.596404
0.128264
-0.581806
0.142505
-0.568754
-0.557587
0.156243
0.00852083
-0.666365
0.02682
-0.646296
0.0471639
-0.655631
0.0664291
-0.653249
0.0839737
-0.642574
0.100128
-0.627671
0.11548
-0.611756
0.130525
-0.596851
0.14555
-0.583779
-0.572841
0.160804
0.00941894
-0.675784
0.0281172
-0.664994
0.0483169
-0.67583
0.0671783
-0.67211
0.084281
-0.659677
0.100068
-0.643458
0.115151
-0.626839
0.129991
-0.611691
0.144836
-0.598624
-0.587893
0.159888
0.0101678
0.028909
0.0486442
0.066823
0.0832341
0.0984295
0.113059
0.127602
0.142393
0.15792
0.100872
-2.98913
3.03896
0.0782213
-2.70066
2.72331
0.0688306
-2.34677
2.35616
0.0531311
-2.09155
2.10725
0.0432242
-1.79057
1.80048
0.0386079
-1.38876
1.39337
0.0313769
-0.99418
1.00141
0.0258682
-0.673052
0.678561
0.0222377
-0.443822
0.447453
0.0200567
-0.289622
0.291803
0.0188901
-0.192567
0.193734
0.0185385
-0.135183
0.135535
0.018737
-0.102618
0.10242
0.0191383
-0.0820843
0.081683
0.0194874
-0.0670191
0.06667
0.0196342
-0.0520314
0.0518847
0.0193928
-0.0349638
0.0352052
0.0187192
-0.012528
0.0132015
0.0150709
0.03819
-0.0345416
0.0736657
-0.0702213
0.0865313
-2.93355
0.0548523
-2.66898
0.0436404
-2.33556
0.0325811
-2.08049
0.0264143
-1.78441
0.0259123
-1.38825
0.0228051
-0.991073
0.0199554
-0.670202
0.0181062
-0.441973
0.0170051
-0.288521
0.0164231
-0.191985
0.0163596
-0.13512
0.0166776
-0.102937
0.0171055
-0.0825122
0.0174319
-0.0673456
0.0175323
-0.0521318
0.0172581
-0.0346897
0.0165204
-0.0117903
0.012751
0.0419594
0.0771688
0.0696725
-2.87198
0.0319438
-2.63126
0.0191582
-2.32278
0.0123255
-2.07366
0.0103764
-1.78246
0.0136985
-1.39158
0.0144789
-0.991853
0.0142241
-0.669947
0.0141028
-0.441852
0.0140558
-0.288474
0.0140385
-0.191968
0.0142466
-0.135328
0.0146757
-0.103366
0.0151297
-0.0829661
0.0154396
-0.0676555
0.0155042
-0.0521965
0.0152124
-0.0343979
0.0144259
-0.0110038
0.0105891
0.0457962
0.0806776
0.0540307
-2.80661
0.01477
-2.59199
0.000416344
-2.30842
-0.00492748
-2.06831
-0.00418681
-1.7832
0.0020526
-1.39782
0.0063423
-0.996143
0.00863894
-0.672244
0.0102162
-0.443429
0.0112096
-0.289467
0.0117443
-0.192503
0.0122112
-0.135795
0.012744
-0.103899
0.0132238
-0.0834458
0.0135228
-0.0679545
0.0135611
-0.0522348
0.0132646
-0.0341014
0.0124431
-0.0101823
0.00860067
0.0496386
0.0841295
0.0410548
-2.74178
0.00522777
-2.55617
-0.0130493
-2.29015
-0.0204846
-2.06088
-0.0187336
-1.78495
-0.00983163
-1.40672
-0.00186985
-1.0041
0.00313107
-0.677245
0.00642905
-0.446727
0.00846437
-0.291502
0.00954642
-0.193585
0.0102629
-0.136511
0.0108938
-0.104529
0.0113994
-0.0839514
0.0116925
-0.0682476
0.0117126
-0.0522548
0.0114223
-0.0338111
0.0105783
-0.00933831
0.00679972
0.0534172
0.0874534
0.0324711
-2.6835
-0.00675137
-2.51694
-0.0327062
-2.26419
-0.0423283
-2.05125
-0.0379953
-1.78928
-0.0239225
-1.42079
-0.010672
-1.01736
-0.00240526
-0.685512
0.00271467
-0.451847
0.00581293
-0.294601
0.00744755
-0.195219
0.00840938
-0.137473
0.00913456
-0.105255
0.0096666
-0.0844835
0.00995841
-0.0685395
0.00996694
-0.0522633
0.00969153
-0.0335357
0.0088361
-0.00848288
0.0051981
0.0570552
0.0905722
-0.0001456
-2.61087
-0.0551409
-2.46195
-0.0788364
-2.24049
-0.0804693
-2.04962
-0.0659189
-1.80383
-0.0413884
-1.44532
-0.0203414
-1.0384
-0.00804271
-0.69781
-0.000959634
-0.45893
0.00324081
-0.298801
0.00544583
-0.197424
0.00665546
-0.138683
0.00747397
-0.106073
0.00803371
-0.0850432
0.00832825
-0.068834
0.00833075
-0.0522659
0.0080768
-0.0332817
0.00721939
-0.00762547
0.00380656
0.060468
0.0934039
-0.0786258
-2.48293
-0.131568
-2.40901
-0.137235
-2.23483
-0.123743
-2.06311
-0.0947253
-1.83285
-0.0585626
-1.48148
-0.0298794
-1.06709
-0.0136102
-0.714079
-0.00457999
-0.46796
0.000739874
-0.304121
0.00353809
-0.200223
0.0050039
-0.140148
0.00591764
-0.106987
0.00650717
-0.0856327
0.00680803
-0.0691349
0.00680871
-0.0522665
0.00658065
-0.0330536
0.00572899
-0.00677381
0.00263692
0.0635601
0.095856
-0.0940871
-2.35968
-0.130842
-2.37225
-0.140981
-2.22469
-0.130639
-2.07345
-0.102176
-1.86131
-0.0665384
-1.51712
-0.0367849
-1.09684
-0.0185079
-0.732356
-0.00797004
-0.478498
-0.00163708
-0.310454
0.00174293
-0.203603
0.00346468
-0.14187
0.00447299
-0.107995
0.00509333
-0.0862531
0.00540303
-0.0694446
0.00540458
-0.0522681
0.00520454
-0.0328536
0.004364
-0.00593326
0.00177547
0.0661486
0.0978906
0.264364
-2.59849
0.133049
-2.24094
0.0291274
-2.12077
-0.0242997
-2.02003
-0.052899
-1.83271
-0.0554394
-1.51458
-0.0388654
-1.11341
-0.0220462
-0.749176
-0.0108367
-0.489708
-0.00377013
-0.317521
0.000111812
-0.207485
0.00206157
-0.14382
0.00315239
-0.109086
0.00380129
-0.086902
0.00412009
-0.0697634
0.00412416
-0.0522721
0.00395027
-0.0326797
0.00312769
-0.00511069
0.000942831
0.0683335
0.0994792
0.757963
-2.0743
-1.28215
0.606069
-2.08904
0.653243
-2.16794
0.534606
-1.90139
0.360504
-1.65861
0.213974
-1.36805
0.125618
-1.02506
0.0752232
-0.698781
0.0450073
-0.459492
0.0289556
-0.301469
0.0203404
-0.198869
0.0154457
-0.138925
0.0125728
-0.106213
0.0105519
-0.0848811
0.00872742
-0.0679389
0.00686192
-0.0504066
0.00510687
-0.0309247
0.00239979
-0.00240361
-0.000919625
0.0716529
0.100563
1.09686
-1.73765
-1.43352
0.891027
-1.88321
0.63846
-1.91537
0.487544
-1.75047
0.347522
-1.51859
0.225845
-1.24637
0.137111
-0.936323
0.0837539
-0.645424
0.0515352
-0.427273
0.032832
-0.282766
0.0222502
-0.188287
0.0159055
-0.13258
0.0119111
-0.102219
0.00899593
-0.081966
0.0064001
-0.065343
0.00389708
-0.0479036
0.00169136
-0.028719
-0.00140329
0.000691043
-0.00378219
0.0740318
0.100144
1.3132
-1.38754
-1.66331
1.00386
-1.57386
0.765125
-1.67664
0.60931
-1.59466
0.450532
-1.35981
0.290165
-1.08601
0.167971
-0.814129
0.0982082
-0.575661
0.0595884
-0.388653
0.0368547
-0.260032
0.0238037
-0.175236
0.0157938
-0.124571
0.0104503
-0.0968752
0.00641383
-0.0779295
0.00286149
-0.0617907
-0.000392247
-0.0446499
-0.00308489
-0.0260263
-0.0064838
0.00408996
-0.00740727
0.0749553
0.0976569
1.42792
-1.04051
-1.77495
1.14346
-1.28941
0.875391
-1.40857
0.636961
-1.35623
0.45773
-1.18058
0.300367
-0.928643
0.178585
-0.692347
0.107061
-0.504137
0.067071
-0.348663
0.041102
-0.234063
0.0250609
-0.159195
0.0150032
-0.114513
0.00800297
-0.0898749
0.00258015
-0.0725067
-0.00212054
-0.05709
-0.00621004
-0.0405604
-0.00940097
-0.0228354
-0.0128735
0.00756251
-0.0117692
0.073851
0.0925691
1.56048
-0.800268
-1.80072
1.2665
-0.995431
0.960831
-1.10289
0.741897
-1.1373
0.557177
-0.995861
0.365009
-0.736475
0.212404
-0.539742
0.123756
-0.41549
0.0763192
-0.301226
0.0457295
-0.203473
0.0259791
-0.139445
0.0133944
-0.101928
0.00438827
-0.0808689
-0.00270227
-0.0654162
-0.00872141
-0.0510709
-0.0136835
-0.0355983
-0.0173323
-0.0191865
-0.020498
0.0107282
-0.0167826
0.0701356
0.0844516
1.62405
-0.586476
-1.83784
1.31141
-0.682786
1.03321
-0.824694
0.758111
-0.862201
0.477125
-0.714876
0.290783
-0.550133
0.193343
-0.442302
0.131739
-0.353886
0.0846866
-0.254174
0.0498001
-0.168587
0.026213
-0.115858
0.0107738
-0.0864889
-0.000547834
-0.0695473
-0.00955601
-0.056408
-0.0170058
-0.0436211
-0.0228104
-0.0297937
-0.0268035
-0.0151934
-0.0291277
0.0130524
-0.0222752
0.063283
0.0730757
1.53193
-0.376128
-1.74228
1.28672
-0.43758
1.01435
-0.552319
0.712992
-0.560846
0.499291
-0.501175
0.382587
-0.433429
0.277549
-0.337263
0.172499
-0.248836
0.0966152
-0.17829
0.0521075
-0.124079
0.0250928
-0.0888432
0.00692935
-0.0683254
-0.00688401
-0.0557339
-0.0179725
-0.0453195
-0.0268757
-0.0347179
-0.0334246
-0.0232448
-0.0375634
-0.0110546
-0.0383946
0.0138835
-0.028018
0.0529065
0.0584868
1.33929
-0.213929
-1.50149
1.15219
-0.250482
0.899885
-0.300012
0.658786
-0.319747
0.483772
-0.32616
0.335797
-0.285455
0.215716
-0.217182
0.131261
-0.164381
0.0796456
-0.126675
0.0469949
-0.0914284
0.0220262
-0.0638745
0.00185343
-0.0481526
-0.0145403
-0.0393401
-0.0277587
-0.0321011
-0.038044
-0.0244326
-0.0452005
-0.0160883
-0.0492186
-0.00703653
-0.047873
0.0125379
-0.0337959
0.0388293
0.0409986
1.13408
-0.0976177
-1.25039
0.990201
-0.106602
0.822662
-0.132473
0.663773
-0.160859
0.50828
-0.170666
0.367921
-0.145096
0.259744
-0.109004
0.173932
-0.078569
0.105154
-0.0578967
0.0552332
-0.0415079
0.0208112
-0.0294526
-0.00400919
-0.0233322
-0.0232414
-0.0201079
-0.0384786
-0.0168639
-0.0500241
-0.0128872
-0.0577008
-0.00841156
-0.0613341
-0.00340331
-0.0572403
0.00844414
-0.0395072
0.0210963
0.0210616
1.04331
-1.14093
0.93671
0.804237
0.643378
0.472711
0.327615
0.218611
0.140042
0.0821452
0.0406373
0.0111847
-0.0121475
-0.0322554
-0.0491193
-0.0620065
-0.0704181
-0.0738214
-0.0653772
-0.0442809
1.5034
0.00374487
-1.47711
1.52426
0.0104011
1.53497
0.0296534
1.54164
0.0267719
1.53591
0.0511158
1.52452
0.0418046
1.49258
0.0794161
1.44777
0.0549587
1.36721
0.0920493
0.00832613
1.60938
-0.0153485
-1.59029
1.62106
-0.00128012
1.62898
0.0217366
1.62519
0.0305644
1.61696
0.0593414
1.59059
0.0681755
1.5646
0.105405
1.5218
0.0977631
1.49918
0.114669
0.0739848
1.67844
-0.0204272
-1.67336
1.68048
-0.00332306
1.68174
0.0204772
1.67701
0.0353002
1.67455
0.061798
1.67065
0.0720769
1.67934
0.0967162
1.68554
0.0915611
1.69561
0.104595
0.106293
1.67304
-0.0201959
-1.67327
1.67487
-0.0051542
1.6827
0.0126531
1.69329
0.0247056
1.71349
0.0415961
1.73544
0.0501336
1.76184
0.0703167
1.77247
0.0809249
1.77392
0.103145
0.10526
1.69578
-0.0233008
-1.69267
1.70292
-0.0122986
1.71596
-0.000377967
1.73005
0.0106105
1.74572
0.0259283
1.75483
0.0410246
1.76345
0.0616954
1.76955
0.0748227
1.78544
0.0872539
0.0899838
1.71022
-0.0252374
-1.70828
1.71366
-0.0157369
1.71824
-0.0049632
1.72219
0.00665896
1.72836
0.0197568
1.73813
0.0312632
1.75762
0.0421969
1.78324
0.0492083
1.81289
0.0575989
0.065034
1.58987
-0.0218287
-1.59328
1.58895
-0.0148186
1.59168
-0.00769533
1.59927
-0.000922796
1.6135
0.00552636
1.63355
0.0112051
1.65844
0.017309
1.68444
0.0232154
1.71167
0.030365
0.0344286
1.4105
-0.0160935
-1.41624
1.40813
-0.0124427
1.4093
-0.0088693
1.41378
-0.00540124
1.42125
-0.00194498
1.43101
0.00145005
1.44344
0.0048735
1.45883
0.00782874
1.4785
0.0106958
0.0114379
1.22371
-0.00802749
-1.23178
1.21782
-0.00654711
1.21407
-0.00512034
1.21246
-0.00378677
1.21309
-0.00257985
1.21608
-0.00153543
1.22161
-0.00066153
1.22942
1.54025e-05
1.23952
0.000604945
0.000561428
1.15998
-1.16801
1.15343
1.14831
1.14452
1.14195
1.14041
1.13975
1.13976
1.14037
1.17476
0.339551
-1.60941
1.23761
-0.15018
1.30599
-0.151689
1.32384
-0.0750518
1.33824
-0.0534191
1.3619
-0.0496368
1.3891
-0.0407401
1.41744
-0.0309595
1.44641
-0.0192641
-0.0126769
1.38498
0.217073
-1.26251
1.4195
-0.184695
1.4462
-0.178393
1.47175
-0.100595
1.4837
-0.0653719
1.50009
-0.0660266
1.52245
-0.0631021
1.54596
-0.054471
1.56937
-0.0426744
-0.0335903
1.5485
0.214896
-1.54632
1.59476
-0.230955
1.60842
-0.192054
1.61656
-0.108732
1.62449
-0.0733005
1.63264
-0.074184
1.64391
-0.074369
1.65618
-0.0667438
1.66676
-0.0532518
-0.0401928
1.68584
0.206836
-1.67778
1.68384
-0.228959
1.68155
-0.18976
1.68042
-0.107603
1.6786
-0.0714786
1.6765
-0.07208
1.6762
-0.0740782
1.67638
-0.0669176
1.67577
-0.0526476
-0.0376911
1.79303
0.191308
-1.7775
1.75679
-0.192715
1.73251
-0.165479
1.72671
-0.101805
1.72173
-0.0664936
1.71288
-0.0632309
1.70434
-0.0655463
1.69798
-0.0605536
1.69426
-0.0489278
-0.0361054
1.85541
0.14384
-1.80794
1.80558
-0.142886
1.76613
-0.126026
1.75036
-0.0860321
1.7443
-0.0604334
1.7352
-0.054133
1.72384
-0.0541851
1.71456
-0.0512811
1.70958
-0.043944
-0.0348066
1.76373
0.0879724
-1.70786
1.71172
-0.090873
1.66953
-0.0838328
1.6489
-0.0654093
1.6401
-0.0516317
1.63131
-0.045342
1.61987
-0.0427473
1.60838
-0.0397902
1.59938
-0.0349379
-0.0287109
1.589
0.0338059
-1.53484
1.54786
-0.0497232
1.51288
-0.0488556
1.49078
-0.0433087
1.4764
-0.0372543
1.46369
-0.0326334
1.45026
-0.0293142
1.43687
-0.0263987
1.42518
-0.0232521
-0.0197687
1.3976
0.00119435
-1.36499
1.36919
-0.0213139
1.34199
-0.0216523
1.31908
-0.0204067
1.30007
-0.0182385
1.28343
-0.0159981
1.2682
-0.0140837
1.25428
-0.0124741
1.24202
-0.0109966
-0.00952629
1.3127
-1.3115
1.29138
1.26973
1.24932
1.23109
1.21509
1.201
1.18853
1.17753
0.135893
0.0911036
-0.096881
0.16074
0.268897
-0.293745
0.221298
0.509213
-0.56977
0.29468
0.822562
-0.895944
0.3696
1.09802
-1.17294
0.45323
1.34494
-1.42857
0.57385
1.57587
-1.69649
0.719155
1.8405
-1.98581
0.955291
1.91154
-2.14767
1.76862
-2.42274
0.159507
0.0833691
0.184017
0.244387
0.250804
0.442426
0.341451
0.731915
0.44028
0.999189
0.541492
1.24373
0.688149
1.42921
0.859223
1.66943
1.06879
1.70197
1.5749
0.18673
0.0723571
0.211969
0.219147
0.282696
0.371699
0.391842
0.622769
0.520128
0.870903
0.653165
1.11069
0.829278
1.2531
1.02779
1.47092
1.17623
1.55354
1.2048
0.216884
0.0584706
0.246067
0.189964
0.31283
0.304936
0.433374
0.502226
0.603394
0.700883
0.759685
0.954402
0.943794
1.06899
1.22501
1.1897
1.3377
1.44085
0.864719
0.250831
0.0432141
0.284564
0.156232
0.349875
0.239624
0.458605
0.393496
0.638225
0.521263
0.889111
0.703516
1.00373
0.954372
1.36026
0.833168
1.56763
1.23348
0.654845
0.290471
0.029369
0.331725
0.114978
0.377778
0.193571
0.509067
0.262207
0.58099
0.44934
0.912505
0.372001
1.05578
0.811097
1.36453
0.524419
1.84277
0.75524
0.689668
0.337827
0.0272106
0.386505
0.0663004
0.396689
0.183387
0.536266
0.12263
0.58793
0.397676
0.807438
0.152494
1.12559
0.492941
1.30718
0.342831
1.63852
0.423905
0.620322
0.402145
0.0302429
0.442911
0.0255339
0.489976
0.136323
0.57323
0.0393757
0.747599
0.223307
0.799847
0.100245
1.06692
0.225866
1.17659
0.233163
1.35941
0.241089
0.44489
0.472877
0.0172311
0.492158
0.00625284
0.574143
0.054338
0.594461
0.0190573
0.737844
0.0799239
0.766832
0.0712569
0.90468
0.0880182
1.02494
0.112907
1.16931
0.0967178
0.24921
0.533821
0.540074
0.594412
0.613469
0.693393
0.76465
0.852668
0.965575
1.06229
0.0754086
0.111447
-0.116946
0.0922538
0.370173
-0.387018
0.110497
0.676084
-0.694327
0.122847
0.939049
-0.951399
0.133173
1.15747
-1.1678
0.144451
1.40099
-1.41227
0.151902
1.67565
-1.6831
0.15661
1.93023
-1.93494
0.153379
2.2293
-2.22606
2.63253
-2.58454
0.0747867
0.106751
0.0901678
0.354792
0.10766
0.658592
0.118843
0.927865
0.12705
1.14927
0.136185
1.39186
0.141199
1.67064
0.143384
1.92805
0.14535
2.22733
2.66921
0.0742195
0.102873
0.0879609
0.341051
0.104458
0.642094
0.114345
0.917979
0.120178
1.14344
0.127072
1.38496
0.129085
1.66863
0.128235
1.9289
0.127408
2.22816
2.69325
0.0737029
0.0998035
0.0856942
0.32906
0.100964
0.626824
0.10946
0.909483
0.112742
1.14015
0.117421
1.38028
0.117682
1.66837
0.113929
1.93265
0.125112
2.21698
2.70657
0.0732264
0.097522
0.0834183
0.318868
0.097246
0.612996
0.104235
0.902494
0.104647
1.13974
0.106219
1.37871
0.104086
1.6705
0.0951289
1.94161
0.100703
2.2114
2.70404
0.0727767
0.0959988
0.0811698
0.310475
0.0933752
0.600791
0.0987868
0.897082
0.096601
1.14193
0.0948284
1.38048
0.0931277
1.6722
0.0802193
1.95452
0.0990804
2.19254
2.68791
0.0723403
0.0952023
0.0789746
0.30384
0.0894144
0.590351
0.0929375
0.893559
0.0880253
1.14684
0.081087
1.38742
0.0776606
1.67563
0.0600878
1.97209
0.0567467
2.19588
2.64149
0.071906
0.0951022
0.0768423
0.298904
0.0854989
0.581694
0.0871138
0.891944
0.0805472
1.15341
0.0696552
1.39831
0.0671234
1.67816
0.0547501
1.98446
0.0645352
2.1861
2.58201
0.0714612
0.0956784
0.0747836
0.295582
0.0815239
0.574954
0.0805475
0.892921
0.0715111
1.16244
0.0560065
1.41382
0.0484056
1.68576
0.0409027
1.99197
0.0244269
2.20257
2.48563
0.0710445
0.0728815
0.0780653
0.0750418
0.0645458
0.0497904
0.0390614
0.0452204
0.100121
0.0779363
0.186151
-0.19211
0.0909523
0.557095
-0.570111
0.102207
0.861041
-0.872296
0.1101
1.10214
-1.11004
0.11461
1.3401
-1.34461
0.110625
1.59415
-1.59016
0.0803046
1.81467
-1.78435
0.0236635
1.98496
-1.92832
-0.0643013
2.13681
-2.04884
2.1199
-2.32978
0.0792521
0.178828
0.0957534
0.540593
0.11237
0.844424
0.131784
1.08273
0.157908
1.31397
0.185053
1.567
0.205205
1.79452
0.218042
1.97213
0.223064
2.13179
2.18899
0.0796657
0.170883
0.0976743
0.522585
0.115932
0.826167
0.136664
1.062
0.163897
1.28674
0.193996
1.53691
0.220608
1.76791
0.238836
1.9539
0.22965
2.14097
2.26882
0.079701
0.162554
0.0988057
0.50348
0.117576
0.807396
0.137035
1.04254
0.160729
1.26305
0.185086
1.51255
0.201577
1.75142
0.203085
1.95239
0.182612
2.16144
2.31151
0.0794124
0.154098
0.0991561
0.483736
0.117916
0.788636
0.135395
1.02506
0.155146
1.2433
0.17406
1.49363
0.18323
1.74225
0.179153
1.95647
0.16528
2.17532
2.34387
0.0788943
0.145754
0.0989032
0.463727
0.117643
0.769896
0.133688
1.00901
0.15109
1.22589
0.168276
1.47645
0.178274
1.73225
0.178966
1.95578
0.168668
2.18562
2.3842
0.0782401
0.137725
0.0982117
0.443756
0.117064
0.751044
0.132343
0.993735
0.148647
1.20959
0.166112
1.45898
0.178959
1.7194
0.183305
1.95143
0.170201
2.19872
2.4309
0.0775234
0.130168
0.0971691
0.42411
0.116155
0.732058
0.130934
0.978956
0.146333
1.19419
0.163607
1.44171
0.17733
1.70568
0.182381
1.94638
0.169505
2.2116
2.48022
0.0767938
0.12321
0.0958095
0.405094
0.114792
0.713075
0.128977
0.964771
0.143046
1.18012
0.158859
1.4259
0.171192
1.69335
0.176822
1.94075
0.166025
2.22239
2.53203
0.0760825
0.0941586
0.112906
0.126279
0.138603
0.152229
0.16247
0.16828
0.164607
0.475048
0.0286243
0.397565
0.077483
0.284071
0.113494
0.151098
0.132973
0.0232964
0.127802
-0.0883928
0.111689
-0.217644
0.129251
-0.355116
0.137472
-0.462049
0.106934
0.0991218
-0.561171
0.402624
0.0572882
0.325088
0.155018
0.218046
0.220537
0.105862
0.245156
-0.0222122
0.255876
-0.206825
0.296302
-0.421444
0.34387
-0.624124
0.340152
-0.819152
0.301962
0.268816
-0.988847
0.339424
0.086869
0.261705
0.232737
0.15082
0.331421
0.00420295
0.391774
-0.197493
0.457573
-0.424178
0.522986
-0.638882
0.558574
-0.900884
0.602155
-1.16748
0.568553
0.467005
-1.36567
0.285781
0.11717
0.201734
0.316785
0.0768421
0.456313
-0.0742261
0.542842
-0.230507
0.613853
-0.419473
0.711952
-0.71077
0.849872
-1.04051
0.93189
-1.29007
0.81812
0.676276
-1.49934
0.245364
0.143695
0.172048
0.390101
0.0671774
0.561183
-0.0595288
0.669548
-0.227291
0.781615
-0.471823
0.956485
-0.751347
1.1294
-0.981915
1.16246
-1.2131
1.04931
0.914207
-1.45103
0.213789
0.164356
0.151859
0.452031
0.0551619
0.65788
-0.0726527
0.797363
-0.232592
0.941555
-0.41192
1.13581
-0.595072
1.31255
-0.817334
1.38472
-1.099
1.33098
1.16488
-1.34968
0.188057
0.178693
0.140934
0.499153
0.0639796
0.734835
-0.037058
0.8984
-0.161773
1.06627
-0.31719
1.29123
-0.501799
1.49716
-0.71537
1.59829
-0.955696
1.5713
1.42576
-1.21657
0.165728
0.187469
0.131544
0.533337
0.069723
0.796656
-0.0174457
0.985569
-0.12534
1.17416
-0.2457
1.41159
-0.386619
1.63808
-0.549539
1.76121
-0.768322
1.79009
1.69356
-1.03613
0.14628
0.191436
0.124463
0.555155
0.0812307
0.839888
0.0182486
1.04855
-0.0600742
1.25249
-0.1506
1.50211
-0.303709
1.79118
-0.438123
1.89563
-0.598005
1.94997
1.9307
-0.835139
0.12842
0.113464
0.081056
0.0195714
-0.0725483
-0.160599
-0.153766
-0.186465
-0.285341
-0.684417
-0.570181
0.0090103
-0.577389
0.00720779
-0.583088
0.00569871
-0.587322
0.0042343
-0.590149
0.0028262
-0.591603
0.00145451
-0.591707
0.000103463
-0.590457
-0.0012497
-0.587825
-0.00263152
-0.0040761
-0.583749
-0.98344
0.00360384
-0.977582
0.00134965
-0.97227
0.000386413
-0.967247
-0.000788643
-0.962607
-0.00181337
-0.958221
-0.00293207
-0.954041
-0.0040764
-0.949958
-0.00533202
-0.945892
-0.00669804
-0.00821678
-0.941751
-1.35154
-0.0105167
-1.3378
-0.0123991
-1.32627
-0.0111361
-1.31592
-0.0111383
-1.30737
-0.0103632
-1.30002
-0.0102856
-1.29402
-0.0100793
-1.28913
-0.0102203
-1.28536
-0.0104683
-0.0109977
-1.28258
-1.49015
-0.0197119
-1.48028
-0.0222631
-1.47191
-0.019513
-1.46316
-0.0198827
-1.45589
-0.017641
-1.44935
-0.0168187
-1.44429
-0.0151412
-1.44022
-0.0142955
-1.43715
-0.0135299
-0.0133685
-1.43478
-1.45109
-0.0196555
-1.44672
-0.026636
-1.44226
-0.0239713
-1.43674
-0.0253952
-1.43282
-0.0215628
-1.42901
-0.020636
-1.42572
-0.0184229
-1.42203
-0.0179902
-1.41824
-0.0173224
-0.017392
-1.41421
-1.36139
-0.00794078
-1.36659
-0.0214385
-1.37241
-0.0181493
-1.37498
-0.0228303
-1.37737
-0.0191691
-1.37686
-0.0211495
-1.37511
-0.020172
-1.3713
-0.0218028
-1.36674
-0.0218787
-0.0227355
-1.3614
-1.24879
0.0242715
-1.26923
-0.000999411
-1.28751
0.000136871
-1.29683
-0.013517
-1.30484
-0.0111542
-1.30854
-0.0174488
-1.31088
-0.0178372
-1.30993
-0.0227531
-1.30721
-0.0245916
-0.0275939
-1.30235
-1.08485
0.072992
-1.11378
0.0279343
-1.1394
0.0257585
-1.15873
0.00580959
-1.17606
0.00618013
-1.18858
-0.00493237
-1.19713
-0.00929074
-1.20042
-0.0194635
-1.19943
-0.0255773
-0.0326106
-1.19441
-0.897817
0.135669
-0.936177
0.0662952
-0.979331
0.0689118
-1.00977
0.0362522
-1.03594
0.0323493
-1.05246
0.011583
-1.06328
0.00152745
-1.06722
-0.0155215
-1.06584
-0.0269569
-0.039288
-1.05916
-0.75561
-0.810954
-0.850408
-0.879394
-0.899908
-0.913456
-0.920843
-0.923273
-0.920549
-0.913547
-0.578132
-0.00561712
-0.570832
-0.00729985
-0.561709
-0.00912348
-0.550673
-0.0110357
-0.537729
-0.0129441
-0.522908
-0.0148209
-0.506066
-0.0168426
-0.486661
-0.0194043
-0.463809
-0.0228529
-0.0319226
-0.431886
-0.937473
-0.00989539
-0.932932
-0.0118409
-0.927919
-0.0141361
-0.92217
-0.016785
-0.91567
-0.0194445
-0.909086
-0.0214047
-0.903719
-0.0222092
-0.900233
-0.0228903
-0.896297
-0.0267893
-0.053703
-0.874516
-1.28082
-0.0116581
-1.28
-0.0126563
-1.27982
-0.0143198
-1.27946
-0.0171442
-1.27834
-0.0205609
-1.27782
-0.0219277
-1.28207
-0.0179533
-1.29461
-0.0103503
-1.30999
-0.011408
-0.103185
-1.26051
-1.43322
-0.0132196
-1.43259
-0.0132853
-1.43294
-0.0139736
-1.43334
-0.0167418
-1.43228
-0.0216234
-1.43036
-0.0238485
-1.4336
-0.0147158
-1.4489
0.00495303
-1.46905
0.00873879
-0.160513
-1.41172
-1.41024
-0.017195
-1.4064
-0.017126
-1.40305
-0.0173248
-1.39967
-0.0201129
-1.39427
-0.0270232
-1.38588
-0.0322479
-1.38049
-0.0201058
-1.38777
0.0122371
-1.40127
0.0222379
-0.190388
-1.37139
-1.35543
-0.0231603
-1.34822
-0.0243339
-1.34015
-0.0254016
-1.33167
-0.0285841
-1.32162
-0.0370738
-1.30774
-0.0461295
-1.29381
-0.0340393
-1.28945
0.00788101
-1.29136
0.0241409
-0.21611
-1.26563
-1.29557
-0.0299494
-1.28579
-0.0341046
-1.27351
-0.0376903
-1.26038
-0.0417086
-1.24757
-0.0498899
-1.23237
-0.0613238
-1.21394
-0.0524729
-1.19797
-0.00808702
-1.18418
0.0103551
-0.237671
-1.16262
-1.1858
-0.0385674
-1.1737
-0.0462016
-1.15859
-0.0528014
-1.14216
-0.0581353
-1.12728
-0.0647731
-1.113
-0.0756075
-1.09279
-0.0726784
-1.06869
-0.032184
-1.0436
-0.0147382
-0.250605
-1.03067
-1.04886
-0.0488661
-1.03618
-0.0588872
-1.0216
-0.0673805
-1.0056
-0.0741317
-0.990788
-0.0795865
-0.979877
-0.0865189
-0.963531
-0.0890236
-0.93313
-0.0625855
-0.906018
-0.0418502
-0.26622
-0.890402
-0.903545
-0.892281
-0.880023
-0.866691
-0.85284
-0.842027
-0.83272
-0.801156
-0.749709
-0.920157
-0.117197
-0.314689
0.0552603
-0.172457
0.453533
-0.398273
0.772591
-0.319058
1.12411
-0.351518
1.44443
-0.320317
1.71039
-0.265964
1.9134
-0.203009
2.0586
-0.145206
2.15793
-0.0993296
2.2237
-0.065768
2.2648
-0.0411018
2.28728
-0.0224798
2.29472
-0.00743897
2.29079
0.00392863
2.27754
0.0132576
2.25809
0.0194489
2.2319
0.0261865
2.20008
0.0318182
0.0339582
-0.56849
-0.620716
-0.301144
-0.439803
-0.057414
-0.642003
0.238211
-0.614683
0.570288
-0.683595
0.849262
-0.59929
1.07044
-0.487146
1.23912
-0.371688
1.36169
-0.267771
1.44675
-0.184393
1.50359
-0.122604
1.54059
-0.0781051
1.56368
-0.045571
1.57716
-0.0209206
1.58374
-0.00264399
1.58529
0.0117013
1.58282
0.0219159
1.57645
0.0325589
1.56729
0.0409833
0.0495168
-0.970243
-0.910986
-0.628644
-0.781402
-0.383218
-0.887429
-0.0950321
-0.902868
0.18581
-0.964437
0.417748
-0.831228
0.604408
-0.673806
0.744213
-0.511493
0.842367
-0.365924
0.908445
-0.250471
0.951853
-0.166012
0.980485
-0.106738
1.00003
-0.0651163
1.01436
-0.035252
1.02569
-0.0139716
1.03485
0.00254308
1.04246
0.0143041
1.04745
0.027567
1.05068
0.0377553
0.0519656
-1.16853
-1.15418
-0.826931
-1.123
-0.523185
-1.19118
-0.258209
-1.16784
-0.0282335
-1.19441
0.182728
-1.04219
0.345624
-0.836702
0.459356
-0.625226
0.533906
-0.440475
0.580998
-0.297563
0.610377
-0.195391
0.629302
-0.125662
0.642832
-0.0786469
0.654102
-0.0465221
0.664756
-0.0246251
0.674989
-0.00768963
0.685049
0.00424359
0.693326
0.01929
0.70046
0.030621
0.0495568
-1.19353
-1.33204
-0.901002
-1.41553
-0.590906
-1.50127
-0.316778
-1.44197
-0.109516
-1.40167
0.0692359
-1.22094
0.203031
-0.970497
0.292559
-0.714753
0.347821
-0.495737
0.380568
-0.33031
0.39999
-0.214813
0.412363
-0.138035
0.421779
-0.0880627
0.43056
-0.0553032
0.43971
-0.0337752
0.449141
-0.0171202
0.45867
-0.00528504
0.466974
0.0109859
0.473945
0.0236495
0.0466316
-1.11821
-1.47947
-0.834102
-1.69963
-0.566074
-1.7693
-0.316002
-1.69204
-0.127596
-1.59008
0.0216361
-1.37017
0.12792
-1.07678
0.195503
-0.782337
0.234895
-0.535129
0.256901
-0.352316
0.269406
-0.227318
0.277488
-0.146117
0.284229
-0.0948036
0.291202
-0.0622767
0.298854
-0.0414271
0.306953
-0.0252188
0.315013
-0.0133447
0.322149
0.00384942
0.327443
0.0183556
0.0447366
-0.948894
-1.6932
-0.713098
-1.93543
-0.483598
-1.9988
-0.271482
-1.90416
-0.109574
-1.75199
0.00951115
-1.48926
0.0892219
-1.15649
0.137615
-0.830729
0.164461
-0.561975
0.178747
-0.366602
0.18665
-0.235221
0.192002
-0.151469
0.197002
-0.099804
0.202616
-0.0678911
0.208912
-0.047723
0.215598
-0.0319048
0.222025
-0.0197719
0.227696
-0.00182085
0.231046
0.015005
0.0441785
-0.815697
-1.90816
-0.591051
-2.16007
-0.378434
-2.21142
-0.206296
-2.0763
-0.078514
-1.87977
0.0118172
-1.57959
0.0686752
-1.21335
0.101657
-0.863711
0.1191
-0.579417
0.127998
-0.375501
0.132883
-0.240105
0.136481
-0.155067
0.140289
-0.103613
0.144821
-0.0724222
0.149927
-0.0528297
0.155299
-0.0372767
0.160234
-0.024707
0.164529
-0.00611578
0.166166
0.0133681
0.0447821
-0.695208
-2.10336
-0.468083
-2.3872
-0.277831
-2.40167
-0.140686
-2.21344
-0.0483264
-1.97213
0.0172905
-1.64521
0.0564625
-1.25252
0.0779558
-0.885205
0.0888335
-0.590295
0.0941189
-0.380786
0.0970398
-0.243026
0.0994744
-0.157501
0.10241
-0.106548
0.106047
-0.0760592
0.110135
-0.0569175
0.114365
-0.0415066
0.118057
-0.0283992
0.121203
-0.00926162
0.121507
0.0130633
0.0462307
-0.549174
-2.47434
-0.358406
-2.57797
-0.207024
-2.55305
-0.0959275
-2.32454
-0.0300148
-2.03804
0.0177708
-1.69299
0.0462073
-1.28096
0.0607823
-0.89978
0.0678456
-0.597358
0.0709182
-0.383859
0.072572
-0.24468
0.0741901
-0.159119
0.0764401
-0.108798
0.0793233
-0.0789424
0.082557
-0.0601512
0.0858345
-0.0447841
0.0885446
-0.0311093
0.0907868
-0.0115038
0.0901391
0.013711
0.0482042
0.190586
-2.59791
0.254612
-2.64199
0.271212
-2.56965
0.253864
-2.30719
0.218567
-2.00274
0.175847
-1.65027
0.131177
-1.23629
0.0946547
-0.863258
0.0692584
-0.571962
0.053458
-0.368058
0.0446477
-0.23587
0.0403986
-0.15487
0.0389943
-0.107394
0.0392053
-0.0791534
0.0402533
-0.0611992
0.0416774
-0.0462082
0.0430229
-0.0324548
0.0443353
-0.0128162
0.0441528
0.0138935
0.0487055
0.259334
-2.74936
0.266361
-2.64902
0.258767
-2.56206
0.244742
-2.29317
0.203447
-1.96145
0.161806
-1.60863
0.120742
-1.19522
0.0871787
-0.829695
0.0643782
-0.549161
0.0502105
-0.353891
0.0423075
-0.227967
0.0385065
-0.151069
0.0372747
-0.106162
0.0374838
-0.0793625
0.0384108
-0.0621261
0.039622
-0.0474195
0.0406737
-0.0335065
0.0416295
-0.0137721
0.0408959
0.0146271
0.0497283
0.23743
-2.86902
0.257878
-2.66947
0.234137
-2.53831
0.224784
-2.28381
0.187813
-1.92448
0.147047
-1.56787
0.110494
-1.15867
0.0799506
-0.799152
0.059464
-0.528675
0.046824
-0.341251
0.0398078
-0.220951
0.0364648
-0.147726
0.0354188
-0.105116
0.0356406
-0.0795843
0.0364638
-0.0629494
0.0374877
-0.0484434
0.0382835
-0.0343022
0.0389294
-0.014418
0.0377023
0.0158543
0.0512122
0.242074
-2.97028
0.260868
-2.68826
0.220293
-2.49774
0.203461
-2.26698
0.172506
-1.89352
0.132189
-1.52755
0.0996365
-1.12612
0.0726461
-0.772161
0.0545568
-0.510585
0.0434254
-0.330119
0.0372519
-0.214777
0.03434
-0.144814
0.03347
-0.104246
0.0337063
-0.0798206
0.034437
-0.0636801
0.0352936
-0.0493
0.0358667
-0.0348753
0.0362436
-0.014795
0.0345731
0.0175248
0.0530984
0.204509
-3.03043
0.232565
-2.71632
0.197092
-2.46227
0.175967
-2.24586
0.154643
-1.8722
0.118146
-1.49105
0.088981
-1.09695
0.0654836
-0.748664
0.0496739
-0.494775
0.0400028
-0.320448
0.0346465
-0.209421
0.0321497
-0.142317
0.0314491
-0.103546
0.0317018
-0.0800734
0.0323499
-0.0643282
0.0330574
-0.0500075
0.0334382
-0.0352561
0.0335825
-0.0149393
0.0315139
0.0195934
0.0553342
0.197889
-3.07383
0.216148
-2.73458
0.182833
-2.42895
0.153282
-2.21631
0.136256
-1.85517
0.104756
-1.45955
0.0785321
-1.07073
0.0584368
-0.728569
0.0448413
-0.48118
0.0365681
-0.312175
0.0319996
-0.204852
0.029906
-0.140224
0.0293714
-0.103011
0.0296439
-0.0803459
0.0302196
-0.0649039
0.0307953
-0.0505832
0.0310122
-0.035473
0.0309566
-0.0148837
0.0285312
0.0220187
0.0578719
0.172798
-3.09038
0.185045
-2.74682
0.160594
-2.4045
0.130209
-2.18592
0.116249
-1.84121
0.0914004
-1.4347
0.0684352
-1.04776
0.0515448
-0.711678
0.0400892
-0.469724
0.0331484
-0.305234
0.0293327
-0.201037
0.027627
-0.138518
0.0272542
-0.102638
0.0275497
-0.0806413
0.0280628
-0.065417
0.0285231
-0.0510435
0.0286028
-0.0355527
0.0283763
-0.0146572
0.0256324
0.0247627
0.0606683
0.163986
-3.09356
0.163572
-2.74641
0.142158
-2.38309
0.111343
-2.15511
0.0970717
-1.82694
0.0781403
-1.41577
0.0587102
-1.02833
0.0448302
-0.697798
0.0354405
-0.460335
0.0297692
-0.299563
0.0266688
-0.197936
0.0253326
-0.137182
0.0251153
-0.102421
0.0254359
-0.0809619
0.0258956
-0.0658767
0.0262563
-0.0514042
0.0262233
-0.0355197
0.0258523
-0.0142862
0.0228262
0.0277887
0.0636838
0.140476
-3.07415
0.133116
-2.73905
0.118069
-2.36804
0.0919015
-2.12894
0.0782548
-1.81329
0.0648121
-1.40233
0.0493161
-1.01284
0.0383104
-0.686793
0.0309113
-0.452936
0.0264514
-0.295103
0.024029
-0.195514
0.0230416
-0.136194
0.0229719
-0.102351
0.023319
-0.081309
0.023734
-0.0662918
0.0240098
-0.0516799
0.0238869
-0.0353969
0.0233947
-0.0137939
0.0201225
0.0310609
0.0668807
0.12273
0.106992
0.0951183
0.0734268
0.0606114
0.0516529
0.0402266
0.0319946
0.0265118
0.0232116
0.0214317
0.0207721
0.0208409
0.0212149
0.0215932
0.0217979
0.0216061
0.0210137
0.017533
)
;

boundaryField
{
    inlet
    {
        type            calculated;
        value           nonuniform List<scalar> 
40
(
-0.130115
-0.151772
-0.175718
-0.202997
-0.235575
-0.276626
-0.335668
-0.405177
-0.459865
-0.51659
-0.0699096
-0.0700912
-0.0703409
-0.0706336
-0.0709449
-0.0712535
-0.0715438
-0.071806
-0.0720375
-0.072247
-0.0719777
-0.0719287
-0.0717214
-0.0713717
-0.070956
-0.0705509
-0.0702105
-0.0699668
-0.0698352
-0.0698188
-0.503673
-0.431288
-0.369005
-0.316082
-0.271889
-0.23445
-0.202394
-0.174504
-0.150247
-0.129094
)
;
    }
    outlet
    {
        type            calculated;
        value           nonuniform List<scalar> 
40
(
-0.00200373
-0.0033634
-0.0049197
-0.00668141
-0.00866513
-0.0108992
-0.0134291
-0.0163077
-0.0195702
-0.0232194
0.0116265
0.00924794
0.00708034
0.00514872
0.00347581
0.00207931
0.000974875
0.000184849
-0.000259135
-0.000645731
0.0436515
0.039873
0.0362184
0.0326868
0.0292781
0.0259936
0.022836
0.0198107
0.0169256
0.0141923
2.16612
1.55173
1.04823
0.702869
0.47687
0.329338
0.231604
0.165562
0.120059
0.0881657
)
;
    }
    top
    {
        type            symmetryPlane;
        value           uniform 0;
    }
    bottom
    {
        type            symmetryPlane;
        value           uniform 0;
    }
    cylinder
    {
        type            calculated;
        value           nonuniform List<scalar> 
80
(
-7.99457e-19
-9.29675e-18
3.22429e-19
5.92244e-18
-3.13845e-17
7.05177e-19
3.99729e-17
-3.93427e-17
5.2672e-17
1.42259e-17
-6.02183e-19
-1.61397e-17
2.4016e-17
9.38862e-18
-3.91821e-17
-3.7426e-17
-5.3208e-18
-2.1719e-17
2.2967e-17
-1.52874e-17
7.07769e-18
-2.2967e-17
2.1719e-17
3.93753e-17
-1.80852e-17
-9.08052e-18
-9.38862e-18
-2.4016e-17
1.61397e-17
-1.46045e-18
7.99457e-19
9.29675e-18
-3.22429e-19
-5.92244e-18
3.62889e-18
-3.23746e-17
-3.46258e-17
3.93427e-17
2.12041e-18
-6.12039e-17
1.42259e-17
-2.12041e-18
-3.93427e-17
9.0137e-17
7.05177e-19
-3.13845e-17
5.92244e-18
3.22429e-19
-9.29675e-18
-7.99457e-19
-7.07769e-18
-3.25442e-17
-2.1719e-17
-2.67774e-17
-8.24338e-18
-3.91821e-17
9.38862e-18
2.4016e-17
-1.61397e-17
1.46045e-18
-1.46045e-18
1.61397e-17
-2.4016e-17
-9.38862e-18
3.91821e-17
-1.80852e-17
2.67774e-17
2.1719e-17
3.25442e-17
7.07769e-18
-1.42259e-17
-5.2672e-17
3.93427e-17
-3.99729e-17
2.31365e-17
3.13845e-17
-5.92244e-18
-3.22429e-19
9.29675e-18
7.99457e-19
)
;
    }
    frontandback
    {
        type            empty;
        value           nonuniform 0();
    }
}


// ************************************************************************* //
