/*--------------------------------*- C++ -*----------------------------------*\
| =========                 |                                                 |
| \\      /  F ield         | OpenFOAM: The Open Source CFD Toolbox           |
|  \\    /   O peration     | Version:  v1912                                 |
|   \\  /    A nd           | Website:  www.openfoam.com                      |
|    \\/     M anipulation  |                                                 |
\*---------------------------------------------------------------------------*/
FoamFile
{
    version     2.0;
    format      ascii;
    class       volScalarField;
    location    "19";
    object      p;
}
// * * * * * * * * * * * * * * * * * * * * * * * * * * * * * * * * * * * * * //

dimensions      [0 2 -2 0 0 0 0];


internalField   nonuniform List<scalar> 
9600
(
-41.0988
-35.8099
-32.5591
-29.7983
-27.276
-24.9987
-22.9372
-21.0631
-19.3578
-17.807
-16.3974
-15.1164
-13.9522
-12.8936
-11.9302
-11.0523
-10.2515
-9.51944
-8.84865
-8.23703
-41.81
-36.5054
-33.221
-30.42
-27.8555
-25.5369
-23.4367
-21.5273
-19.7905
-18.2119
-16.7778
-15.4754
-14.2924
-13.2173
-12.2392
-11.3484
-10.5357
-9.79289
-9.11185
-8.49178
-42.5234
-37.1974
-33.878
-31.0367
-28.4296
-26.0696
-23.9308
-21.9862
-20.2181
-18.6119
-17.1537
-15.8301
-14.6287
-13.5373
-12.5448
-11.641
-10.8168
-10.0632
-9.37195
-8.7436
-43.2358
-37.8855
-34.5297
-31.6474
-28.9976
-26.596
-24.4185
-22.439
-20.6399
-19.0063
-17.5243
-16.1799
-14.9603
-13.8529
-12.8462
-11.9298
-11.0941
-10.3299
-9.62855
-8.99218
-43.9443
-38.5684
-35.1752
-32.2513
-29.5584
-27.1151
-24.8991
-22.8849
-21.055
-19.3945
-17.8889
-16.5241
-15.2866
-14.1636
-13.143
-12.2142
-11.3672
-10.5926
-9.88131
-9.23725
-44.647
-39.2446
-35.8134
-32.8474
-30.111
-27.6261
-25.3717
-23.3229
-21.4626
-19.7756
-18.247
-16.8621
-15.6072
-14.4688
-13.4347
-12.4937
-11.6358
-10.8509
-10.1299
-9.47854
-45.3423
-39.9129
-36.4432
-33.4344
-30.6545
-28.1279
-25.8353
-23.7524
-21.8621
-20.1489
-18.5977
-17.1933
-15.9212
-14.7679
-13.7206
-12.7679
-11.8993
-11.1045
-10.374
-9.7158
-46.0285
-40.5718
-37.0633
-34.0115
-31.1879
-28.6197
-26.2891
-24.1724
-22.2525
-20.5137
-18.9403
-17.5168
-16.2282
-15.0604
-14.0003
-13.0362
-12.1573
-11.3528
-10.6133
-9.94872
-46.7045
-41.2202
-37.6726
-34.5776
-31.7102
-29.1006
-26.7322
-24.5821
-22.6331
-20.8692
-19.2742
-17.8321
-16.5273
-15.3455
-14.2731
-13.298
-12.4093
-11.5955
-10.8472
-10.177
-47.3691
-41.8569
-38.2701
-35.1315
-32.2204
-29.5695
-27.1638
-24.9808
-23.0031
-21.2146
-19.5985
-18.1383
-16.8179
-15.6225
-14.5383
-13.5527
-12.6546
-11.832
-11.0755
-10.4001
-48.0213
-42.481
-38.8548
-35.6725
-32.7176
-30.0257
-27.583
-25.3674
-23.3617
-21.5491
-19.9125
-18.4347
-17.0992
-15.8907
-14.7951
-13.7995
-12.8924
-12.0616
-11.2973
-10.6176
-48.6602
-43.0914
-39.4256
-36.1995
-33.201
-30.4683
-27.989
-25.7414
-23.7081
-21.872
-20.2153
-18.7204
-17.3703
-16.1492
-15.0426
-14.0375
-13.1221
-12.2834
-11.512
-10.8285
-49.285
-43.6873
-39.9817
-36.7117
-33.6696
-30.8964
-28.3809
-26.1018
-24.0415
-22.1823
-20.5061
-18.9945
-17.6302
-16.397
-15.2799
-14.2658
-13.3425
-12.4966
-11.7187
-11.0323
-49.8954
-44.2681
-40.5224
-37.2084
-34.1228
-31.3094
-28.7581
-26.448
-24.3611
-22.4794
-20.784
-19.2562
-17.878
-16.6329
-15.5057
-14.4829
-13.5523
-12.6999
-11.9161
-11.2282
-50.4906
-44.8328
-41.0469
-37.6888
-34.5599
-31.7066
-29.12
-26.7793
-24.6663
-22.7625
-21.0483
-19.5045
-18.1126
-16.8558
-15.7186
-14.6874
-13.7496
-12.891
-12.1024
-11.4142
-51.0704
-45.3808
-41.5544
-38.1523
-34.9803
-32.0874
-29.466
-27.0953
-24.9567
-23.031
-21.2983
-19.7387
-18.3333
-17.0648
-15.9175
-14.8777
-13.9327
-13.0681
-12.2747
-11.5855
-51.636
-45.9119
-42.0444
-38.5982
-35.3832
-32.4513
-29.7956
-27.3953
-25.2315
-23.2845
-21.5334
-19.958
-18.539
-17.2587
-16.1013
-15.0531
-14.1013
-13.2309
-12.432
-11.7386
-52.1917
-46.4274
-42.516
-39.0254
-35.7679
-32.7975
-30.1082
-27.679
-25.4906
-23.5225
-21.7532
-20.1618
-18.7287
-17.436
-16.2679
-15.2109
-14.2525
-13.3769
-12.5733
-11.8842
-52.7397
-46.9266
-42.9676
-39.4328
-36.1339
-33.1261
-30.4041
-27.9469
-25.7345
-23.7456
-21.9581
-20.3503
-18.9022
-17.5954
-16.4141
-15.3451
-14.3755
-13.4896
-12.6845
-12.0259
-53.2582
-47.402
-43.3984
-39.8211
-36.4824
-33.4386
-30.685
-28.2006
-25.9648
-23.9556
-22.1501
-20.5258
-19.0619
-17.7394
-16.5418
-15.4545
-14.4627
-13.5527
-12.7375
-12.0844
-58.4294
-58.3994
-58.3331
-58.2451
-58.1345
-57.9988
-57.8375
-57.6512
-57.4403
-57.2054
-56.947
-56.6658
-56.3623
-56.0373
-55.6915
-55.3258
-54.9414
-54.5399
-54.1242
-53.6976
-52.1145
-52.1124
-52.0786
-52.0186
-51.9331
-51.8216
-51.6842
-51.5217
-51.3348
-51.1241
-50.8901
-50.6336
-50.3551
-50.0553
-49.7348
-49.3942
-49.0344
-48.6557
-48.2588
-47.8415
-47.525
-47.5462
-47.5393
-47.505
-47.4445
-47.3586
-47.2479
-47.113
-46.9546
-46.7733
-46.5696
-46.3441
-46.0973
-45.8299
-45.5422
-45.2348
-44.9081
-44.5619
-44.1961
-43.8088
-43.3572
-43.3952
-43.4078
-43.3945
-43.3561
-43.2936
-43.2079
-43.0993
-42.9684
-42.8157
-42.6419
-42.4474
-42.2326
-41.9982
-41.7445
-41.4718
-41.1802
-40.8698
-40.5403
-40.1909
-39.5124
-39.5597
-39.5841
-39.585
-39.5626
-39.5178
-39.4513
-39.3636
-39.255
-39.1263
-38.9777
-38.8099
-38.6233
-38.4183
-38.1953
-37.9545
-37.6961
-37.42
-37.1261
-36.8138
-36.0652
-36.1164
-36.1469
-36.1559
-36.1436
-36.1105
-36.0574
-35.9846
-35.8927
-35.7821
-35.6533
-35.5068
-35.343
-35.1624
-34.9652
-34.7518
-34.5222
-34.2765
-34.0143
-33.7353
-33.0043
-33.0554
-33.0876
-33.1002
-33.0931
-33.0669
-33.0222
-32.9594
-32.879
-32.7815
-32.6673
-32.5369
-32.3908
-32.2294
-32.0531
-31.8621
-31.6565
-31.4364
-31.2015
-30.9513
-30.2923
-30.3407
-30.3716
-30.3844
-30.3791
-30.3562
-30.3162
-30.2596
-30.1867
-30.0981
-29.9943
-29.8757
-29.7429
-29.5963
-29.4363
-29.2632
-29.0773
-28.8784
-28.6665
-28.4409
-27.8893
-27.9335
-27.9614
-27.9725
-27.9668
-27.9448
-27.907
-27.8537
-27.7855
-27.7028
-27.6062
-27.4961
-27.3731
-27.2377
-27.0904
-26.9316
-26.7615
-26.5802
-26.3875
-26.1827
-25.7562
-25.7955
-25.8195
-25.8278
-25.8204
-25.7979
-25.7607
-25.7091
-25.6436
-25.5647
-25.4729
-25.3689
-25.2531
-25.1262
-24.9887
-24.8412
-24.6841
-24.5174
-24.341
-24.1542
-23.8563
-23.8905
-23.9103
-23.9154
-23.9058
-23.882
-23.8444
-23.7934
-23.7294
-23.653
-23.5645
-23.4648
-23.3544
-23.2339
-23.1042
-22.9658
-22.8192
-22.6648
-22.5025
-22.3314
-22.1571
-22.1864
-22.2022
-22.204
-22.192
-22.1666
-22.1282
-22.0772
-22.014
-21.939
-21.853
-21.7564
-21.65
-21.5345
-21.4108
-21.2797
-21.142
-20.9981
-20.8482
-20.6913
-20.6307
-20.6556
-20.6675
-20.6663
-20.6519
-20.6249
-20.5855
-20.5342
-20.4714
-20.3975
-20.313
-20.2188
-20.1154
-20.0038
-19.8849
-19.7598
-19.6294
-19.4947
-19.3559
-19.2123
-19.2537
-19.2746
-19.2831
-19.279
-19.2625
-19.2339
-19.1936
-19.1419
-19.0792
-19.006
-18.9229
-18.8304
-18.7294
-18.6207
-18.5056
-18.3852
-18.2609
-18.134
-18.0056
-17.8746
-18.0063
-18.0236
-18.029
-18.0225
-18.004
-17.9741
-17.9329
-17.8809
-17.8183
-17.7457
-17.6636
-17.5725
-17.4733
-17.3669
-17.2546
-17.1378
-17.0185
-16.8982
-16.7794
-16.6608
-16.8722
-16.8863
-16.889
-16.8802
-16.8601
-16.8289
-16.787
-16.7347
-16.6723
-16.6002
-16.5188
-16.4289
-16.331
-16.2263
-16.1159
-16.0016
-15.8859
-15.7708
-15.6608
-15.5545
-15.8376
-15.8488
-15.8491
-15.8383
-15.8167
-15.7845
-15.742
-15.6894
-15.6271
-15.5553
-15.4746
-15.3854
-15.2885
-15.1847
-15.0754
-14.9623
-14.8486
-14.7369
-14.6342
-14.5387
-14.8906
-14.8995
-14.8979
-14.8856
-14.863
-14.8301
-14.7872
-14.7345
-14.6723
-14.601
-14.5208
-14.4323
-14.336
-14.2327
-14.1237
-14.0105
-13.8969
-13.7865
-13.6899
-13.6027
-14.0201
-14.0277
-14.0251
-14.0124
-13.9896
-13.957
-13.9147
-13.863
-13.8021
-13.7322
-13.6537
-13.567
-13.4724
-13.3706
-13.2624
-13.1495
-13.0352
-12.9244
-12.834
-12.7596
-13.2209
-13.2253
-13.2202
-13.2057
-13.1818
-13.1487
-13.1066
-13.0557
-12.9961
-12.928
-12.8517
-12.7675
-12.6756
-12.5763
-12.4702
-12.3583
-12.2423
-12.1272
-12.0308
-11.9791
-52.4128
-52.9606
-53.4728
-53.9713
-54.4533
-54.9128
-55.3469
-55.7547
-56.1351
-56.4874
-56.8108
-57.1048
-57.3691
-57.6035
-57.8076
-57.9811
-58.1248
-58.2397
-58.328
-58.3916
-45.9719
-46.5255
-47.0523
-47.558
-48.0422
-48.5025
-48.9375
-49.3465
-49.7289
-50.084
-50.4112
-50.7103
-50.9813
-51.2246
-51.4396
-51.6251
-51.781
-51.9081
-52.0067
-52.0757
-41.3846
-41.9266
-42.4462
-42.9437
-43.4188
-43.871
-44.2995
-44.7036
-45.0827
-45.4364
-45.7634
-46.0637
-46.337
-46.5825
-46.7999
-46.9904
-47.1538
-47.2897
-47.3978
-47.4766
-37.3196
-37.8377
-38.3372
-38.8162
-39.2741
-39.7106
-40.1252
-40.5173
-40.8861
-41.2312
-41.5515
-41.8461
-42.1162
-42.3612
-42.5809
-42.7753
-42.9443
-43.0873
-43.2041
-43.2941
-33.6975
-34.1871
-34.6605
-35.1153
-35.5506
-35.9658
-36.3606
-36.7343
-37.0862
-37.4157
-37.7233
-38.009
-38.271
-38.5094
-38.7246
-38.9161
-39.0838
-39.2274
-39.3469
-39.442
-30.5486
-31.0083
-31.4535
-31.8818
-32.2918
-32.6832
-33.0555
-33.4081
-33.7407
-34.0527
-34.3443
-34.6147
-34.8633
-35.0901
-35.2958
-35.4798
-35.6416
-35.781
-35.8981
-35.9931
-27.8206
-28.2512
-28.6684
-29.0698
-29.4542
-29.8212
-30.1702
-30.5009
-30.8127
-31.1054
-31.3787
-31.6323
-31.8658
-32.079
-32.2715
-32.4454
-32.5988
-32.7311
-32.8428
-32.934
-25.4482
-25.8514
-26.242
-26.6179
-26.9778
-27.3211
-27.6474
-27.9564
-28.2476
-28.5207
-28.7755
-29.012
-29.2298
-29.4289
-29.6092
-29.7691
-29.9124
-30.0363
-30.1407
-30.2262
-23.3737
-23.752
-24.1183
-24.4705
-24.8076
-25.1288
-25.4338
-25.7222
-25.9936
-26.248
-26.4852
-26.7049
-26.9072
-27.092
-27.2591
-27.4085
-27.5392
-27.6535
-27.75
-27.8287
-21.5482
-21.904
-22.2483
-22.5792
-22.8954
-23.1964
-23.4817
-23.751
-24.0042
-24.2411
-24.4617
-24.6657
-24.8533
-25.0243
-25.1787
-25.3164
-25.4374
-25.5416
-25.6299
-25.7015
-19.9307
-20.2665
-20.5913
-20.9031
-21.2005
-21.483
-21.7503
-22.0023
-22.2387
-22.4595
-22.6647
-22.8544
-23.0283
-23.1866
-23.3292
-23.4561
-23.5672
-23.6625
-23.7428
-23.8075
-18.4881
-18.8062
-19.1138
-19.4086
-19.6891
-19.9549
-20.2059
-20.4419
-20.663
-20.8691
-21.0604
-21.2368
-21.3983
-21.545
-21.6768
-21.7937
-21.8958
-21.9832
-22.0556
-22.1138
-17.1937
-17.4962
-17.7889
-18.0686
-18.334
-18.5846
-18.8206
-19.0421
-19.2491
-19.4419
-19.6204
-19.7847
-19.9349
-20.0711
-20.1931
-20.3011
-20.3949
-20.4747
-20.5402
-20.5926
-16.026
-16.3148
-16.5948
-16.8613
-17.1128
-17.3495
-17.5719
-17.78
-17.9741
-18.1545
-18.3214
-18.4748
-18.6148
-18.7413
-18.8545
-18.9544
-19.0408
-19.114
-19.1741
-19.2203
-14.9678
-15.2451
-15.5143
-15.7689
-16.0077
-16.2316
-16.4412
-16.6369
-16.8191
-16.9882
-17.1444
-17.2878
-17.4184
-17.5364
-17.6416
-17.7341
-17.8139
-17.881
-17.9354
-17.9771
-14.0044
-14.2737
-14.5344
-14.778
-15.0047
-15.2164
-15.4139
-15.5979
-15.7689
-15.9275
-16.0739
-16.2081
-16.3303
-16.4403
-16.5383
-16.6242
-16.698
-16.7596
-16.8092
-16.8466
-13.1183
-13.3868
-13.643
-13.8758
-14.0906
-14.2907
-14.4767
-14.6497
-14.8103
-14.9592
-15.0965
-15.2224
-15.3369
-15.4399
-15.5314
-15.6113
-15.6797
-15.7365
-15.7817
-15.8153
-12.289
-12.562
-12.8199
-13.044
-13.2476
-13.4368
-13.6124
-13.7754
-13.9269
-14.0673
-14.1969
-14.3157
-14.4237
-14.5208
-14.6069
-14.6819
-14.7459
-14.7987
-14.8405
-14.8712
-11.5275
-11.7931
-12.0525
-12.2723
-12.4666
-12.6451
-12.8109
-12.9651
-13.1084
-13.2414
-13.3642
-13.477
-13.5795
-13.6716
-13.7533
-13.8244
-13.8848
-13.9346
-13.9737
-14.0023
-10.9557
-11.2015
-11.4248
-11.6352
-11.8183
-11.9801
-12.1304
-12.271
-12.4017
-12.5229
-12.6348
-12.7373
-12.8304
-12.9137
-12.9873
-13.0511
-13.1049
-13.1488
-13.1826
-13.2063
-5.7496
-6.2288
-6.75551
-7.32701
-7.94988
-8.63166
-9.38018
-10.2051
-11.1186
-12.1366
-13.2795
-14.5738
-16.0546
-17.767
-19.7701
-22.1411
-24.9593
-28.2457
-32.2179
-38.1923
-6.00978
-6.50154
-7.03788
-7.62046
-8.25603
-8.95183
-9.71581
-10.5579
-11.4906
-12.5299
-13.6966
-15.0178
-16.5287
-18.275
-20.3159
-22.7286
-25.5912
-28.9218
-32.9304
-38.9243
-6.27155
-6.77588
-7.32196
-7.91587
-8.56439
-9.27445
-10.0542
-10.9136
-11.8657
-12.9267
-14.1176
-15.466
-17.0074
-18.7879
-20.8669
-23.3212
-26.2278
-29.6016
-33.6447
-39.6536
-6.53441
-7.05128
-7.60719
-8.21263
-8.87431
-9.59885
-10.3945
-11.2716
-12.2433
-13.3262
-14.5415
-15.9173
-17.4894
-19.3043
-21.4214
-23.9173
-26.8677
-30.2845
-34.3632
-40.3919
-6.79794
-7.32728
-7.89311
-8.51028
-9.18533
-9.92452
-10.7363
-11.6312
-12.6227
-13.7276
-14.9676
-16.3709
-17.9739
-19.8233
-21.9786
-24.5161
-27.5102
-30.97
-35.0852
-41.1369
-7.06178
-7.60349
-8.1793
-8.80842
-9.49702
-10.251
-11.079
-11.992
-13.0034
-14.1305
-15.3953
-16.8262
-18.4602
-20.3442
-22.5378
-25.1169
-28.1546
-31.6573
-35.8085
-41.8843
-7.32562
-7.87955
-8.4654
-9.10665
-9.80898
-10.578
-11.4224
-12.3534
-13.3849
-14.5343
-15.8239
-17.2827
-18.9478
-20.8664
-23.0983
-25.7189
-28.8
-32.3452
-36.5319
-42.6319
-7.58922
-8.15519
-8.7511
-9.40465
-10.1209
-10.9049
-11.7658
-12.715
-13.7666
-14.9384
-16.253
-17.7396
-19.4358
-21.3891
-23.6592
-26.3212
-29.4454
-33.0326
-37.2541
-43.3784
-7.85243
-8.43019
-9.03616
-9.70214
-10.4323
-11.2315
-12.1089
-13.0764
-14.1481
-15.3423
-16.6818
-18.1963
-19.9236
-21.9115
-24.2197
-26.9228
-30.0898
-33.7186
-37.974
-44.1222
-8.1152
-8.70447
-9.32042
-9.99892
-10.7431
-11.5575
-12.4514
-13.437
-14.5289
-15.7454
-17.1098
-18.6521
-20.4104
-22.4327
-24.7789
-27.5228
-30.7321
-34.4019
-38.6903
-44.862
-8.37764
-8.97802
-9.60382
-10.2949
-11.0531
-11.8825
-12.7929
-13.7966
-14.9084
-16.1471
-17.5363
-19.1062
-20.8954
-22.952
-25.3358
-28.1201
-31.3713
-35.0813
-39.4018
-45.5964
-8.64003
-9.25102
-9.88638
-10.5899
-11.362
-12.2063
-13.1329
-14.1545
-15.2862
-16.547
-17.9607
-19.5581
-21.3778
-23.4685
-25.8895
-28.7138
-32.0061
-35.7558
-40.1071
-46.3239
-8.90281
-9.52371
-10.1682
-10.8839
-11.6696
-12.5286
-13.4712
-14.5104
-15.6617
-16.9442
-18.3823
-20.0068
-21.8569
-23.9812
-26.4391
-29.3028
-32.6356
-36.424
-40.805
-47.0433
-9.16666
-9.79648
-10.4494
-11.1769
-11.9758
-12.849
-13.8072
-14.8637
-16.0342
-17.3382
-18.8002
-20.4516
-22.3316
-24.4891
-26.9835
-29.8859
-33.2585
-37.0849
-41.4942
-47.7533
-9.43228
-10.0696
-10.7299
-11.4685
-12.28
-13.167
-14.1404
-15.2138
-16.4031
-17.7282
-19.2138
-20.8916
-22.8012
-24.9914
-27.5215
-30.4621
-33.8736
-37.7371
-42.1737
-48.4529
-9.70046
-10.3431
-11.0093
-11.7581
-12.5817
-13.4818
-14.4699
-15.5598
-16.7675
-18.1132
-19.6221
-21.3258
-23.2645
-25.4869
-28.0522
-31.0301
-34.4797
-38.3795
-42.8423
-49.141
-9.97084
-10.6157
-11.2861
-12.0443
-12.8795
-13.7924
-14.7948
-15.9007
-17.1265
-18.4925
-20.024
-21.7533
-23.7205
-25.9745
-28.5742
-31.5886
-35.0754
-39.0108
-43.4991
-49.8171
-10.2423
-10.8847
-11.5577
-12.3253
-13.172
-14.0976
-15.1139
-16.2356
-17.4791
-18.8649
-20.4187
-22.173
-24.1681
-26.453
-29.0863
-32.1363
-35.6592
-39.6292
-44.1429
-50.4813
-10.5071
-11.1416
-11.8178
-12.5975
-13.4572
-14.3956
-15.426
-16.5633
-17.8242
-19.2294
-20.805
-22.5838
-24.6061
-26.9212
-29.5872
-32.6716
-36.2293
-40.2331
-44.7725
-51.135
-10.7457
-11.3668
-12.0624
-12.8622
-13.7356
-14.6864
-15.7305
-16.8831
-18.161
-19.5852
-21.1821
-22.9846
-25.0334
-27.3778
-30.0754
-33.1929
-36.7838
-40.8193
-45.3837
-51.78
-1.54037
-1.79819
-2.15087
-2.54596
-2.9727
-3.43678
-3.94474
-4.50277
-5.11862
-5.80279
-6.56939
-7.43751
-8.43318
-9.59204
-10.9642
-12.6223
-14.654
-17.1174
-20.3135
-25.7217
-1.68665
-1.96001
-2.3297
-2.72966
-3.15901
-3.62762
-4.14164
-4.70687
-5.33121
-6.02539
-6.80379
-7.6858
-8.69786
-9.87613
-11.2712
-12.9563
-15.019
-17.5156
-20.7419
-26.1622
-1.82558
-2.12227
-2.50423
-2.91156
-3.34792
-3.82413
-4.34627
-4.92029
-5.55446
-6.25987
-7.0512
-7.94821
-8.9778
-10.1766
-11.5957
-13.3088
-15.403
-17.9329
-21.1887
-26.6158
-1.98551
-2.29253
-2.68207
-3.09747
-3.54232
-4.02733
-4.55867
-5.14261
-5.78774
-6.50544
-7.31072
-8.22376
-9.27189
-10.4923
-11.9364
-13.6784
-15.8051
-18.3694
-21.6579
-27.101
-2.15625
-2.46989
-2.86666
-3.29035
-3.74397
-4.23819
-4.77937
-5.37403
-6.03097
-6.76185
-7.58202
-8.51202
-9.57965
-10.8226
-12.2928
-14.0648
-16.2251
-18.8254
-22.1491
-27.6146
-2.33224
-2.65394
-3.0584
-3.4905
-3.95315
-4.457
-5.00861
-5.61463
-6.28413
-7.02899
-7.86489
-8.81276
-9.90085
-11.1673
-12.6647
-14.4678
-16.6629
-19.3003
-22.6606
-28.1513
-2.51504
-2.8456
-3.25764
-3.69815
-4.17007
-4.68397
-5.24648
-5.86445
-6.54714
-7.30671
-8.15913
-9.12572
-10.2352
-11.5261
-13.0518
-14.887
-17.1181
-19.7937
-23.1912
-28.709
-2.70604
-3.04542
-3.4648
-3.91369
-4.39505
-4.91927
-5.49307
-6.12348
-6.81993
-7.59485
-8.46451
-9.45061
-10.5823
-11.8987
-13.4535
-15.322
-17.5901
-20.3049
-23.7405
-29.2864
-2.90509
-3.25329
-3.67996
-4.13725
-4.62818
-5.16297
-5.7484
-6.39165
-7.10238
-7.89322
-8.78079
-9.78713
-10.9419
-12.2846
-13.8696
-15.7722
-18.0784
-20.8333
-24.3077
-29.8827
-3.11163
-3.46893
-3.90297
-4.36872
-4.86938
-5.41496
-6.01233
-6.66883
-7.39429
-8.20161
-9.10769
-10.135
-11.3135
-12.6835
-14.2994
-16.2373
-18.5824
-21.3784
-24.8921
-30.4968
-3.32526
-3.69203
-4.13354
-4.60788
-5.11844
-5.67506
-6.28467
-6.95478
-7.69542
-8.51972
-9.44491
-10.4938
-11.6969
-13.0948
-14.7426
-16.7165
-19.1015
-21.9393
-25.4929
-31.1277
-3.54564
-3.92221
-4.37133
-4.85439
-5.37505
-5.94296
-6.56512
-7.2492
-8.00543
-8.84722
-9.79206
-10.8632
-12.0915
-13.5181
-15.1986
-17.2094
-19.635
-22.5154
-26.1093
-31.7744
-3.7723
-4.15902
-4.61593
-5.10788
-5.63887
-6.21832
-6.85331
-7.55172
-8.32396
-9.18369
-10.1487
-11.2426
-12.4968
-13.9529
-15.6669
-17.7153
-20.1823
-23.1059
-26.7404
-32.436
-4.00475
-4.40198
-4.86686
-5.3679
-5.90944
-6.50071
-7.14885
-7.86192
-8.65057
-9.52869
-10.5144
-11.6317
-12.9124
-14.3987
-16.1468
-18.2336
-20.7427
-23.71
-27.3855
-33.1118
-4.24247
-4.65054
-5.1236
-5.63396
-6.18631
-6.78966
-7.45125
-8.17934
-8.98478
-9.88173
-10.8886
-12.0299
-13.3377
-14.8547
-16.6376
-18.7635
-21.3154
-24.327
-28.0439
-33.8008
-4.48491
-4.90417
-5.38563
-5.90554
-6.46896
-7.08468
-7.76002
-8.50346
-9.32608
-10.2423
-11.2708
-12.4365
-13.772
-15.3203
-17.1388
-19.3044
-21.8996
-24.9561
-28.7146
-34.5023
-4.73155
-5.1623
-5.65238
-6.18209
-6.75685
-7.38523
-8.07463
-8.83375
-9.6739
-10.6098
-11.6604
-12.851
-14.2147
-15.795
-17.6495
-19.8553
-22.4945
-25.5964
-29.397
-35.2159
-4.98186
-5.42437
-5.9233
-6.46307
-7.04945
-7.69077
-8.39453
-9.16965
-10.0277
-10.9836
-12.0567
-13.2727
-14.665
-16.2778
-18.1689
-20.4156
-23.0991
-26.2469
-30.0903
-35.9413
-5.2353
-5.68983
-6.19782
-6.74791
-7.34619
-8.00073
-8.71914
-9.51057
-10.3868
-11.3631
-12.4592
-13.7009
-15.1224
-16.768
-18.6961
-20.9841
-23.7124
-26.9064
-30.7935
-36.6791
-5.49139
-5.95816
-6.47543
-7.0361
-7.64655
-8.31458
-9.04793
-9.85597
-10.7507
-11.7478
-12.8671
-14.135
-15.586
-17.2649
-19.2304
-21.5599
-24.3332
-27.5733
-31.5039
-37.4302
-1.30099
-1.10477
-0.960152
-0.83225
-0.720617
-0.622698
-0.537399
-0.463939
-0.401825
-0.350701
-0.310299
-0.280402
-0.26083
-0.251454
-0.252088
-0.262303
-0.282071
-0.313113
-0.351958
-0.401131
-1.63404
-1.46045
-1.31198
-1.17918
-1.06304
-0.960991
-0.872052
-0.795423
-0.730594
-0.677188
-0.634919
-0.603556
-0.582909
-0.572828
-0.573135
-0.583524
-0.603933
-0.634952
-0.675531
-0.726136
-1.97259
-1.80679
-1.65851
-1.52475
-1.40669
-1.30268
-1.212
-1.13396
-1.06809
-1.01401
-0.971445
-0.940167
-0.919979
-0.910717
-0.912205
-0.924223
-0.946716
-0.979846
-1.02322
-1.07684
-2.3635
-2.19643
-2.04548
-1.90905
-1.7877
-1.68047
-1.58685
-1.50627
-1.43832
-1.38264
-1.33896
-1.30704
-1.28669
-1.27772
-1.27995
-1.29321
-1.31743
-1.3526
-1.39842
-1.4549
-2.79109
-2.62208
-2.46767
-2.3277
-2.20252
-2.09159
-1.99457
-1.91101
-1.84055
-1.78288
-1.73772
-1.70485
-1.68406
-1.67517
-1.67799
-1.69236
-1.71819
-1.75537
-1.80368
-1.8631
-3.25353
-3.0819
-2.92386
-2.78005
-2.65087
-2.5361
-2.43552
-2.34882
-2.27571
-2.2159
-2.16914
-2.13522
-2.11393
-2.10508
-2.10849
-2.12401
-2.1515
-2.19082
-2.24179
-2.30437
-3.75731
-3.58162
-3.4193
-3.27111
-3.13754
-3.01859
-2.91416
-2.82404
-2.74799
-2.6858
-2.63723
-2.60207
-2.58013
-2.57122
-2.57516
-2.59179
-2.62096
-2.66251
-2.71625
-2.78212
-4.30948
-4.12832
-3.96068
-3.80732
-3.66873
-3.54504
-3.43625
-3.34225
-3.26286
-3.19789
-3.14716
-3.11046
-3.08761
-3.07843
-3.08274
-3.10037
-3.13116
-3.17493
-3.2315
-3.30083
-4.91798
-4.72997
-4.55585
-4.39632
-4.25185
-4.12268
-4.00886
-3.91034
-3.82703
-3.75878
-3.7054
-3.66674
-3.64261
-3.63284
-3.63725
-3.65567
-3.68793
-3.73385
-3.79323
-3.86605
-5.5932
-5.39684
-5.21489
-5.04797
-4.89656
-4.76092
-4.64118
-4.53735
-4.44936
-4.37711
-4.32046
-4.27925
-4.25332
-4.2425
-4.24662
-4.2655
-4.29897
-4.34683
-4.40889
-4.48515
-6.34906
-6.14262
-5.95123
-5.77545
-5.61574
-5.4724
-5.34559
-5.23537
-5.14171
-5.06454
-5.00375
-4.95921
-4.93076
-4.91824
-4.92148
-4.94031
-4.97455
-5.02399
-5.08844
-5.16792
-7.20435
-6.98579
-6.78304
-6.59658
-6.42688
-6.27426
-6.1389
-6.0209
-5.92027
-5.83697
-5.7709
-5.72196
-5.69
-5.67487
-5.6764
-5.69444
-5.72878
-5.7792
-5.84551
-5.92779
-8.18472
-7.9516
-7.73514
-7.53576
-7.35397
-7.19006
-7.04427
-6.9167
-6.80741
-6.71637
-6.64351
-6.58874
-6.55194
-6.53295
-6.53161
-6.54777
-6.58122
-6.63172
-6.69907
-6.78341
-9.32534
-9.07471
-8.84168
-8.62663
-8.4301
-8.2524
-8.09377
-7.95435
-7.83422
-7.73336
-7.65174
-7.58927
-7.54583
-7.52129
-7.51549
-7.52827
-7.55942
-7.60868
-7.67584
-7.76108
-10.6757
-10.404
-10.1509
-9.91683
-9.70231
-9.5077
-9.33324
-9.1791
-9.04536
-8.93204
-8.8391
-8.76647
-8.71406
-8.68172
-8.66931
-8.67666
-8.70357
-8.74972
-8.8149
-8.89936
-12.308
-12.011
-11.7337
-11.4766
-11.2402
-11.0249
-10.831
-10.6587
-10.5079
-10.3789
-10.2714
-10.1855
-10.1212
-10.0781
-10.0563
-10.0555
-10.0756
-10.1161
-10.1769
-10.2582
-14.3091
-13.9823
-13.6764
-13.3919
-13.1295
-12.8895
-12.6723
-12.4779
-12.3064
-12.158
-12.0325
-11.9299
-11.8502
-11.7933
-11.7589
-11.7469
-11.7572
-11.7894
-11.8433
-11.9188
-16.7376
-16.3773
-16.0388
-15.7232
-15.4312
-15.1631
-14.9191
-14.6995
-14.5042
-14.3333
-14.1868
-14.0647
-13.9668
-13.8931
-13.8436
-13.818
-13.8161
-13.8379
-13.8829
-13.9502
-19.8973
-19.4992
-19.1238
-18.7736
-18.4489
-18.1498
-17.8763
-17.6284
-17.4059
-17.2091
-17.0377
-16.8918
-16.7714
-16.6763
-16.6065
-16.5618
-16.542
-16.5475
-16.5779
-16.6313
-25.2491
-24.8075
-24.3993
-24.0212
-23.6712
-23.3483
-23.052
-22.7823
-22.5391
-22.3223
-22.132
-21.9682
-21.831
-21.7205
-21.6367
-21.5797
-21.5501
-21.5502
-21.5813
-21.633
-0.459817
-0.527632
-0.604501
-0.690316
-0.784966
-0.888317
-1.00021
-1.12047
-1.24887
-1.38511
-1.52882
-1.6795
-1.83635
-1.99821
-2.16345
-2.32986
-2.49299
-2.64314
-2.76495
-2.88296
-0.786569
-0.856498
-0.935817
-1.02438
-1.12207
-1.22872
-1.34415
-1.46817
-1.60052
-1.74087
-1.88882
-2.04383
-2.20513
-2.37158
-2.5416
-2.71358
-2.88575
-3.05038
-3.19201
-3.35108
-1.1406
-1.21419
-1.29752
-1.39041
-1.49273
-1.60431
-1.72494
-1.85441
-1.99243
-2.13867
-2.29269
-2.45394
-2.62168
-2.79491
-2.97228
-3.15261
-3.33495
-3.5149
-3.68639
-3.87855
-1.52196
-1.59923
-1.68661
-1.78393
-1.89103
-2.00772
-2.13378
-2.26897
-2.41299
-2.56548
-2.72601
-2.894
-3.06878
-3.24944
-3.43492
-3.62435
-3.81693
-4.0103
-4.20469
-4.42009
-1.93355
-2.01465
-2.10629
-2.20828
-2.32044
-2.44257
-2.57444
-2.71577
-2.86627
-3.02556
-3.19319
-3.36863
-3.55124
-3.74024
-3.93482
-4.13437
-4.33825
-4.54539
-4.75826
-4.98986
-2.37847
-2.46369
-2.55993
-2.66697
-2.78462
-2.91267
-3.05087
-3.19894
-3.35657
-3.52337
-3.69892
-3.88271
-4.07415
-4.2726
-4.47743
-4.68823
-4.9046
-5.12626
-5.3559
-5.60132
-2.86014
-2.94977
-3.05093
-3.1634
-3.28699
-3.42145
-3.56655
-3.72199
-3.88744
-4.06255
-4.24689
-4.43998
-4.64132
-4.85035
-5.0666
-5.28978
-5.51967
-5.75645
-6.0023
-6.26167
-3.38291
-3.47717
-3.58354
-3.70181
-3.83174
-3.97312
-4.12568
-4.28912
-4.46313
-4.64734
-4.84136
-5.04475
-5.25705
-5.47781
-5.70665
-5.94333
-6.18778
-6.4403
-6.70245
-6.97675
-3.95229
-4.05139
-4.16323
-4.28759
-4.42426
-4.57301
-4.73357
-4.90564
-5.08891
-5.28304
-5.48764
-5.70231
-5.92664
-6.16024
-6.4028
-6.65413
-6.91418
-7.18323
-7.4623
-7.75281
-4.57559
-4.67955
-4.79703
-4.92773
-5.07146
-5.22797
-5.39701
-5.57828
-5.77148
-5.97626
-6.19228
-6.41917
-6.65654
-6.90406
-7.16145
-7.42854
-7.70526
-7.9918
-8.28872
-8.59687
-5.26245
-5.37123
-5.49435
-5.63149
-5.78244
-5.94699
-6.12487
-6.31579
-6.51946
-6.73556
-6.96374
-7.20368
-7.45501
-7.71743
-7.99068
-8.27457
-8.56902
-8.87406
-9.18995
-9.51723
-6.02606
-6.1394
-6.26791
-6.41143
-6.5696
-6.74224
-6.92913
-7.12999
-7.34451
-7.57239
-7.81331
-8.06696
-8.333
-8.61115
-8.90113
-9.20277
-9.51592
-9.84045
-10.1764
-10.5243
-6.88478
-7.00212
-7.13558
-7.28488
-7.45005
-7.63064
-7.82649
-8.03724
-8.26269
-8.50256
-8.75652
-9.02429
-9.30553
-9.59997
-9.90735
-10.2275
-10.5601
-10.905
-11.2621
-11.6317
-7.8645
-7.98483
-8.12237
-8.27681
-8.44795
-8.63592
-8.84056
-9.0607
-9.29671
-9.5483
-9.81517
-10.097
-10.3936
-10.7046
-11.0297
-11.3687
-11.7213
-12.0871
-12.466
-12.8583
-9.0032
-9.12492
-9.26502
-9.42324
-9.59937
-9.79308
-10.0043
-10.2342
-10.4798
-10.7423
-11.0214
-11.3169
-11.6285
-11.9559
-12.2985
-12.6563
-13.0289
-13.4158
-13.8167
-14.2321
-10.3601
-10.4808
-10.6212
-10.7811
-10.9603
-11.1584
-11.375
-11.6098
-11.8643
-12.1376
-12.4279
-12.7362
-13.0621
-13.4045
-13.7636
-14.1391
-14.5308
-14.9383
-15.3608
-15.7987
-12.0155
-12.1323
-12.2704
-12.4293
-12.6088
-12.8089
-13.0291
-13.2692
-13.5293
-13.809
-14.1101
-14.4295
-14.7667
-15.1207
-15.4932
-15.8842
-16.2933
-16.7196
-17.1623
-17.6211
-14.0378
-14.1476
-14.2801
-14.4339
-14.6094
-14.8068
-15.0259
-15.2665
-15.5281
-15.81
-16.1119
-16.4349
-16.7794
-17.1463
-17.5333
-17.9395
-18.3646
-18.8083
-19.2695
-19.7473
-16.7056
-16.7999
-16.917
-17.0594
-17.2266
-17.4178
-17.6325
-17.8702
-18.1307
-18.4134
-18.7178
-19.0438
-19.3917
-19.7618
-20.1539
-20.5673
-21.002
-21.4587
-21.9371
-22.4325
-21.6796
-21.7551
-21.8601
-21.9925
-22.1509
-22.3345
-22.5426
-22.7748
-23.0306
-23.3098
-23.6122
-23.9376
-24.2864
-24.6587
-25.0545
-25.4739
-25.9179
-26.3905
-26.8942
-27.4111
-27.8967
-22.9365
-20.2411
-18.0964
-16.2521
-14.6618
-13.264
-12.0138
-10.8839
-9.85587
-8.91622
-8.05476
-7.26339
-6.5354
-5.86514
-5.24763
-4.67714
-4.14773
-3.66759
-3.26431
-28.4085
-23.4551
-20.749
-18.5851
-16.7182
-15.1036
-13.681
-12.4067
-11.2538
-10.2043
-9.24512
-8.36609
-7.55928
-6.81811
-6.13709
-5.51133
-4.93565
-4.40736
-3.93925
-3.53831
-28.9473
-23.991
-21.2726
-19.0884
-17.1978
-15.5577
-14.1094
-12.81
-11.6335
-10.562
-9.58271
-8.68568
-7.86298
-7.10805
-6.41537
-5.77995
-5.19675
-4.6632
-4.18856
-3.76894
-29.509
-24.5449
-21.8118
-19.606
-17.6902
-16.0234
-14.5485
-13.2232
-12.0221
-10.928
-9.928
-9.01228
-8.17289
-7.40315
-6.69734
-6.0502
-5.45646
-4.9129
-4.42597
-3.98839
-30.0904
-25.116
-22.3663
-20.1375
-18.195
-16.5003
-14.9976
-13.6455
-12.4191
-11.3016
-10.2802
-9.3451
-8.48828
-7.70288
-6.98292
-6.32287
-5.71715
-5.16199
-4.662
-4.20902
-30.6897
-25.7039
-22.9352
-20.6822
-18.7115
-16.9877
-15.4561
-14.0762
-12.8238
-11.6821
-10.6386
-9.68355
-8.80867
-8.00695
-7.27216
-6.59851
-5.98021
-5.41314
-4.90061
-4.43429
-31.3061
-26.3091
-23.5164
-21.239
-19.239
-17.4847
-15.9232
-14.5148
-13.2355
-12.069
-11.0029
-10.0272
-9.13379
-8.31532
-7.56534
-6.87784
-6.24688
-5.66811
-5.14375
-4.66548
-31.9384
-26.9292
-24.1103
-21.807
-19.7767
-17.9908
-16.3984
-14.9604
-13.6535
-12.4616
-11.3723
-10.3758
-9.46343
-8.62794
-7.8626
-7.16119
-6.51767
-5.92748
-5.39188
-4.90258
-32.5856
-27.5628
-24.7164
-22.3856
-20.3237
-18.5051
-16.8808
-15.4126
-14.0774
-12.8595
-11.7466
-10.7288
-9.7973
-8.94464
-8.16388
-7.4486
-6.79266
-6.19132
-5.64488
-5.14515
-33.2464
-28.2087
-25.3338
-22.9739
-20.8792
-19.0269
-17.3698
-15.8705
-14.5064
-13.2621
-12.1252
-11.0858
-10.1351
-9.26515
-8.46895
-7.73988
-7.07164
-6.45932
-5.9023
-5.39252
-33.9198
-28.8657
-25.9614
-23.571
-21.4423
-19.5553
-17.8645
-16.3334
-14.9399
-13.6687
-12.5076
-11.4465
-10.4763
-9.58908
-8.77746
-8.03465
-7.3542
-6.73099
-6.16355
-5.64395
-34.6046
-29.533
-26.5984
-24.1761
-22.0122
-20.0895
-18.3642
-16.8006
-15.3772
-14.0788
-12.8932
-11.8102
-10.8205
-9.91595
-9.08894
-8.33242
-7.63983
-7.00577
-6.42798
-5.89871
-35.3
-30.2096
-27.2437
-24.7881
-22.5878
-20.6285
-18.868
-17.2714
-15.8176
-14.4917
-13.2814
-12.1763
-11.1671
-10.2452
-9.40284
-8.63266
-7.92794
-7.28304
-6.69494
-6.1561
-36.0048
-30.8942
-27.8961
-25.4061
-23.1684
-21.1715
-19.3751
-17.7449
-16.2604
-14.9066
-13.6715
-12.5443
-11.5156
-10.5763
-9.7186
-8.93478
-8.21794
-7.56219
-6.96376
-6.41544
-36.7181
-31.5859
-28.5545
-26.0288
-23.7527
-21.7175
-19.8845
-18.2203
-16.7047
-15.323
-14.0629
-12.9136
-11.8652
-10.9087
-10.0356
-9.23818
-8.50923
-7.8426
-7.23382
-6.6761
-37.4388
-32.2833
-29.2178
-26.6553
-24.3398
-22.2655
-20.3953
-18.6967
-17.1497
-15.7399
-14.4548
-13.2833
-12.2154
-11.2416
-10.3533
-9.54225
-8.80121
-8.12367
-7.50453
-6.93748
-38.1666
-32.9856
-29.8848
-27.2843
-24.9285
-22.8145
-20.9066
-19.1732
-17.5947
-16.1566
-14.8464
-13.6529
-12.5655
-11.5745
-10.6709
-9.8464
-9.09329
-8.40482
-7.77531
-7.19903
-38.903
-33.6923
-30.554
-27.9144
-25.5175
-23.3631
-21.4171
-19.6487
-18.0386
-16.5723
-15.2371
-14.0215
-12.9147
-11.9067
-10.988
-10.15
-9.38485
-8.68547
-8.04559
-7.46022
-39.6484
-34.4023
-31.2236
-28.5439
-26.1055
-23.9103
-21.9261
-20.1225
-18.4807
-16.9862
-15.6261
-14.3886
-13.2625
-12.2375
-11.3038
-10.4524
-9.67534
-8.96507
-8.31487
-7.72058
-40.39
-35.1108
-31.8921
-29.1721
-26.692
-24.4558
-22.433
-20.5942
-18.9206
-17.3979
-16.013
-14.7537
-13.6085
-12.5666
-11.618
-10.7534
-9.96435
-9.24321
-8.58271
-7.97969
-6.49732
-4.48053
-3.19157
-2.2077
-1.52403
-1.02401
-0.667291
-0.415107
-0.240791
-0.123859
-0.0489271
-0.00422897
0.0189966
0.0273342
0.0256738
0.0175479
0.00555271
-0.00848757
-0.0232793
-0.0379461
-0.051903
-0.0647943
-0.0764068
-0.0866699
-0.0955307
-0.103079
-0.109243
-0.114222
-0.117717
-0.120055
-0.120456
-0.119495
-0.115709
-0.110083
-0.100635
-0.0886351
-0.0729162
-0.0534377
-0.0343272
-0.00709329
-6.74137
-4.65449
-3.33204
-2.31837
-1.61177
-1.09508
-0.725307
-0.463068
-0.280795
-0.157464
-0.0773007
-0.028258
-0.00138593
0.0100352
0.0110051
0.00512552
-0.00494331
-0.0173311
-0.0307069
-0.0441599
-0.0570776
-0.0690829
-0.0799418
-0.0895656
-0.0978857
-0.104979
-0.110764
-0.115426
-0.118659
-0.120776
-0.120999
-0.119875
-0.115967
-0.11021
-0.10068
-0.0885713
-0.0728226
-0.053268
-0.0342127
-0.00691248
-6.98416
-4.83026
-3.47405
-2.43063
-1.70061
-1.16686
-0.783705
-0.511134
-0.320703
-0.190835
-0.105355
-0.0519216
-0.0213881
-0.00688856
-0.00330929
-0.00697021
-0.0151459
-0.0259163
-0.0379092
-0.0501804
-0.0620896
-0.0732351
-0.0833631
-0.0923675
-0.100165
-0.106819
-0.112236
-0.116591
-0.119571
-0.121473
-0.121522
-0.12024
-0.116211
-0.110326
-0.100718
-0.0885014
-0.0727244
-0.0530967
-0.034097
-0.00673752
-7.22578
-5.00758
-3.61763
-2.54459
-1.79066
-1.23945
-0.84257
-0.559377
-0.360578
-0.224025
-0.133135
-0.0752574
-0.041041
-0.0234642
-0.0172911
-0.0187583
-0.0250706
-0.0342555
-0.0448972
-0.056017
-0.0669454
-0.0772565
-0.0866759
-0.0950802
-0.102371
-0.1086
-0.113661
-0.117718
-0.120452
-0.122146
-0.122026
-0.120591
-0.116444
-0.110434
-0.100749
-0.0884266
-0.0726232
-0.0529241
-0.0339802
-0.00656906
-7.46628
-5.18632
-3.7628
-2.66037
-1.88205
-1.31296
-0.901996
-0.607877
-0.400484
-0.257088
-0.160685
-0.0983038
-0.0603765
-0.0397185
-0.0309627
-0.0302572
-0.0347328
-0.0423611
-0.0516811
-0.0616779
-0.0716519
-0.0811525
-0.0898844
-0.0977071
-0.104508
-0.110323
-0.11504
-0.118809
-0.121305
-0.122796
-0.122512
-0.120927
-0.116666
-0.110533
-0.100774
-0.0883467
-0.0725186
-0.0527503
-0.033862
-0.00640756
-7.70566
-5.36644
-3.90952
-2.77811
-1.97491
-1.38749
-0.962086
-0.656721
-0.440494
-0.290083
-0.188056
-0.121102
-0.079428
-0.0556791
-0.0443471
-0.0414858
-0.0441479
-0.050246
-0.0582714
-0.0671715
-0.0762159
-0.0849285
-0.0929931
-0.100252
-0.106577
-0.111993
-0.116376
-0.119864
-0.12213
-0.123424
-0.122981
-0.12125
-0.116878
-0.110625
-0.100793
-0.0882625
-0.0724115
-0.0525762
-0.0337431
-0.0062534
-7.94392
-5.548
-4.05781
-2.89796
-2.06941
-1.4632
-1.02296
-0.706005
-0.480687
-0.323075
-0.215298
-0.143693
-0.0982306
-0.0713748
-0.0574677
-0.0524635
-0.0533319
-0.057923
-0.0646784
-0.0725062
-0.0806442
-0.08859
-0.0960063
-0.102717
-0.108581
-0.11361
-0.117669
-0.120886
-0.122927
-0.124031
-0.123434
-0.121561
-0.11708
-0.110709
-0.100806
-0.0881746
-0.0723019
-0.052402
-0.0336235
-0.00610695
-8.18105
-5.73121
-4.20769
-3.0201
-2.16573
-1.54022
-1.08473
-0.755833
-0.521145
-0.356132
-0.242468
-0.166124
-0.116821
-0.086835
-0.0703487
-0.0632099
-0.0623007
-0.0654051
-0.0709128
-0.0776906
-0.0849435
-0.0921424
-0.0989283
-0.105108
-0.110524
-0.115176
-0.118921
-0.121875
-0.123699
-0.124618
-0.12387
-0.121859
-0.117273
-0.110786
-0.100814
-0.0880834
-0.0721904
-0.0522282
-0.0335034
-0.00596854
-8.41704
-5.91631
-4.35909
-3.14457
-2.26404
-1.61867
-1.14752
-0.806305
-0.561954
-0.389322
-0.269622
-0.18844
-0.135235
-0.10209
-0.0830147
-0.0737448
-0.0710703
-0.0727054
-0.0769849
-0.0827331
-0.0891207
-0.0955912
-0.101764
-0.107426
-0.112408
-0.116695
-0.120135
-0.122833
-0.124447
-0.125185
-0.124292
-0.122146
-0.117457
-0.110856
-0.100818
-0.0879895
-0.0720771
-0.0520553
-0.0333832
-0.00583847
-8.65178
-6.10337
-4.51171
-3.27127
-2.36437
-1.69864
-1.21142
-0.857508
-0.60319
-0.422713
-0.296816
-0.210686
-0.153512
-0.11717
-0.0954901
-0.084088
-0.0796568
-0.0798366
-0.0829052
-0.0876421
-0.0931825
-0.0989418
-0.104516
-0.109676
-0.114235
-0.118168
-0.121312
-0.123762
-0.125171
-0.125734
-0.124699
-0.122422
-0.117633
-0.110922
-0.100817
-0.0878934
-0.0719625
-0.0518838
-0.0332631
-0.00571699
-8.88477
-6.29229
-4.6653
-3.40016
-2.46688
-1.78026
-1.27654
-0.909545
-0.644938
-0.456371
-0.324107
-0.23291
-0.171687
-0.132104
-0.107799
-0.0942592
-0.0880759
-0.0868115
-0.088684
-0.0924257
-0.0971355
-0.102199
-0.107191
-0.11186
-0.116009
-0.119597
-0.122454
-0.124662
-0.125872
-0.126265
-0.125093
-0.122688
-0.117801
-0.110982
-0.100813
-0.0877955
-0.071847
-0.0517141
-0.0331432
-0.0056043
-9.11539
-6.48404
-4.82086
-3.53205
-2.57226
-1.86405
-1.34324
-0.962657
-0.687362
-0.490409
-0.351574
-0.255172
-0.189807
-0.146929
-0.119969
-0.10428
-0.0963446
-0.0936436
-0.0943318
-0.0970925
-0.100986
-0.105369
-0.109791
-0.113983
-0.117732
-0.120984
-0.123561
-0.125535
-0.126553
-0.12678
-0.125475
-0.122944
-0.117963
-0.111037
-0.100806
-0.0876965
-0.0717308
-0.0515466
-0.0330238
-0.00550057
-9.34445
-6.68204
-4.98104
-3.66865
-2.68178
-1.95094
-1.41211
-1.01723
-0.730734
-0.525006
-0.37934
-0.277559
-0.207935
-0.16169
-0.132035
-0.114176
-0.104483
-0.100349
-0.099861
-0.101652
-0.104743
-0.108458
-0.112322
-0.116048
-0.119406
-0.122332
-0.124637
-0.126383
-0.127213
-0.127279
-0.125844
-0.123192
-0.118118
-0.111088
-0.100796
-0.0875967
-0.0716144
-0.0513817
-0.0329051
-0.00540591
-9.57397
-6.88806
-5.14555
-3.80932
-2.7951
-2.04067
-1.48295
-1.07325
-0.775102
-0.560245
-0.407472
-0.300127
-0.226117
-0.176424
-0.144026
-0.123971
-0.11251
-0.106941
-0.105283
-0.106113
-0.108411
-0.111469
-0.114787
-0.118057
-0.121036
-0.123642
-0.125683
-0.127206
-0.127854
-0.127763
-0.126203
-0.123432
-0.118268
-0.111136
-0.100783
-0.0874968
-0.0714981
-0.0512197
-0.0327873
-0.00532041
-9.79877
-7.09066
-5.30366
-3.94634
-2.90711
-2.1294
-1.55344
-1.12933
-0.819607
-0.595686
-0.435715
-0.322722
-0.244258
-0.191073
-0.155907
-0.133644
-0.120412
-0.113413
-0.110593
-0.110473
-0.111991
-0.114405
-0.117188
-0.120013
-0.12262
-0.124916
-0.126699
-0.128006
-0.128476
-0.128233
-0.12655
-0.123663
-0.118412
-0.111181
-0.100769
-0.0873968
-0.0713819
-0.051061
-0.0326705
-0.0052441
-9.99983
-7.27203
-5.44403
-4.07213
-3.01299
-2.2139
-1.62186
-1.1841
-0.863226
-0.630637
-0.463684
-0.345091
-0.262187
-0.205521
-0.167598
-0.143139
-0.128151
-0.119737
-0.115772
-0.114719
-0.115473
-0.117257
-0.119518
-0.12191
-0.124156
-0.126151
-0.127684
-0.12878
-0.129079
-0.128687
-0.126885
-0.123886
-0.11855
-0.111222
-0.100751
-0.0872964
-0.0712655
-0.0509053
-0.0325547
-0.00517696
-10.184
-7.46728
-5.59751
-4.2082
-3.12926
-2.30797
-1.69696
-1.2428
-0.909413
-0.666823
-0.492622
-0.368082
-0.280494
-0.220178
-0.179388
-0.152662
-0.135874
-0.126022
-0.120899
-0.11891
-0.1189
-0.120058
-0.121804
-0.123769
-0.12566
-0.127359
-0.128646
-0.129537
-0.129667
-0.129131
-0.127214
-0.124105
-0.118686
-0.111262
-0.100735
-0.0871981
-0.0711508
-0.0507538
-0.0324405
-0.0051188
-10.4466
-7.78821
-5.84661
-4.41768
-3.29825
-2.4387
-1.7966
-1.31923
-0.968305
-0.710572
-0.526558
-0.394598
-0.301252
-0.236527
-0.192348
-0.162996
-0.144161
-0.132697
-0.126298
-0.123288
-0.122456
-0.122947
-0.124149
-0.125666
-0.12719
-0.128584
-0.129621
-0.130305
-0.130266
-0.129587
-0.127556
-0.124339
-0.118837
-0.111319
-0.100733
-0.0871138
-0.0710467
-0.0506115
-0.032331
-0.00506953
-10.7944
-8.18815
-6.16872
-4.67004
-3.49814
-2.59197
-1.91198
-1.40629
-1.034
-0.7614
-0.563959
-0.423698
-0.323789
-0.254101
-0.206158
-0.17392
-0.152854
-0.139653
-0.131887
-0.127794
-0.126097
-0.125892
-0.126529
-0.127586
-0.128732
-0.129818
-0.130602
-0.131076
-0.13087
-0.130049
-0.127906
-0.124584
-0.119002
-0.111391
-0.100746
-0.0870433
-0.0709536
-0.0504799
-0.0322266
-0.00503044
-10.7186
-8.19307
-6.18428
-4.69485
-3.53649
-2.63188
-1.94767
-1.4373
-1.06007
-0.782964
-0.581692
-0.438041
-0.335294
-0.263385
-0.213684
-0.180038
-0.157847
-0.143743
-0.13525
-0.130568
-0.12839
-0.127789
-0.128097
-0.128878
-0.129791
-0.130674
-0.131284
-0.131604
-0.131266
-0.130321
-0.128079
-0.124658
-0.119006
-0.111314
-0.100629
-0.0868738
-0.0707884
-0.0503146
-0.0320973
-0.00500417
-10.0028
-7.70883
-5.79314
-4.42286
-3.36419
-2.52101
-1.87391
-1.38848
-1.02738
-0.760655
-0.566265
-0.426765
-0.327099
-0.257257
-0.209065
-0.176546
-0.155224
-0.141803
-0.133851
-0.1296
-0.127761
-0.127422
-0.127926
-0.12884
-0.129833
-0.130742
-0.131339
-0.131598
-0.13118
-0.130121
-0.127776
-0.12423
-0.118506
-0.110742
-0.100058
-0.0863161
-0.0703229
-0.0499631
-0.0318416
-0.00498585
-9.14654
-7.17058
-5.41836
-4.17569
-3.22267
-2.44756
-1.83995
-1.37919
-1.03294
-0.774326
-0.583599
-0.444947
-0.344823
-0.27364
-0.223753
-0.189431
-0.166356
-0.151307
-0.141891
-0.136347
-0.133384
-0.132074
-0.131746
-0.131949
-0.132338
-0.132729
-0.132887
-0.132762
-0.13202
-0.130662
-0.128071
-0.124285
-0.118371
-0.11041
-0.0996137
-0.085774
-0.0697925
-0.0494974
-0.031495
-0.00491251
-8.29792
-6.64609
-5.06843
-3.93205
-3.07157
-2.36406
-1.79757
-1.36251
-1.03269
-0.783887
-0.598327
-0.461797
-0.362122
-0.290267
-0.239116
-0.203241
-0.178524
-0.161862
-0.150932
-0.144006
-0.139808
-0.137411
-0.136138
-0.135524
-0.135216
-0.135009
-0.134663
-0.1341
-0.13299
-0.131299
-0.128428
-0.124371
-0.118242
-0.110066
-0.0991338
-0.0851819
-0.0692031
-0.0489781
-0.0311192
-0.00483147
-7.44841
-6.09356
-4.71093
-3.68586
-2.913
-2.27324
-1.75011
-1.34177
-1.02905
-0.790674
-0.610775
-0.476772
-0.377833
-0.305566
-0.253368
-0.216129
-0.189933
-0.171798
-0.159471
-0.151262
-0.145911
-0.142493
-0.140328
-0.13894
-0.137966
-0.137184
-0.136347
-0.135354
-0.133878
-0.131851
-0.128695
-0.124359
-0.118008
-0.109617
-0.0985528
-0.084505
-0.068544
-0.0484226
-0.0307203
-0.00476774
-6.62085
-5.52798
-4.34374
-3.43261
-2.7427
-2.17016
-1.69348
-1.3144
-1.02052
-0.794016
-0.620891
-0.49021
-0.392518
-0.320189
-0.267172
-0.228717
-0.201136
-0.181589
-0.167906
-0.15844
-0.151953
-0.147526
-0.144477
-0.142319
-0.140682
-0.139325
-0.137996
-0.136567
-0.134718
-0.132345
-0.128895
-0.124272
-0.117693
-0.109084
-0.0978867
-0.0837573
-0.0678247
-0.0478389
-0.030301
-0.00472333
-5.8338
-4.9628
-3.96908
-3.17514
-2.56599
-2.05867
-1.62953
-1.28142
-1.00756
-0.793958
-0.628547
-0.501946
-0.406044
-0.334054
-0.2805
-0.241022
-0.212185
-0.191309
-0.176319
-0.165625
-0.158017
-0.152585
-0.14865
-0.145717
-0.143409
-0.141468
-0.139636
-0.137762
-0.135529
-0.132799
-0.129043
-0.124123
-0.117305
-0.108474
-0.0971428
-0.0829444
-0.0670485
-0.0472291
-0.0298627
-0.00469683
-5.10213
-4.41474
-3.59575
-2.91724
-2.38606
-1.94081
-1.55901
-1.24308
-0.990311
-0.790507
-0.633644
-0.511827
-0.41824
-0.346985
-0.293185
-0.252894
-0.222949
-0.200846
-0.184619
-0.172742
-0.16404
-0.157621
-0.152808
-0.149103
-0.146122
-0.143593
-0.141253
-0.138926
-0.136299
-0.133203
-0.12913
-0.123903
-0.116838
-0.107783
-0.0963184
-0.0820662
-0.0662163
-0.0465955
-0.0294076
-0.00468808
-4.43554
-3.89728
-3.23262
-2.66343
-2.20689
-1.82006
-1.48396
-1.20042
-0.96932
-0.783882
-0.636195
-0.519764
-0.42898
-0.358845
-0.305094
-0.264207
-0.233314
-0.210098
-0.192715
-0.179713
-0.169958
-0.162578
-0.156906
-0.15244
-0.148792
-0.145677
-0.142826
-0.140042
-0.137014
-0.133543
-0.129145
-0.123603
-0.116285
-0.107009
-0.0954122
-0.0811242
-0.0653314
-0.0459424
-0.0289388
-0.0046967
-3.84025
-3.42119
-2.88888
-2.41917
-2.03234
-1.69957
-1.40645
-1.15455
-0.945204
-0.774413
-0.63631
-0.525737
-0.438185
-0.369525
-0.316111
-0.274853
-0.24318
-0.218978
-0.200533
-0.186473
-0.175714
-0.16741
-0.160903
-0.155693
-0.151389
-0.147695
-0.144335
-0.141094
-0.137661
-0.133811
-0.129079
-0.123219
-0.115644
-0.106149
-0.0944267
-0.0801227
-0.0643996
-0.0452748
-0.02846
-0.00472102
-3.31929
-2.99399
-2.57214
-2.18974
-1.86609
-1.58243
-1.3288
-1.10688
-0.918788
-0.762572
-0.634214
-0.529804
-0.445823
-0.37895
-0.326141
-0.284733
-0.252455
-0.227401
-0.207996
-0.192957
-0.181254
-0.172068
-0.164759
-0.15883
-0.153888
-0.149626
-0.145763
-0.142067
-0.138229
-0.133997
-0.128928
-0.122748
-0.114914
-0.105207
-0.0933677
-0.0790689
-0.0634293
-0.0445986
-0.0279757
-0.00475805
-2.87265
-2.61988
-2.28801
-1.97972
-1.7115
-1.47142
-1.25323
-1.05892
-0.890999
-0.748927
-0.630221
-0.532101
-0.45192
-0.387085
-0.335117
-0.293764
-0.261054
-0.235288
-0.215034
-0.199102
-0.18652
-0.176506
-0.168436
-0.161818
-0.15626
-0.151446
-0.147093
-0.142948
-0.138706
-0.134094
-0.128686
-0.122189
-0.114098
-0.104189
-0.0922451
-0.0779732
-0.0624314
-0.0439203
-0.0274904
-0.00480366
-2.49756
-2.29998
-2.03971
-1.79241
-1.57123
-1.36883
-1.18171
-1.01216
-0.862831
-0.73412
-0.624726
-0.532837
-0.456559
-0.393936
-0.342998
-0.301885
-0.268904
-0.242565
-0.221576
-0.204844
-0.191459
-0.180676
-0.171892
-0.164623
-0.158478
-0.153135
-0.148306
-0.143725
-0.139086
-0.134099
-0.128356
-0.121544
-0.113206
-0.103108
-0.0910732
-0.0768489
-0.0614193
-0.0432469
-0.0270095
-0.00485282
-2.18888
-2.03266
-1.82813
-1.6296
-1.44713
-1.27639
-1.11584
-0.96792
-0.835262
-0.718824
-0.618173
-0.532277
-0.459876
-0.399549
-0.34978
-0.309056
-0.275952
-0.249172
-0.227563
-0.210127
-0.19602
-0.184534
-0.175089
-0.167213
-0.160516
-0.154672
-0.149388
-0.144387
-0.139363
-0.134011
-0.12794
-0.120826
-0.11225
-0.101979
-0.089871
-0.0757132
-0.0604091
-0.0425862
-0.0265386
-0.00490018
-1.93984
-1.81415
-1.65213
-1.49161
-1.34005
-1.19522
-1.05683
-0.927316
-0.809183
-0.703701
-0.611027
-0.530727
-0.462048
-0.404013
-0.355485
-0.315263
-0.28216
-0.25506
-0.232941
-0.214901
-0.200155
-0.188038
-0.177993
-0.169559
-0.162351
-0.15604
-0.150327
-0.144929
-0.139537
-0.133837
-0.127451
-0.12005
-0.111252
-0.100826
-0.0886631
-0.0745874
-0.0594196
-0.0419474
-0.0260843
-0.00494073
-1.74279
-1.63937
-1.50914
-1.37752
-1.25002
-1.12583
-1.00544
-0.89118
-0.785353
-0.689363
-0.603751
-0.528512
-0.463286
-0.407446
-0.360169
-0.320515
-0.287509
-0.260193
-0.237669
-0.21912
-0.203822
-0.19115
-0.180571
-0.171636
-0.163964
-0.157225
-0.151118
-0.145351
-0.139614
-0.133588
-0.126907
-0.11924
-0.110239
-0.0996792
-0.0874798
-0.073497
-0.0584725
-0.0413411
-0.0256537
-0.00497074
-1.59012
-1.50275
-1.39581
-1.28567
-1.17642
-1.06822
-0.962072
-0.860094
-0.764376
-0.676347
-0.596779
-0.525958
-0.463814
-0.409988
-0.363905
-0.32484
-0.291993
-0.264548
-0.241713
-0.222748
-0.206986
-0.193838
-0.182795
-0.173421
-0.165339
-0.15822
-0.151758
-0.145657
-0.139607
-0.133284
-0.126335
-0.11843
-0.109249
-0.0985769
-0.0863577
-0.072473
-0.0575925
-0.0407803
-0.0252555
-0.00498857
-1.47495
-1.39893
-1.30867
-1.21409
-1.1183
-1.02212
-0.926855
-0.834434
-0.746719
-0.665109
-0.590503
-0.523376
-0.463857
-0.411789
-0.36678
-0.328276
-0.295621
-0.268111
-0.245046
-0.225753
-0.209614
-0.196073
-0.184642
-0.174896
-0.166466
-0.15902
-0.152252
-0.145861
-0.139537
-0.132955
-0.125772
-0.11766
-0.108327
-0.0975657
-0.0853404
-0.0715519
-0.0568082
-0.0402814
-0.0249
-0.00499546
-1.39174
-1.32349
-1.24472
-1.16098
-1.07469
-0.987152
-0.899827
-0.814472
-0.732761
-0.656044
-0.585278
-0.521052
-0.463631
-0.412991
-0.368879
-0.330864
-0.298397
-0.270866
-0.24764
-0.228103
-0.211674
-0.197826
-0.186088
-0.176046
-0.167335
-0.159625
-0.152608
-0.145981
-0.139433
-0.132638
-0.125262
-0.116983
-0.10753
-0.0967012
-0.0844788
-0.070777
-0.0561525
-0.0398654
-0.0246001
-0.00499629
-1.33664
-1.27335
-1.20189
-1.12512
-1.04502
-0.963156
-0.88111
-0.800505
-0.722878
-0.649528
-0.581436
-0.519255
-0.463329
-0.413724
-0.370273
-0.332628
-0.300315
-0.272786
-0.249458
-0.229754
-0.213124
-0.19906
-0.187104
-0.176851
-0.167939
-0.160038
-0.15284
-0.14604
-0.139328
-0.132378
-0.124861
-0.116462
-0.106922
-0.0960485
-0.0838324
-0.0701998
-0.0556634
-0.0395606
-0.0243678
-0.00500068
-1.30832
-1.24747
-1.17969
-1.10644
-1.02948
-0.950525
-0.871201
-0.793064
-0.717576
-0.646002
-0.579331
-0.518245
-0.463127
-0.414084
-0.370996
-0.333558
-0.301334
-0.27381
-0.250431
-0.23064
-0.213903
-0.199722
-0.187649
-0.177281
-0.168259
-0.160254
-0.152957
-0.146062
-0.139259
-0.132224
-0.12463
-0.116165
-0.106578
-0.0956823
-0.0834692
-0.0698811
-0.0553848
-0.0394037
-0.0242154
-0.00501803
-12.0216
-12.0088
-11.9881
-11.9593
-11.9226
-11.878
-11.8256
-11.7656
-11.6981
-11.623
-11.5404
-11.4505
-11.3531
-11.2483
-11.1357
-11.0152
-10.8841
-10.7469
-10.5909
-10.5145
-10.5474
-10.5335
-10.514
-10.4887
-10.4581
-10.4225
-10.3822
-10.3372
-10.2877
-10.234
-10.176
-10.114
-10.048
-9.97799
-9.90356
-9.82522
-9.74063
-9.65675
-9.56022
-9.53183
-9.24611
-9.22857
-9.20826
-9.18523
-9.15924
-9.13032
-9.09863
-9.06433
-9.02753
-8.98834
-8.94683
-8.90309
-8.8571
-8.80894
-8.75836
-8.7059
-8.64969
-8.59524
-8.53188
-8.52511
-8.07374
-8.05666
-8.0379
-8.01745
-7.99522
-7.97125
-7.9457
-7.91872
-7.89042
-7.86092
-7.8303
-7.79868
-7.76613
-7.73278
-7.69856
-7.66396
-7.62795
-7.59476
-7.55788
-7.56656
-7.02827
-7.01259
-6.99581
-6.97802
-6.95925
-6.93959
-6.91917
-6.89813
-6.87658
-6.85466
-6.83248
-6.81018
-6.78787
-6.7657
-6.74371
-6.72227
-6.70083
-6.68214
-6.66202
-6.67589
-6.10127
-6.08735
-6.07276
-6.0576
-6.04195
-6.02589
-6.00953
-5.99297
-5.97635
-5.95979
-5.94339
-5.92729
-5.9116
-5.89645
-5.88193
-5.86829
-5.8553
-5.84466
-5.83406
-5.84847
-5.28613
-5.27411
-5.26165
-5.24884
-5.23575
-5.22244
-5.20903
-5.1956
-5.18228
-5.16918
-5.1564
-5.14406
-5.13228
-5.1212
-5.11092
-5.10163
-5.0933
-5.08693
-5.08136
-5.09335
-4.57672
-4.56651
-4.55593
-4.54505
-4.53395
-4.52267
-4.51132
-4.49999
-4.48876
-4.47775
-4.46706
-4.4568
-4.44707
-4.438
-4.42968
-4.42228
-4.41583
-4.41089
-4.40698
-4.41486
-3.96632
-3.9577
-3.9487
-3.93937
-3.92976
-3.91994
-3.90997
-3.89994
-3.88994
-3.88005
-3.87036
-3.86097
-3.85197
-3.84348
-3.83559
-3.82842
-3.82204
-3.81676
-3.81246
-3.81574
-3.44771
-3.44043
-3.4327
-3.42455
-3.41604
-3.4072
-3.39811
-3.38885
-3.37946
-3.37005
-3.36068
-3.35143
-3.34239
-3.33366
-3.32531
-3.31745
-3.31016
-3.30359
-3.29776
-3.29664
-3.01295
-3.00673
-2.99998
-2.99272
-2.98497
-2.97681
-2.96826
-2.95941
-2.9503
-2.941
-2.93157
-2.92209
-2.91263
-2.90327
-2.89407
-2.88512
-2.87649
-2.86828
-2.86049
-2.8556
-2.65335
-2.64796
-2.64195
-2.63533
-2.62815
-2.62043
-2.61224
-2.60361
-2.59459
-2.58525
-2.57564
-2.56581
-2.55582
-2.54575
-2.53565
-2.52558
-2.51562
-2.50581
-2.49613
-2.4883
-2.35981
-2.35501
-2.34958
-2.34345
-2.33667
-2.32929
-2.32134
-2.31287
-2.3039
-2.2945
-2.28471
-2.27458
-2.26415
-2.25348
-2.24263
-2.23165
-2.22059
-2.20949
-2.19827
-2.18832
-2.12329
-2.11897
-2.1139
-2.10814
-2.10169
-2.09458
-2.08684
-2.07852
-2.06963
-2.06023
-2.05034
-2.04003
-2.02932
-2.01827
-2.00691
-1.9953
-1.98349
-1.97148
-1.95921
-1.94785
-1.93523
-1.93126
-1.92648
-1.921
-1.91483
-1.90797
-1.90045
-1.89228
-1.88352
-1.87419
-1.86433
-1.85397
-1.84316
-1.83193
-1.82032
-1.80837
-1.79613
-1.78359
-1.77072
-1.75849
-1.78809
-1.78437
-1.77988
-1.77466
-1.76872
-1.76209
-1.75477
-1.7468
-1.73821
-1.72902
-1.71927
-1.70899
-1.69821
-1.68697
-1.6753
-1.66324
-1.65083
-1.63807
-1.62494
-1.6122
-1.67568
-1.67215
-1.66787
-1.66286
-1.65714
-1.65071
-1.64361
-1.63584
-1.62745
-1.61844
-1.60885
-1.59872
-1.58806
-1.57692
-1.56532
-1.5533
-1.54089
-1.5281
-1.51494
-1.50191
-1.59341
-1.59003
-1.58593
-1.5811
-1.57556
-1.56933
-1.56242
-1.55486
-1.54666
-1.53785
-1.52845
-1.51849
-1.50799
-1.49699
-1.48551
-1.47359
-1.46125
-1.44851
-1.43539
-1.42218
-1.53822
-1.53496
-1.53097
-1.52628
-1.52089
-1.51482
-1.50808
-1.50068
-1.49265
-1.48401
-1.47478
-1.46498
-1.45463
-1.44376
-1.4324
-1.42058
-1.40831
-1.39563
-1.38256
-1.36922
-1.50978
-1.5066
-1.50272
-1.49815
-1.4929
-1.48696
-1.48037
-1.47313
-1.46525
-1.45675
-1.44765
-1.43797
-1.42773
-1.41694
-1.40563
-1.39382
-1.38154
-1.36881
-1.35565
-1.3421
-10.4893
-10.812
-10.8452
-10.9801
-11.1275
-11.2413
-11.3431
-11.4421
-11.5346
-11.619
-11.6958
-11.7651
-11.8265
-11.8799
-11.925
-11.9619
-11.9905
-12.0109
-12.0229
-12.0266
-9.72883
-9.95135
-9.81785
-9.84672
-9.96009
-10.0454
-10.1097
-10.1752
-10.2409
-10.3012
-10.355
-10.4029
-10.4447
-10.4803
-10.5094
-10.532
-10.5482
-10.5579
-10.5609
-10.5573
-8.81943
-9.01368
-8.82589
-8.80915
-8.91134
-8.99031
-9.03441
-9.07381
-9.11534
-9.1531
-9.18457
-9.21064
-9.23214
-9.24917
-9.26166
-9.26966
-9.27327
-9.27259
-9.26776
-9.25893
-7.91399
-8.10169
-7.90066
-7.84781
-7.92565
-7.99138
-8.01763
-8.03417
-8.05444
-8.07444
-8.09019
-8.10181
-8.11034
-8.11604
-8.11881
-8.11856
-8.11534
-8.1092
-8.1002
-8.08838
-7.05113
-7.21897
-7.02359
-6.94621
-6.99605
-7.04665
-7.06153
-7.06412
-7.07039
-7.07889
-7.08522
-7.0885
-7.0895
-7.08866
-7.08593
-7.08117
-7.07439
-7.06563
-7.05497
-7.04249
-6.22562
-6.36192
-6.18579
-6.10149
-6.12976
-6.16733
-6.17646
-6.17297
-6.17183
-6.17367
-6.17476
-6.17366
-6.17079
-6.16663
-6.16122
-6.15446
-6.14633
-6.13688
-6.12617
-6.11428
-5.44216
-5.54719
-5.39992
-5.3232
-5.33847
-5.36591
-5.37231
-5.36743
-5.36346
-5.36208
-5.36065
-5.35774
-5.35346
-5.3482
-5.34206
-5.335
-5.32698
-5.31803
-5.3082
-5.29755
-4.71903
-4.79929
-4.68471
-4.62262
-4.63101
-4.65081
-4.65578
-4.65171
-4.6476
-4.64531
-4.64319
-4.64007
-4.63591
-4.63095
-4.62531
-4.61896
-4.61188
-4.60408
-4.59559
-4.58646
-4.07273
-4.13487
-4.05139
-4.00518
-4.01021
-4.02452
-4.02879
-4.02642
-4.02358
-4.02182
-4.02018
-4.01782
-4.01463
-4.01076
-4.00628
-4.00118
-3.99544
-3.98906
-3.98206
-3.97447
-3.51087
-3.55976
-3.50282
-3.47105
-3.47489
-3.48564
-3.48989
-3.48953
-3.48858
-3.48814
-3.48763
-3.48653
-3.48471
-3.48225
-3.47919
-3.4755
-3.47119
-3.46623
-3.46066
-3.45448
-3.03388
-3.07289
-3.03711
-3.01748
-3.02153
-3.03038
-3.03512
-3.03678
-3.03782
-3.03893
-3.03979
-3.04007
-3.03967
-3.03863
-3.03694
-3.0346
-3.03159
-3.02791
-3.02357
-3.01858
-2.63808
-2.66964
-2.64979
-2.63974
-2.64474
-2.65281
-2.6583
-2.66171
-2.6645
-2.66706
-2.66921
-2.67074
-2.6716
-2.67177
-2.67126
-2.67005
-2.66813
-2.66549
-2.66215
-2.6581
-2.31689
-2.34273
-2.33416
-2.33116
-2.33728
-2.34518
-2.3514
-2.35617
-2.3603
-2.36402
-2.36721
-2.36974
-2.37157
-2.37269
-2.37308
-2.37274
-2.37165
-2.36981
-2.36722
-2.36389
-2.06149
-2.08286
-2.08178
-2.0836
-2.09067
-2.09863
-2.10541
-2.11111
-2.11618
-2.1207
-2.12462
-2.12785
-2.13037
-2.13216
-2.1332
-2.13348
-2.13299
-2.13172
-2.12968
-2.12687
-1.86212
-1.87995
-1.88353
-1.88844
-1.89616
-1.90419
-1.9113
-1.91756
-1.92318
-1.92819
-1.93256
-1.93623
-1.93918
-1.94138
-1.94283
-1.94351
-1.94342
-1.94255
-1.94089
-1.93845
-1.70939
-1.72443
-1.73075
-1.73748
-1.74555
-1.75355
-1.7608
-1.76732
-1.7732
-1.77845
-1.78304
-1.78693
-1.7901
-1.79253
-1.79421
-1.79513
-1.79528
-1.79465
-1.79324
-1.79105
-1.59519
-1.60809
-1.61588
-1.62359
-1.63177
-1.63966
-1.64689
-1.65346
-1.6594
-1.66471
-1.66935
-1.67331
-1.67656
-1.67909
-1.68087
-1.68191
-1.68219
-1.68171
-1.68047
-1.67845
-1.51322
-1.52456
-1.53308
-1.54126
-1.5494
-1.55713
-1.56425
-1.57076
-1.57665
-1.58191
-1.58652
-1.59046
-1.5937
-1.59624
-1.59805
-1.59914
-1.59948
-1.59908
-1.59794
-1.59605
-1.45925
-1.46956
-1.47838
-1.48675
-1.49478
-1.50234
-1.50933
-1.51573
-1.52152
-1.52669
-1.53122
-1.53508
-1.53828
-1.54078
-1.54258
-1.54366
-1.54403
-1.54367
-1.54258
-1.54077
-1.43162
-1.44149
-1.45046
-1.45891
-1.4669
-1.47437
-1.48128
-1.4876
-1.49331
-1.49839
-1.50284
-1.50664
-1.50977
-1.51222
-1.51398
-1.51505
-1.51541
-1.51507
-1.51401
-1.51225
0.262944
0.257738
0.244801
0.222924
0.190653
0.145746
0.085061
0.00433894
-0.102141
-0.241996
-0.42535
-0.665403
-0.979789
-1.39089
-1.92999
-2.63603
-3.56585
-4.80815
-6.42357
-8.89278
0.207377
0.201823
0.188575
0.166101
0.133022
0.0871512
0.0253955
-0.0564193
-0.16388
-0.304407
-0.48782
-0.72693
-1.03859
-1.44451
-1.97297
-2.66316
-3.55528
-4.7528
-6.21843
-8.41646
0.149674
0.144171
0.131055
0.108648
0.0756805
0.0301108
-0.0309808
-0.111518
-0.216725
-0.353511
-0.530947
-0.760841
-1.05833
-1.44335
-1.9388
-2.58299
-3.39165
-4.48025
-5.72531
-7.55131
0.0898268
0.0842786
0.0711466
0.048705
0.0157815
-0.0295009
-0.0898533
-0.168899
-0.271418
-0.403693
-0.573851
-0.792498
-1.07258
-1.43221
-1.88754
-2.4767
-3.19158
-4.1491
-5.2107
-6.70091
0.0280922
0.0224692
0.00928367
-0.0131965
-0.0460671
-0.091041
-0.150616
-0.22811
-0.327851
-0.455484
-0.618157
-0.825289
-1.08751
-1.42134
-1.83628
-2.3697
-2.99973
-3.8263
-4.75751
-5.96719
-0.0352069
-0.0408657
-0.0540314
-0.0764136
-0.109036
-0.153444
-0.211905
-0.287426
-0.383867
-0.506234
-0.660681
-0.855483
-1.09899
-1.40612
-1.78129
-2.25788
-2.81458
-3.51612
-4.33845
-5.3183
-0.0996914
-0.105338
-0.118391
-0.140509
-0.172641
-0.216153
-0.273069
-0.346059
-0.438499
-0.554739
-0.699935
-0.881188
-1.10484
-1.38362
-1.71973
-2.13756
-2.62816
-3.21257
-3.92442
-4.71473
-0.16491
-0.1705
-0.183345
-0.205035
-0.236436
-0.278734
-0.333692
-0.403632
-0.491435
-0.600784
-0.735884
-0.902568
-1.10572
-1.35487
-1.65312
-2.0121
-2.43969
-2.91846
-3.51691
-4.14971
-0.230332
-0.235819
-0.24836
-0.269457
-0.299891
-0.340666
-0.393286
-0.45972
-0.542368
-0.644244
-0.768722
-0.920254
-1.10292
-1.32232
-1.58426
-1.88752
-2.25371
-2.64218
-3.13152
-3.63321
-0.295349
-0.300686
-0.312824
-0.333164
-0.3624
-0.401362
-0.451298
-0.513833
-0.590921
-0.684926
-0.798537
-0.934805
-1.09746
-1.28829
-1.51555
-1.76911
-2.07637
-2.39068
-2.78203
-3.17517
-0.359276
-0.364417
-0.376056
-0.395487
-0.423314
-0.460203
-0.507161
-0.56549
-0.636738
-0.722671
-0.825412
-0.946774
-1.09017
-1.2547
-1.4492
-1.66035
-1.91331
-2.16748
-2.47563
-2.78011
-0.421361
-0.426264
-0.437319
-0.455706
-0.481945
-0.516551
-0.56031
-0.614231
-0.679505
-0.757384
-0.849489
-0.956727
-1.08194
-1.22304
-1.38743
-1.56312
-1.76852
-1.97373
-2.21413
-2.44783
-0.48079
-0.485421
-0.495822
-0.513062
-0.53758
-0.569757
-0.610187
-0.659622
-0.718946
-0.789005
-0.870952
-0.965158
-1.07364
-1.1943
-1.33207
-1.47822
-1.64389
-1.80926
-1.9961
-2.17495
-0.5367
-0.541033
-0.550734
-0.566761
-0.58948
-0.619162
-0.656235
-0.701242
-0.754805
-0.81747
-0.889977
-0.97243
-1.06599
-1.16905
-1.28418
-1.4058
-1.53946
-1.67282
-1.81832
-1.95577
-0.588179
-0.592203
-0.601184
-0.615979
-0.636891
-0.664101
-0.697904
-0.738675
-0.786827
-0.842695
-0.906685
-0.978772
-1.05943
-1.14756
-1.24406
-1.34554
-1.4541
-1.56223
-1.67643
-1.78323
-0.634268
-0.637984
-0.646259
-0.659857
-0.67903
-0.70389
-0.734628
-0.771493
-0.814741
-0.864556
-0.921108
-0.984293
-1.05415
-1.12989
-1.21147
-1.29677
-1.38607
-1.47475
-1.56567
-1.65011
-0.673939
-0.677367
-0.684987
-0.697484
-0.715069
-0.737805
-0.765807
-0.799232
-0.838228
-0.882873
-0.933185
-0.989003
-1.05013
-1.11592
-1.18591
-1.25862
-1.3335
-1.40755
-1.48154
-1.54994
-0.706055
-0.709235
-0.716291
-0.727847
-0.744084
-0.765034
-0.790758
-0.821352
-0.85689
-0.897382
-0.94276
-0.992818
-1.04725
-1.10547
-1.16685
-1.23024
-1.29472
-1.35824
-1.42039
-1.47763
-0.729293
-0.732284
-0.738913
-0.749758
-0.764984
-0.784603
-0.808644
-0.837163
-0.870192
-0.9077
-0.949572
-0.995577
-1.04536
-1.09837
-1.15392
-1.21102
-1.26865
-1.32521
-1.37972
-1.4298
-0.742001
-0.744887
-0.751276
-0.761718
-0.776374
-0.795248
-0.818354
-0.845727
-0.877379
-0.913259
-0.953233
-0.997058
-1.04436
-1.09461
-1.14711
-1.20092
-1.25501
-1.30799
-1.35865
-1.40513
0.955551
0.953959
0.949742
0.94206
0.929982
0.911914
0.885732
0.848523
0.796531
0.724693
0.626843
0.494228
0.317249
0.0796612
-0.232435
-0.653763
-1.20405
-1.96761
-2.99158
-4.46007
0.918538
0.916717
0.91189
0.903373
0.890168
0.870671
0.842721
0.803359
0.748759
0.673758
0.572051
0.434686
0.251764
0.0067335
-0.315142
-0.748557
-1.31643
-2.09996
-3.15943
-4.66348
0.881748
0.879703
0.874278
0.864937
0.85062
0.829706
0.800001
0.758494
0.701289
0.623121
0.517535
0.375388
0.186456
-0.066081
-0.39789
-0.843496
-1.42925
-2.23292
-3.32853
-4.86776
0.845203
0.842939
0.83693
0.82678
0.811367
0.789053
0.757607
0.713966
0.65416
0.57282
0.463335
0.316378
0.121367
-0.13874
-0.480636
-0.938528
-1.54247
-2.36635
-3.49882
-5.0726
0.808922
0.806447
0.799872
0.78893
0.772439
0.748743
0.715572
0.669809
0.607408
0.522893
0.40949
0.25769
0.056533
-0.211211
-0.56335
-1.03361
-1.65605
-2.50013
-3.67023
-5.27761
0.772923
0.770246
0.763127
0.751412
0.733864
0.708806
0.673927
0.626056
0.561065
0.473373
0.356031
0.199357
-0.00801829
-0.28347
-0.646011
-1.12874
-1.76999
-2.63419
-3.84271
-5.48248
0.737225
0.734357
0.726716
0.714252
0.695668
0.66927
0.632703
0.582738
0.515164
0.424291
0.302989
0.141405
-0.0722626
-0.355501
-0.728607
-1.22389
-1.8843
-2.76849
-4.01622
-5.68695
0.701843
0.698797
0.690663
0.677472
0.657878
0.630163
0.591927
0.539884
0.469733
0.375676
0.250392
0.0838586
-0.136179
-0.427291
-0.81113
-1.31908
-1.99897
-2.90303
-4.19076
-5.89084
0.666793
0.663585
0.654986
0.641095
0.620518
0.59151
0.551626
0.497521
0.424801
0.327555
0.198263
0.0267376
-0.199751
-0.498837
-0.893579
-1.41432
-2.11402
-3.03782
-4.36629
-6.09403
0.63209
0.628736
0.619707
0.605144
0.583611
0.553336
0.511826
0.455675
0.380391
0.27995
0.146626
-0.029941
-0.262966
-0.570138
-0.975954
-1.50965
-2.22945
-3.17294
-4.54271
-6.29654
0.597748
0.594266
0.584842
0.569637
0.547178
0.515663
0.47255
0.414369
0.336529
0.232885
0.0954989
-0.0861646
-0.325814
-0.641205
-1.05826
-1.60511
-2.34525
-3.3085
-4.71984
-6.49857
0.563777
0.56019
0.55041
0.534595
0.511241
0.478514
0.433821
0.373625
0.293234
0.186377
0.0448987
-0.141924
-0.388292
-0.712051
-1.14051
-1.70079
-2.46139
-3.44473
-4.89735
-6.7006
0.53019
0.526522
0.516426
0.500035
0.475819
0.441908
0.395658
0.333464
0.250526
0.140443
-0.00516128
-0.197213
-0.450396
-0.782699
-1.22271
-1.79677
-2.57783
-3.5819
-5.07469
-6.90346
0.496995
0.493273
0.482906
0.465975
0.44093
0.405864
0.358081
0.293904
0.208423
0.0950995
-0.0546697
-0.252029
-0.512132
-0.853175
-1.30488
-1.89316
-2.69451
-3.72043
-5.25108
-7.10855
0.464201
0.460454
0.449862
0.432427
0.406588
0.370398
0.321107
0.254961
0.166939
0.0503568
-0.103619
-0.306372
-0.573506
-0.923512
-1.38704
-1.99007
-2.81133
-3.86078
-5.42546
-7.3179
0.431813
0.428072
0.417302
0.399399
0.3728
0.335516
0.28474
0.216641
0.126079
0.00621803
-0.152008
-0.360251
-0.634533
-0.993748
-1.46923
-2.08762
-2.92824
-4.00349
-5.59655
-7.53471
0.399843
0.396147
0.385251
0.366922
0.339601
0.301254
0.249016
0.178975
0.0858694
-0.0372988
-0.199831
-0.413669
-0.695229
-1.06392
-1.5515
-2.18593
-3.04521
-4.149
-5.76265
-7.7625
0.368308
0.364736
0.353804
0.33512
0.30714
0.267785
0.214126
0.142162
0.0465049
-0.0800164
-0.24694
-0.46652
-0.755534
-1.13399
-1.63385
-2.28504
-3.16234
-4.29806
-5.92377
-8.00966
0.337194
0.333813
0.322938
0.303976
0.275413
0.235122
0.180106
0.106266
0.00807268
-0.121835
-0.293245
-0.518749
-0.815462
-1.20407
-1.71646
-2.385
-3.27943
-4.44924
-6.07537
-8.27448
0.306326
0.302811
0.29172
0.272207
0.242801
0.201331
0.144737
0.0688359
-0.0320274
-0.165396
-0.341311
-0.57276
-0.877275
-1.27647
-1.80235
-2.49055
-3.40592
-4.61891
-6.25492
-8.61847
1.70831
1.70931
1.71438
1.72218
1.73187
1.74203
1.75086
1.756
1.75452
1.74273
1.7162
1.66939
1.59558
1.48602
1.32979
1.10984
0.803041
0.391406
-0.165229
-1.12154
1.67137
1.67208
1.67661
1.68334
1.69152
1.69971
1.70606
1.70817
1.703
1.68677
1.6548
1.60129
1.51908
1.39877
1.22873
0.991169
0.661188
0.214156
-0.353222
-1.33396
1.63441
1.63532
1.63979
1.64603
1.65337
1.66036
1.66517
1.66542
1.65808
1.63937
1.60465
1.54813
1.46278
1.33932
1.16656
0.927346
0.598053
0.146659
-0.403461
-1.38862
1.59726
1.5983
1.60266
1.6084
1.61494
1.62081
1.6242
1.62274
1.61341
1.59245
1.55524
1.496
1.40781
1.28149
1.10616
0.864874
0.535785
0.0764711
-0.473332
-1.48393
1.5599
1.56098
1.5651
1.57024
1.57585
1.58047
1.5823
1.57894
1.56737
1.54379
1.50355
1.4408
1.34854
1.21742
1.03651
0.78818
0.452292
-0.0249567
-0.589398
-1.62096
1.52238
1.52344
1.52726
1.53173
1.53636
1.53967
1.53985
1.53449
1.52053
1.49414
1.4506
1.38392
1.28698
1.15012
0.962292
0.704758
0.359558
-0.137146
-0.718314
-1.76244
1.48472
1.48573
1.48921
1.49299
1.49661
1.49859
1.4971
1.48971
1.47334
1.44411
1.39721
1.32654
1.22486
1.08217
0.887416
0.620611
0.266504
-0.247362
-0.845886
-1.9042
1.44695
1.44788
1.45097
1.45403
1.45662
1.45725
1.45407
1.44465
1.42587
1.39377
1.34351
1.26884
1.16239
1.01386
0.812232
0.536163
0.173153
-0.356889
-0.976016
-2.05281
1.40908
1.4099
1.41257
1.41489
1.41642
1.41567
1.4108
1.39931
1.37809
1.3431
1.28943
1.21067
1.09937
0.944829
0.736121
0.45037
0.0775193
-0.469002
-1.11216
-2.2097
1.37113
1.37183
1.37403
1.37558
1.37604
1.3739
1.36729
1.35373
1.33003
1.29211
1.23496
1.15204
1.03576
0.874979
0.658879
0.362932
-0.02091
-0.584226
-1.25368
-2.37342
1.33314
1.33368
1.33539
1.33615
1.3355
1.33195
1.32361
1.30795
1.28175
1.24085
1.18018
1.09301
0.971626
0.80442
0.580646
0.274125
-0.121679
-0.701853
-1.39917
-2.54297
1.29512
1.29549
1.29667
1.29662
1.29486
1.28988
1.27978
1.262
1.23328
1.18939
1.12515
1.03366
0.907067
0.733278
0.501593
0.184246
-0.224346
-0.821444
-1.54795
-2.71795
1.25709
1.25728
1.25791
1.25704
1.25415
1.24773
1.23585
1.21594
1.18468
1.13776
1.06991
0.974035
0.842153
0.661649
0.421827
0.0934598
-0.328687
-0.942913
-1.69978
-2.89799
1.21909
1.21907
1.21913
1.21742
1.21339
1.20552
1.19187
1.16981
1.13599
1.08601
1.01452
0.914204
0.776946
0.589606
0.341427
0.00186882
-0.434552
-1.06621
-1.85441
-3.08259
1.18112
1.1809
1.18037
1.17781
1.17264
1.16331
1.14786
1.12365
1.08726
1.0342
0.959025
0.854221
0.711505
0.517224
0.260471
-0.0904278
-0.541769
-1.19122
-2.01152
-3.27123
1.14322
1.14278
1.14165
1.13824
1.13191
1.12112
1.10388
1.07751
1.03853
0.982379
0.903487
0.794143
0.645891
0.444575
0.179044
-0.183327
-0.650152
-1.31776
-2.17082
-3.46339
1.10542
1.10475
1.10301
1.09874
1.09125
1.079
1.05997
1.03142
0.989853
0.930587
0.847952
0.734026
0.580165
0.371731
0.0972264
-0.276732
-0.759524
-1.44566
-2.33203
-3.65859
1.06772
1.06683
1.06447
1.05934
1.0507
1.03698
1.01615
0.985439
0.941269
0.878876
0.792472
0.673924
0.514383
0.298757
0.0150986
-0.370555
-0.86973
-1.57477
-2.49492
-3.85636
1.03017
1.02904
1.02606
1.02007
1.01028
0.995102
0.972483
0.939601
0.892825
0.827292
0.737095
0.61389
0.448601
0.225715
-0.0672668
-0.464716
-0.980631
-1.7049
-2.65926
-4.05619
0.992768
0.991407
0.987806
0.980969
0.970028
0.953401
0.928996
0.893947
0.844564
0.775881
0.681868
0.553973
0.38287
0.152663
-0.149802
-0.559145
-1.09211
-1.83591
-2.82488
-4.2576
3.13599
3.14026
3.14952
3.16419
3.18387
3.20778
3.23502
3.26471
3.29593
3.32777
3.35933
3.3898
3.41849
3.44482
3.46836
3.48881
3.506
3.51984
3.53028
3.53725
3.11689
3.12131
3.1309
3.14612
3.16655
3.19141
3.21981
3.25086
3.28364
3.31723
3.35072
3.38328
3.41418
3.44281
3.46868
3.49143
3.51084
3.52674
3.53892
3.54723
3.08202
3.08669
3.09685
3.11298
3.13469
3.16117
3.19153
3.22491
3.26037
3.29697
3.33378
3.36995
3.40468
3.4373
3.46725
3.49406
3.51739
3.53695
3.55218
3.56274
3.03393
3.03892
3.04977
3.06704
3.09032
3.1188
3.15161
3.18787
3.22666
3.26702
3.308
3.3487
3.38829
3.426
3.46117
3.49321
3.52165
3.54601
3.56521
3.57831
2.97477
2.98009
2.99167
3.01014
3.03508
3.06567
3.10106
3.14039
3.18273
3.22711
3.27258
3.31818
3.36303
3.4063
3.44722
3.48506
3.51921
3.54908
3.57287
3.58747
2.90644
2.91206
2.92433
2.94392
2.97042
3.00301
3.04085
3.08308
3.12879
3.177
3.22675
3.27706
3.327
3.37568
3.42222
3.46578
3.50556
3.54103
3.5702
3.58276
2.8307
2.83657
2.84942
2.86997
2.89778
2.93205
2.97195
3.01663
3.06518
3.11664
3.17003
3.22435
3.27864
3.33196
3.38335
3.43182
3.47641
3.51632
3.54814
3.56229
2.74924
2.75529
2.76855
2.7898
2.81857
2.85405
2.89544
2.9419
2.99251
3.04631
3.1023
3.1595
3.21691
3.27354
3.32836
3.38026
3.42824
3.47114
3.5024
3.51647
2.66363
2.66977
2.68327
2.70491
2.73421
2.77036
2.81255
2.85994
2.91162
2.96661
3.0239
3.08249
3.14134
3.19944
3.25568
3.30884
3.3579
3.40087
3.42861
3.43849
2.57536
2.58149
2.59503
2.61673
2.6461
2.68231
2.72455
2.77196
2.82361
2.87849
2.93557
2.99378
3.05209
3.10939
3.16448
3.21606
3.26294
3.30223
3.32185
3.32266
2.48574
2.49179
2.50516
2.52661
2.5556
2.59126
2.63279
2.67928
2.72976
2.78317
2.8384
2.89434
2.94986
3.00377
3.05472
3.10123
3.14196
3.17281
3.17818
3.16372
2.39596
2.40184
2.41488
2.43578
2.46394
2.4985
2.53859
2.58326
2.63146
2.68204
2.7338
2.78549
2.83588
2.88361
2.92712
2.96458
2.99451
3.01121
2.99482
2.95711
2.30705
2.31268
2.32522
2.34531
2.37228
2.40521
2.44321
2.48524
2.53013
2.57662
2.62333
2.66887
2.71177
2.75047
2.78303
2.80717
2.8211
2.81724
2.77025
2.69911
2.21984
2.22517
2.23709
2.25614
2.28158
2.31247
2.34782
2.38649
2.42717
2.46842
2.50866
2.54625
2.57944
2.6063
2.62442
2.63076
2.62316
2.59189
2.50433
2.38708
2.13501
2.14001
2.15121
2.16905
2.19271
2.2212
2.25344
2.28816
2.32388
2.35892
2.39146
2.41951
2.44094
2.45335
2.45364
2.4377
2.40287
2.33729
2.19844
2.01971
2.05309
2.05771
2.06813
2.08463
2.10633
2.13216
2.16095
2.19127
2.22143
2.24949
2.27329
2.29046
2.29836
2.29398
2.27336
2.23089
2.16311
2.05657
1.85566
1.59718
1.97447
1.97869
1.98827
2.00335
2.02295
2.04595
2.07106
2.09666
2.12082
2.14133
2.15562
2.16082
2.1537
2.13048
2.08618
2.01324
1.90682
1.75328
1.48091
1.12141
1.89944
1.90327
1.91204
1.92564
1.94306
1.96311
1.98436
2.00501
2.0229
2.03545
2.03969
2.03217
2.00894
1.96534
1.89521
1.7887
1.6383
1.43169
1.08066
0.595366
1.82819
1.83176
1.83989
1.85211
1.86739
1.88449
1.90181
1.91737
1.92872
1.93293
1.92655
1.90552
1.86503
1.79933
1.70094
1.55751
1.35726
1.09081
0.661464
0.0233152
1.76054
1.76358
1.77095
1.7817
1.79486
1.80909
1.82265
1.83335
1.83843
1.83458
1.81778
1.78325
1.72525
1.63671
1.50868
1.32632
1.07133
0.731824
0.22188
-0.60059
3.53977
3.54044
3.54079
3.54091
3.5408
3.54044
3.53983
3.53895
3.53782
3.5364
3.53471
3.53273
3.53045
3.52786
3.52496
3.52174
3.51819
3.51429
3.51005
3.50544
3.55149
3.55236
3.5526
3.55262
3.55242
3.55196
3.55122
3.55019
3.54888
3.54727
3.54535
3.54311
3.54055
3.53765
3.53441
3.53083
3.52688
3.52256
3.51786
3.51278
3.57042
3.57174
3.57186
3.57173
3.57142
3.57082
3.56989
3.56864
3.56704
3.56511
3.56283
3.56019
3.55718
3.55379
3.55002
3.54586
3.54129
3.53632
3.53092
3.52511
3.5913
3.59343
3.59354
3.59338
3.59307
3.59242
3.59137
3.58993
3.58809
3.58585
3.58319
3.58011
3.5766
3.57264
3.56825
3.56339
3.55808
3.5523
3.54605
3.53932
3.60829
3.61171
3.61207
3.61213
3.61207
3.6116
3.61063
3.60918
3.60725
3.60482
3.60189
3.59845
3.59449
3.59
3.58498
3.57943
3.57333
3.56669
3.5595
3.55176
3.61516
3.62026
3.62128
3.62203
3.62264
3.62273
3.62219
3.62104
3.61929
3.61692
3.61392
3.61028
3.606
3.60108
3.5955
3.58927
3.58239
3.57486
3.56666
3.55781
3.60422
3.61197
3.61462
3.6167
3.61856
3.61973
3.62011
3.61971
3.61851
3.61652
3.61374
3.61015
3.60575
3.60055
3.59453
3.58771
3.58008
3.57164
3.5624
3.55235
3.56959
3.58046
3.58557
3.58981
3.5936
3.59649
3.59835
3.5992
3.59901
3.59782
3.59559
3.59235
3.58808
3.58278
3.57648
3.56916
3.56083
3.55149
3.54116
3.52983
3.50395
3.5189
3.52755
3.53489
3.54144
3.54677
3.55078
3.55345
3.55478
3.55485
3.55361
3.55105
3.5472
3.54206
3.53563
3.52794
3.51898
3.50876
3.49729
3.48458
3.40095
3.42102
3.43443
3.4459
3.45612
3.46472
3.47161
3.4768
3.48031
3.4821
3.48225
3.48076
3.47762
3.47287
3.4665
3.45854
3.449
3.43788
3.4252
3.41096
3.25486
3.28124
3.30067
3.31736
3.33222
3.34498
3.35554
3.36394
3.37019
3.37425
3.3763
3.37627
3.37418
3.37005
3.36392
3.35578
3.34567
3.3336
3.31958
3.30361
3.06077
3.09479
3.12152
3.14455
3.16507
3.1829
3.19798
3.21033
3.22001
3.22701
3.23134
3.23313
3.23238
3.22909
3.2233
3.21503
3.20431
3.19116
3.17559
3.1576
2.81448
2.85758
2.89282
2.92327
2.95048
2.97433
2.99475
3.01182
3.02559
3.03606
3.04306
3.04712
3.04803
3.0458
3.04048
3.03211
3.02072
3.00633
2.98895
2.9686
2.51249
2.56614
2.61098
2.64988
2.68475
2.71549
2.74207
2.76455
2.78302
2.7976
2.80822
2.81426
2.81717
2.81625
2.81153
2.80308
2.79095
2.77516
2.75572
2.73265
2.15213
2.2178
2.27312
2.32132
2.36466
2.40304
2.43644
2.46493
2.48859
2.50755
2.52202
2.53191
2.53597
2.53645
2.53242
2.5239
2.51094
2.49358
2.47184
2.44571
1.73174
1.81073
1.87707
1.93515
1.98753
2.03407
2.07475
2.10967
2.13891
2.16254
2.18074
2.19377
2.20151
2.20238
2.1989
2.19023
2.1763
2.15716
2.13282
2.10326
1.25144
1.34486
1.42254
1.49097
1.55281
1.60782
1.65599
1.69746
1.7323
1.76059
1.78247
1.79813
1.80783
1.81143
1.8074
1.79795
1.78256
1.76109
1.73356
1.69999
0.711202
0.820309
0.909225
0.987754
1.05869
1.12177
1.17711
1.22483
1.26503
1.2978
1.32323
1.34142
1.3526
1.35697
1.35434
1.34335
1.32577
1.30151
1.27047
1.23254
0.112121
0.232846
0.33105
0.420243
0.501747
0.574623
0.638685
0.693915
0.740365
0.778119
0.807275
0.827946
0.840279
0.844461
0.840591
0.828292
0.806712
0.77922
0.743587
0.699506
-0.533702
-0.373367
-0.253135
-0.150241
-0.060152
0.0183768
0.0861725
0.143712
0.191281
0.229075
0.257244
0.275919
0.285208
0.285196
0.276076
0.258403
0.232375
0.195074
0.148096
0.0929424
3.50047
3.49512
3.48939
3.48327
3.47675
3.46983
3.4625
3.45475
3.44659
3.43801
3.42901
3.41958
3.40974
3.39947
3.38878
3.37767
3.36615
3.35422
3.34188
3.32925
3.5073
3.50143
3.49515
3.48846
3.48135
3.47382
3.46587
3.4575
3.4487
3.43948
3.42985
3.41979
3.40932
3.39845
3.38718
3.37551
3.36347
3.35101
3.33815
3.32542
3.51886
3.51218
3.50506
3.4975
3.48949
3.48103
3.47213
3.46278
3.45299
3.44277
3.4321
3.42101
3.4095
3.39758
3.38526
3.37257
3.35949
3.34593
3.33193
3.31879
3.53211
3.52442
3.51624
3.50757
3.49842
3.48878
3.47866
3.46806
3.45699
3.44544
3.43344
3.42099
3.4081
3.39479
3.38106
3.36695
3.35244
3.33732
3.32165
3.30785
3.54346
3.53461
3.52521
3.51526
3.50476
3.49371
3.48212
3.47
3.45736
3.44419
3.43052
3.41636
3.40171
3.38659
3.37102
3.35504
3.33861
3.32136
3.30337
3.28852
3.5483
3.53814
3.52732
3.51586
3.50376
3.49102
3.47764
3.46365
3.44903
3.43382
3.41804
3.40172
3.38468
3.36711
3.34907
3.33055
3.31153
3.29143
3.26993
3.25273
3.5415
3.52986
3.51743
3.50422
3.49022
3.47546
3.45993
3.44364
3.42661
3.40884
3.39035
3.37114
3.35123
3.33062
3.30936
3.28755
3.26501
3.2407
3.21479
3.19623
3.5175
3.5042
3.48992
3.47466
3.45844
3.44126
3.42313
3.40405
3.38404
3.36311
3.34125
3.31849
3.29481
3.27022
3.2448
3.21871
3.19163
3.16192
3.12966
3.10762
3.47062
3.45543
3.43903
3.4214
3.40256
3.38252
3.36127
3.33883
3.31519
3.29037
3.26436
3.23717
3.20878
3.17917
3.14848
3.11696
3.0841
3.04728
3.00638
2.97995
3.39517
3.37784
3.35898
3.33858
3.31666
3.29322
3.26825
3.24176
3.21374
3.1842
3.15313
3.12051
3.08632
3.0505
3.01327
2.97508
2.93511
2.88915
2.83678
2.80527
3.2857
3.26587
3.24413
3.22048
3.19491
3.16742
3.13801
3.10668
3.0734
3.03818
3.001
2.96184
2.92061
2.87724
2.83208
2.78589
2.7374
2.68
2.61275
2.57549
3.1372
3.11444
3.08929
3.06176
3.03184
2.99954
2.96484
2.92772
2.88816
2.84615
2.80168
2.7547
2.70505
2.65262
2.59797
2.54237
2.48392
2.41247
2.32622
2.28247
2.94528
2.91904
2.88986
2.85774
2.82268
2.78467
2.74368
2.6997
2.6527
2.60265
2.54954
2.49331
2.43372
2.37054
2.30465
2.23808
2.16814
2.07979
1.96979
1.91873
2.70595
2.67567
2.64181
2.60435
2.56329
2.51861
2.4703
2.41831
2.36261
2.30317
2.23999
2.173
2.10183
2.02611
1.94708
1.86785
1.78497
1.67705
1.53864
1.47981
2.4152
2.38039
2.34124
2.29774
2.24989
2.19766
2.14102
2.07994
2.01436
1.94424
1.86961
1.7904
1.70614
1.61626
1.5223
1.42886
1.33207
1.2031
1.03319
0.966906
2.06852
2.02865
1.98365
1.93348
1.87813
1.81757
1.75177
1.68067
1.60423
1.52239
1.43519
1.34265
1.24428
1.13927
1.02934
0.920721
0.810022
0.660927
0.459198
0.385259
1.6604
1.61487
1.56336
1.50584
1.4423
1.37269
1.297
1.21518
1.1272
1.03302
0.932735
0.826472
0.713885
0.593965
0.468158
0.343896
0.219542
0.0530955
-0.17803
-0.263169
1.18769
1.13605
1.07758
1.0123
0.940196
0.861273
0.775524
0.682944
0.583528
0.477269
0.364234
0.244606
0.118218
-0.0160554
-0.157797
-0.299812
-0.44062
-0.622594
-0.877687
-0.978838
0.647333
0.587468
0.519973
0.444893
0.362255
0.272091
0.174442
0.0693486
-0.0431497
-0.163036
-0.290289
-0.424791
-0.566501
-0.716195
-0.874473
-1.03614
-1.19543
-1.3844
-1.63975
-1.7393
0.0293638
-0.0427563
-0.123503
-0.212843
-0.310714
-0.417036
-0.531713
-0.654622
-0.785614
-0.924502
-1.07105
-1.22488
-1.38535
-1.55171
-1.72336
-1.89686
-2.06352
-2.23017
-2.41996
-2.46335
3.29796
3.2388
3.16986
3.09086
3.0011
2.89993
2.78712
2.66285
2.52767
2.38245
2.22845
2.0673
1.90096
1.73163
1.56168
1.39352
1.22952
1.07185
0.922423
0.782794
0.65415
0.53722
0.432405
0.339652
0.258733
0.189016
0.129923
0.0804865
0.0400746
0.00757489
-0.0174394
-0.0361048
-0.048392
-0.0555925
-0.0572275
-0.0549616
-0.0477294
-0.0380094
-0.0241403
-0.0097531
3.29586
3.23415
3.16231
3.08099
2.98901
2.88551
2.7704
2.644
2.50692
2.36008
2.20481
2.04275
1.87591
1.7065
1.53688
1.36945
1.20653
1.05025
0.902442
0.764595
0.63782
0.522775
0.419801
0.32879
0.249484
0.181215
0.123405
0.0750662
0.0355938
0.00387388
-0.0204738
-0.0386275
-0.0505048
-0.0573904
-0.0587421
-0.0562453
-0.0487474
-0.0388161
-0.0245957
-0.00996743
3.29203
3.22547
3.14881
3.06345
2.96738
2.8597
2.74059
2.61055
2.47028
2.32078
2.16345
2.00001
1.83248
1.66309
1.4942
1.32816
1.16723
1.01341
0.868459
0.733714
0.610169
0.498361
0.398533
0.310492
0.233923
0.168111
0.112469
0.0659926
0.028102
-0.00230536
-0.0255705
-0.0428621
-0.0540632
-0.0603912
-0.0612967
-0.0583684
-0.05048
-0.0401228
-0.0253982
-0.0102932
3.28424
3.21077
3.12844
3.03781
2.93621
2.82314
2.69908
2.56463
2.42059
2.26805
2.10847
1.94365
1.77562
1.60665
1.43904
1.27509
1.11696
0.966526
0.825383
0.694722
0.575374
0.467736
0.371927
0.287656
0.214544
0.151825
0.0989017
0.0547525
0.0188343
-0.00995632
-0.0319034
-0.0481016
-0.058453
-0.0640915
-0.0644413
-0.0609714
-0.0526144
-0.0417053
-0.0263989
-0.0106831
3.26793
3.18512
3.09722
3.00059
2.89277
2.77403
2.64496
2.50619
2.35859
2.20334
2.04196
1.87629
1.7084
1.54054
1.37498
1.21394
1.05944
0.913219
0.776694
0.650881
0.536437
0.43361
0.342391
0.262393
0.193171
0.133912
0.0840149
0.042447
0.00871109
-0.0183011
-0.0387718
-0.053805
-0.0632164
-0.0681077
-0.0678411
-0.0637803
-0.0549183
-0.0433902
-0.0274849
-0.0111004
3.23762
3.14139
3.04979
2.94714
2.83358
2.70996
2.57676
2.4346
2.28442
2.12746
1.96528
1.79977
1.63303
1.46726
1.30471
1.14747
0.997433
0.856187
0.724956
0.604579
0.49554
0.397944
0.311657
0.236208
0.171091
0.115466
0.0687269
0.029843
-0.00163252
-0.0268045
-0.0457561
-0.0596097
-0.0680466
-0.0721791
-0.0712684
-0.0666099
-0.0572327
-0.0450598
-0.028581
-0.0115109
3.18237
3.07419
2.98221
2.87362
2.75587
2.62907
2.49341
2.34954
2.19841
2.04129
1.8798
1.71583
1.55149
1.38898
1.23047
1.07795
0.933171
0.797554
0.672149
0.557624
0.454303
0.362163
0.280961
0.210159
0.149202
0.0972359
0.0536586
0.0174528
-0.0117775
-0.0351257
-0.0525798
-0.0652764
-0.072744
-0.0761387
-0.0745801
-0.069345
-0.0594568
-0.0466433
-0.0296392
-0.0118852
3.09509
2.98203
2.8873
2.77625
2.65745
2.53003
2.3944
2.25117
2.10128
1.94601
1.78701
1.62619
1.46569
1.30767
1.15424
1.0073
0.868458
0.738991
0.619786
0.511361
0.413902
0.32728
0.251163
0.184968
0.128102
0.0797151
0.0392121
0.00560301
-0.0214605
-0.0430524
-0.0590668
-0.0706556
-0.0771885
-0.079886
-0.0776928
-0.0719184
-0.0615317
-0.0481022
-0.0306296
-0.0122016
2.97154
2.85508
2.76339
2.65308
2.53685
2.41225
2.27985
2.14018
1.99415
1.84305
1.68855
1.53262
1.37741
1.22508
1.07769
0.937065
0.804708
0.681757
0.568971
0.466741
0.375145
0.293972
0.222825
0.161095
0.108166
0.0632048
0.0256291
-0.00551398
-0.0305286
-0.0504618
-0.0651187
-0.0756655
-0.0813165
-0.083366
-0.0805637
-0.0742943
-0.0634265
-0.0494188
-0.0315352
-0.0124465
2.80546
2.68938
2.60729
2.50229
2.3934
2.27587
2.15055
2.0178
1.87853
1.73406
1.58614
1.43681
1.28827
1.14271
1.00218
0.868462
0.742972
0.626753
0.520459
0.424392
0.338545
0.262654
0.19628
0.138802
0.0896001
0.0478658
0.0130353
-0.0158012
-0.0389066
-0.0572948
-0.0706909
-0.0802693
-0.0851002
-0.0865537
-0.0831756
-0.0764567
-0.0651294
-0.0505876
-0.032347
-0.0126139
2.59046
2.48179
2.41623
2.3231
2.22721
2.12174
2.00783
1.88565
1.75615
1.6208
1.48146
1.34031
1.19966
1.06179
0.928776
0.802381
0.683987
0.574572
0.474723
0.38468
0.304384
0.233539
0.171685
0.118207
0.0724902
0.0337598
0.00147509
-0.0252276
-0.0465721
-0.0635359
-0.0757731
-0.0844732
-0.0885357
-0.0894435
-0.0855278
-0.0784026
-0.0666403
-0.0516111
-0.0330625
-0.0127036
2.32001
2.22981
2.1882
2.11544
2.03914
1.9513
1.85344
1.74557
1.62885
1.50499
1.37607
1.24449
1.11276
0.983295
0.858256
0.739441
0.628226
0.525567
0.432017
0.347781
0.272777
0.206697
0.14908
0.0993274
0.05684
0.0208818
-0.0090612
-0.0338054
-0.0535378
-0.0691976
-0.0803761
-0.0882586
-0.0916328
-0.0920425
-0.0876297
-0.0801372
-0.0679667
-0.0524959
-0.033683
-0.0127199
1.9882
1.93239
1.92287
1.88047
1.83109
1.76672
1.68956
1.59965
1.49852
1.38827
1.27135
1.15049
1.02848
0.907931
0.791153
0.68002
0.575947
0.479898
0.392424
0.313726
0.243718
0.1821
0.128422
0.0821138
0.0425996
0.00918373
-0.0186172
-0.0415739
-0.0598376
-0.0743093
-0.0845254
-0.0916633
-0.0944108
-0.0943657
-0.0894966
-0.0816707
-0.0691206
-0.0532516
-0.0342128
-0.0126702
1.59236
1.5918
1.62316
1.62135
1.60645
1.57125
1.51907
1.45039
1.36724
1.27233
1.16862
1.05931
0.94755
0.83622
0.727812
0.624326
0.52725
0.437589
0.355917
0.282451
0.217123
0.159654
0.109618
0.0664773
0.0296871
-0.00140716
-0.0272564
-0.0485875
-0.0655174
-0.0789103
-0.0882538
-0.094715
-0.0968937
-0.0964324
-0.0911469
-0.083017
-0.0701166
-0.0538888
-0.0346582
-0.0125636
1.13371
1.21276
1.29452
1.34242
1.36954
1.36871
1.34542
1.30061
1.23726
1.15892
1.06924
0.971959
0.870679
0.768622
0.668508
0.572494
0.482169
0.398603
0.322412
0.253847
0.192872
0.139237
0.0925516
0.052311
0.0180074
-0.010974
-0.0350498
-0.0549065
-0.0706277
-0.0830429
-0.0915967
-0.0974429
-0.0991066
-0.0982637
-0.0925998
-0.0841907
-0.0709696
-0.0544187
-0.0350264
-0.01241
0.609484
0.793234
0.938206
1.0449
1.12227
1.16143
1.17068
1.15219
1.11019
1.04936
0.974211
0.889182
0.798404
0.705495
0.613452
0.52462
0.440715
0.36289
0.291821
0.227806
0.170846
0.120732
0.0771089
0.0395115
0.00746834
-0.0195967
-0.042066
-0.060589
-0.0752169
-0.0867478
-0.0945879
-0.0998756
-0.101074
-0.0998802
-0.0938736
-0.0852071
-0.0716947
-0.0548524
-0.0353251
-0.0122194
0.000788088
0.312435
0.543462
0.72208
0.860336
0.946753
0.992903
1.00379
0.98507
0.942934
0.882996
0.810552
0.73037
0.646532
0.562369
0.480451
0.402652
0.330229
0.263938
0.204136
0.150873
0.103983
0.0631546
0.0279609
-0.00203126
-0.0273612
-0.0483772
-0.0656951
-0.0793354
-0.090067
-0.0972623
-0.102043
-0.10282
-0.101304
-0.0949883
-0.0860828
-0.0723074
-0.0552017
-0.0355625
-0.0120012
-0.71207
-0.252902
0.0997585
0.368234
0.578948
0.720572
0.80834
0.852004
0.858809
0.836848
0.79311
0.733892
0.664693
0.590129
0.513903
0.438853
0.367035
0.29984
0.238122
0.18231
0.132521
0.0886404
0.0504039
0.0174292
-0.0106766
-0.034416
-0.0541027
-0.070321
-0.0830609
-0.0930643
-0.0996731
-0.103988
-0.104384
-0.10257
-0.0959732
-0.0868431
-0.0728292
-0.055482
-0.0357494
-0.0117647
-1.47612
-0.861311
-0.356141
0.0119296
0.298361
0.496332
0.626594
0.702762
0.734906
0.732924
0.705222
0.659112
0.600817
0.535465
0.467121
0.398873
0.332956
0.270893
0.213635
0.161695
0.115253
0.0742549
0.0384881
0.0076168
-0.0187089
-0.0409538
-0.0593957
-0.0745876
-0.0864893
-0.0958162
-0.101881
-0.105764
-0.105807
-0.103711
-0.096855
-0.0875102
-0.0732772
-0.055705
-0.0358943
-0.0115163
-2.08156
-1.35213
-0.698852
-0.254799
0.0894507
0.327677
0.488474
0.587746
0.637992
0.650427
0.634443
0.598072
0.548034
0.489803
0.427674
0.364892
0.303797
0.245987
0.192471
0.143808
0.100224
0.0617027
0.0280698
-0.000976169
-0.0257502
-0.0466881
-0.064036
-0.0783237
-0.0894816
-0.0982069
-0.103784
-0.107283
-0.107002
-0.104646
-0.0975559
-0.0880193
-0.0736004
-0.0558372
-0.0359802
-0.0112561
-2.23553
-1.52208
-0.782923
-0.321324
0.0412151
0.287842
0.455404
0.559615
0.613784
0.62937
0.615923
0.581637
0.533353
0.476639
0.415859
0.354301
0.294335
0.237573
0.185031
0.137272
0.0945226
0.056765
0.023828
-0.004591
-0.028801
-0.04924
-0.0661437
-0.0800466
-0.090865
-0.0993027
-0.104629
-0.107917
-0.107463
-0.104968
-0.0977641
-0.0881342
-0.0736435
-0.0558041
-0.0359642
-0.0110408
-2.3128
-1.63614
-0.853996
-0.389304
-0.0182877
0.233376
0.405649
0.513784
0.57149
0.590442
0.580303
0.549318
0.50432
0.450833
0.393162
0.334539
0.277289
0.222999
0.172674
0.126876
0.0858411
0.049568
0.0179049
-0.00943102
-0.0327268
-0.0524007
-0.0686682
-0.082046
-0.0924337
-0.100519
-0.105559
-0.108611
-0.107968
-0.105313
-0.0979795
-0.088242
-0.073669
-0.0557549
-0.0359275
-0.0108715
-2.44991
-1.77601
-0.947886
-0.470458
-0.0872351
0.172584
0.351148
0.464183
0.525957
0.548546
0.541844
0.514238
0.4726
0.422435
0.368002
0.312478
0.25814
0.206536
0.15865
0.115033
0.0759244
0.0413315
0.0111184
-0.0149787
-0.0372264
-0.056021
-0.0715582
-0.0843321
-0.0942272
-0.101907
-0.106622
-0.109402
-0.108541
-0.105699
-0.0982161
-0.0883512
-0.0736838
-0.055687
-0.0358743
-0.0106905
-2.60914
-1.91388
-1.04743
-0.553409
-0.157947
0.111147
0.296583
0.415069
0.481352
0.507928
0.504918
0.480846
0.442625
0.395757
0.344473
0.291914
0.240327
0.191237
0.145619
0.104022
0.0666928
0.0336509
0.00477661
-0.0201753
-0.0414521
-0.0594303
-0.0742875
-0.0864973
-0.0959305
-0.103228
-0.107635
-0.110156
-0.109089
-0.106067
-0.0984425
-0.0884523
-0.0736956
-0.0556156
-0.0358196
-0.0105051
-2.78726
-2.05129
-1.15279
-0.638286
-0.230472
0.0487919
0.241506
0.36581
0.436889
0.467686
0.468555
0.448153
0.413439
0.369912
0.321782
0.27216
0.223271
0.17663
0.133204
0.0935497
0.0579231
0.0263598
-0.00124125
-0.0251064
-0.0454629
-0.0626676
-0.0768805
-0.0885556
-0.0975506
-0.104486
-0.1086
-0.110874
-0.10961
-0.106414
-0.0986549
-0.088542
-0.0737014
-0.0555386
-0.0357624
-0.0103156
-2.97943
-2.18802
-1.26288
-0.724838
-0.304562
-0.0144143
0.185938
0.316365
0.392467
0.427655
0.432521
0.415865
0.384697
0.344522
0.299535
0.252827
0.206605
0.162373
0.1211
0.0833484
0.0493867
0.0192673
-0.00709239
-0.0298989
-0.0493598
-0.0658122
-0.0793987
-0.090554
-0.0991231
-0.105705
-0.109535
-0.111567
-0.110112
-0.106746
-0.0988558
-0.0886208
-0.0737001
-0.0554542
-0.0357008
-0.0101216
-3.18296
-2.32501
-1.37708
-0.813043
-0.380014
-0.0783705
0.129987
0.266829
0.348179
0.38792
0.396897
0.384053
0.356459
0.319636
0.27777
0.233938
0.190338
0.14847
0.109303
0.0734097
0.0410726
0.0123607
-0.0127894
-0.0345649
-0.0531537
-0.0688737
-0.0818504
-0.0924995
-0.100654
-0.106892
-0.110444
-0.11224
-0.110599
-0.107063
-0.0990461
-0.088689
-0.0736916
-0.0553622
-0.0356349
-0.00992374
-3.39559
-2.46295
-1.49475
-0.902874
-0.456641
-0.14299
0.0737392
0.217273
0.304086
0.348537
0.361732
0.352764
0.32877
0.295293
0.256523
0.215528
0.174504
0.134948
0.0978379
0.0637551
0.0329985
0.00565466
-0.0183207
-0.0390951
-0.0568374
-0.0718466
-0.0842313
-0.0943889
-0.10214
-0.108044
-0.111326
-0.112892
-0.111068
-0.107366
-0.0992258
-0.0887468
-0.0736763
-0.0552631
-0.0355646
-0.00972248
-3.61554
-2.60246
-1.61532
-0.994312
-0.53429
-0.208196
0.0172689
0.167754
0.260236
0.309544
0.327053
0.322015
0.301639
0.271501
0.235798
0.1976
0.159103
0.121809
0.0867042
0.0543843
0.0251644
-0.000850713
-0.0236858
-0.0434892
-0.0604105
-0.0747303
-0.086541
-0.0962217
-0.103582
-0.10916
-0.11218
-0.113521
-0.111521
-0.107655
-0.0993947
-0.0887942
-0.0736542
-0.055157
-0.0354903
-0.00951852
-3.84142
-2.744
-1.7383
-1.08734
-0.612831
-0.273925
-0.0393632
0.118322
0.216667
0.270968
0.292882
0.29182
0.275075
0.248262
0.215593
0.180149
0.144129
0.109045
0.0758958
0.0452914
0.017565
-0.00716005
-0.0288888
-0.0477503
-0.0638756
-0.077527
-0.0887809
-0.0979991
-0.10498
-0.110243
-0.113007
-0.114129
-0.111956
-0.10793
-0.0995529
-0.0888314
-0.0736254
-0.0550441
-0.035412
-0.00931245
-4.0721
-2.88792
-1.86332
-1.18191
-0.692167
-0.340122
-0.096108
0.0690157
0.173412
0.232834
0.259233
0.262187
0.24908
0.225574
0.195907
0.16317
0.129577
0.0966516
0.0654075
0.0364716
0.0101957
-0.0132774
-0.0339331
-0.0518815
-0.067235
-0.0802384
-0.0909526
-0.0997222
-0.106335
-0.111291
-0.113808
-0.114715
-0.112375
-0.10819
-0.0997005
-0.0888586
-0.0735901
-0.0549247
-0.0353298
-0.00910493
-4.30665
-3.03445
-1.99007
-1.27801
-0.772226
-0.406742
-0.152929
0.0198658
0.130492
0.195158
0.226117
0.233122
0.223657
0.203438
0.176735
0.146659
0.115443
0.0846236
0.0552344
0.0279201
0.00305233
-0.0192065
-0.038822
-0.0558853
-0.070491
-0.0828664
-0.0930575
-0.101392
-0.107648
-0.112305
-0.114582
-0.11528
-0.112777
-0.108437
-0.0998377
-0.0888758
-0.0735483
-0.0547989
-0.0352438
-0.0088966
-4.54432
-3.18373
-2.11833
-1.37559
-0.85296
-0.473752
-0.2098
-0.0291072
0.0879231
0.15795
0.193539
0.204626
0.198801
0.181847
0.158071
0.13061
0.101719
0.0729546
0.0453708
0.019632
-0.00386954
-0.024951
-0.0435585
-0.0597645
-0.0736458
-0.0854128
-0.095097
-0.10301
-0.108919
-0.113288
-0.11533
-0.115825
-0.113163
-0.10867
-0.0999645
-0.0888834
-0.0735003
-0.0546671
-0.0351542
-0.00868812
-4.78448
-3.33585
-2.24796
-1.47462
-0.934345
-0.541131
-0.266708
-0.0778919
0.0457116
0.121212
0.161497
0.176693
0.174508
0.160793
0.139906
0.115014
0.0883974
0.0616376
0.0358102
0.0116015
-0.0105747
-0.0305152
-0.0481462
-0.0635218
-0.0767016
-0.0878794
-0.0970725
-0.104577
-0.11015
-0.114238
-0.116053
-0.11635
-0.113533
-0.108889
-0.100081
-0.0888817
-0.0734462
-0.0545297
-0.0350611
-0.00848014
-5.02658
-3.49083
-2.37886
-1.57507
-1.01638
-0.60887
-0.323651
-0.126486
0.00385676
0.0849412
0.129984
0.149316
0.150766
0.140268
0.122231
0.099861
0.0754698
0.0506644
0.0265457
0.00382281
-0.0170682
-0.0359032
-0.0525885
-0.0671603
-0.0796609
-0.0902681
-0.0989857
-0.106094
-0.111342
-0.115156
-0.116752
-0.116854
-0.113888
-0.109096
-0.100188
-0.0888708
-0.0733862
-0.0543868
-0.0349647
-0.00827335
-5.27014
-3.64867
-2.51099
-1.67691
-1.09907
-0.676972
-0.380636
-0.174898
-0.0376502
0.0491268
0.0989904
0.122481
0.127563
0.120257
0.105034
0.0851403
0.062926
0.0400264
0.0175697
-0.00371058
-0.0233555
-0.0411195
-0.0568893
-0.0706829
-0.0825261
-0.0925809
-0.100838
-0.107562
-0.112495
-0.116045
-0.117426
-0.11734
-0.114227
-0.109289
-0.100285
-0.0888513
-0.0733206
-0.0542389
-0.0348652
-0.00806838
-5.51476
-3.80935
-2.64435
-1.78016
-1.18244
-0.745453
-0.437684
-0.223141
-0.0788249
0.0137536
0.0684992
0.0961744
0.104884
0.100746
0.0882997
0.0708395
0.0507551
0.0297141
0.00887426
-0.0110054
-0.0294421
-0.0461687
-0.0610522
-0.0740927
-0.0852998
-0.0948199
-0.102631
-0.108983
-0.113611
-0.116903
-0.118076
-0.117806
-0.114551
-0.109471
-0.100373
-0.0888233
-0.0732495
-0.0540864
-0.0347628
-0.0078659
-5.76012
-3.97289
-2.77899
-1.8848
-1.26655
-0.814342
-0.494822
-0.271242
-0.11969
-0.0211995
0.0384906
0.0703756
0.0827106
0.0817187
0.0720145
0.0569453
0.0389454
0.0197176
0.00045098
-0.0180686
-0.0353339
-0.0510558
-0.0650812
-0.0773929
-0.0879843
-0.096987
-0.104366
-0.110359
-0.114689
-0.117732
-0.118704
-0.118255
-0.114861
-0.10964
-0.100452
-0.0887872
-0.0731731
-0.0539296
-0.0346576
-0.00766655
-6.00598
-4.13933
-2.91502
-1.99091
-1.35147
-0.883689
-0.552097
-0.319237
-0.160277
-0.055761
0.00893871
0.0450616
0.0610219
0.063156
0.0561612
0.0434431
0.0274846
0.0100263
-0.00770908
-0.0249076
-0.041037
-0.0557855
-0.0689804
-0.0805867
-0.0905825
-0.0990843
-0.106046
-0.111689
-0.115733
-0.118534
-0.119309
-0.118685
-0.115157
-0.109799
-0.100521
-0.0887436
-0.073092
-0.0537691
-0.03455
-0.0074709
-6.25197
-4.30866
-3.05255
-2.09854
-1.43728
-0.953562
-0.609568
-0.367175
-0.200629
-0.0899678
-0.0201888
0.0202039
0.0397929
0.045036
0.040721
0.0303165
0.0163586
0.000628552
-0.0156156
-0.0315304
-0.0465579
-0.0603632
-0.0727539
-0.0836776
-0.0930969
-0.101114
-0.107671
-0.112976
-0.116742
-0.119307
-0.119893
-0.119098
-0.115439
-0.109945
-0.100583
-0.0886926
-0.0730059
-0.053605
-0.0344399
-0.00727958
)
;

boundaryField
{
    inlet
    {
        type            freestreamPressure;
        freestreamValue uniform 0;
        value           nonuniform List<scalar> 
80
(
0.262944
0.207377
0.149674
0.0898268
0.0280922
-0.0352069
-0.0996914
-0.16491
-0.230332
-0.295349
-0.359276
-0.421361
-0.48079
-0.5367
-0.588179
-0.634268
-0.673939
-0.706055
-0.729293
-0.742001
0.955551
0.918538
0.881748
0.845203
0.808922
0.772923
0.737225
0.701843
0.666793
0.63209
0.597748
0.563777
0.53019
0.496995
0.464201
0.431813
0.399843
0.368308
0.337194
0.306326
1.70831
1.67137
1.63441
1.59726
1.5599
1.52238
1.48472
1.44695
1.40908
1.37113
1.33314
1.29512
1.25709
1.21909
1.18112
1.14322
1.10542
1.06772
1.03017
0.992768
3.13599
3.11689
3.08202
3.03393
2.97477
2.90644
2.8307
2.74924
2.66363
2.57536
2.48574
2.39596
2.30705
2.21984
2.13501
2.05309
1.97447
1.89944
1.82819
1.76054
)
;
    }
    outlet
    {
        type            freestreamPressure;
        freestreamValue uniform 0;
        value           nonuniform List<scalar> 
80
(
-2.48726e-05
-2.45824e-05
-2.41629e-05
-2.3736e-05
-2.32949e-05
-2.28134e-05
-2.22689e-05
-2.16338e-05
-2.08691e-05
-1.99266e-05
-1.87524e-05
-1.72946e-05
-1.55146e-05
-1.34021e-05
-1.09921e-05
-8.37988e-06
-5.73006e-06
-3.27623e-06
-1.30834e-06
-1.56504e-07
-2.62909e-05
-2.62993e-05
-2.628e-05
-2.62363e-05
-2.61714e-05
-2.60883e-05
-2.59902e-05
-2.58806e-05
-2.57629e-05
-2.56405e-05
-2.55168e-05
-2.53949e-05
-2.52778e-05
-2.51684e-05
-2.50691e-05
-2.49821e-05
-2.49085e-05
-2.48501e-05
-2.48148e-05
-2.4816e-05
-1.92921e-05
-1.98938e-05
-2.04717e-05
-2.10364e-05
-2.15848e-05
-2.21124e-05
-2.26166e-05
-2.30949e-05
-2.35453e-05
-2.39654e-05
-2.43536e-05
-2.47081e-05
-2.50277e-05
-2.53114e-05
-2.55585e-05
-2.5769e-05
-2.59429e-05
-2.60808e-05
-2.61837e-05
-2.6253e-05
-1.46588e-08
-1.27874e-07
-3.42794e-07
-6.56944e-07
-1.07631e-06
-1.61107e-06
-2.27137e-06
-3.06416e-06
-3.9912e-06
-5.04798e-06
-6.22351e-06
-7.5007e-06
-8.85745e-06
-1.02681e-05
-1.1705e-05
-1.31409e-05
-1.45504e-05
-1.59116e-05
-1.72053e-05
-1.84098e-05
)
;
    }
    top
    {
        type            symmetryPlane;
    }
    bottom
    {
        type            symmetryPlane;
    }
    cylinder
    {
        type            zeroGradient;
    }
    frontandback
    {
        type            empty;
    }
}


// ************************************************************************* //
