/*--------------------------------*- C++ -*----------------------------------*\
| =========                 |                                                 |
| \\      /  F ield         | OpenFOAM: The Open Source CFD Toolbox           |
|  \\    /   O peration     | Version:  v1912                                 |
|   \\  /    A nd           | Website:  www.openfoam.com                      |
|    \\/     M anipulation  |                                                 |
\*---------------------------------------------------------------------------*/
FoamFile
{
    version     2.0;
    format      ascii;
    class       volScalarField;
    location    "73.5";
    object      p;
}
// * * * * * * * * * * * * * * * * * * * * * * * * * * * * * * * * * * * * * //

dimensions      [0 2 -2 0 0 0 0];


internalField   nonuniform List<scalar> 
9600
(
-41.4883
-36.2235
-32.9968
-30.2597
-27.7544
-25.4877
-23.4311
-21.5569
-19.8476
-18.2896
-16.8701
-15.5772
-14.3997
-13.3267
-12.3481
-11.4545
-10.6375
-9.88922
-9.20204
-8.57384
-42.2483
-36.9661
-33.7033
-30.9234
-28.3729
-26.0621
-23.9641
-22.0522
-20.309
-18.7209
-17.275
-15.959
-14.7611
-13.6702
-12.6757
-11.768
-10.9382
-10.1781
-9.47982
-8.84233
-43.0101
-37.7046
-34.4045
-31.5815
-28.9856
-26.6305
-24.4911
-22.5415
-20.7646
-19.1468
-17.6748
-16.3359
-15.1181
-14.0095
-12.9993
-12.0775
-11.2351
-10.4634
-9.75401
-9.10743
-43.7702
-38.4387
-35.0998
-32.233
-29.5915
-27.1919
-25.0112
-23.024
-21.2137
-19.5664
-18.0687
-16.7074
-15.4698
-14.3438
-13.3182
-12.3827
-11.5278
-10.7445
-10.0242
-9.36881
-44.5258
-39.1668
-35.7882
-32.877
-30.1894
-27.7453
-25.5233
-23.4988
-21.6555
-19.9792
-18.4561
-17.0726
-15.8157
-14.6727
-13.632
-12.683
-11.8159
-11.0212
-10.29
-9.62618
-45.2749
-39.8875
-36.4685
-33.5122
-30.7784
-28.2897
-26.0266
-23.9651
-22.089
-20.3841
-18.8361
-17.431
-16.1551
-14.9955
-13.94
-12.9778
-12.0987
-11.2929
-10.5512
-9.87928
-46.0155
-40.5994
-37.1395
-34.1377
-31.3574
-28.8242
-26.52
-24.4219
-22.5135
-20.7805
-19.2081
-17.7817
-16.4873
-15.3115
-14.2417
-13.2667
-12.376
-11.5593
-10.8073
-10.1278
-46.7462
-41.3009
-37.7998
-34.7522
-31.9253
-29.3476
-27.0028
-24.8684
-22.9282
-21.1675
-19.5712
-18.1242
-16.8118
-15.6202
-14.5365
-13.5491
-12.6471
-11.8199
-11.058
-10.3715
-47.4656
-41.991
-38.4483
-35.3546
-32.481
-29.859
-27.4739
-25.3036
-23.3322
-21.5444
-19.9247
-18.4576
-17.1277
-15.9209
-14.8238
-13.8243
-12.9116
-12.0744
-11.3029
-10.61
-48.1725
-42.6682
-39.0839
-35.9438
-33.0236
-30.3575
-27.9324
-25.7268
-23.7246
-21.9103
-20.2679
-18.7811
-17.4344
-16.2128
-15.1027
-14.0918
-13.1689
-12.3219
-11.5415
-10.8429
-48.8658
-43.3316
-39.7054
-36.5189
-33.552
-30.8422
-28.3774
-26.137
-24.1046
-22.2644
-20.5998
-19.094
-17.7309
-16.4951
-15.3726
-14.3508
-13.418
-12.562
-11.7732
-11.0696
-49.5445
-43.9801
-40.3119
-37.0788
-34.0654
-31.312
-28.8081
-26.5334
-24.4714
-22.6059
-20.9197
-19.3954
-18.0164
-16.7669
-15.6325
-14.6002
-13.6583
-12.7937
-11.9971
-11.2892
-50.2079
-44.6129
-40.9025
-37.6227
-34.5629
-31.7663
-29.2237
-26.9152
-24.8241
-22.9339
-21.2265
-19.6843
-18.2899
-17.0271
-15.8813
-14.8392
-13.8886
-13.0162
-12.2123
-11.5011
-50.8554
-45.2291
-41.4763
-38.1497
-35.0436
-32.2042
-29.6234
-27.2816
-25.1621
-23.2476
-21.5196
-19.9598
-18.5503
-17.2747
-16.1179
-15.0663
-14.1076
-13.228
-12.4178
-11.7046
-51.4864
-45.8279
-42.0325
-38.6591
-35.507
-32.625
-30.0065
-27.6321
-25.4846
-23.5462
-21.7981
-20.221
-18.7968
-17.5085
-16.3407
-15.2799
-14.3134
-13.427
-12.6113
-11.8977
-52.1006
-46.4086
-42.5704
-39.1503
-35.9523
-33.0283
-30.3726
-27.966
-25.791
-23.8293
-22.0612
-20.4671
-19.0282
-17.7272
-16.5486
-15.4784
-14.504
-13.611
-12.7901
-12.0752
-52.6991
-46.971
-43.0894
-39.6225
-36.3789
-33.4133
-30.721
-28.2828
-26.0809
-24.0962
-22.3084
-20.6973
-19.2437
-17.93
-16.7404
-15.661
-14.6792
-13.78
-12.9531
-12.2336
-53.2863
-47.5163
-43.5886
-40.0747
-36.7859
-33.7793
-31.0512
-28.5822
-26.3539
-24.3466
-22.5392
-20.911
-19.4422
-18.1151
-16.9139
-15.8251
-14.8362
-13.9312
-13.0994
-12.3843
-53.8643
-48.044
-44.0664
-40.5057
-37.173
-34.1265
-31.3636
-28.8646
-26.6106
-24.5811
-22.7541
-21.1082
-19.6233
-18.281
-17.0657
-15.9639
-14.963
-14.0471
-13.2141
-12.5315
-54.4113
-48.5464
-44.522
-40.9163
-37.5413
-34.4565
-31.6598
-29.1318
-26.8528
-24.8015
-22.9552
-21.2915
-19.7896
-18.4304
-17.1975
-16.0761
-15.0513
-14.1097
-13.2658
-12.5894
-59.8683
-59.8368
-59.7675
-59.6751
-59.5587
-59.4159
-59.2463
-59.0502
-58.8282
-58.581
-58.309
-58.0129
-57.6932
-57.3507
-56.9861
-56.6003
-56.1944
-55.77
-55.3301
-54.8778
-53.5193
-53.5167
-53.4809
-53.4176
-53.3274
-53.2099
-53.0653
-52.8942
-52.6975
-52.4757
-52.2294
-51.9592
-51.6658
-51.3498
-51.0119
-50.6526
-50.2727
-49.8726
-49.453
-49.0116
-48.8749
-48.8967
-48.8891
-48.8527
-48.7889
-48.6984
-48.582
-48.4401
-48.2735
-48.0827
-47.8683
-47.6309
-47.3711
-47.0893
-46.7861
-46.4619
-46.117
-45.7515
-45.365
-44.9557
-44.644
-44.6835
-44.6964
-44.6821
-44.6416
-44.576
-44.4858
-44.3717
-44.2341
-44.0737
-43.8909
-43.6862
-43.4603
-43.2135
-42.9463
-42.6589
-42.3515
-42.0239
-41.6761
-41.3071
-40.7318
-40.7812
-40.8066
-40.8074
-40.7839
-40.7369
-40.6671
-40.575
-40.4611
-40.326
-40.17
-39.9937
-39.7976
-39.5821
-39.3475
-39.094
-38.8218
-38.5308
-38.2208
-37.8912
-37.2183
-37.2718
-37.3037
-37.3131
-37.3002
-37.2656
-37.21
-37.1338
-37.0375
-36.9217
-36.7866
-36.633
-36.4611
-36.2715
-36.0644
-35.84
-35.5985
-35.3397
-35.0636
-34.7695
-34.0943
-34.1478
-34.1815
-34.1947
-34.1873
-34.16
-34.1133
-34.0477
-33.9637
-33.8617
-33.7422
-33.6057
-33.4527
-33.2835
-33.0986
-32.8981
-32.6822
-32.4508
-32.2037
-31.9404
-31.3232
-31.3739
-31.4062
-31.4197
-31.4142
-31.3904
-31.3488
-31.2897
-31.2137
-31.1213
-31.0128
-30.8889
-30.7501
-30.5967
-30.4292
-30.2479
-30.0529
-29.8443
-29.6216
-29.3845
-28.865
-28.9112
-28.9404
-28.9521
-28.9463
-28.9235
-28.8842
-28.8288
-28.7578
-28.6716
-28.5709
-28.456
-28.3277
-28.1863
-28.0324
-27.8663
-27.6883
-27.4985
-27.2965
-27.0817
-26.68
-26.721
-26.7462
-26.7549
-26.7475
-26.7242
-26.6856
-26.632
-26.5639
-26.4819
-26.3864
-26.2781
-26.1575
-26.0252
-25.8819
-25.728
-25.5639
-25.3897
-25.2052
-25.0096
-24.731
-24.7668
-24.7875
-24.793
-24.7832
-24.7587
-24.7198
-24.6669
-24.6005
-24.5211
-24.4293
-24.3257
-24.2109
-24.0856
-23.9506
-23.8065
-23.6538
-23.4929
-23.3235
-23.1448
-22.9852
-23.0158
-23.0323
-23.0344
-23.0222
-22.996
-22.9564
-22.9036
-22.8381
-22.7605
-22.6713
-22.5711
-22.4607
-22.3408
-22.2124
-22.0762
-21.9331
-21.7835
-21.6275
-21.4641
-21.4141
-21.4402
-21.4527
-21.4516
-21.437
-21.4092
-21.3686
-21.3156
-21.2506
-21.1742
-21.0869
-20.9893
-20.8822
-20.7666
-20.6435
-20.5138
-20.3787
-20.239
-20.095
-19.9459
-19.9941
-20.016
-20.025
-20.021
-20.0041
-19.9748
-19.9333
-19.88
-19.8154
-19.7398
-19.6539
-19.5584
-19.454
-19.3417
-19.2226
-19.0981
-18.9697
-18.8386
-18.7059
-18.5705
-18.7053
-18.7235
-18.7293
-18.7228
-18.704
-18.6733
-18.631
-18.5774
-18.513
-18.4382
-18.3535
-18.2596
-18.1572
-18.0474
-17.9315
-17.811
-17.6881
-17.5642
-17.442
-17.32
-17.5312
-17.546
-17.5491
-17.5402
-17.5198
-17.4879
-17.4449
-17.3912
-17.327
-17.2528
-17.1691
-17.0764
-16.9757
-16.8677
-16.7541
-16.6364
-16.5175
-16.3993
-16.2867
-16.178
-16.458
-16.4698
-16.4704
-16.4596
-16.4376
-16.4047
-16.3612
-16.3072
-16.2432
-16.1695
-16.0866
-15.9949
-15.8952
-15.7885
-15.6761
-15.5598
-15.4432
-15.3288
-15.2243
-15.1274
-15.4737
-15.4832
-15.4818
-15.4695
-15.4464
-15.4129
-15.369
-15.3151
-15.2514
-15.1782
-15.096
-15.0051
-14.9062
-14.8001
-14.688
-14.5719
-14.4555
-14.3426
-14.2451
-14.1574
-14.5673
-14.5754
-14.573
-14.5602
-14.5371
-14.5039
-14.4607
-14.4079
-14.3456
-14.274
-14.1936
-14.1046
-14.0076
-13.9031
-13.7921
-13.6763
-13.5592
-13.4459
-13.3553
-13.2817
-13.7335
-13.7383
-13.7334
-13.7188
-13.6946
-13.661
-13.6181
-13.5662
-13.5053
-13.4358
-13.3578
-13.2715
-13.1774
-13.0757
-12.9669
-12.8522
-12.7332
-12.6152
-12.5182
-12.469
-53.5745
-54.1501
-54.6885
-55.2119
-55.7173
-56.1988
-56.6536
-57.0805
-57.4786
-57.8471
-58.1852
-58.4925
-58.7687
-59.0133
-59.2258
-59.4062
-59.5554
-59.6745
-59.7656
-59.8306
-47.0913
-47.6723
-48.2251
-48.7556
-49.2632
-49.7456
-50.2013
-50.6296
-51.0299
-51.4014
-51.7437
-52.0566
-52.3402
-52.5952
-52.8194
-53.0123
-53.1746
-53.3065
-53.4087
-53.4799
-42.4468
-43.0155
-43.5604
-44.082
-44.5801
-45.0541
-45.5031
-45.9264
-46.3234
-46.6934
-47.0356
-47.3496
-47.6351
-47.8909
-48.1183
-48.3174
-48.4881
-48.6299
-48.7425
-48.8246
-38.3225
-38.8659
-39.3896
-39.8917
-40.3716
-40.829
-41.2634
-41.674
-42.0602
-42.4215
-42.7564
-43.0647
-43.3471
-43.6032
-43.8331
-44.0365
-44.2131
-44.3625
-44.4844
-44.5783
-34.6445
-35.1578
-35.6541
-36.1307
-36.5867
-37.0217
-37.4351
-37.8264
-38.1947
-38.5395
-38.8615
-39.1602
-39.4342
-39.6835
-39.9085
-40.1088
-40.2841
-40.4342
-40.559
-40.6584
-31.4458
-31.9276
-32.394
-32.8425
-33.2719
-33.6816
-34.0713
-34.4403
-34.7882
-35.1146
-35.4195
-35.7022
-35.9621
-36.1993
-36.4142
-36.6065
-36.7755
-36.9212
-37.0437
-37.1429
-28.6737
-29.1247
-29.5615
-29.9816
-30.3839
-30.7678
-31.1329
-31.4786
-31.8046
-32.1105
-32.3961
-32.661
-32.905
-33.1277
-33.3289
-33.5105
-33.6706
-33.8089
-33.9255
-34.0208
-26.2616
-26.6837
-27.0924
-27.4855
-27.8618
-28.2207
-28.5617
-28.8845
-29.1886
-29.4739
-29.74
-29.9867
-30.2141
-30.4218
-30.61
-30.7771
-30.9266
-31.0559
-31.1649
-31.2541
-24.1507
-24.5464
-24.9293
-25.2975
-25.6496
-25.9851
-26.3035
-26.6045
-26.8878
-27.1532
-27.4006
-27.6298
-27.8407
-28.0333
-28.2076
-28.3635
-28.4997
-28.6189
-28.7196
-28.8017
-22.291
-22.6628
-23.0225
-23.368
-23.6981
-24.0121
-24.3097
-24.5905
-24.8545
-25.1014
-25.3312
-25.5438
-25.7392
-25.9174
-26.0782
-26.2216
-26.3476
-26.4563
-26.5482
-26.6229
-20.6406
-20.9913
-21.3303
-21.6555
-21.9657
-22.2601
-22.5387
-22.8011
-23.0473
-23.2772
-23.4908
-23.6881
-23.8692
-24.0339
-24.1822
-24.3143
-24.4299
-24.5292
-24.6127
-24.6801
-19.1661
-19.498
-19.8187
-20.1259
-20.4182
-20.6949
-20.9561
-21.2017
-21.4316
-21.646
-21.8448
-22.0282
-22.1961
-22.3485
-22.4855
-22.6071
-22.7133
-22.8041
-22.8795
-22.9401
-17.8404
-18.1558
-18.4606
-18.7519
-19.0279
-19.2886
-19.5339
-19.7641
-19.9792
-20.1793
-20.3647
-20.5353
-20.6913
-20.8326
-20.9593
-21.0714
-21.1689
-21.2518
-21.3198
-21.3744
-16.642
-16.9429
-17.2342
-17.5113
-17.7726
-18.0185
-18.2493
-18.4653
-18.6667
-18.8538
-19.0269
-19.1859
-19.3311
-19.4623
-19.5797
-19.6832
-19.7729
-19.8489
-19.9114
-19.9594
-15.5537
-15.8423
-16.1221
-16.3865
-16.6343
-16.8665
-17.0838
-17.2865
-17.4753
-17.6504
-17.8121
-17.9606
-18.0959
-18.2181
-18.327
-18.4229
-18.5056
-18.5752
-18.6316
-18.6749
-14.5608
-14.8409
-15.1114
-15.3639
-15.5988
-15.8181
-16.0225
-16.2129
-16.3898
-16.5537
-16.705
-16.8438
-16.9701
-17.084
-17.1853
-17.2742
-17.3505
-17.4144
-17.4657
-17.5046
-13.6456
-13.9246
-14.19
-14.431
-14.6533
-14.8601
-15.0523
-15.2309
-15.3967
-15.5504
-15.6921
-15.8221
-15.9402
-16.0466
-16.1411
-16.2237
-16.2944
-16.3531
-16.3999
-16.4348
-12.7875
-13.0707
-13.3374
-13.5691
-13.7793
-13.9745
-14.1555
-14.3235
-14.4796
-14.6243
-14.7578
-14.8802
-14.9915
-15.0916
-15.1804
-15.2578
-15.3239
-15.3785
-15.4216
-15.4535
-12
-12.2738
-12.5412
-12.768
-12.9681
-13.1519
-13.3224
-13.4809
-13.6283
-13.765
-13.8913
-14.0073
-14.1128
-14.2076
-14.2917
-14.3649
-14.4273
-14.4787
-14.5191
-14.5487
-11.4093
-11.6601
-11.888
-12.1048
-12.2932
-12.4591
-12.6131
-12.7574
-12.8914
-13.0156
-13.1304
-13.2356
-13.3312
-13.4168
-13.4925
-13.5581
-13.6135
-13.6587
-13.6936
-13.7181
-6.00732
-6.4987
-7.03714
-7.61962
-8.25255
-8.94333
-9.69962
-10.5309
-11.4493
-12.4705
-13.615
-14.9097
-16.3899
-18.1019
-20.1061
-22.4816
-25.3098
-28.6129
-32.6103
-38.6063
-6.27798
-6.78288
-7.33186
-7.9264
-8.57311
-9.27908
-10.0521
-10.9019
-11.8408
-12.885
-14.055
-15.3783
-16.8907
-18.6387
-20.6829
-23.1026
-25.9779
-29.3278
-33.3638
-39.3808
-6.55006
-7.06851
-7.62812
-8.23497
-8.89572
-9.61713
-10.4071
-11.2757
-12.2355
-13.3028
-14.4988
-15.8511
-17.3959
-19.1803
-21.2649
-23.7287
-26.6506
-30.0462
-34.1189
-40.1525
-6.82308
-7.35501
-7.92535
-8.54471
-9.21971
-9.95677
-10.764
-11.6515
-12.6324
-13.7232
-14.9453
-16.3268
-17.9043
-19.7252
-21.8503
-24.3582
-27.3265
-30.7677
-34.8782
-40.933
-7.09659
-7.64192
-8.22306
-8.85515
-9.54461
-10.2975
-11.1221
-12.0288
-13.031
-14.1453
-15.3938
-16.8046
-18.415
-20.2725
-22.4382
-24.9902
-28.0048
-31.4915
-35.6405
-41.7197
-7.37023
-7.92884
-8.52085
-9.16586
-9.86996
-10.6388
-11.4809
-12.407
-13.4306
-14.5687
-15.8436
-17.284
-18.9274
-20.8216
-23.0279
-25.624
-28.6847
-32.2168
-36.404
-42.5086
-7.64368
-8.2154
-8.81832
-9.47645
-10.1954
-10.9804
-11.8401
-12.7857
-13.8307
-14.9928
-16.2942
-17.7642
-19.4407
-21.3717
-23.6187
-26.2587
-29.3654
-32.9424
-37.1671
-43.2973
-7.91669
-8.50132
-9.11517
-9.78658
-10.5204
-11.3217
-12.1992
-13.1643
-14.2309
-15.4169
-16.7449
-18.2447
-19.9542
-21.9221
-24.2095
-26.8934
-30.0457
-33.6671
-37.9286
-44.0842
-8.18911
-8.78639
-9.41114
-10.096
-10.8449
-11.6624
-12.5577
-13.5423
-14.6306
-15.8405
-17.1952
-18.7246
-20.4672
-22.4718
-24.7996
-27.527
-30.7246
-34.39
-38.6873
-44.868
-8.46089
-9.0705
-9.70608
-10.4044
-11.1684
-12.0023
-12.9153
-13.9194
-15.0292
-16.263
-17.6443
-19.2032
-20.9788
-23.02
-25.388
-28.1587
-31.401
-35.1096
-39.4418
-45.6472
-8.73215
-9.35368
-9.99994
-10.7118
-11.4909
-12.3409
-13.2716
-14.2952
-15.4264
-16.6839
-18.0916
-19.68
-21.4883
-23.5659
-25.9738
-28.7872
-32.0738
-35.8249
-40.1909
-46.4202
-9.00317
-9.63611
-10.2928
-11.018
-11.812
-12.6782
-13.6263
-14.669
-15.8215
-17.1026
-18.5364
-20.154
-21.9949
-24.1085
-26.556
-29.4117
-32.7418
-36.5346
-40.9331
-47.1856
-9.27445
-9.91807
-10.5847
-11.3231
-12.1318
-13.0136
-13.979
-15.0406
-16.214
-17.5183
-18.9781
-20.6246
-22.4977
-24.647
-27.1335
-30.0309
-33.4038
-37.2375
-41.6673
-47.9422
-9.5467
-10.2
-10.8758
-11.627
-12.4499
-13.3471
-14.3292
-15.4094
-16.6033
-17.9305
-19.4158
-21.0909
-22.9958
-25.1803
-27.7053
-30.6438
-34.0586
-37.9322
-42.392
-48.6885
-9.82069
-10.4822
-11.1662
-11.9294
-12.766
-13.6779
-14.6763
-15.7746
-16.9887
-18.3384
-19.8488
-21.552
-23.4882
-25.7075
-28.2704
-31.2491
-34.705
-38.6177
-43.1062
-49.4235
-10.0974
-10.7649
-11.4556
-12.2298
-13.0794
-14.0055
-15.0197
-16.1355
-17.3693
-18.741
-20.2761
-22.0069
-23.9739
-26.2273
-28.8274
-31.8456
-35.3417
-39.2925
-43.8086
-50.1461
-10.3766
-11.047
-11.7425
-12.527
-13.3889
-14.3288
-15.3582
-16.4912
-17.7442
-19.1375
-20.6968
-22.4546
-24.4519
-26.7387
-29.3752
-32.432
-35.9673
-39.9554
-44.4982
-50.8557
-10.6575
-11.326
-12.0244
-12.8189
-13.6933
-14.6466
-15.6909
-16.8407
-18.1125
-19.5268
-21.1098
-22.8941
-24.9209
-27.2404
-29.9125
-33.0068
-36.5801
-40.6045
-45.1738
-51.5524
-10.933
-11.5936
-12.2952
-13.1023
-13.9902
-14.9572
-16.0163
-17.1826
-18.4729
-19.9078
-21.5139
-23.3241
-25.3798
-27.7312
-30.4378
-33.5685
-37.1785
-41.2383
-45.8343
-52.2375
-11.1844
-11.8298
-12.5504
-13.3782
-14.2804
-15.2604
-16.3339
-17.5163
-18.8246
-20.2796
-21.9081
-23.7436
-25.8273
-28.2097
-30.9497
-34.1153
-37.7604
-41.8534
-46.4749
-52.9126
-1.58533
-1.83927
-2.18714
-2.57607
-2.99462
-3.44815
-3.94299
-4.48505
-5.08182
-5.74358
-6.48425
-7.32288
-8.28559
-9.40843
-10.7423
-12.3615
-14.3558
-16.7863
-19.9614
-25.3562
-1.73851
-2.00889
-2.37524
-2.77011
-3.19209
-3.65097
-4.15272
-4.70286
-5.30905
-5.9818
-6.73532
-7.58897
-8.56932
-9.71294
-11.0713
-12.7192
-14.7464
-17.2124
-20.4198
-25.8283
-1.88605
-2.18051
-2.56002
-2.96303
-3.39276
-3.86003
-4.37073
-4.93055
-5.54753
-6.23252
-7.00006
-7.86989
-8.86906
-10.0346
-11.4187
-13.0963
-15.1571
-17.6585
-20.8974
-26.3146
-2.05588
-2.36117
-2.74889
-3.16063
-3.59956
-4.07638
-4.59711
-5.16775
-5.79664
-6.49495
-7.27757
-8.16464
-9.18367
-10.3723
-11.783
-13.4914
-15.5868
-18.1249
-21.3987
-26.8336
-2.23703
-2.54942
-2.94498
-3.36569
-3.81412
-4.30092
-4.83233
-5.41459
-6.05627
-6.76883
-7.56749
-8.47278
-9.51268
-10.7253
-12.1638
-13.9041
-16.0352
-18.6116
-21.9229
-27.3819
-2.42366
-2.74467
-3.14857
-3.57841
-4.03662
-4.53388
-5.07657
-5.67114
-6.32638
-7.05401
-7.86958
-8.79403
-9.85579
-11.0936
-12.5609
-14.3342
-16.5024
-19.1182
-22.4682
-27.9543
-2.6173
-2.94782
-3.35998
-3.79897
-4.26725
-4.77538
-5.32988
-5.93736
-6.60684
-7.3503
-8.18361
-9.12809
-10.2127
-11.4766
-12.9739
-14.7814
-16.9877
-19.6441
-23.0337
-28.5486
-2.81933
-3.15935
-3.57955
-4.02768
-4.50622
-5.02556
-5.5923
-6.21321
-6.89753
-7.65749
-8.5093
-9.47466
-10.583
-11.874
-13.4023
-15.2451
-17.4907
-20.1887
-23.6186
-29.1635
-3.02954
-3.3791
-3.80732
-4.26464
-4.7536
-5.28443
-5.86376
-6.49857
-7.19827
-7.97537
-8.84637
-9.83338
-10.9663
-12.2853
-13.8457
-15.7247
-18.0107
-20.7513
-24.2223
-29.798
-3.24732
-3.60675
-4.04308
-4.50968
-5.00926
-5.55184
-6.14412
-6.79324
-7.50884
-8.30365
-9.1945
-10.2039
-11.3622
-12.7101
-14.3034
-16.2198
-18.547
-21.3312
-24.8439
-30.4511
-3.47225
-3.84193
-4.28652
-4.76254
-5.27294
-5.82754
-6.43311
-7.09696
-7.82892
-8.642
-9.55333
-10.5858
-11.7702
-13.1479
-14.7751
-16.7297
-19.0991
-21.9276
-25.4826
-31.1217
-3.70393
-4.08426
-4.53726
-5.02286
-5.54431
-6.1112
-6.73039
-7.40937
-8.15816
-8.99002
-9.92242
-10.9786
-12.19
-13.5982
-15.2601
-17.2537
-19.6663
-22.5399
-26.1375
-31.8087
-3.94191
-4.33325
-4.79485
-5.29023
-5.82296
-6.40244
-7.03558
-7.73006
-8.49613
-9.34728
-10.3013
-11.3819
-12.6208
-14.0604
-15.7577
-17.7913
-20.2477
-23.1671
-26.8077
-32.5113
-4.18565
-4.58839
-5.0588
-5.56417
-6.10844
-6.7008
-7.34822
-8.05858
-8.84235
-9.71329
-10.6895
-11.7951
-13.0622
-14.5338
-16.2674
-18.3417
-20.8427
-23.8084
-27.4924
-33.2283
-4.43461
-4.84912
-5.32856
-5.84416
-6.40024
-7.00577
-7.66781
-8.39442
-9.1963
-10.0875
-11.0864
-12.2175
-13.5136
-15.0179
-16.7884
-18.9042
-21.4504
-24.4631
-28.1908
-33.9591
-4.68825
-5.11486
-5.60358
-6.12965
-6.69783
-7.31683
-7.99381
-8.73703
-9.55744
-10.4693
-11.4914
-12.6487
-13.9742
-15.5118
-17.32
-19.4778
-22.07
-25.1302
-28.9019
-34.7028
-4.94599
-5.38504
-5.88326
-6.42008
-7.00064
-7.63341
-8.32565
-9.08584
-9.92515
-10.8582
-11.9039
-13.0878
-14.4434
-16.0149
-17.8614
-20.0619
-22.7006
-25.8088
-29.625
-35.4588
-5.20731
-5.65908
-6.16703
-6.71486
-7.30809
-7.95495
-8.66276
-9.44026
-10.2988
-11.2534
-12.3233
-13.5342
-14.9203
-16.5264
-18.4117
-20.6554
-23.3411
-26.4978
-30.3592
-36.2268
-5.47164
-5.9364
-6.45431
-7.01343
-7.61961
-8.28083
-9.00453
-9.79966
-10.6779
-11.6543
-12.7487
-13.9872
-15.4043
-17.0454
-18.97
-21.2574
-23.9905
-27.196
-31.1035
-37.0074
-5.73849
-6.21646
-6.74456
-7.31522
-7.93465
-8.61053
-9.35039
-10.1635
-11.0616
-12.0603
-13.1797
-14.4461
-15.8946
-17.571
-19.5353
-21.8668
-24.6474
-27.9017
-31.855
-37.8013
-1.33753
-1.13081
-0.977015
-0.840274
-0.720195
-0.614237
-0.521285
-0.440546
-0.371519
-0.313844
-0.267257
-0.231545
-0.206537
-0.192099
-0.188093
-0.194305
-0.210518
-0.236863
-0.273527
-0.32028
-1.66734
-1.48389
-1.32613
-1.18416
-1.05925
-0.948818
-0.851898
-0.767685
-0.695665
-0.635461
-0.586791
-0.549434
-0.523206
-0.507956
-0.50354
-0.509785
-0.526534
-0.553801
-0.591681
-0.639836
-1.99981
-1.82424
-1.66649
-1.52338
-1.39634
-1.28373
-1.18485
-1.09902
-1.02576
-0.96472
-0.915619
-0.878234
-0.852381
-0.837903
-0.834652
-0.842475
-0.861252
-0.890932
-0.93137
-0.982829
-2.38347
-2.20624
-2.04545
-1.89938
-1.76876
-1.65264
-1.55055
-1.46193
-1.38636
-1.32352
-1.27313
-1.23496
-1.20883
-1.19456
-1.19201
-1.20102
-1.22149
-1.25332
-1.2964
-1.35077
-2.80212
-2.62243
-2.45767
-2.30765
-2.17281
-2.05263
-1.9468
-1.85488
-1.77653
-1.71144
-1.65935
-1.62004
-1.59332
-1.57902
-1.57697
-1.58703
-1.60907
-1.64299
-1.68867
-1.74608
-3.2533
-3.07038
-2.90144
-2.74708
-2.60779
-2.48334
-2.37357
-2.27815
-2.19682
-2.1293
-2.07536
-2.03478
-2.00738
-1.99297
-1.9914
-2.00252
-2.0262
-2.0623
-2.11069
-2.17132
-3.74318
-3.55552
-3.38167
-3.22238
-3.07818
-2.94908
-2.83501
-2.73576
-2.65114
-2.58091
-2.52486
-2.48279
-2.45453
-2.43989
-2.43871
-2.45085
-2.47615
-2.51448
-2.56569
-2.62976
-4.27855
-4.08467
-3.90481
-3.73972
-3.58992
-3.45555
-3.33662
-3.23305
-3.14466
-3.07129
-3.01274
-2.96885
-2.93943
-2.92431
-2.92334
-2.93635
-2.9632
-3.00374
-3.0578
-3.12537
-4.86709
-4.66556
-4.47846
-4.30649
-4.15017
-4.00971
-3.88521
-3.77662
-3.68385
-3.60677
-3.54521
-3.49902
-3.46803
-3.45208
-3.45101
-3.46466
-3.49288
-3.5355
-3.59237
-3.66347
-5.51896
-5.30819
-5.11244
-4.93232
-4.76834
-4.62076
-4.48972
-4.37525
-4.27729
-4.19574
-4.13048
-4.08137
-4.04825
-4.03096
-4.02935
-4.04327
-4.07256
-4.11703
-4.17653
-4.25107
-6.24789
-6.02608
-5.82
-5.63018
-5.45711
-5.3011
-5.16232
-5.04083
-4.93661
-4.84962
-4.77974
-4.72686
-4.69083
-4.67151
-4.66874
-4.68237
-4.71224
-4.75815
-4.81995
-4.89768
-7.0726
-6.83764
-6.6192
-6.41778
-6.23387
-6.06776
-5.91968
-5.7897
-5.67787
-5.58414
-5.50843
-5.45065
-5.41066
-5.38833
-5.38351
-5.39605
-5.42577
-5.47248
-5.53601
-5.61645
-8.01883
-7.76817
-7.53495
-7.3196
-7.12261
-6.94432
-6.78495
-6.64461
-6.52337
-6.42122
-6.33809
-6.27391
-6.22855
-6.20188
-6.19377
-6.20407
-6.23259
-6.27912
-6.34349
-6.42583
-9.12212
-8.85268
-8.60169
-8.36952
-8.15672
-7.96361
-7.79043
-7.63734
-7.50441
-7.39164
-7.29901
-7.22643
-7.17381
-7.14103
-7.12794
-7.1344
-7.16022
-7.20517
-7.26906
-7.35208
-10.4328
-10.1408
-9.86842
-9.61593
-9.38391
-9.1727
-8.98258
-8.81371
-8.66618
-8.54001
-8.43518
-8.35163
-8.28928
-8.24799
-8.22765
-8.22811
-8.24917
-8.29056
-8.35208
-8.43399
-12.0244
-11.7056
-11.4074
-11.1304
-10.8751
-10.6419
-10.431
-10.2427
-10.077
-9.93393
-9.81354
-9.71576
-9.64051
-9.58767
-9.55711
-9.5487
-9.56223
-9.59741
-9.65401
-9.7323
-13.9862
-13.6358
-13.3073
-13.0012
-12.7182
-12.4586
-12.2229
-12.011
-11.8232
-11.6595
-11.5198
-11.4041
-11.3124
-11.2445
-11.2004
-11.1799
-11.1828
-11.2088
-11.2577
-11.3294
-16.3799
-15.9939
-15.6308
-15.2917
-14.9772
-14.6877
-14.4235
-14.1848
-13.9715
-13.7837
-13.6214
-13.4846
-13.3733
-13.2874
-13.2268
-13.1913
-13.1809
-13.1953
-13.2343
-13.2969
-19.5164
-19.0906
-18.6885
-18.3129
-17.9639
-17.6417
-17.3461
-17.0773
-16.8353
-16.6199
-16.4312
-16.2692
-16.134
-16.0253
-15.9431
-15.8873
-15.8578
-15.855
-15.8785
-15.9264
-24.8531
-24.3822
-23.9457
-23.5406
-23.1647
-22.8171
-22.4973
-22.2052
-21.9407
-21.704
-21.4949
-21.3136
-21.1601
-21.0346
-20.9371
-20.8676
-20.827
-20.8174
-20.8403
-20.8854
-0.37704
-0.443484
-0.519571
-0.605222
-0.700352
-0.804854
-0.9186
-1.04142
-1.17312
-1.3134
-1.46191
-1.61811
-1.78121
-1.94999
-2.12279
-2.29732
-2.46912
-2.62839
-2.75974
-2.8896
-0.698473
-0.767196
-0.845925
-0.93455
-1.03297
-1.14105
-1.25864
-1.38556
-1.52157
-1.66636
-1.81953
-1.98051
-2.14854
-2.32245
-2.50062
-2.68141
-2.86304
-3.03779
-3.19045
-3.36279
-1.04497
-1.11754
-1.20049
-1.29369
-1.39701
-1.51031
-1.63342
-1.76614
-1.90819
-2.05926
-2.21891
-2.38659
-2.56154
-2.74274
-2.92883
-3.11862
-3.31114
-3.50202
-3.68552
-3.8916
-1.41634
-1.49277
-1.57999
-1.67786
-1.78623
-1.90495
-2.03383
-2.17263
-2.32107
-2.47882
-2.64542
-2.82032
-3.00283
-3.19203
-3.38684
-3.58641
-3.78992
-3.99506
-4.20233
-4.43213
-1.81517
-1.89561
-1.98731
-2.09009
-2.20381
-2.32829
-2.46332
-2.60865
-2.76399
-2.92897
-3.10317
-3.28604
-3.47695
-3.6751
-3.87968
-4.09009
-4.3057
-4.52548
-4.75207
-4.99862
-2.24425
-2.32899
-2.42548
-2.53357
-2.65307
-2.78379
-2.92552
-3.07798
-3.24088
-3.41386
-3.59649
-3.78827
-3.98861
-4.19686
-4.41241
-4.63483
-4.86375
-5.09892
-5.34312
-5.60419
-2.70673
-2.79598
-2.8976
-3.01136
-3.13708
-3.27455
-3.42354
-3.58378
-3.75497
-3.93675
-4.1287
-4.33037
-4.54124
-4.76077
-4.98848
-5.22408
-5.46736
-5.71853
-5.97981
-6.25564
-3.20638
-3.30052
-3.40757
-3.52736
-3.65971
-3.80442
-3.96123
-4.12989
-4.31009
-4.50149
-4.70368
-4.91626
-5.13876
-5.37072
-5.61178
-5.86172
-6.12043
-6.38825
-6.66675
-6.9584
-3.74878
-3.84783
-3.96051
-4.08661
-4.22597
-4.37836
-4.54354
-4.72125
-4.91117
-5.11299
-5.32633
-5.55081
-5.78601
-6.03156
-6.28714
-6.55256
-6.82778
-7.11308
-7.40945
-7.71828
-4.34065
-4.44465
-4.56316
-4.69577
-4.84241
-5.00286
-5.17688
-5.36418
-5.56449
-5.77748
-6.00281
-6.24013
-6.48906
-6.74927
-7.02049
-7.30254
-7.59535
-7.8991
-8.21434
-8.54186
-4.99136
-5.10026
-5.22439
-5.36371
-5.51781
-5.68657
-5.86976
-6.06711
-6.27833
-6.50313
-6.74118
-6.99217
-7.25574
-7.53161
-7.81949
-8.11922
-8.4307
-8.75394
-9.0892
-9.43695
-5.71384
-5.82733
-5.957
-6.10266
-6.26423
-6.44135
-6.63385
-6.84149
-7.06398
-7.30103
-7.55236
-7.81767
-8.09663
-8.38896
-8.69439
-9.01274
-9.34385
-9.68761
-10.044
-10.4135
-6.52623
-6.64367
-6.77834
-6.92997
-7.09847
-7.28392
-7.48566
-7.70345
-7.93723
-8.1867
-8.45159
-8.73159
-9.0264
-9.33575
-9.65937
-9.99705
-10.3486
-10.7137
-11.0923
-11.4847
-7.45436
-7.57468
-7.71339
-7.87021
-8.04491
-8.23749
-8.44874
-8.6759
-8.9206
-9.18219
-9.46045
-9.7551
-10.0658
-10.3924
-10.7345
-11.0919
-11.4643
-11.8514
-12.2529
-12.6691
-8.53643
-8.65794
-8.79906
-8.95959
-9.13937
-9.33791
-9.55475
-9.79213
-10.0475
-10.3202
-10.611
-10.9198
-11.2462
-11.5897
-11.9501
-12.3271
-12.7204
-13.1295
-13.5541
-13.9945
-9.83239
-9.95252
-10.0936
-10.2556
-10.4382
-10.6413
-10.8642
-11.107
-11.3699
-11.6535
-11.9562
-12.2783
-12.6194
-12.9788
-13.3562
-13.7517
-14.1649
-14.5955
-15.0426
-15.5067
-11.4238
-11.5394
-11.6776
-11.8383
-12.0211
-12.2259
-12.4522
-12.7001
-12.9692
-13.2599
-13.5727
-13.9065
-14.2595
-14.6311
-15.0223
-15.4338
-15.865
-16.3152
-16.7834
-17.2694
-13.3814
-13.4894
-13.6217
-13.7778
-13.9565
-14.1582
-14.3832
-14.6311
-14.9018
-15.1948
-15.5094
-15.8458
-16.2057
-16.5898
-16.9962
-17.4235
-17.8715
-18.3397
-18.8272
-19.333
-15.9966
-16.0885
-16.2045
-16.346
-16.5143
-16.7087
-16.9283
-17.1728
-17.4419
-17.7351
-18.0518
-18.3918
-18.7552
-19.1427
-19.5541
-19.9887
-20.4465
-20.928
-21.4332
-21.9571
-20.9271
-20.9995
-21.1028
-21.2347
-21.394
-21.5802
-21.7926
-22.0309
-22.2948
-22.5838
-22.8979
-23.237
-23.6012
-23.9908
-24.4058
-24.8463
-25.3134
-25.811
-26.3416
-26.8874
-27.4042
-22.4917
-19.8566
-17.7734
-15.9877
-14.4506
-13.0999
-11.8907
-10.7958
-9.79711
-8.88159
-8.03953
-7.26332
-6.54673
-5.88458
-5.27234
-4.70476
-4.17626
-3.69531
-3.29091
-27.9489
-23.0426
-20.396
-18.2925
-16.4829
-14.9202
-13.5435
-12.3088
-11.1895
-10.1681
-9.23184
-8.37107
-7.57837
-6.84765
-6.1739
-5.55267
-4.97926
-4.45125
-3.9818
-3.57932
-28.5222
-23.6123
-20.9525
-18.8276
-16.9929
-15.4033
-13.9995
-12.7384
-11.5941
-10.5493
-9.59169
-8.71172
-7.90202
-7.15654
-6.47022
-5.83855
-5.25691
-4.72301
-4.24643
-3.82443
-29.12
-24.2016
-21.5263
-19.3785
-17.5171
-15.8994
-14.4673
-13.1788
-12.0086
-10.9397
-9.96004
-9.06014
-8.23259
-7.47125
-6.77083
-6.12656
-5.53356
-4.9889
-4.49931
-4.05858
-29.7389
-24.8098
-22.1166
-19.9447
-18.055
-16.4077
-14.9462
-13.6293
-12.4323
-11.3385
-10.336
-9.41545
-8.56927
-7.79114
-7.07557
-6.41746
-5.81162
-5.25456
-4.75118
-4.2943
-30.3777
-25.4374
-22.7216
-20.525
-18.6057
-16.9275
-15.4355
-14.0892
-12.8644
-11.745
-10.719
-9.777
-8.91148
-8.11586
-7.3844
-6.71172
-6.09241
-5.52262
-5.00595
-4.53499
-31.0351
-26.083
-23.341
-21.1185
-19.1684
-17.458
-15.9343
-14.5576
-13.3043
-12.1584
-11.1082
-10.1443
-9.2589
-8.44532
-7.69756
-7.01002
-6.37713
-5.79481
-5.26556
-4.7819
-31.7098
-26.7444
-23.9745
-21.7244
-19.7422
-17.9984
-16.4419
-15.0339
-13.7512
-12.5782
-11.5032
-10.5169
-9.61122
-8.77937
-8.01511
-7.31263
-6.66624
-6.07166
-5.5304
-5.03497
-32.4005
-27.4203
-24.6213
-22.3419
-20.3262
-18.5478
-16.9575
-15.5172
-14.2044
-13.0037
-11.9035
-10.8943
-9.9681
-9.1178
-8.33695
-7.61955
-6.95978
-6.35317
-5.80032
-5.2937
-33.1059
-28.1094
-25.2803
-22.97
-20.9195
-19.1053
-17.4802
-16.0068
-14.6632
-13.4342
-12.3084
-11.2761
-10.3291
-9.46026
-8.66279
-7.9305
-7.25746
-6.639
-6.07479
-5.55736
-33.8248
-28.8107
-25.9506
-23.6078
-21.5211
-19.6701
-18.0091
-16.5019
-15.1269
-13.8692
-12.7173
-11.6616
-10.6938
-9.8063
-8.99219
-8.24507
-7.55883
-6.92859
-6.35318
-5.82515
-34.556
-29.5231
-26.6309
-24.2541
-22.13
-20.2411
-18.5435
-17.0017
-15.5947
-14.3078
-13.1296
-12.0504
-11.0616
-10.1554
-9.32463
-8.5627
-7.86331
-7.22133
-6.63477
-6.0963
-35.2985
-30.2453
-27.3201
-24.9079
-22.7453
-20.8174
-19.0823
-17.5052
-16.0657
-14.7494
-13.5446
-12.4417
-11.4318
-10.5069
-9.65951
-8.88279
-8.17027
-7.51654
-6.91885
-6.37002
-36.0512
-30.9763
-28.017
-25.5681
-23.3657
-21.398
-19.6245
-18.0117
-16.5392
-15.193
-13.9616
-12.8349
-11.8038
-10.8602
-9.9962
-9.20471
-8.47904
-7.81355
-7.20471
-6.64559
-36.8129
-31.7148
-28.7204
-26.2335
-23.9903
-21.9817
-20.1693
-18.52
-17.0143
-15.6381
-14.3798
-13.2292
-12.177
-11.2146
-10.334
-9.52778
-8.78898
-8.11168
-7.49167
-6.92232
-37.5824
-32.4595
-29.4289
-26.9029
-24.6177
-22.5675
-20.7155
-19.0294
-17.49
-16.0836
-14.7983
-13.6238
-12.5505
-11.5695
-10.6723
-9.85136
-9.09943
-8.41028
-7.77907
-7.19957
-38.3592
-33.2092
-30.1413
-27.5749
-25.2469
-23.1543
-21.262
-19.5387
-17.9655
-16.5287
-15.2165
-14.0181
-12.9237
-11.9241
-11.0104
-10.1748
-9.40973
-8.70873
-8.06629
-7.47673
-39.1449
-33.9635
-30.856
-28.2479
-25.8762
-23.7406
-21.8076
-20.0468
-18.4397
-16.9725
-15.6334
-14.4112
-13.2958
-12.2777
-11.3476
-10.4974
-9.71924
-9.00639
-8.35272
-7.75324
-39.9394
-34.7211
-31.571
-28.9203
-26.5044
-24.3253
-22.3514
-20.5529
-18.9118
-17.4143
-16.0482
-14.8024
-13.6662
-12.6296
-11.6832
-10.8185
-10.0274
-9.30266
-8.63781
-8.02859
-40.7302
-35.477
-32.2849
-29.5912
-27.1308
-24.908
-22.8929
-21.0566
-19.3813
-17.8535
-16.4607
-15.1913
-14.0343
-12.9794
-12.0169
-11.1377
-10.3336
-9.5971
-8.92109
-8.30231
-6.78101
-4.67491
-3.3146
-2.26899
-1.53438
-0.994839
-0.607282
-0.332129
-0.141062
-0.0123363
0.0706732
0.120599
0.147025
0.157111
0.156168
0.148071
0.135632
0.120853
0.105141
0.0894664
0.0744723
0.06057
0.047996
0.0368698
0.0272128
0.0190047
0.0121516
0.00658896
0.00214711
-0.00120317
-0.0037246
-0.0053099
-0.00640643
-0.00660444
-0.00673784
-0.00581254
-0.00540441
-0.0034891
-0.00294522
3.72268e-05
-7.03671
-4.8573
-3.46086
-2.38416
-1.62544
-1.06848
-0.667353
-0.381755
-0.182443
-0.0470946
0.0413366
0.0957627
0.12597
0.139258
0.141046
0.135283
0.124844
0.111777
0.0975335
0.0831129
0.0691891
0.0561973
0.044395
0.0339207
0.0248114
0.0170613
0.0105889
0.00534096
0.00115714
-0.00198235
-0.00433369
-0.00578151
-0.0067693
-0.00687941
-0.0069458
-0.00596415
-0.0055151
-0.00356522
-0.00298549
5.20915e-06
-7.2908
-5.04132
-3.60862
-2.5009
-1.7176
-1.14281
-0.727779
-0.431447
-0.223685
-0.0815702
0.0123708
0.0713428
0.105344
0.121825
0.126318
0.122856
0.114379
0.102987
0.0901723
0.0769703
0.0640838
0.0519729
0.0409165
0.0310715
0.0224906
0.0151824
0.00907711
0.00413282
0.00019803
-0.00273802
-0.00492486
-0.00624013
-0.00712193
-0.00714838
-0.00714706
-0.00611503
-0.00561997
-0.00364369
-0.00302218
-2.78646e-05
-7.54336
-5.22672
-3.75791
-2.61932
-1.81097
-1.21795
-0.788654
-0.481287
-0.264853
-0.115821
-0.0162733
0.0472971
0.0851109
0.104781
0.11196
0.110769
0.10422
0.094467
0.0830459
0.0710288
0.0591484
0.0478906
0.0375553
0.0283181
0.0202473
0.0133654
0.00761435
0.00296302
-0.000731396
-0.00347103
-0.00549888
-0.00668606
-0.00746515
-0.00741075
-0.00734338
-0.00626291
-0.00572229
-0.00372127
-0.0030576
-6.17519e-05
-7.79444
-5.41336
-3.90873
-2.73956
-1.90569
-1.29399
-0.85008
-0.531362
-0.306023
-0.149908
-0.0446474
0.0235825
0.0652353
0.0880957
0.0979458
0.0990022
0.0943503
0.086203
0.0761426
0.0652789
0.0543755
0.0439442
0.0343066
0.0256567
0.0180785
0.011608
0.00619877
0.00183012
-0.00163224
-0.00418224
-0.00605641
-0.0071198
-0.00779932
-0.00766678
-0.00753501
-0.0064079
-0.00582224
-0.00379795
-0.00309185
-9.64585e-05
-8.04403
-5.60121
-4.06106
-2.86175
-2.00192
-1.37108
-0.912172
-0.581769
-0.347272
-0.183898
-0.0728059
0.000153731
0.0456794
0.0717381
0.08425
0.087533
0.0847518
0.0781807
0.0694509
0.0597112
0.0497575
0.0401277
0.0311656
0.0230835
0.0159811
0.00990791
0.00482855
0.000732732
-0.0025056
-0.00487247
-0.00659807
-0.00754183
-0.00812483
-0.00791674
-0.00772215
-0.00655009
-0.00591997
-0.00387373
-0.00312502
-0.000131983
-8.29214
-5.79037
-4.21492
-2.98609
-2.09984
-1.44936
-0.975056
-0.632613
-0.388687
-0.217861
-0.100807
-0.0230366
0.0264042
0.0556762
0.0708462
0.0763402
0.075407
0.0703858
0.0629589
0.0543163
0.0452867
0.0364351
0.0281275
0.0205948
0.0139522
0.00826272
0.00350189
-0.000330548
-0.00335253
-0.00554254
-0.00712449
-0.00795261
-0.00844203
-0.00816087
-0.00790501
-0.00668961
-0.0060156
-0.00394865
-0.00315718
-0.000168321
-8.53877
-5.98105
-4.37033
-3.11273
-2.19965
-1.529
-1.03887
-0.684008
-0.430361
-0.251872
-0.128711
-0.0460382
0.00736962
0.039877
0.0577076
0.0654019
0.066298
0.0628037
0.0566552
0.0490848
0.0409557
0.0328604
0.0251875
0.0181868
0.011989
0.00667017
0.00221701
-0.00136109
-0.00417409
-0.00619327
-0.00763628
-0.00835261
-0.00875125
-0.00839944
-0.00808379
-0.00682659
-0.00610922
-0.00402278
-0.00318836
-0.000205461
-8.78394
-6.17355
-4.52724
-3.24174
-2.30151
-1.61012
-1.10373
-0.736061
-0.472384
-0.286007
-0.156582
-0.0689017
-0.0114657
0.0243073
0.044807
0.0546961
0.057407
0.0554201
0.0505279
0.0440075
0.036757
0.0293976
0.022341
0.0158559
0.0100884
0.00512803
0.000972178
-0.00236024
-0.00497132
-0.00682544
-0.00813404
-0.00874228
-0.00905285
-0.00863269
-0.00825865
-0.00696117
-0.00620093
-0.00409615
-0.00321861
-0.000243388
-9.02754
-6.36791
-4.68531
-3.37298
-2.40546
-1.69281
-1.16973
-0.788865
-0.514838
-0.320338
-0.184479
-0.0916769
-0.0301422
0.00893373
0.0321175
0.044201
0.0487164
0.0482208
0.0445658
0.039075
0.0326832
0.0260409
0.0195833
0.0135982
0.00824766
0.00363407
-0.000234332
-0.00332931
-0.00574523
-0.00743982
-0.00861836
-0.00912205
-0.00934713
-0.00886087
-0.00842978
-0.00709346
-0.00629082
-0.00416882
-0.00324799
-0.000282075
-9.26904
-6.56403
-4.84428
-3.50641
-2.51168
-1.77722
-1.23699
-0.842538
-0.557818
-0.35494
-0.212465
-0.114415
-0.0487009
-0.00627655
0.0196125
0.033895
0.0402087
0.0411916
0.0387574
0.0342783
0.0287272
0.0227846
0.0169099
0.0114105
0.006464
0.00218614
-0.00140418
-0.0042696
-0.00649679
-0.00803715
-0.00908979
-0.00949236
-0.00963443
-0.0090842
-0.00859735
-0.00722357
-0.00637898
-0.00424081
-0.00327653
-0.000321492
-9.50781
-6.76297
-5.00532
-3.64298
-2.62095
-1.86394
-1.30594
-0.897356
-0.601504
-0.389937
-0.240629
-0.137181
-0.0671921
-0.0213623
0.00726168
0.0237544
0.0318653
0.0343179
0.0330912
0.0296083
0.0248816
0.0196229
0.0143162
0.00928895
0.00473462
0.000782068
-0.00253905
-0.00518238
-0.00722698
-0.00861819
-0.0095489
-0.00985361
-0.00991504
-0.00930291
-0.00876152
-0.00735162
-0.00646549
-0.00431216
-0.00330429
-0.000361601
-9.74476
-6.96847
-5.17133
-3.78464
-2.73467
-1.95399
-1.37723
-0.953732
-0.646199
-0.42553
-0.269108
-0.160073
-0.0856856
-0.0363749
-0.00497332
0.0137501
0.0236639
0.0275823
0.0275537
0.0250544
0.0211383
0.0165495
0.0117974
0.00722984
0.00305654
-0.000580431
-0.00364069
-0.006069
-0.00793683
-0.0091837
-0.00999626
-0.0102062
-0.0101893
-0.00951722
-0.00892246
-0.00747771
-0.00655043
-0.00438291
-0.0033313
-0.000402362
-9.98218
-7.18236
-5.34191
-3.9305
-2.85238
-2.04703
-1.45063
-1.01156
-0.691949
-0.461794
-0.297972
-0.183149
-0.104228
-0.0513518
-0.0171226
0.00385823
0.0155854
0.0209699
0.022133
0.0206073
0.0174898
0.0135584
0.00934886
0.00522961
0.00142705
-0.00190346
-0.00471071
-0.00693068
-0.00862727
-0.00973437
-0.0104324
-0.0105506
-0.0104575
-0.00972734
-0.00908032
-0.00760194
-0.00663389
-0.00445308
-0.0033576
-0.000443725
-10.2146
-7.39212
-5.5053
-4.07164
-2.96836
-2.13891
-1.52348
-1.06931
-0.737778
-0.498208
-0.326924
-0.206232
-0.122713
-0.0662288
-0.0291473
-0.00589807
0.00764375
0.0144887
0.0168337
0.0162695
0.0139375
0.0106503
0.00697064
0.00328812
-0.00015413
-0.00318732
-0.00574939
-0.00776768
-0.00929851
-0.0102704
-0.0108575
-0.0108869
-0.0107197
-0.00993334
-0.00923516
-0.00772434
-0.00671589
-0.00452267
-0.00338323
-0.000485631
-10.4218
-7.57871
-5.64941
-4.19984
-3.07751
-2.22619
-1.59373
-1.12587
-0.782482
-0.534045
-0.355529
-0.22905
-0.140961
-0.0808858
-0.0409663
-0.015463
-0.000122578
0.00816555
0.0116746
0.012054
0.0104904
0.00783154
0.00466716
0.00140837
-0.00168494
-0.00443062
-0.00675583
-0.00857941
-0.00995018
-0.0107916
-0.0112713
-0.011215
-0.0109758
-0.0101352
-0.00938692
-0.00784488
-0.00679642
-0.00459164
-0.00340818
-0.000528003
-10.6106
-7.78048
-5.80819
-4.34009
-3.19766
-2.3236
-1.6712
-1.18747
-0.829832
-0.571384
-0.385168
-0.252552
-0.159628
-0.0957765
-0.0528964
-0.0250608
-0.0078744
0.00188376
0.00657004
0.00789741
0.00710129
0.00506651
0.00241168
-0.000429802
-0.00318057
-0.00564479
-0.00773857
-0.00937223
-0.010587
-0.0113013
-0.0116764
-0.0115366
-0.0112272
-0.0103337
-0.00953627
-0.00796394
-0.00687577
-0.00466011
-0.0034326
-0.000570798
-10.8827
-8.11692
-6.07014
-4.56034
-3.37547
-2.46126
-1.77595
-1.26721
-0.891507
-0.617074
-0.420374
-0.279869
-0.180926
-0.112479
-0.0660749
-0.0355206
-0.0162218
-0.00480937
0.00118212
0.00354658
0.00357981
0.0022121
9.64978e-05
-0.00230729
-0.00470165
-0.00687509
-0.00873129
-0.010171
-0.0112273
-0.0118129
-0.0120827
-0.0118589
-0.011479
-0.0105326
-0.00968593
-0.00808328
-0.00695532
-0.00472879
-0.00345699
-0.000614171
-11.2464
-8.53584
-6.41039
-4.82692
-3.58645
-2.62307
-1.89753
-1.35846
-0.960267
-0.669366
-0.459655
-0.309859
-0.204047
-0.130425
-0.0801081
-0.0465669
-0.0249699
-0.0117741
-0.00438772
-0.000923998
-1.85496e-05
-0.000689883
-0.00224658
-0.0041998
-0.00622964
-0.00810745
-0.00972342
-0.010968
-0.0118654
-0.0123227
-0.0124874
-0.0121802
-0.0117302
-0.0107314
-0.00983564
-0.00820301
-0.00703503
-0.00479787
-0.00348132
-0.000658265
-11.1655
-8.53464
-6.42339
-4.84904
-3.62307
-2.66212
-1.93271
-1.38895
-0.986108
-0.690752
-0.476964
-0.323984
-0.215342
-0.139502
-0.0874334
-0.0524964
-0.0297865
-0.0157011
-0.00760112
-0.00356246
-0.00219148
-0.00248388
-0.00373036
-0.00542835
-0.00724698
-0.00894955
-0.0104191
-0.011542
-0.0123366
-0.0127092
-0.0128012
-0.0124362
-0.0119335
-0.0108972
-0.00996065
-0.00830741
-0.00710258
-0.00486117
-0.00350095
-0.00070128
-10.4142
-8.02061
-6.00484
-4.55512
-3.43478
-2.53999
-1.85098
-1.33418
-0.949289
-0.665468
-0.459138
-0.311007
-0.205765
-0.132282
-0.0819248
-0.0482721
-0.0265535
-0.0132482
-0.00576958
-0.00222793
-0.00125352
-0.00185989
-0.0033511
-0.00523638
-0.0071936
-0.00899581
-0.0105315
-0.0116965
-0.0125106
-0.0128917
-0.0129755
-0.0126035
-0.0120775
-0.0110318
-0.0100629
-0.00840728
-0.0071615
-0.00493166
-0.00351546
-0.000755202
-9.50957
-7.44493
-5.59875
-4.28339
-3.27552
-2.45451
-1.80897
-1.31934
-0.951403
-0.676989
-0.475079
-0.328408
-0.222993
-0.148365
-0.0964164
-0.0610206
-0.0375797
-0.022665
-0.013733
-0.00890848
-0.00681917
-0.00646798
-0.00714379
-0.00834025
-0.00971856
-0.0110381
-0.0121721
-0.013007
-0.0135481
-0.0137099
-0.0136113
-0.0130995
-0.0124519
-0.0113239
-0.0102703
-0.0085754
-0.00726133
-0.00502905
-0.00353797
-0.000821921
-8.61256
-6.88522
-5.22125
-4.01757
-3.10766
-2.3593
-1.75857
-1.29699
-0.947362
-0.684048
-0.488126
-0.344218
-0.239617
-0.164569
-0.11151
-0.0746566
-0.0496317
-0.0331401
-0.0227167
-0.0165272
-0.0132175
-0.0117942
-0.011541
-0.0119419
-0.0126452
-0.0133983
-0.0140594
-0.0145054
-0.0147256
-0.0146301
-0.0143196
-0.0136454
-0.0128596
-0.0116368
-0.0104904
-0.00874987
-0.00736431
-0.0051273
-0.00356024
-0.000890246
-7.71129
-6.29391
-4.83489
-3.74907
-2.93219
-2.25659
-1.70305
-1.27066
-0.939942
-0.688332
-0.498891
-0.358105
-0.254598
-0.179381
-0.125428
-0.0873099
-0.0608699
-0.042948
-0.0311581
-0.0237093
-0.0192673
-0.0168446
-0.0157217
-0.0153753
-0.0154426
-0.0156603
-0.0158732
-0.0159494
-0.0158636
-0.0155222
-0.0150079
-0.0141779
-0.0132578
-0.0119441
-0.0107059
-0.00892274
-0.00746483
-0.00522604
-0.00358085
-0.000961028
-6.83111
-5.68815
-4.43848
-3.47359
-2.74471
-2.14103
-1.6378
-1.23735
-0.927332
-0.688926
-0.507157
-0.370323
-0.268461
-0.193444
-0.138841
-0.0996174
-0.0718661
-0.0525825
-0.0394723
-0.0307958
-0.0252437
-0.0218378
-0.0198573
-0.0187729
-0.0182114
-0.0178997
-0.0176691
-0.0173797
-0.0169909
-0.0164065
-0.0156902
-0.0147064
-0.0136527
-0.0122497
-0.0109193
-0.00909521
-0.0075636
-0.0053254
-0.00359989
-0.0010338
-5.99228
-5.08205
-4.03393
-3.19386
-2.55091
-2.01693
-1.56505
-1.19827
-0.910139
-0.685971
-0.51284
-0.380727
-0.281073
-0.206674
-0.151719
-0.111596
-0.0826722
-0.0621182
-0.0477458
-0.0378765
-0.0312338
-0.0268538
-0.0240185
-0.0221951
-0.0210017
-0.0201566
-0.0194786
-0.0188199
-0.0181251
-0.0172953
-0.0163751
-0.0152363
-0.0140477
-0.0125551
-0.0111316
-0.00926717
-0.00766068
-0.00542466
-0.00361745
-0.00110785
-5.21153
-4.49411
-3.63119
-2.91425
-2.35435
-1.88659
-1.48562
-1.15374
-0.888565
-0.679514
-0.515865
-0.389186
-0.292279
-0.218906
-0.163903
-0.123098
-0.0931588
-0.0714443
-0.0558855
-0.0448752
-0.0371762
-0.0318442
-0.0281675
-0.0256128
-0.0237913
-0.0224143
-0.0212891
-0.0202605
-0.0192589
-0.0181829
-0.0170582
-0.0157641
-0.0144402
-0.0128582
-0.0113412
-0.00943714
-0.00775535
-0.00552274
-0.00363349
-0.00118241
-4.49996
-3.93915
-3.23995
-2.63966
-2.15936
-1.75384
-1.40186
-1.10494
-0.86326
-0.669854
-0.516292
-0.39564
-0.301974
-0.230016
-0.175265
-0.134006
-0.103217
-0.080463
-0.0638053
-0.0517167
-0.0430064
-0.0367545
-0.0322592
-0.0289889
-0.0265505
-0.0246491
-0.0230818
-0.0216869
-0.0203811
-0.0190608
-0.017733
-0.0162847
-0.0148265
-0.013156
-0.0115462
-0.00960336
-0.00784681
-0.00561845
-0.00364801
-0.00125666
-3.86484
-3.42911
-2.87029
-2.37613
-1.97014
-1.62214
-1.31606
-1.05313
-0.83493
-0.657386
-0.514278
-0.400103
-0.310098
-0.239911
-0.185702
-0.144217
-0.112753
-0.089091
-0.0714324
-0.0583384
-0.048671
-0.0415395
-0.0362557
-0.0322923
-0.0292537
-0.0268405
-0.0248405
-0.0230864
-0.0214818
-0.0199211
-0.0183936
-0.0167934
-0.0152032
-0.0134458
-0.0117449
-0.00976411
-0.00793431
-0.00571057
-0.0036611
-0.00132966
-3.30979
-2.97229
-2.53054
-2.12938
-1.79066
-1.49482
-1.23076
-0.999892
-0.804508
-0.642658
-0.5101
-0.40267
-0.316645
-0.248533
-0.195132
-0.153642
-0.12168
-0.0972489
-0.0786965
-0.0646792
-0.0541176
-0.0461547
-0.0401197
-0.0354922
-0.0318758
-0.0289681
-0.026549
-0.0244458
-0.0225508
-0.0207559
-0.019034
-0.0172857
-0.015567
-0.0137248
-0.0119354
-0.00991762
-0.00801717
-0.00579778
-0.00367289
-0.00140039
-2.83499
-2.57328
-2.22672
-1.90433
-1.62449
-1.37482
-1.14834
-0.946853
-0.773008
-0.626303
-0.504124
-0.403513
-0.321669
-0.255867
-0.203501
-0.16221
-0.129923
-0.104863
-0.0855297
-0.0706788
-0.0592936
-0.0505553
-0.0438133
-0.0385566
-0.0343904
-0.0310104
-0.0281899
-0.0257517
-0.0235774
-0.021557
-0.0196478
-0.0177566
-0.0159144
-0.01399
-0.012116
-0.0100621
-0.00809473
-0.00587876
-0.00368357
-0.0014678
-2.43743
-2.23323
-1.96221
-1.70446
-1.47444
-1.26454
-1.07086
-0.895597
-0.741504
-0.609022
-0.496789
-0.402877
-0.325279
-0.261938
-0.210786
-0.16987
-0.137418
-0.111868
-0.0918694
-0.0762798
-0.0641483
-0.054697
-0.0472986
-0.0414537
-0.0367711
-0.0329455
-0.0297456
-0.0269898
-0.0245506
-0.0223156
-0.0202286
-0.018201
-0.0162416
-0.0142386
-0.0122847
-0.0101958
-0.00816637
-0.00595227
-0.00369334
-0.00153085
-2.11145
-1.95017
-1.73777
-1.53152
-1.34232
-1.16574
-0.999994
-0.847513
-0.711024
-0.591532
-0.488578
-0.401059
-0.327637
-0.266814
-0.216996
-0.176596
-0.14412
-0.11821
-0.0976605
-0.0814296
-0.0686337
-0.0585375
-0.050539
-0.0441524
-0.0389916
-0.034752
-0.0311986
-0.0281461
-0.0254593
-0.0230231
-0.0207698
-0.0186139
-0.0165451
-0.0144677
-0.01244
-0.0103173
-0.0082315
-0.0060172
-0.0037024
-0.00158859
-1.84952
-1.71983
-1.55195
-1.38563
-1.2289
-1.07945
-0.936905
-0.803719
-0.682487
-0.574522
-0.479982
-0.39839
-0.328941
-0.270601
-0.22217
-0.182386
-0.150002
-0.123848
-0.102857
-0.0860817
-0.0727059
-0.062037
-0.0534996
-0.0466227
-0.0410268
-0.036409
-0.0325317
-0.0292069
-0.0262925
-0.0236711
-0.0212649
-0.0189904
-0.0168214
-0.0146749
-0.0125801
-0.010425
-0.00828962
-0.00607273
-0.00371089
-0.00164017
-1.64316
-1.53643
-1.40171
-1.26562
-1.13402
-1.00608
-0.8823
-0.765025
-0.656648
-0.558615
-0.471478
-0.395211
-0.329419
-0.273432
-0.226376
-0.187259
-0.155053
-0.128755
-0.107421
-0.0901958
-0.0763253
-0.065159
-0.0561479
-0.0488364
-0.0428527
-0.0378965
-0.0337287
-0.030159
-0.02704
-0.0242515
-0.0217078
-0.0193261
-0.0170672
-0.0148578
-0.0127036
-0.0105181
-0.00834026
-0.00611837
-0.00371894
-0.0016849
-1.48397
-1.39372
-1.28319
-1.16946
-1.05683
-0.945497
-0.83648
-0.731959
-0.634088
-0.544341
-0.463504
-0.391858
-0.329306
-0.275459
-0.229698
-0.191253
-0.159278
-0.132913
-0.111324
-0.0937377
-0.0794566
-0.0678696
-0.0584531
-0.0507667
-0.0444466
-0.0391954
-0.034774
-0.03099
-0.027692
-0.024757
-0.0220929
-0.0196169
-0.0172797
-0.0150145
-0.0128093
-0.010596
-0.0083831
-0.00615408
-0.00372659
-0.00172227
-1.36434
-1.28573
-1.19246
-1.09485
-0.996147
-0.897238
-0.799471
-0.704829
-0.615237
-0.532137
-0.456447
-0.388641
-0.328833
-0.276839
-0.232231
-0.194413
-0.162688
-0.136311
-0.114542
-0.0966762
-0.0820665
-0.0701365
-0.0603854
-0.0523873
-0.0457859
-0.0402873
-0.0356526
-0.031688
-0.028239
-0.0251803
-0.0224148
-0.0198592
-0.0174563
-0.0151436
-0.0128961
-0.0106584
-0.00841791
-0.0061803
-0.00373379
-0.00175196
-1.2782
-1.20756
-1.12614
-1.03971
-0.950808
-0.860794
-0.771198
-0.683832
-0.600427
-0.522372
-0.450646
-0.385844
-0.328216
-0.277718
-0.234065
-0.196786
-0.165294
-0.138938
-0.117049
-0.0989783
-0.0841195
-0.0719249
-0.0619131
-0.0536702
-0.0468469
-0.0411525
-0.0363485
-0.0322405
-0.0286715
-0.0255145
-0.0226685
-0.0200493
-0.0175945
-0.0152438
-0.0129633
-0.0107055
-0.0084446
-0.00619785
-0.00374058
-0.00177359
-1.22132
-1.15573
-1.08184
-1.00258
-0.920043
-0.835866
-0.751689
-0.669201
-0.589991
-0.515397
-0.446423
-0.383728
-0.327649
-0.278229
-0.235274
-0.1984
-0.167093
-0.140768
-0.118807
-0.1006
-0.0855705
-0.0731918
-0.0629971
-0.0545815
-0.0476009
-0.0417674
-0.0368429
-0.0326326
-0.0289782
-0.025751
-0.0228477
-0.0201832
-0.0176915
-0.0153136
-0.0130099
-0.0107373
-0.00846314
-0.00620748
-0.00374803
-0.00178599
-1.19213
-1.12905
-1.05893
-0.983285
-0.903969
-0.822774
-0.741387
-0.661428
-0.58441
-0.511637
-0.444122
-0.382554
-0.327307
-0.278473
-0.2359
-0.19925
-0.16805
-0.141746
-0.11975
-0.101472
-0.0863518
-0.073875
-0.0635821
-0.0550736
-0.0480081
-0.0420994
-0.0371098
-0.0328442
-0.0291435
-0.0258782
-0.022944
-0.0202549
-0.0177434
-0.0153507
-0.0130345
-0.0107537
-0.00847344
-0.00620934
-0.00375864
-0.00178731
-12.4801
-12.4672
-12.4462
-12.417
-12.3796
-12.3343
-12.281
-12.2199
-12.1511
-12.0745
-11.9903
-11.8985
-11.799
-11.6919
-11.5767
-11.4533
-11.3187
-11.1779
-11.0171
-10.9418
-10.9334
-10.9191
-10.8991
-10.8732
-10.8419
-10.8056
-10.7645
-10.7188
-10.6685
-10.6138
-10.5549
-10.4919
-10.4248
-10.3536
-10.2778
-10.198
-10.1116
-10.0267
-9.92888
-9.90544
-9.56364
-9.54526
-9.52425
-9.5006
-9.47405
-9.44464
-9.4125
-9.37781
-9.34068
-9.30121
-9.25948
-9.21555
-9.16942
-9.12116
-9.07047
-9.01802
-8.96167
-8.90768
-8.84443
-8.84281
-8.32643
-8.30851
-8.28904
-8.26802
-8.24531
-8.22096
-8.19514
-8.168
-8.13964
-8.11019
-8.07973
-8.04837
-8.01619
-7.98331
-7.94961
-7.91568
-7.88027
-7.84826
-7.81255
-7.82676
-7.22116
-7.20466
-7.18719
-7.16884
-7.14963
-7.12966
-7.10906
-7.08797
-7.06651
-7.04481
-7.023
-7.00121
-6.97955
-6.95818
-6.93711
-6.91679
-6.89656
-6.87958
-6.86131
-6.88043
-6.23996
-6.22526
-6.21001
-6.19433
-6.17828
-6.16195
-6.14545
-6.1289
-6.11244
-6.09616
-6.08022
-6.06472
-6.04978
-6.03556
-6.02212
-6.00975
-5.99815
-5.9893
-5.98069
-5.99963
-5.37667
-5.36392
-5.35086
-5.33757
-5.3241
-5.31054
-5.297
-5.28357
-5.27039
-5.25755
-5.24518
-5.23339
-5.22232
-5.21209
-5.20282
-5.19472
-5.18772
-5.18299
-5.1793
-5.19497
-4.6254
-4.61454
-4.60341
-4.59209
-4.58061
-4.56908
-4.55757
-4.54618
-4.53502
-4.52419
-4.5138
-4.50396
-4.49479
-4.4864
-4.47892
-4.4725
-4.46717
-4.46359
-4.46125
-4.4719
-3.97947
-3.97027
-3.96078
-3.95101
-3.94104
-3.93092
-3.92075
-3.9106
-3.90056
-3.89072
-3.88119
-3.87205
-3.86342
-3.85539
-3.84809
-3.84162
-3.83607
-3.83178
-3.82866
-3.83384
-3.43144
-3.42364
-3.41545
-3.40689
-3.398
-3.38884
-3.37949
-3.37002
-3.3605
-3.35101
-3.34163
-3.33246
-3.32357
-3.31506
-3.30703
-3.29958
-3.29279
-3.28684
-3.28178
-3.28183
-2.97294
-2.96626
-2.95909
-2.95142
-2.94329
-2.93477
-2.92591
-2.91677
-2.90742
-2.89792
-2.88835
-2.87877
-2.86927
-2.85991
-2.85078
-2.84196
-2.83354
-2.8256
-2.8182
-2.81389
-2.5947
-2.58887
-2.58247
-2.57546
-2.56788
-2.55978
-2.55122
-2.54225
-2.53292
-2.52328
-2.51339
-2.50332
-2.49313
-2.48288
-2.47265
-2.46249
-2.45247
-2.44266
-2.43304
-2.42536
-2.28688
-2.2817
-2.27585
-2.26932
-2.26215
-2.25437
-2.24603
-2.23717
-2.22782
-2.21805
-2.2079
-2.19742
-2.18667
-2.17569
-2.16455
-2.1533
-2.142
-2.13068
-2.11929
-2.1092
-2.03969
-2.03501
-2.0295
-2.02333
-2.01649
-2.00898
-2.00084
-1.99209
-1.98279
-1.97297
-1.96267
-1.95194
-1.94082
-1.92937
-1.91762
-1.90563
-1.89344
-1.88107
-1.86845
-1.85678
-1.84368
-1.83935
-1.83424
-1.82839
-1.82182
-1.81455
-1.80661
-1.79802
-1.78882
-1.77905
-1.76873
-1.75792
-1.74665
-1.73496
-1.7229
-1.7105
-1.6978
-1.68483
-1.67151
-1.65886
-1.69087
-1.68682
-1.68198
-1.6764
-1.67008
-1.66304
-1.65531
-1.64691
-1.63787
-1.62823
-1.61802
-1.60726
-1.596
-1.58428
-1.57212
-1.55957
-1.54667
-1.53342
-1.5198
-1.50658
-1.57443
-1.57058
-1.56597
-1.56061
-1.55451
-1.54769
-1.54018
-1.53199
-1.52315
-1.51369
-1.50364
-1.49303
-1.48189
-1.47026
-1.45816
-1.44563
-1.43271
-1.41941
-1.40573
-1.3922
-1.48941
-1.48573
-1.4813
-1.47612
-1.47022
-1.46361
-1.4563
-1.44833
-1.4397
-1.43044
-1.42058
-1.41015
-1.39917
-1.38768
-1.3757
-1.36326
-1.35041
-1.33715
-1.3235
-1.30977
-1.43247
-1.42891
-1.42461
-1.41959
-1.41385
-1.4074
-1.40027
-1.39247
-1.38401
-1.37493
-1.36525
-1.35498
-1.34415
-1.3328
-1.32094
-1.30861
-1.29583
-1.28262
-1.26902
-1.25515
-1.40316
-1.3997
-1.39551
-1.39061
-1.38501
-1.37872
-1.37174
-1.3641
-1.3558
-1.34687
-1.33733
-1.32718
-1.31646
-1.30519
-1.29338
-1.28107
-1.26827
-1.25501
-1.24132
-1.22723
-10.9171
-11.2509
-11.277
-11.4151
-11.5673
-11.6832
-11.7866
-11.8875
-11.9818
-12.0679
-12.1463
-12.2171
-12.2799
-12.3344
-12.3806
-12.4184
-12.4478
-12.4687
-12.4811
-12.485
-10.1235
-10.353
-10.2015
-10.2268
-10.3439
-10.4304
-10.4941
-10.5597
-10.626
-10.6869
-10.7411
-10.7894
-10.8316
-10.8674
-10.8967
-10.9194
-10.9356
-10.9451
-10.9478
-10.9439
-9.16591
-9.36476
-9.15381
-9.12997
-9.23609
-9.31713
-9.3602
-9.39855
-9.4398
-9.47742
-9.50851
-9.53407
-9.55504
-9.5715
-9.58339
-9.59074
-9.59367
-9.59229
-9.58674
-9.57718
-8.20746
-8.39992
-8.1746
-8.11237
-8.1935
-8.26166
-8.28651
-8.30088
-8.31979
-8.33882
-8.3535
-8.36391
-8.37123
-8.37578
-8.37744
-8.37612
-8.37185
-8.3647
-8.35474
-8.34197
-7.29151
-7.46417
-7.2455
-7.15712
-7.20872
-7.26147
-7.2748
-7.27457
-7.27871
-7.2857
-7.29058
-7.29232
-7.2918
-7.28954
-7.28546
-7.27943
-7.27144
-7.26154
-7.2498
-7.23631
-6.41377
-6.55396
-6.35673
-6.26112
-6.28966
-6.32879
-6.33647
-6.3301
-6.32654
-6.32662
-6.32615
-6.32346
-6.31901
-6.31336
-6.30655
-6.29848
-6.28913
-6.27852
-6.26674
-6.25387
-5.57929
-5.68691
-5.52166
-5.43464
-5.44925
-5.47767
-5.48282
-5.47541
-5.46912
-5.46599
-5.46306
-5.45866
-5.4529
-5.44623
-5.43877
-5.43048
-5.42131
-5.41129
-5.40047
-5.38891
-4.80781
-4.88963
-4.76081
-4.69025
-4.69761
-4.71792
-4.72187
-4.71575
-4.70966
-4.7058
-4.70232
-4.6979
-4.69245
-4.68626
-4.67945
-4.67202
-4.66393
-4.65518
-4.64581
-4.63587
-4.11789
-4.18106
-4.0871
-4.03447
-4.03843
-4.05289
-4.05633
-4.05238
-4.04797
-4.04492
-4.04214
-4.03869
-4.03444
-4.02955
-4.0241
-4.01809
-4.01148
-4.0043
-3.99654
-3.98826
-3.51865
-3.56835
-3.50423
-3.46792
-3.47078
-3.48145
-3.48503
-3.48352
-3.4814
-3.47994
-3.47854
-3.47658
-3.47392
-3.47065
-3.46681
-3.46239
-3.45737
-3.45175
-3.44554
-3.43876
-3.01106
-3.05077
-3.01038
-2.98773
-2.99099
-2.99965
-3.00388
-3.00473
-3.00494
-3.00532
-3.00551
-3.00514
-3.00411
-3.00244
-3.00015
-2.99723
-2.99366
-2.98943
-2.98456
-2.97906
-2.59117
-2.62334
-2.60073
-2.5888
-2.59324
-2.60112
-2.60623
-2.60912
-2.61136
-2.61341
-2.61509
-2.61615
-2.61654
-2.61625
-2.61528
-2.61362
-2.61124
-2.60816
-2.60437
-2.59988
-2.25169
-2.27806
-2.26796
-2.26388
-2.26965
-2.27741
-2.28339
-2.28783
-2.29163
-2.29501
-2.29787
-2.30008
-2.30157
-2.30235
-2.3024
-2.3017
-2.30025
-2.29804
-2.29507
-2.29135
-1.98288
-2.00469
-2.00283
-2.00409
-2.01099
-2.01886
-2.02551
-2.03103
-2.03589
-2.04021
-2.04391
-2.04692
-2.0492
-2.05073
-2.0515
-2.05149
-2.0507
-2.04913
-2.04676
-2.04362
-1.77393
-1.79211
-1.79535
-1.80001
-1.80767
-1.81566
-1.82272
-1.82889
-1.83439
-1.83928
-1.8435
-1.84701
-1.84978
-1.85178
-1.85301
-1.85346
-1.85311
-1.85195
-1.85
-1.84724
-1.6145
-1.62981
-1.63602
-1.64268
-1.65075
-1.65877
-1.66601
-1.67249
-1.67831
-1.68348
-1.68797
-1.69174
-1.69477
-1.69704
-1.69854
-1.69926
-1.69918
-1.6983
-1.69662
-1.69415
-1.4957
-1.50882
-1.51662
-1.52435
-1.53257
-1.5405
-1.54775
-1.55431
-1.56022
-1.56548
-1.57005
-1.57391
-1.57705
-1.57943
-1.58106
-1.58192
-1.58199
-1.58128
-1.57978
-1.5775
-1.41068
-1.4222
-1.43078
-1.43903
-1.44723
-1.455
-1.46216
-1.46867
-1.47455
-1.47977
-1.48432
-1.48818
-1.49132
-1.49373
-1.4954
-1.49632
-1.49647
-1.49586
-1.49448
-1.49233
-1.35482
-1.36529
-1.3742
-1.38264
-1.39075
-1.39836
-1.40538
-1.41179
-1.41757
-1.42271
-1.42719
-1.43098
-1.43408
-1.43647
-1.43813
-1.43905
-1.43923
-1.43867
-1.43735
-1.43529
-1.32627
-1.33627
-1.34535
-1.35388
-1.36194
-1.36947
-1.3764
-1.38273
-1.38844
-1.3935
-1.3979
-1.40163
-1.40466
-1.407
-1.40863
-1.40954
-1.40972
-1.40918
-1.4079
-1.4059
0.405636
0.400133
0.386453
0.363309
0.329166
0.281648
0.217424
0.131969
0.0192008
-0.128987
-0.32336
-0.577924
-0.911354
-1.34721
-1.91849
-2.66564
-3.64847
-4.95795
-6.65641
-9.24294
0.348364
0.342513
0.328543
0.304834
0.26993
0.221517
0.156319
0.0699071
-0.043653
-0.192251
-0.386324
-0.639467
-0.96953
-1.39939
-1.95888
-2.68885
-3.63131
-4.89407
-6.43505
-8.743
0.288938
0.283154
0.26936
0.245787
0.211099
0.163138
0.0988188
0.0139867
-0.0968994
-0.241177
-0.428479
-0.671337
-0.985782
-1.39286
-1.91667
-2.59745
-3.45089
-4.59957
-5.90836
-7.83128
0.227352
0.221538
0.207766
0.184225
0.149683
0.102163
0.0388057
-0.0442152
-0.151958
-0.291079
-0.470199
-0.700563
-0.995872
-1.37528
-1.85563
-2.47751
-3.23048
-4.24104
-5.35603
-6.92892
0.163878
0.158001
0.144211
0.120695
0.0863035
0.0392366
-0.0231322
-0.1043
-0.208833
-0.342701
-0.513464
-0.731111
-1.00684
-1.35824
-1.79484
-2.35713
-3.01912
-3.89099
-4.86836
-6.14657
0.0988496
0.092951
0.0792181
0.0558661
0.0218236
-0.0245283
-0.0855718
-0.164465
-0.265272
-0.393279
-0.554972
-0.759139
-1.01449
-1.33709
-1.73078
-2.23242
-2.81615
-3.55521
-4.41828
-5.45388
0.0326606
0.0267888
0.0132088
-0.00980881
-0.0432536
-0.0885552
-0.147833
-0.223886
-0.320259
-0.441541
-0.59314
-0.782626
-1.01651
-1.30867
-1.66046
-2.09938
-2.61307
-3.22761
-3.97469
-4.80961
-0.034224
-0.0400225
-0.0533542
-0.0758706
-0.108474
-0.152402
-0.209496
-0.282187
-0.37349
-0.487285
-0.627962
-0.801759
-1.01361
-1.27404
-1.58548
-1.96153
-2.40878
-2.91092
-3.5386
-4.20625
-0.101259
-0.106938
-0.119923
-0.141772
-0.173296
-0.215541
-0.270074
-0.33895
-0.424676
-0.530422
-0.659694
-0.817257
-1.00725
-1.23587
-1.50883
-1.82538
-2.20794
-2.61403
-3.12651
-3.65458
-0.167821
-0.173332
-0.185871
-0.206889
-0.237104
-0.277377
-0.329008
-0.393689
-0.473453
-0.570782
-0.68847
-0.829758
-0.998526
-1.19669
-1.43304
-1.69664
-2.01707
-2.34443
-2.75335
-3.1658
-0.233212
-0.238509
-0.250507
-0.270541
-0.299237
-0.337285
-0.385728
-0.44592
-0.519472
-0.608225
-0.714399
-0.839875
-0.988317
-1.15858
-1.36042
-1.57907
-1.8422
-2.10597
-2.42703
-2.74522
-0.296665
-0.301707
-0.31308
-0.331999
-0.359001
-0.394619
-0.439667
-0.49519
-0.562427
-0.642673
-0.73764
-0.848215
-0.977525
-1.12309
-1.29324
-1.47458
-1.68758
-1.89982
-2.14946
-2.39264
-0.357355
-0.362108
-0.372788
-0.390492
-0.415673
-0.448725
-0.490264
-0.541065
-0.602047
-0.674078
-0.758388
-0.855293
-0.967052
-1.09121
-1.23339
-1.38386
-1.55507
-1.72558
-1.91895
-2.10421
-0.414407
-0.418846
-0.428789
-0.445217
-0.468508
-0.498941
-0.53696
-0.583123
-0.638078
-0.702381
-0.776826
-0.861466
-0.957622
-1.06345
-1.18193
-1.30686
-1.44454
-1.58167
-1.73173
-1.8735
-0.4669
-0.471015
-0.480204
-0.495343
-0.516745
-0.544596
-0.579202
-0.620948
-0.670266
-0.727494
-0.793071
-0.86694
-0.949663
-1.04
-1.13905
-1.2431
-1.3546
-1.46553
-1.58291
-1.69265
-0.513864
-0.517659
-0.526112
-0.540005
-0.559596
-0.585003
-0.616422
-0.654111
-0.698337
-0.749287
-0.807147
-0.871798
-0.94331
-1.02083
-1.10439
-1.19171
-1.28322
-1.37399
-1.46717
-1.55365
-0.554265
-0.557761
-0.565534
-0.578283
-0.596227
-0.619431
-0.648015
-0.682143
-0.721967
-0.767569
-0.818976
-0.876016
-0.938499
-1.00576
-1.07733
-1.15166
-1.22823
-1.30392
-1.37957
-1.44943
-0.586955
-0.590194
-0.597383
-0.609159
-0.625708
-0.647064
-0.673293
-0.704495
-0.740749
-0.782067
-0.828382
-0.879485
-0.935062
-0.994522
-1.05721
-1.12195
-1.1878
-1.25263
-1.31605
-1.37441
-0.610599
-0.613643
-0.620391
-0.631432
-0.646937
-0.666919
-0.691411
-0.720473
-0.754141
-0.792385
-0.83509
-0.882021
-0.932816
-0.986914
-1.04361
-1.10188
-1.16068
-1.21835
-1.27391
-1.32488
-0.623525
-0.626461
-0.632961
-0.643586
-0.658503
-0.677718
-0.701246
-0.729128
-0.761377
-0.797945
-0.838698
-0.883387
-0.931635
-0.982894
-1.03645
-1.09135
-1.14651
-1.20051
-1.2521
-1.29938
1.12338
1.12154
1.11665
1.1078
1.09397
1.07341
1.04381
1.00196
0.943779
0.863733
0.755127
0.60852
0.413583
0.153054
-0.187849
-0.645402
-1.24022
-2.05781
-3.14472
-4.68054
1.08482
1.08275
1.07724
1.06754
1.05257
1.03058
0.999205
0.955212
0.894431
0.811242
0.698804
0.547471
0.346611
0.0786255
-0.27212
-0.741931
-1.3547
-2.19305
-3.31685
-4.89131
1.04652
1.04422
1.0381
1.02757
1.01148
0.988064
0.95493
0.908796
0.84542
0.759081
0.642788
0.486695
0.279838
0.00432872
-0.356417
-0.838593
-1.46959
-2.32886
-3.49015
-5.1028
1.0085
1.00597
0.999266
0.987915
0.97072
0.945896
0.911018
0.862753
0.796786
0.707291
0.58712
0.426235
0.213309
-0.0697937
-0.4407
-0.935337
-1.58486
-2.4651
-3.66459
-5.31469
0.970776
0.968035
0.960751
0.948601
0.930319
0.904108
0.867502
0.817118
0.748564
0.655909
0.531839
0.366125
0.147056
-0.14371
-0.524939
-1.03213
-1.7005
-2.60167
-3.84008
-5.52659
0.933368
0.930421
0.922585
0.909655
0.890309
0.86273
0.824414
0.771925
0.70079
0.60497
0.476975
0.306398
0.0811076
-0.217399
-0.609117
-1.12895
-1.81648
-2.7385
-4.01659
-5.73819
0.896293
0.893153
0.884788
0.871101
0.850714
0.82179
0.781785
0.727205
0.653493
0.554503
0.42256
0.247079
0.0154868
-0.290844
-0.693224
-1.2258
-1.93284
-2.87555
-4.19411
-5.94922
0.859568
0.856248
0.847383
0.832964
0.811562
0.781317
0.739641
0.682985
0.606703
0.504538
0.36862
0.188192
-0.0497871
-0.364036
-0.777258
-1.32268
-2.04957
-3.01281
-4.37264
-6.15948
0.823208
0.819723
0.81039
0.795266
0.772875
0.741335
0.69801
0.639294
0.560447
0.4551
0.315179
0.129756
-0.114699
-0.436971
-0.861219
-1.41963
-2.1667
-3.15032
-4.55216
-6.36887
0.787228
0.783596
0.773828
0.758029
0.734679
0.701868
0.656917
0.596156
0.51475
0.406213
0.262259
0.0717867
-0.179238
-0.509655
-0.945112
-1.51666
-2.28424
-3.28812
-4.73261
-6.5774
0.75164
0.74788
0.737715
0.721272
0.696993
0.66294
0.616386
0.553596
0.469636
0.357897
0.209878
0.0142957
-0.243396
-0.582097
-1.02895
-1.61385
-2.4022
-3.42636
-4.91381
-6.78525
0.716457
0.712591
0.702068
0.685014
0.659838
0.624572
0.576437
0.511635
0.425124
0.310172
0.158051
-0.0427092
-0.307171
-0.654316
-1.11274
-1.71126
-2.52055
-3.56524
-5.09545
-6.99292
0.681687
0.677742
0.666904
0.649274
0.623234
0.586784
0.537092
0.470291
0.381234
0.263053
0.106792
-0.0992238
-0.370564
-0.726338
-1.1965
-1.80899
-2.63925
-3.70506
-5.27699
-7.20124
0.647342
0.643344
0.632238
0.614067
0.587199
0.549594
0.498369
0.429585
0.337982
0.216554
0.0561099
-0.155247
-0.43358
-0.798192
-1.28026
-1.90716
-2.75825
-3.84624
-5.45763
-7.41164
0.613427
0.609407
0.598079
0.579407
0.551746
0.513017
0.460283
0.38953
0.295382
0.170686
0.00601182
-0.210782
-0.496229
-0.869916
-1.36403
-2.00589
-2.87746
-3.98927
-5.63626
-7.62619
0.579949
0.575938
0.564437
0.5453
0.516881
0.477058
0.42284
0.350132
0.253439
0.125451
-0.0435036
-0.265837
-0.558528
-0.94155
-1.44786
-2.10532
-2.99681
-4.13475
-5.81155
-7.84823
0.546917
0.542957
0.531337
0.511778
0.482639
0.441754
0.386073
0.31142
0.212176
0.0808646
-0.0924309
-0.320418
-0.620495
-1.01314
-1.53179
-2.20556
-3.11624
-4.28314
-5.98162
-8.0813
0.51435
0.510521
0.498875
0.478966
0.449172
0.407281
0.350177
0.273596
0.171788
0.0371003
-0.14063
-0.37443
-0.682078
-1.08466
-1.61585
-2.30671
-3.23592
-4.4354
-6.14661
-8.33457
0.482232
0.478604
0.467027
0.446849
0.416479
0.373657
0.315197
0.236735
0.132378
-0.00572377
-0.187992
-0.4278
-0.743278
-1.15619
-1.70017
-2.40873
-3.35545
-4.58985
-6.30126
-8.60571
0.450382
0.446619
0.434832
0.414108
0.382897
0.338896
0.278858
0.198332
0.0912955
-0.0502898
-0.237113
-0.48296
-0.806406
-1.23019
-1.78808
-2.51699
-3.48543
-4.76478
-6.48645
-8.96157
1.91342
1.91414
1.91867
1.9255
1.93364
1.94148
1.94692
1.94725
1.93911
1.91834
1.87994
1.81784
1.72477
1.59159
1.40726
1.15516
0.814199
0.370849
-0.209136
-1.17147
1.87436
1.87479
1.87876
1.88446
1.89103
1.89681
1.89968
1.89688
1.88495
1.8596
1.8156
1.74658
1.64485
1.50053
1.30189
1.03156
0.66647
0.186602
-0.405128
-1.39179
1.83532
1.83596
1.83989
1.84511
1.85085
1.85545
1.85681
1.85219
1.83817
1.81047
1.76392
1.69217
1.58762
1.44054
1.23949
0.967596
0.602686
0.116934
-0.460282
-1.45434
1.7961
1.79689
1.80073
1.80546
1.81041
1.81391
1.81388
1.80762
1.7917
1.76189
1.71304
1.63883
1.53175
1.38214
1.17879
0.904847
0.539601
0.0443595
-0.5355
-1.55837
1.7567
1.75754
1.76114
1.76527
1.7693
1.77155
1.76997
1.76184
1.74373
1.71138
1.65961
1.58201
1.471
1.31669
1.10774
0.826511
0.453744
-0.0609758
-0.658077
-1.7047
1.71715
1.71799
1.72129
1.72475
1.72779
1.72873
1.7255
1.71538
1.69492
1.6598
1.60479
1.52333
1.40771
1.24767
1.0317
0.74093
0.358117
-0.177473
-0.793594
-1.85542
1.6775
1.67829
1.68125
1.68401
1.68603
1.68563
1.68074
1.66861
1.64577
1.60786
1.54956
1.46419
1.34388
1.17805
0.955071
0.654767
0.262428
-0.291596
-0.927285
-2.00625
1.63775
1.63847
1.64103
1.64307
1.64406
1.64231
1.63573
1.62158
1.59635
1.55563
1.49404
1.40474
1.27975
1.10813
0.878255
0.56848
0.166702
-0.404699
-1.06323
-2.16391
1.59794
1.59855
1.60068
1.60197
1.60189
1.59876
1.59049
1.57429
1.54665
1.50308
1.43814
1.34484
1.21508
1.03749
0.800523
0.480865
0.0687345
-0.520324
-1.20512
-2.32987
1.55807
1.55856
1.56022
1.56073
1.55956
1.55503
1.54504
1.52677
1.49668
1.45023
1.38188
1.28448
1.1498
0.966016
0.721622
0.391559
-0.0320742
-0.639076
-1.35231
-2.5026
1.51819
1.51852
1.51968
1.51939
1.51711
1.51116
1.49942
1.47907
1.44651
1.39712
1.3253
1.22372
1.08399
0.89381
0.641706
0.300854
-0.135242
-0.7602
-1.50335
-2.68106
1.47831
1.47846
1.47909
1.47798
1.47457
1.46719
1.45369
1.43123
1.39617
1.34382
1.26848
1.16263
1.01776
0.821018
0.560963
0.209075
-0.24029
-0.883226
-1.65756
-2.86486
1.43845
1.43842
1.43848
1.43653
1.43199
1.42315
1.40788
1.3833
1.34572
1.29037
1.21147
1.1013
0.951184
0.747742
0.479511
0.116398
-0.346987
-1.00807
-1.81468
-3.05361
1.39864
1.39841
1.39789
1.39509
1.38939
1.3791
1.36204
1.33532
1.2952
1.23684
1.15433
1.03977
0.884325
0.674059
0.39743
0.0229272
-0.455185
-1.13469
-1.97449
-3.24682
1.3589
1.35846
1.35734
1.35368
1.34682
1.33506
1.31621
1.28734
1.24467
1.18326
1.09711
0.978107
0.817247
0.600047
0.314801
-0.0712382
-0.564713
-1.26296
-2.13667
-3.44393
1.31927
1.3186
1.31687
1.31234
1.30432
1.29108
1.27044
1.23941
1.19417
1.12969
1.03987
0.916369
0.750013
0.525781
0.23171
-0.165992
-0.675382
-1.39273
-2.30091
-3.64444
1.27975
1.27885
1.2765
1.2711
1.26191
1.2472
1.22476
1.19157
1.14375
1.07618
0.982662
0.854614
0.682685
0.451336
0.148243
-0.261234
-0.78701
-1.5238
-2.46696
-3.84785
1.24038
1.23925
1.23626
1.23
1.21963
1.20345
1.17922
1.14386
1.09345
1.02279
0.925532
0.792899
0.615323
0.376778
0.0644805
-0.356873
-0.899438
-1.65601
-2.63457
-4.05367
1.20118
1.19981
1.19619
1.18906
1.17753
1.15988
1.13385
1.09633
1.04333
0.969546
0.868533
0.731276
0.547982
0.302173
-0.0195021
-0.45283
-1.01253
-1.78919
-2.80353
-4.26139
1.16217
1.16057
1.15631
1.14831
1.13563
1.11652
1.0887
1.04901
0.993423
0.916512
0.811713
0.669798
0.480716
0.227577
-0.103636
-0.549032
-1.12616
-1.92319
-2.97364
-4.47053
3.45769
3.46245
3.47277
3.48911
3.51097
3.53742
3.56745
3.6
3.634
3.66838
3.70213
3.73432
3.76417
3.79109
3.81465
3.83463
3.85095
3.8637
3.87298
3.87898
3.43634
3.44124
3.45189
3.46875
3.49135
3.51874
3.5499
3.58379
3.61933
3.65545
3.69111
3.72537
3.75743
3.78663
3.81253
3.83482
3.85338
3.8682
3.87924
3.8866
3.39742
3.40257
3.41377
3.43153
3.45536
3.48433
3.51741
3.55356
3.59172
3.63079
3.66972
3.70752
3.74335
3.77651
3.80643
3.83275
3.85522
3.87371
3.88778
3.89737
3.34393
3.34938
3.36124
3.38009
3.40543
3.43631
3.47174
3.51068
3.55205
3.59475
3.6377
3.6799
3.72044
3.75853
3.79353
3.82493
3.85239
3.87562
3.89361
3.90512
3.27835
3.28411
3.29666
3.31663
3.34353
3.3764
3.41426
3.45609
3.50081
3.54731
3.5945
3.64132
3.68684
3.73018
3.77062
3.8075
3.84036
3.86891
3.89161
3.90228
3.20291
3.20894
3.22212
3.24311
3.27143
3.30613
3.34621
3.39069
3.43848
3.48847
3.53957
3.59068
3.64082
3.68907
3.73458
3.7766
3.81446
3.84762
3.8743
3.88699
3.11963
3.12587
3.13955
3.16137
3.19083
3.22697
3.26883
3.31542
3.36567
3.41846
3.47266
3.5272
3.58104
3.6332
3.68278
3.72888
3.77078
3.80775
3.83515
3.84957
3.03041
3.03679
3.05079
3.07316
3.10336
3.14045
3.18346
3.23141
3.28323
3.33778
3.39394
3.45061
3.5067
3.56122
3.61316
3.66157
3.7057
3.74408
3.7702
3.78292
2.93701
2.94344
2.95757
2.98016
3.01066
3.04809
3.09152
3.13993
3.19225
3.24732
3.30399
3.36112
3.41762
3.47242
3.52444
3.57266
3.61624
3.65299
3.67415
3.68134
2.84107
2.84744
2.86149
2.88397
2.91428
2.95143
2.99448
3.04239
3.09404
3.14825
3.2038
3.25951
3.31423
3.36683
3.41612
3.46097
3.50048
3.53151
3.54262
3.5394
2.74401
2.75024
2.76402
2.78606
2.8157
2.85196
2.89384
2.94028
2.99008
3.04199
3.09472
3.14699
3.19756
3.24517
3.28852
3.32626
3.35742
3.37766
3.37236
3.35241
2.6471
2.65311
2.66643
2.68772
2.71627
2.75106
2.79105
2.83509
2.88191
2.93014
2.97835
3.02514
3.0691
3.1088
3.1427
3.16916
3.18707
3.19064
3.1613
3.11651
2.55141
2.55713
2.56984
2.59013
2.61721
2.65001
2.68745
2.72828
2.77109
2.81434
2.85645
2.89579
2.93073
2.95957
2.9804
2.99111
2.99043
2.9708
2.90858
2.82882
2.45782
2.46319
2.47517
2.49424
2.51954
2.54995
2.58429
2.6212
2.65909
2.69624
2.73082
2.76091
2.78456
2.79968
2.80386
2.79426
2.76936
2.71967
2.61471
2.48754
2.36702
2.37201
2.38317
2.40086
2.42413
2.45181
2.48263
2.51505
2.5473
2.5774
2.60322
2.62248
2.63281
2.63159
2.61569
2.58125
2.52643
2.43984
2.28169
2.09215
2.27955
2.28412
2.2944
2.3106
2.33167
2.35639
2.38336
2.41087
2.43691
2.45923
2.47531
2.48244
2.4777
2.45784
2.41879
2.35526
2.26484
2.13481
1.91297
1.64344
2.19578
2.19991
2.20928
2.2239
2.24267
2.26428
2.28719
2.30951
2.32896
2.34296
2.34857
2.34254
2.32129
2.28079
2.21587
2.11934
1.98772
1.80847
1.51388
1.14375
2.116
2.11971
2.12819
2.1412
2.15759
2.17599
2.19471
2.21165
2.22427
2.22962
2.22429
2.20442
2.16567
2.10306
2.01025
1.87768
1.6995
1.46506
1.09066
0.595664
2.04037
2.04381
2.05158
2.06309
2.07718
2.09237
2.10684
2.11825
2.1238
2.12011
2.10329
2.0688
2.01143
1.92505
1.80198
1.63017
1.39977
1.10391
0.650681
0.00389573
1.96869
1.97156
1.97853
1.98848
2.0003
2.01244
2.02289
2.0291
2.02793
2.01556
1.98752
1.93848
1.86223
1.75127
1.59638
1.38298
1.09484
0.723797
0.189394
-0.641789
3.88112
3.88167
3.88196
3.88205
3.88195
3.88164
3.88113
3.88041
3.87946
3.8783
3.87692
3.8753
3.87344
3.87134
3.86898
3.86636
3.86348
3.86032
3.85687
3.85313
3.89062
3.89145
3.8917
3.89176
3.89164
3.89129
3.89071
3.8899
3.88884
3.88755
3.886
3.88419
3.88212
3.87978
3.87716
3.87425
3.87105
3.86754
3.86373
3.85959
3.90514
3.90656
3.90684
3.90689
3.90678
3.90642
3.90578
3.90485
3.90364
3.90214
3.90035
3.89826
3.89586
3.89314
3.8901
3.88674
3.88304
3.879
3.87461
3.86986
3.91877
3.92113
3.92158
3.92179
3.92188
3.92167
3.92109
3.92017
3.9189
3.91727
3.91529
3.91293
3.9102
3.90709
3.90359
3.8997
3.89542
3.89073
3.88563
3.88012
3.92774
3.93004
3.93077
3.93155
3.93213
3.93227
3.93196
3.93122
3.93003
3.92839
3.9263
3.92374
3.92072
3.91723
3.91326
3.90881
3.90388
3.89845
3.89254
3.88612
3.91814
3.92414
3.92641
3.92818
3.92976
3.93082
3.93129
3.93117
3.93045
3.92914
3.92724
3.92473
3.92162
3.9179
3.91357
3.90863
3.90308
3.89691
3.89013
3.88273
3.89045
3.89908
3.90328
3.90677
3.90992
3.91238
3.91406
3.91496
3.91507
3.91439
3.91296
3.91074
3.90773
3.90394
3.89937
3.89401
3.88787
3.88095
3.87325
3.86477
3.83485
3.84698
3.85413
3.86021
3.86569
3.87024
3.87375
3.87623
3.87769
3.87813
3.87753
3.87592
3.87329
3.86965
3.86501
3.85936
3.85271
3.84507
3.83642
3.82678
3.74516
3.76176
3.77299
3.78262
3.79128
3.79867
3.80471
3.8094
3.81275
3.81478
3.81546
3.81484
3.8129
3.80967
3.80515
3.79934
3.79226
3.7839
3.77427
3.76336
3.61541
3.63758
3.65409
3.66831
3.68107
3.69216
3.7015
3.70908
3.71494
3.71907
3.72144
3.72224
3.72134
3.71878
3.71458
3.70875
3.70129
3.69221
3.68152
3.66922
3.44061
3.46957
3.49259
3.51248
3.53034
3.54603
3.55946
3.57066
3.57967
3.58651
3.59122
3.59372
3.59414
3.59248
3.58875
3.58296
3.57513
3.56527
3.55339
3.53947
3.21654
3.25362
3.2844
3.31104
3.33499
3.35618
3.37454
3.3901
3.4029
3.413
3.42036
3.42487
3.42704
3.42656
3.42347
3.41781
3.4096
3.39886
3.38558
3.36977
2.93981
2.98644
3.02613
3.06059
3.09164
3.11925
3.14336
3.16401
3.18125
3.19514
3.20577
3.2132
3.21703
3.21782
3.21545
3.20991
3.20123
3.18944
3.17452
3.15648
2.60774
2.66537
2.71501
2.75826
2.79733
2.83221
2.86283
2.88925
2.91154
2.92976
2.94399
2.95427
2.96046
2.96273
2.96123
2.95587
2.94669
2.93369
2.91689
2.89627
2.21859
2.28866
2.3491
2.40197
2.44985
2.49269
2.53045
2.56321
2.59104
2.614
2.63219
2.64571
2.65452
2.65827
2.65761
2.65242
2.64263
2.62827
2.60935
2.58583
1.77161
1.85539
1.92719
1.99025
2.04749
2.09878
2.14412
2.1836
2.21729
2.24527
2.2676
2.2844
2.29579
2.30168
2.30136
2.29618
2.28564
2.26967
2.24829
2.22147
1.26771
1.36635
1.44988
1.52366
1.59072
1.65082
1.70398
1.75029
1.78987
1.82278
1.84911
1.86895
1.88245
1.88981
1.89087
1.88437
1.87247
1.8543
1.82983
1.79905
0.707115
0.822264
0.917774
1.00224
1.07891
1.14755
1.20827
1.26119
1.30643
1.34409
1.37423
1.39694
1.41229
1.42048
1.42171
1.41568
1.40056
1.37993
1.35206
1.3169
0.0915906
0.219129
0.324803
0.420733
0.50875
0.587908
0.658018
0.719073
0.77113
0.814277
0.848614
0.874234
0.891224
0.899679
0.89977
0.891822
0.875877
0.849917
0.816986
0.775467
-0.568852
-0.399
-0.269625
-0.158638
-0.0608397
0.0250217
0.0998073
0.164017
0.217948
0.261802
0.295726
0.319839
0.334229
0.338961
0.334143
0.320069
0.297045
0.264378
0.220826
0.168302
3.84908
3.84472
3.84004
3.83503
3.82969
3.824
3.81795
3.81155
3.80478
3.79763
3.79011
3.78221
3.77392
3.76524
3.75617
3.74671
3.73685
3.7266
3.71595
3.70503
3.85513
3.85033
3.8452
3.83971
3.83387
3.82766
3.82109
3.81415
3.80683
3.79914
3.79106
3.78261
3.77377
3.76454
3.75494
3.74497
3.73462
3.72385
3.71269
3.70167
3.86475
3.85927
3.85341
3.84718
3.84055
3.83353
3.82612
3.81831
3.8101
3.80149
3.79247
3.78306
3.77324
3.76303
3.75243
3.74145
3.73008
3.71822
3.7059
3.69444
3.87418
3.86782
3.86104
3.85381
3.84616
3.83806
3.82951
3.82053
3.8111
3.80122
3.79091
3.78015
3.76896
3.75733
3.74528
3.73283
3.71994
3.7064
3.69229
3.67998
3.8792
3.87178
3.86384
3.8554
3.84644
3.83697
3.82697
3.81646
3.80543
3.79389
3.78182
3.76925
3.75616
3.74257
3.72849
3.71395
3.69889
3.6829
3.66608
3.6525
3.8747
3.86605
3.85678
3.84689
3.83636
3.82521
3.81342
3.80101
3.78796
3.77429
3.75999
3.74506
3.72951
3.71333
3.69657
3.67926
3.6613
3.64193
3.62132
3.6062
3.8555
3.84545
3.83462
3.823
3.81059
3.79739
3.7834
3.76863
3.75305
3.73669
3.71953
3.70158
3.68283
3.66328
3.64297
3.62201
3.60016
3.5763
3.55055
3.53232
3.81614
3.8045
3.79187
3.77824
3.7636
3.74796
3.73131
3.71364
3.69496
3.67526
3.65454
3.63278
3.60998
3.58612
3.56128
3.53562
3.50879
3.47896
3.4461
3.42386
3.75118
3.73774
3.72302
3.70703
3.68976
3.6712
3.65134
3.63018
3.60771
3.58391
3.55878
3.53231
3.50445
3.47518
3.44464
3.41309
3.37998
3.34236
3.29997
3.27291
3.6553
3.63978
3.62264
3.60388
3.58349
3.56146
3.53777
3.51242
3.48537
3.45663
3.42616
3.39394
3.35991
3.32402
3.28648
3.2478
3.20706
3.15961
3.10481
3.0722
3.52352
3.50556
3.48556
3.46353
3.43943
3.41327
3.38501
3.35464
3.32212
3.28744
3.25057
3.21146
3.17001
3.12612
3.08017
3.033
2.98324
2.92363
2.85292
2.81406
3.35143
3.33058
3.30719
3.28126
3.25276
3.22168
3.18798
3.15164
3.11261
3.07087
3.02638
2.97909
2.92881
2.8754
2.81946
2.76237
2.70212
2.62773
2.53694
2.49103
3.13531
3.11104
3.08365
3.05311
3.01941
2.98252
2.9424
2.899
2.85229
2.80222
2.74877
2.69186
2.63121
2.56657
2.49885
2.43025
2.35797
2.26598
2.15039
2.09652
2.87184
2.84363
2.8116
2.77573
2.73599
2.69235
2.64477
2.5932
2.53757
2.47784
2.41399
2.34593
2.27328
2.19562
2.11422
2.03238
1.94661
1.83442
1.68952
1.62721
2.55772
2.52506
2.48781
2.44593
2.39939
2.34815
2.29214
2.23132
2.16561
2.09495
2.01934
1.93871
1.85256
1.76028
1.66343
1.5668
1.46657
1.33285
1.15579
1.08525
2.18922
2.15158
2.10851
2.05997
2.00591
1.94627
1.88099
1.81001
1.73323
1.65059
1.56212
1.46782
1.36718
1.25935
1.14604
1.03364
0.918963
0.76476
0.555423
0.476234
1.76198
1.71868
1.66907
1.61311
1.55074
1.48191
1.40657
1.32464
1.23607
1.14081
1.0389
0.930488
0.815207
0.692022
0.562314
0.433609
0.30457
0.13262
-0.106435
-0.198033
1.27451
1.22497
1.16825
1.10432
1.03315
0.954716
0.868978
0.775908
0.675474
0.567648
0.452472
0.330111
0.200392
0.0621863
-0.0841583
-0.231455
-0.377903
-0.565934
-0.828968
-0.937494
0.725544
0.667533
0.601449
0.527301
0.445088
0.354814
0.256492
0.150143
0.035785
-0.0865806
-0.216944
-0.355194
-0.501282
-0.655944
-0.81976
-0.987563
-1.15337
-1.34881
-1.61128
-1.71795
0.106777
0.0361741
-0.0435997
-0.132536
-0.230602
-0.337747
-0.453899
-0.578959
-0.712793
-0.855223
-1.00601
-1.16477
-1.33083
-1.50338
-1.68172
-1.86236
-2.03647
-2.21037
-2.4071
-2.45752
3.6779
3.62526
3.56269
3.48946
3.40438
3.30638
3.19486
3.06965
2.93098
2.77956
2.61658
2.44378
2.26332
2.07775
1.88991
1.70271
1.51908
1.34174
1.1731
1.01516
0.869413
0.736853
0.617974
0.512788
0.420954
0.341775
0.274386
0.217701
0.170646
0.132009
0.100751
0.0756996
0.0559897
0.040582
0.0288867
0.0199403
0.0133914
0.0082693
0.00452501
0.00108949
3.6761
3.62086
3.55537
3.47956
3.39181
3.29098
3.17664
3.04875
2.90766
2.75413
2.58945
2.41539
2.23416
2.04834
1.86076
1.67433
1.49193
1.3162
1.14948
0.99366
0.850163
0.719876
0.603221
0.500147
0.410268
0.332856
0.267033
0.211708
0.165816
0.128159
0.0977129
0.0733359
0.0541813
0.0392133
0.0278576
0.0191909
0.0128572
0.00793228
0.00434402
0.00106844
3.6711
3.61091
3.54048
3.4601
3.36753
3.26174
3.1426
3.01026
2.86519
2.70829
2.54092
2.36497
2.1827
1.99673
1.80988
1.62502
1.44494
1.27216
1.10888
0.956829
0.817265
0.690929
0.578115
0.47867
0.392136
0.317742
0.254584
0.201574
0.157655
0.12166
0.0925884
0.0693477
0.0511074
0.0368974
0.0261099
0.0179275
0.0119455
0.00737057
0.00402398
0.00104262
3.65893
3.59164
3.51533
3.42897
3.33006
3.21811
3.09322
2.95567
2.80605
2.64539
2.4752
2.29742
2.11441
1.9288
1.74341
1.56102
1.38431
1.21566
1.05704
0.910009
0.775606
0.654398
0.546523
0.451714
0.369427
0.298845
0.239042
0.188935
0.147486
0.113569
0.0862098
0.0643794
0.0472673
0.0340027
0.0239255
0.0163508
0.0108039
0.0066707
0.00361259
0.00101218
3.63451
3.55688
3.47519
3.38224
3.27651
3.15829
3.02776
2.88525
2.73145
2.56752
2.39508
2.21619
2.03324
1.84891
1.66595
1.48708
1.3148
1.15131
0.998383
0.857317
0.728955
0.613667
0.511434
0.421872
0.344358
0.278032
0.221956
0.175063
0.136338
0.104706
0.079229
0.0589469
0.0430738
0.0308289
0.02153
0.0146228
0.00954868
0.00590262
0.00314887
0.000978044
3.59346
3.49871
3.41465
3.31565
3.20393
3.08047
2.94539
2.79905
2.64226
2.47629
2.30285
2.12407
1.94243
1.76058
1.58122
1.40697
1.24015
1.08275
0.936309
0.801909
0.680171
0.571281
0.475073
0.391062
0.318555
0.256666
0.204454
0.160878
0.124955
0.0956658
0.0721142
0.0534132
0.0387976
0.0275762
0.0190861
0.0128604
0.00826488
0.00511786
0.00266268
0.000943602
3.51886
3.41925
3.33
3.22565
3.11007
2.98333
2.84562
2.69739
2.53951
2.37333
2.20063
2.02363
1.84481
1.66683
1.49233
1.32378
1.16334
1.01278
0.873436
0.746153
0.631361
0.529084
0.439032
0.360633
0.293151
0.235685
0.187304
0.147002
0.113834
0.0868431
0.0651764
0.0480191
0.0346337
0.024421
0.0167018
0.01114
0.00700932
0.00435069
0.00217573
0.000912089
3.41183
3.3074
3.21664
3.1097
2.99315
2.86598
2.72843
2.58098
2.42452
2.26045
2.09061
1.91727
1.74295
1.57029
1.40185
1.23999
1.0867
0.943554
0.81168
0.691741
0.583995
0.488335
0.404371
0.331475
0.268879
0.215688
0.17099
0.133822
0.103285
0.0784815
0.0586057
0.0429124
0.0306942
0.0214336
0.0144423
0.00950918
0.00581712
0.00362187
0.00170294
0.000885143
3.26568
3.15824
3.07156
2.96566
2.85215
2.72828
2.59445
2.45104
2.29896
2.13963
1.97496
1.80726
1.63911
1.47314
1.31186
1.15751
1.01194
0.876573
0.752354
0.639796
0.539022
0.449823
0.371743
0.304116
0.246166
0.197017
0.155785
0.121556
0.0934779
0.0707139
0.052505
0.0381726
0.0270382
0.0186603
0.0123437
0.00799419
0.00470743
0.00294255
0.00125397
0.000862724
3.07427
2.96828
2.89187
2.79224
2.68681
2.5708
2.4449
2.30925
2.16478
2.01296
1.85579
1.69567
1.53524
1.37717
1.22394
1.07772
0.940263
0.812846
0.696293
0.590996
0.496985
0.413981
0.341486
0.278822
0.225221
0.179833
0.141814
0.110299
0.0844856
0.0635966
0.0469175
0.0338326
0.0236906
0.0161212
0.0104225
0.00660572
0.00368841
0.00231751
0.000834459
0.000843673
2.83166
2.73469
2.6753
2.58896
2.49758
2.39483
2.28151
2.1576
2.02407
1.88252
1.73507
1.5843
1.43295
1.28377
1.13928
1.0016
0.872439
0.752979
0.643958
0.545688
0.458137
0.380989
0.313728
0.255681
0.206101
0.164175
0.129101
0.100067
0.0763183
0.0571361
0.0418471
0.0298955
0.0206532
0.0138181
0.00867916
0.00534482
0.00276126
0.00174742
0.000447188
0.00082637
2.53184
2.4553
2.42035
2.35611
2.28572
2.20213
2.10638
1.99828
1.87896
1.75027
1.61457
1.47465
1.33349
1.19396
1.05866
0.929756
0.808907
0.697274
0.595541
0.503981
0.422529
0.350856
0.28845
0.234659
0.188767
0.150002
0.117608
0.0908256
0.0689471
0.0513084
0.0372745
0.0263457
0.0179142
0.0117416
0.00710611
0.00420669
0.00192301
0.00123056
9.29397e-05
0.000809239
2.16964
2.12952
2.12729
2.09528
2.05355
1.99526
1.92206
1.83366
1.73158
1.61804
1.49578
1.36795
1.23781
1.10844
0.982596
0.862499
0.749849
0.645807
0.551044
0.465822
0.390075
0.323481
0.265548
0.215656
0.173124
0.13723
0.107262
0.0825141
0.0623214
0.0460725
0.033167
0.0231579
0.015454
0.00987693
0.00569237
0.00318411
0.00116826
0.000763761
-0.00022885
0.00079102
1.74331
1.76018
1.79976
1.81014
1.80497
1.7779
1.73178
1.66655
1.58423
1.48767
1.38013
1.26525
1.14664
1.0277
0.911352
0.799956
0.695275
0.598506
0.510342
0.43106
0.360611
0.2987
0.244865
0.198526
0.159047
0.125751
0.0979732
0.0750568
0.0563796
0.0413791
0.0294857
0.0203016
0.0132492
0.0082063
0.00442481
0.00226731
0.000490484
0.000343189
-0.000519614
0.00077088
1.25469
1.3523
1.44365
1.50542
1.5446
1.55426
1.5392
1.49996
1.43933
1.36104
1.26904
1.16754
1.06067
0.952142
0.845138
0.742178
0.645127
0.555243
0.473264
0.399502
0.333941
0.276324
0.226228
0.183118
0.146401
0.11545
0.0896443
0.0683749
0.0510581
0.0371774
0.0261904
0.0177455
0.0112756
0.00671143
0.0032898
0.00144644
-0.000117211
-3.52354e-05
-0.000781306
0.0007484
0.700939
0.903391
1.05986
1.1821
1.27416
1.3265
1.3463
1.33568
1.29843
1.23939
1.16344
1.07554
0.980354
0.882045
0.784078
0.689173
0.599326
0.515882
0.439642
0.370965
0.309881
0.256178
0.209476
0.169286
0.135061
0.106221
0.0821864
0.0623948
0.046297
0.0334192
0.0232433
0.01546
0.00951058
0.00537485
0.00227425
0.000712041
-0.000661537
-0.000375516
-0.00101614
0.000723494
0.0630647
0.391949
0.636784
0.832873
0.988739
1.09139
1.15074
1.17202
1.16022
1.12171
1.06254
0.988562
0.905141
0.816928
0.727745
0.640555
0.557521
0.480102
0.409182
0.345184
0.288196
0.238054
0.194427
0.156875
0.124896
0.0979538
0.0755101
0.0570437
0.0420378
0.0300581
0.0206074
0.0134163
0.00793184
0.00417961
0.00136551
5.48372e-05
-0.00114902
-0.000681649
-0.00122637
0.000696258
-0.677323
-0.204394
0.164209
0.452438
0.683801
0.844687
0.949025
1.00547
1.0214
1.00494
0.96356
0.904156
0.832876
0.754937
0.674563
0.595
0.518608
0.44699
0.381131
0.321544
0.268381
0.221542
0.180752
0.145621
0.115694
0.0904806
0.069482
0.052217
0.0381992
0.0270311
0.0182351
0.0115781
0.00651231
0.00310551
0.000549034
-0.000535684
-0.00158668
-0.000958091
-0.00141426
0.000666896
-1.46438
-0.841416
-0.318327
0.0721467
0.382164
0.602399
0.751938
0.843178
0.886367
0.891511
0.867543
0.822429
0.763078
0.69525
0.623546
0.551477
0.481589
0.415623
0.354672
0.299333
0.249835
0.206142
0.168039
0.135189
0.107187
0.0835896
0.0639365
0.0477866
0.0346832
0.0242642
0.0160708
0.00990438
0.00522227
0.00213127
-0.000190171
-0.00106963
-0.00198138
-0.00120855
-0.00158238
0.000636295
-2.08892
-1.35653
-0.681943
-0.212436
0.158157
0.421144
0.603154
0.719129
0.781698
0.802303
0.790926
0.756305
0.705881
0.645778
0.580838
0.51473
0.450109
0.388789
0.331923
0.280158
0.233768
0.192762
0.156966
0.126085
0.0997506
0.077557
0.0590757
0.0438992
0.0315952
0.0218327
0.0141671
0.00843209
0.00408603
0.00127388
-0.000842608
-0.00153957
-0.00233158
-0.00142906
-0.00173397
0.000606997
-2.26017
-1.54299
-0.778134
-0.288329
0.102685
0.375808
0.565735
0.687568
0.754718
0.778957
0.770479
0.738221
0.689776
0.631379
0.567951
0.503213
0.439851
0.379696
0.323909
0.27314
0.227664
0.18749
0.152444
0.122236
0.0964972
0.0748285
0.0568034
0.0420232
0.030056
0.0205832
0.0131565
0.00762786
0.00344358
0.000776841
-0.00123644
-0.00182794
-0.00255915
-0.00157073
-0.0018432
0.000584256
-2.34617
-1.66381
-0.854085
-0.359795
0.0402129
0.318747
0.513385
0.639118
0.709744
0.737333
0.732221
0.703399
0.658433
0.603497
0.543433
0.481884
0.421482
0.364021
0.310647
0.262009
0.218392
0.179823
0.14615
0.117105
0.0923448
0.0714922
0.054142
0.0399165
0.0284002
0.0192932
0.0121578
0.00686352
0.0028605
0.000340699
-0.0015645
-0.00206335
-0.00273271
-0.00168117
-0.00191773
0.000559488
-2.49465
-1.81196
-0.95445
-0.445337
-0.032268
0.255154
0.45634
0.58712
0.66185
0.693093
0.691461
0.666103
0.624631
0.573189
0.516561
0.458322
0.401041
0.346466
0.295713
0.249419
0.20787
0.171102
0.138982
0.11126
0.0876177
0.0677006
0.0511255
0.0375377
0.0265397
0.017852
0.0110505
0.00602246
0.00222618
-0.000129589
-0.001912
-0.00231112
-0.00290984
-0.00179529
-0.00198894
0.000532648
-2.66602
-1.95811
-1.06072
-0.53284
-0.106737
0.190686
0.399032
0.535451
0.614781
0.650092
0.652253
0.630562
0.592676
0.544725
0.491452
0.436386
0.382055
0.330181
0.281864
0.237739
0.198097
0.162989
0.132299
0.105798
0.0831884
0.0641377
0.0482825
0.0352884
0.0247748
0.0164804
0.00999307
0.00521675
0.00161649
-0.000582991
-0.00224806
-0.00255144
-0.00308194
-0.00190679
-0.00205789
0.000506377
-2.85696
-2.10401
-1.17306
-0.622408
-0.183113
0.125215
0.341161
0.483599
0.567837
0.607466
0.613625
0.595755
0.561555
0.517148
0.46724
0.415321
0.363888
0.314644
0.268683
0.226641
0.188824
0.155298
0.125966
0.100622
0.0789896
0.0607578
0.0455828
0.0331501
0.0230945
0.0151724
0.00898278
0.00444545
0.00103145
-0.00101899
-0.00257214
-0.00278373
-0.00324877
-0.00201533
-0.00212482
0.000480491
-3.06232
-2.2493
-1.29016
-0.713716
-0.261071
0.0588588
0.282798
0.431576
0.520972
0.565107
0.575394
0.561427
0.530956
0.490101
0.443542
0.394739
0.346164
0.299505
0.255853
0.215849
0.179813
0.147828
0.119818
0.0955996
0.0749159
0.0574791
0.0429639
0.0310755
0.0214639
0.0139027
0.00800169
0.00369608
0.000462733
-0.00144309
-0.00288755
-0.00301008
-0.00341129
-0.00212156
-0.00218968
0.000454656
-3.27934
-2.39495
-1.41138
-0.80675
-0.34039
-0.0082707
0.224061
0.379485
0.474284
0.523105
0.537647
0.527657
0.500946
0.463639
0.420402
0.37467
0.328901
0.284771
0.243372
0.205356
0.171053
0.140568
0.113843
0.0907178
0.0709563
0.0542918
0.0404176
0.0290578
0.0198776
0.0126671
0.00704657
0.00296625
-9.13651e-05
-0.00185653
-0.00319507
-0.00323104
-0.00356973
-0.00222568
-0.0022525
0.000428796
-3.50567
-2.54166
-1.53601
-0.90147
-0.420865
-0.0760709
0.16505
0.327407
0.427843
0.481522
0.500437
0.494492
0.471566
0.437801
0.397854
0.355148
0.312128
0.270469
0.231266
0.195181
0.162562
0.133531
0.108052
0.0859864
0.067118
0.0512012
0.0379478
0.0271
0.0183377
0.0114669
0.00611837
0.00225655
-0.000630499
-0.00225912
-0.00349462
-0.0034466
-0.00372412
-0.00232772
-0.0023133
0.000402891
-3.73948
-2.69002
-1.66347
-0.997847
-0.502329
-0.144452
0.105848
0.275411
0.381704
0.440398
0.463792
0.461951
0.442829
0.412594
0.375902
0.336173
0.295847
0.256599
0.219534
0.185326
0.15434
0.126718
0.102446
0.0814052
0.0634009
0.0482076
0.0355545
0.0252022
0.0168442
0.0103024
0.00521711
0.00156697
-0.00115468
-0.00265089
-0.00378624
-0.00365681
-0.00387449
-0.00242771
-0.00237214
0.000376898
-3.9793
-2.84049
-1.79324
-1.09584
-0.584645
-0.213334
0.0465267
0.223554
0.335914
0.399771
0.427739
0.43005
0.414743
0.388018
0.354544
0.31774
0.280049
0.243153
0.208167
0.175781
0.146379
0.120123
0.0970191
0.0769703
0.059802
0.0453084
0.0332361
0.0233629
0.0153961
0.00917251
0.0043422
0.000897094
-0.00166423
-0.0030321
-0.00407009
-0.0038618
-0.00402093
-0.00252572
-0.00242906
0.000350761
-4.22395
-2.99339
-1.92494
-1.1954
-0.667709
-0.282651
-0.0128587
0.171884
0.290508
0.359666
0.392294
0.398798
0.387311
0.364074
0.333775
0.299843
0.264728
0.230124
0.19716
0.166543
0.138675
0.113741
0.0917676
0.0726782
0.0563183
0.0425012
0.0309904
0.0215806
0.0139922
0.00807656
0.00349302
0.000246427
-0.0021595
-0.003403
-0.00434638
-0.00406172
-0.00416353
-0.00262181
-0.0024841
0.000324422
-4.47245
-3.14894
-2.05825
-1.29647
-0.751447
-0.352348
-0.0722655
0.120435
0.245513
0.320101
0.357468
0.3682
0.360533
0.340758
0.313591
0.282476
0.249879
0.217507
0.186506
0.157604
0.131223
0.107568
0.0866876
0.0685258
0.0529472
0.0397841
0.028816
0.0198541
0.0126314
0.00701371
0.00266895
-0.000385485
-0.00264082
-0.00376385
-0.00461527
-0.00425672
-0.00430239
-0.00271606
-0.00253732
0.000297819
-4.72401
-3.30726
-2.19297
-1.39901
-0.835809
-0.422385
-0.131664
0.0692329
0.200947
0.281088
0.323266
0.338256
0.334404
0.318063
0.293983
0.26563
0.235491
0.205292
0.176199
0.148959
0.124017
0.101599
0.0817752
0.0645098
0.0496861
0.0371547
0.026711
0.0181819
0.0113129
0.00598313
0.00186937
-0.000999113
-0.00310854
-0.00411492
-0.00487696
-0.00444694
-0.0044376
-0.00280853
-0.00258876
0.000270891
-4.97794
-3.46841
-2.32894
-1.50296
-0.920771
-0.492734
-0.19104
0.0182907
0.156816
0.242629
0.289686
0.30896
0.308917
0.295979
0.27494
0.249296
0.221556
0.193472
0.166229
0.1406
0.117051
0.0958296
0.0770265
0.0606268
0.0465322
0.0346108
0.0246736
0.0165627
0.0100354
0.004984
0.00109365
-0.00159494
-0.00356304
-0.00445648
-0.00513165
-0.00463254
-0.00456926
-0.00289929
-0.00263847
0.000243578
-5.23366
-3.63239
-2.46607
-1.60828
-1.00633
-0.563384
-0.250387
-0.0323889
0.113121
0.20472
0.25672
0.280301
0.284058
0.274493
0.256449
0.233459
0.208063
0.182036
0.15659
0.132521
0.110319
0.090254
0.072437
0.0568733
0.0434826
0.0321503
0.0227021
0.014995
0.0087978
0.00401544
0.000341138
-0.00217347
-0.00400467
-0.00478882
-0.00537954
-0.00481366
-0.00469748
-0.00298842
-0.00268651
0.00021582
-5.49064
-3.79919
-2.60434
-1.71495
-1.09251
-0.634336
-0.309717
-0.0828138
0.0698511
0.167348
0.224354
0.252264
0.259813
0.25359
0.238497
0.218108
0.194999
0.170973
0.147272
0.124714
0.103815
0.0848673
0.0680026
0.0532459
0.0405345
0.0297707
0.0207946
0.0134774
0.00759903
0.00307658
-0.000388844
-0.00273521
-0.00443382
-0.00511223
-0.00562085
-0.00499047
-0.00482236
-0.00307599
-0.00273293
0.00018756
-5.74846
-3.96878
-2.74375
-1.82295
-1.17932
-0.705607
-0.369048
-0.133001
0.0269883
0.130495
0.192569
0.224829
0.236163
0.233251
0.221065
0.203228
0.182351
0.160274
0.138265
0.117171
0.0975325
0.0796641
0.0637188
0.0497409
0.037685
0.0274698
0.0189493
0.0120084
0.00643794
0.00216655
-0.00109696
-0.00328067
-0.00485087
-0.00542699
-0.00585577
-0.00516313
-0.00494402
-0.00316207
-0.00277778
0.000158742
-6.00676
-4.14117
-2.88437
-1.93229
-1.26684
-0.777232
-0.428415
-0.18298
-0.0154935
0.0941369
0.161341
0.197975
0.213085
0.213458
0.204138
0.188802
0.170106
0.149925
0.129559
0.109884
0.0914641
0.0746386
0.059581
0.0463546
0.0349311
0.0252451
0.0171642
0.0105866
0.00531336
0.00128446
-0.0017839
-0.00381037
-0.00525621
-0.0057334
-0.00608454
-0.00533179
-0.00506257
-0.00324674
-0.00282111
0.000129316
-6.2653
-4.3164
-3.02632
-2.04304
-1.35513
-0.849266
-0.487866
-0.232791
-0.0576302
0.0582407
0.130641
0.171675
0.190556
0.194187
0.187694
0.174813
0.158249
0.139914
0.121144
0.102844
0.0856031
0.0697853
0.0555846
0.0430833
0.0322699
0.0230944
0.0154376
0.0092104
0.00422417
0.000429422
-0.00245033
-0.00432481
-0.00565024
-0.00603173
-0.00630738
-0.00549656
-0.00517818
-0.00332999
-0.00286304
9.92414e-05
-6.52365
-4.49444
-3.16973
-2.15527
-1.44429
-0.921781
-0.547468
-0.282489
-0.0994696
0.0227646
0.100432
0.145894
0.168547
0.175414
0.171712
0.161243
0.146763
0.130228
0.113009
0.0960411
0.0799418
0.0650979
0.0517246
0.0399231
0.0296983
0.0210151
0.0137674
0.0078784
0.00316917
-0.00039948
-0.00309696
-0.00482454
-0.00603336
-0.00632226
-0.00652457
-0.00565755
-0.00529105
-0.00341183
-0.00290365
6.84791e-05
)
;

boundaryField
{
    inlet
    {
        type            freestreamPressure;
        freestreamValue uniform 0;
        value           nonuniform List<scalar> 
80
(
0.405636
0.348364
0.288938
0.227352
0.163878
0.0988496
0.0326606
-0.034224
-0.101259
-0.167821
-0.233212
-0.296665
-0.357355
-0.414407
-0.4669
-0.513864
-0.554265
-0.586955
-0.610599
-0.623525
1.12338
1.08482
1.04652
1.0085
0.970776
0.933368
0.896293
0.859568
0.823208
0.787228
0.75164
0.716457
0.681687
0.647342
0.613427
0.579949
0.546917
0.51435
0.482232
0.450382
1.91342
1.87436
1.83532
1.7961
1.7567
1.71715
1.6775
1.63775
1.59794
1.55807
1.51819
1.47831
1.43845
1.39864
1.3589
1.31927
1.27975
1.24038
1.20118
1.16217
3.45769
3.43634
3.39742
3.34393
3.27835
3.20291
3.11963
3.03041
2.93701
2.84107
2.74401
2.6471
2.55141
2.45782
2.36702
2.27955
2.19578
2.116
2.04037
1.96869
)
;
    }
    outlet
    {
        type            freestreamPressure;
        freestreamValue uniform 0;
        value           nonuniform List<scalar> 
80
(
-5.57247e-08
-6.76092e-08
-8.17629e-08
-9.86314e-08
-1.18582e-07
-1.41918e-07
-1.68838e-07
-1.99324e-07
-2.32988e-07
-2.68869e-07
-3.05154e-07
-3.3886e-07
-3.65529e-07
-3.79081e-07
-3.72167e-07
-3.37588e-07
-2.71538e-07
-1.79005e-07
-7.97767e-08
-1.01259e-08
5.25889e-10
8.24865e-11
-4.9201e-10
-1.21001e-09
-2.08821e-09
-3.14393e-09
-4.39519e-09
-5.86057e-09
-7.55917e-09
-9.51052e-09
-1.17346e-08
-1.42517e-08
-1.70827e-08
-2.02487e-08
-2.37708e-08
-2.76697e-08
-3.19684e-08
-3.67036e-08
-4.19171e-08
-4.75185e-08
3.63118e-12
2.54311e-11
6.68997e-11
1.27814e-10
2.07257e-10
3.03577e-10
4.14522e-10
5.37216e-10
6.68101e-10
8.02901e-10
9.36597e-10
1.0634e-09
1.1767e-09
1.26909e-09
1.33226e-09
1.35705e-09
1.33341e-09
1.25038e-09
1.09616e-09
8.58085e-10
1.24011e-10
9.65812e-10
2.162e-09
3.29571e-09
4.14314e-09
4.6419e-09
4.8192e-09
4.73334e-09
4.44469e-09
4.00777e-09
3.47228e-09
2.88486e-09
2.28878e-09
1.72206e-09
1.21513e-09
7.89206e-10
4.55877e-10
2.17966e-10
7.13339e-11
6.2792e-12
)
;
    }
    top
    {
        type            symmetryPlane;
    }
    bottom
    {
        type            symmetryPlane;
    }
    cylinder
    {
        type            zeroGradient;
    }
    frontandback
    {
        type            empty;
    }
}


// ************************************************************************* //
