/*--------------------------------*- C++ -*----------------------------------*\
  =========                 |
  \\      /  F ield         | OpenFOAM: The Open Source CFD Toolbox
   \\    /   O peration     | Website:  https://openfoam.org
    \\  /    A nd           | Version:  6.0
     \\/     M anipulation  |
\*---------------------------------------------------------------------------*/
FoamFile
{
    version     2.0;
    format      ascii;
    class       volVectorField;
    location    "3.5";
    object      U;
}
// * * * * * * * * * * * * * * * * * * * * * * * * * * * * * * * * * * * * * //

dimensions      [0 1 -1 0 0 0 0];

internalField   nonuniform List<vector> 
2400
(
(1.41114 -8.80251 -6.36663e-19)
(0.262311 -7.99049 2.41186e-19)
(0.272385 -7.25781 -1.6915e-19)
(0.351175 -6.55987 -8.74915e-20)
(0.353405 -5.92039 -1.13883e-19)
(0.345008 -5.33617 1.53925e-19)
(0.338242 -4.80804 4.82674e-20)
(0.331886 -4.33716 2.90849e-20)
(0.329703 -3.92134 -6.517e-20)
(0.322406 -3.55668 -3.64047e-21)
(2.10039 -8.67823 7.47385e-19)
(0.895004 -7.97779 -1.31145e-20)
(0.848505 -7.25299 1.47036e-19)
(0.871872 -6.54988 8.58436e-19)
(0.823126 -5.90836 -5.41124e-19)
(0.768197 -5.32263 -2.86441e-20)
(0.71958 -4.7937 -5.23849e-21)
(0.676345 -4.32329 -4.89744e-20)
(0.642245 -3.909 -5.91138e-20)
(0.606955 -3.54743 -2.04914e-21)
(2.77997 -8.50141 1.28813e-18)
(1.5271 -7.91606 9.04296e-19)
(1.42497 -7.20268 -2.10566e-18)
(1.39233 -6.49833 5.64413e-19)
(1.29208 -5.85872 6.71863e-19)
(1.19018 -5.27531 -3.76126e-19)
(1.09947 -4.74917 -2.4773e-19)
(1.01938 -4.28253 1.6339e-19)
(0.953495 -3.87284 -3.22944e-19)
(0.890269 -3.51753 3.10553e-19)
(3.4449 -8.27241 -4.41479e-18)
(2.15496 -7.80528 1.39188e-18)
(1.99819 -7.10693 -1.29368e-18)
(1.90908 -6.4053 4.90019e-19)
(1.75698 -5.77158 -4.47573e-19)
(1.6079 -5.19435 5.54579e-19)
(1.47508 -4.67461 1.44998e-19)
(1.35834 -4.21497 -7.07958e-19)
(1.26104 -3.81291 -5.05656e-19)
(1.1702 -3.46717 5.29216e-19)
(4.09169 -7.99215 2.83494e-19)
(2.77467 -7.6452 -5.53838e-19)
(2.56429 -6.96541 -2.26192e-19)
(2.41842 -6.27061 -2.55816e-19)
(2.21441 -5.64686 -1.11124e-18)
(2.01819 -5.07977 1.48889e-19)
(1.84343 -4.57003 -8.38009e-20)
(1.69044 -4.12056 6.90069e-19)
(1.56218 -3.72909 -4.63307e-19)
(1.44425 -3.39615 -2.37968e-19)
(4.71616 -7.66186 3.79345e-18)
(3.38219 -7.43618 -2.69384e-19)
(3.11939 -6.77847 3.31803e-18)
(2.91676 -6.09469 -4.54981e-19)
(2.66108 -5.4851 1.29288e-18)
(2.41809 -4.93214 -1.63715e-19)
(2.20184 -4.43599 1.77982e-20)
(2.01306 -3.99975 5.98238e-19)
(1.85433 -3.62154 -3.1344e-19)
(1.71002 -3.30414 3.76742e-19)
(5.31467 -7.2832 -1.54096e-18)
(3.97363 -7.17886 2.07876e-19)
(3.65959 -6.54655 -9.26361e-19)
(3.40038 -5.87803 -6.50257e-19)
(3.09362 -5.28688 8.30909e-20)
(2.80467 -4.75219 1.85859e-18)
(2.54785 -4.27341 -6.38387e-19)
(2.32419 -3.85351 1.52905e-19)
(2.13583 -3.49104 -7.64218e-19)
(1.9663 -3.19159 -2.99626e-19)
(5.8838 -6.85828 6.04769e-18)
(4.54524 -6.87417 -8.95067e-19)
(4.18104 -6.27036 -4.62237e-18)
(3.8655 -5.62129 2.26964e-19)
(3.50834 -5.05278 6.73051e-19)
(3.17438 -4.5405 -8.72253e-19)
(2.87824 -4.08295 -9.39719e-19)
(2.62129 -3.68267 1.32906e-18)
(2.40504 -3.33885 -1.2492e-19)
(2.21237 -3.0617 -8.83811e-19)
(6.42053 -6.38934 -4.99161e-18)
(5.09373 -6.5232 2.34211e-18)
(4.68034 -5.95091 2.90466e-18)
(4.30875 -5.3254 6.078e-19)
(3.90181 -4.78344 -1.94431e-18)
(3.52336 -4.29715 1.09839e-18)
(3.18831 -3.86393 5.22415e-19)
(2.89854 -3.48605 9.91163e-19)
(2.65489 -3.16499 -6.51414e-19)
(2.44032 -2.9189 -7.62507e-19)
(6.92104 -5.87793 1.6057e-18)
(5.61543 -6.12717 -5.9007e-19)
(5.1544 -5.58975 -2.13873e-19)
(4.72777 -4.99209 5.23582e-19)
(4.27233 -4.4802 3.65901e-19)
(3.85024 -4.02254 -2.94065e-19)
(3.47572 -3.6153 -4.27213e-19)
(3.14984 -3.26124 6.58588e-19)
(2.87139 -2.96662 -4.95978e-19)
(2.62761 -2.75533 4.46912e-19)
(9.25791 0.772573 8.40267e-20)
(9.26835 0.0414185 2.76998e-19)
(9.22169 -0.685647 -8.37882e-19)
(9.1177 -1.40476 7.77561e-19)
(8.95697 -2.11218 3.25131e-19)
(8.7422 -2.80316 4.04165e-18)
(8.47469 -3.47379 -1.63924e-18)
(8.15686 -4.12001 -2.30238e-18)
(7.79028 -4.73854 2.68328e-18)
(7.37955 -5.32509 -4.66741e-18)
(8.57541 -0.372919 2.08887e-19)
(8.50156 -1.04105 -1.19042e-19)
(8.37457 -1.69833 -6.36205e-19)
(8.19458 -2.34101 1.74284e-18)
(7.9612 -2.96651 -6.02834e-19)
(7.6785 -3.56984 4.74149e-18)
(7.34871 -4.14713 -3.24733e-18)
(6.97483 -4.69463 4.58641e-18)
(6.55916 -5.20918 -3.33381e-18)
(6.10532 -5.68791 -1.68607e-18)
(7.79843 -0.354595 -3.80716e-19)
(7.74193 -0.95668 -3.51651e-21)
(7.63592 -1.55145 -1.62429e-18)
(7.48008 -2.13487 1.22605e-18)
(7.2747 -2.70382 -1.38639e-18)
(7.02292 -3.25376 -2.78576e-18)
(6.72712 -3.78072 -9.96606e-19)
(6.38906 -4.28099 -5.58835e-19)
(6.01211 -4.75154 2.97905e-18)
(5.59986 -5.18896 1.85598e-18)
(6.99252 -0.258269 1.42939e-19)
(6.95591 -0.793726 -2.4654e-19)
(6.87412 -1.32525 -3.39731e-19)
(6.74692 -1.84881 -1.44751e-18)
(6.57538 -2.36107 1.02667e-18)
(6.3609 -2.85808 2.70004e-18)
(6.10538 -3.33607 1.04561e-18)
(5.81195 -3.79194 2.40455e-19)
(5.48294 -4.22235 6.31432e-19)
(5.12016 -4.62341 1.58833e-19)
(6.25478 -0.236392 -1.37743e-19)
(6.22671 -0.711022 -5.45808e-19)
(6.15816 -1.1834 3.14599e-20)
(6.04895 -1.64993 1.08725e-18)
(5.90022 -2.10731 1.21097e-18)
(5.71311 -2.55223 -8.29155e-19)
(5.48934 -2.98159 -1.42489e-18)
(5.23055 -3.3926 -7.7186e-19)
(4.93987 -3.78144 7.9266e-19)
(4.61921 -4.1451 1.38063e-18)
(5.60733 -0.223128 3.85381e-20)
(5.58329 -0.644347 4.35846e-19)
(5.52318 -1.06413 -1.02523e-18)
(5.4269 -1.47942 1.23255e-18)
(5.29525 -1.88713 7.58287e-19)
(5.12903 -2.28472 1.47846e-18)
(4.93065 -2.66928 -3.11616e-19)
(4.70025 -3.03872 -9.12481e-19)
(4.44216 -3.38896 2.11565e-18)
(4.15695 -3.71842 -1.90528e-18)
(5.0484 -0.207435 6.10337e-20)
(5.02643 -0.582328 -4.31985e-19)
(4.97222 -0.956214 -2.91053e-19)
(4.88559 -1.32643 -6.48477e-19)
(4.7674 -1.69023 -9.22907e-20)
(4.61802 -2.04588 -9.05232e-19)
(4.44006 -2.39026 -6.12004e-19)
(4.23247 -2.72279 -8.54422e-20)
(4.00214 -3.03837 -1.22886e-18)
(3.74608 -3.33826 1.66979e-18)
(4.5699 -0.192278 -4.66177e-20)
(4.54898 -0.527452 3.53103e-19)
(4.49905 -0.86177 -1.60565e-19)
(4.41981 -1.19289 3.40419e-19)
(4.31234 -1.5184 8.1693e-19)
(4.1761 -1.83713 1.39897e-18)
(4.01468 -2.14587 -3.56722e-19)
(3.82504 -2.44653 -1.32986e-18)
(3.61822 -2.73167 4.14217e-19)
(3.38428 -3.00833 -2.46194e-18)
(4.16236 -0.176691 6.42736e-20)
(4.14218 -0.478559 -7.88531e-20)
(4.09558 -0.779656 -7.40723e-19)
(4.02209 -1.07788 2.23905e-19)
(3.92328 -1.37107 -5.5346e-19)
(3.79743 -1.65847 -2.47255e-19)
(3.64928 -1.93684 -1.42281e-19)
(3.47255 -2.21128 6.33007e-19)
(3.28475 -2.4716 5.74906e-19)
(3.06256 -2.73782 5.04017e-19)
(3.81679 -0.165666 -1.42373e-19)
(3.79687 -0.438806 2.4812e-19)
(3.75283 -0.711897 1.27707e-19)
(3.68388 -0.983099 3.39961e-19)
(3.59184 -1.25034 -3.4108e-20)
(3.47374 -1.51313 -2.8765e-20)
(3.33569 -1.76803 -8.19205e-19)
(3.16593 -2.02264 1.12517e-18)
(2.99104 -2.26296 -7.24607e-19)
(2.76803 -2.53847 2.28012e-19)
(6.03439 7.11938 -2.59519e-18)
(6.58038 6.62948 2.69362e-18)
(7.08456 6.09773 -1.83104e-19)
(7.54318 5.52729 -4.41058e-18)
(7.9529 4.91998 3.22084e-18)
(8.31115 4.28107 -2.23087e-18)
(8.6152 3.61475 -4.92321e-19)
(8.86337 2.92612 -4.74948e-19)
(9.05337 2.21934 7.35099e-19)
(9.18593 1.50111 5.40869e-20)
(6.27684 5.65504 2.66374e-18)
(6.72614 5.17248 4.51421e-19)
(7.1345 4.65336 -2.64024e-18)
(7.49797 4.10096 -2.70968e-18)
(7.81309 3.51739 2.36348e-18)
(8.07746 2.90733 -1.82471e-18)
(8.28882 2.27534 2.00773e-18)
(8.44551 1.62639 -5.85181e-19)
(8.54486 0.964844 -1.66091e-18)
(8.58914 0.297284 -1.07207e-19)
(5.64565 4.98168 -5.90947e-19)
(6.05383 4.5646 -4.57273e-19)
(6.42692 4.11258 1.51151e-18)
(6.76078 3.62851 1.28465e-18)
(7.05259 3.11525 2.75573e-18)
(7.29967 2.57628 8.48677e-19)
(7.49996 2.01572 -5.94323e-19)
(7.65124 1.43778 -1.31822e-18)
(7.75135 0.846527 1.06668e-18)
(7.80121 0.247875 8.12191e-20)
(4.98516 4.40523 4.86313e-19)
(5.35233 4.04765 -1.30733e-18)
(5.68952 3.65803 -5.17984e-19)
(5.9932 3.23899 -2.21371e-18)
(6.26087 2.79314 -1.19373e-18)
(6.48993 2.32328 2.07165e-18)
(6.67848 1.83291 1.37936e-18)
(6.82427 1.32556 -1.16046e-18)
(6.92563 0.804912 4.79685e-20)
(6.98224 0.275804 -4.97736e-20)
(4.45589 3.86342 -1.90205e-18)
(4.78136 3.5514 2.09067e-18)
(5.08039 3.2111 -5.22383e-19)
(5.35023 2.84423 1.06846e-18)
(5.5887 2.45328 -6.8073e-19)
(5.79348 2.04072 -1.23132e-18)
(5.96287 1.60954 5.24681e-19)
(6.09486 1.16277 -5.80065e-19)
(6.18813 0.703708 -5.72589e-19)
(6.24177 0.236247 2.39104e-19)
(4.0101 3.39887 -2.21438e-19)
(4.29896 3.1242 3.55001e-19)
(4.56408 2.82511 -4.26682e-19)
(4.80326 2.50211 -1.94674e-18)
(5.01455 2.15715 1.0625e-18)
(5.19612 1.79281 1.68406e-19)
(5.34641 1.41171 -9.22622e-19)
(5.46374 1.01653 -3.02253e-19)
(5.547 0.610233 2.90998e-19)
(5.59508 0.19604 -9.01027e-20)
(3.62938 3.00552 -8.25615e-19)
(3.88848 2.76355 2.31413e-20)
(4.12483 2.49979 3.83443e-19)
(4.33712 2.21394 1.04093e-18)
(4.52434 1.90811 2.02879e-19)
(4.68522 1.58478 5.14919e-19)
(4.81831 1.24628 1.01874e-18)
(4.92216 0.895103 -4.17866e-19)
(4.99576 0.533932 3.50389e-19)
(5.038 0.165536 -1.36398e-19)
(3.30511 2.67299 -3.34107e-19)
(3.53883 2.4604 3.19857e-19)
(3.75064 2.22638 2.77378e-19)
(3.93951 1.9716 -4.79011e-19)
(4.1059 1.69885 -2.61615e-19)
(4.24894 1.4101 -5.45862e-19)
(4.36729 1.10752 5.08814e-20)
(4.45955 0.793534 -1.17673e-19)
(4.5247 0.470614 -7.33704e-19)
(4.56163 0.141208 9.75598e-20)
(3.03 2.39471 -1.33531e-19)
(3.23495 2.21062 -4.87804e-19)
(3.42507 2.00039 -2.38859e-19)
(3.5953 1.77103 8.39356e-20)
(3.74516 1.52604 -4.53527e-20)
(3.87418 1.2664 4.79418e-19)
(3.98108 0.993969 1.88436e-19)
(4.06442 0.711169 2.75624e-19)
(4.12303 0.420335 3.30986e-19)
(4.15582 0.123656 -1.3508e-19)
(2.82043 2.13936 -3.37764e-19)
(2.98662 1.97821 5.8177e-19)
(3.15206 1.78795 -9.50154e-19)
(3.30709 1.58216 -3.31687e-20)
(3.44334 1.36373 7.84948e-19)
(3.55966 1.13191 3.63319e-20)
(3.65591 0.887975 3.49473e-19)
(3.73092 0.634172 -7.30762e-19)
(3.78339 0.372677 -6.52982e-21)
(3.81216 0.10544 6.53882e-20)
(0.434768 2.83394 7.68961e-21)
(0.42663 3.19775 -3.65716e-21)
(0.429918 3.61358 -5.79489e-21)
(0.430876 4.08637 4.88806e-20)
(0.430054 4.62594 -1.66021e-20)
(0.424059 5.25008 -1.10541e-19)
(0.420972 5.98708 1.56763e-19)
(0.48548 6.86953 6.35511e-20)
(0.46513 7.88927 1.20727e-19)
(-0.725057 9.03877 5.08829e-19)
(0.681191 2.84606 1.54788e-20)
(0.699474 3.20568 -8.5399e-20)
(0.732218 3.61814 1.00233e-19)
(0.76794 4.08965 2.8018e-20)
(0.807518 4.62979 -7.37856e-20)
(0.848623 5.25602 7.35254e-20)
(0.901339 5.99498 3.93557e-19)
(1.03262 6.87176 -5.34799e-19)
(1.08863 7.88467 3.70519e-20)
(-0.0139592 9.09825 -6.13701e-19)
(0.930057 2.84107 1.16442e-19)
(0.974076 3.19478 -1.67433e-19)
(1.03584 3.60164 -9.16551e-20)
(1.1063 4.06901 -1.55697e-20)
(1.18657 4.60639 -1.45071e-19)
(1.27532 5.23091 -8.48422e-20)
(1.38439 5.96736 1.35108e-19)
(1.58195 6.83304 3.82228e-19)
(1.71319 7.83207 3.33871e-19)
(0.700971 9.10211 -1.08034e-18)
(1.18056 2.81817 1.34821e-19)
(1.24933 3.16439 -1.51346e-19)
(1.33946 3.5635 -2.17505e-19)
(1.44435 4.02387 7.67084e-20)
(1.56523 4.55506 7.87116e-19)
(1.70173 5.17383 -3.62607e-19)
(1.86728 5.903 3.34083e-19)
(2.13034 6.75216 -1.30613e-18)
(2.33511 7.73072 -1.52591e-18)
(1.41557 9.04987 2.05733e-18)
(1.43158 2.77687 9.65594e-20)
(1.5238 3.11414 -9.40122e-20)
(1.64138 3.50342 2.56232e-19)
(1.78017 3.9539 -2.69555e-19)
(1.94135 4.47544 2.35966e-19)
(2.12545 5.08439 2.22698e-19)
(2.34721 5.80133 2.33035e-19)
(2.6748 6.6282 1.93807e-19)
(2.95093 7.58018 1.00857e-18)
(2.12614 8.94071 9.60292e-19)
(1.68217 2.71663 -3.42932e-19)
(1.79629 3.04376 -1.14959e-19)
(1.94021 3.42118 5.17564e-19)
(2.11205 3.85887 -6.22151e-19)
(2.31284 4.36724 -3.47401e-19)
(2.54395 4.96226 -9.5481e-19)
(2.8212 5.66211 4.73872e-21)
(3.21154 6.46069 -1.22784e-18)
(3.55661 7.37975 -1.88498e-19)
(2.82754 8.77482 -2.86943e-18)
(1.92977 2.63795 5.75423e-19)
(2.06384 2.95339 -1.05438e-18)
(2.23298 3.31677 5.93275e-19)
(2.4372 3.73874 3.18329e-19)
(2.677 4.23042 -9.32965e-20)
(2.95439 4.80726 1.33889e-18)
(3.28616 5.4851 -8.31964e-19)
(3.73691 6.24929 -2.53922e-18)
(4.14749 7.13023 -4.57623e-19)
(3.51527 8.55247 2.58676e-18)
(2.1748 2.54031 -2.67222e-20)
(2.32663 2.84318 5.03326e-19)
(2.5191 3.19016 -2.51505e-19)
(2.75416 3.59335 3.23721e-19)
(3.03159 4.06482 3.35583e-19)
(3.354 4.61948 -6.1976e-19)
(3.7386 5.27007 5.04022e-19)
(4.24706 5.99521 -1.31878e-18)
(4.71938 6.83246 3.40186e-18)
(4.18438 8.27477 -1.38247e-18)
(2.40549 2.4258 -3.32637e-19)
(2.57488 2.71311 -2.0263e-19)
(2.79234 3.0415 7.64103e-19)
(3.05913 3.42307 -1.26045e-18)
(3.37355 3.87086 1.34515e-18)
(3.73962 4.39921 -7.50495e-19)
(4.17507 5.01768 -1.35462e-18)
(4.73815 5.69865 4.51485e-19)
(5.2677 6.4855 -6.09664e-18)
(4.83036 7.94145 4.86234e-18)
(2.63829 2.29945 8.59827e-19)
(2.81542 2.56305 -7.61047e-19)
(3.05465 2.86951 8.55814e-19)
(3.35107 3.22728 -5.19955e-20)
(3.70034 3.64865 -1.0432e-18)
(4.10764 4.14655 -5.80646e-19)
(4.59164 4.72895 6.73855e-19)
(5.2057 5.36021 2.05831e-18)
(5.78871 6.09311 2.91195e-18)
(5.4481 7.55793 1.34514e-20)
(-1.74398 2.01054 1.13727e-19)
(-1.98894 2.26011 -5.45608e-20)
(-2.25527 2.55337 -3.41822e-20)
(-2.55648 2.88528 8.78065e-20)
(-2.89917 3.2597 2.03698e-19)
(-3.29623 3.68556 4.45375e-19)
(-3.76051 4.18976 9.30442e-19)
(-4.27542 4.84854 6.59275e-19)
(-4.97062 5.58176 1.12309e-18)
(-6.68866 5.70326 -8.15975e-19)
(-1.5731 2.13231 -3.81056e-20)
(-1.79915 2.41556 5.60977e-20)
(-2.03911 2.73723 -4.54579e-21)
(-2.31279 3.09375 -5.24207e-20)
(-2.62624 3.4945 -2.88391e-19)
(-2.9917 3.95128 7.5274e-19)
(-3.4201 4.49231 -5.01454e-19)
(-3.88833 5.19205 -1.4685e-18)
(-4.53 5.97842 -1.34184e-18)
(-6.23316 6.22549 2.05446e-18)
(-1.3783 2.24549 6.57099e-20)
(-1.58589 2.55558 2.09871e-20)
(-1.80321 2.90169 -1.14355e-19)
(-2.05134 3.28189 1.31198e-19)
(-2.33576 3.70824 2.30717e-19)
(-2.66838 4.19463 -2.25511e-19)
(-3.05853 4.77043 -1.72333e-20)
(-3.47718 5.50786 2.3569e-18)
(-4.06117 6.34272 6.42362e-19)
(-5.73908 6.71219 -1.56251e-18)
(-1.17259 2.35531 1.69122e-19)
(-1.35947 2.68397 1.89865e-20)
(-1.55304 3.04979 5.29928e-20)
(-1.77463 3.45129 1.65864e-19)
(-2.02891 3.90126 -5.10929e-19)
(-2.32711 4.41509 -9.39236e-20)
(-2.67674 5.02305 8.50513e-20)
(-3.04311 5.79458 -3.31443e-21)
(-3.56588 6.67319 -6.37191e-20)
(-5.20923 7.16139 1.97511e-18)
(-0.959678 2.45833 -1.30771e-19)
(-1.12385 2.80053 2.18529e-20)
(-1.29204 3.18237 -7.16407e-20)
(-1.48547 3.60244 -1.73507e-20)
(-1.70788 4.07352 6.14889e-20)
(-1.96967 4.61217 -4.5374e-19)
(-2.27632 5.24937 2.38825e-19)
(-2.58757 6.05086 -1.81239e-19)
(-3.04582 6.96815 -5.64175e-21)
(-4.64573 7.57027 -2.43683e-18)
(-0.740147 2.55163 1.02307e-20)
(-0.880116 2.90408 3.71522e-20)
(-1.02162 3.29879 -7.27972e-20)
(-1.18545 3.73474 1.79861e-20)
(-1.37438 4.22436 -5.48881e-20)
(-1.59776 4.78507 4.46284e-19)
(-1.85893 5.44825 1.37644e-19)
(-2.1125 6.27546 1.19946e-19)
(-2.50305 7.22572 6.09154e-19)
(-4.05115 7.93604 4.7829e-19)
(-0.514578 2.63397 3.27384e-21)
(-0.62922 2.99377 1.0638e-20)
(-0.742975 3.3983 3.91622e-22)
(-0.875878 3.84739 2.70119e-19)
(-1.02979 4.35291 -1.81715e-19)
(-1.21287 4.93281 1.91359e-19)
(-1.42625 5.61856 -2.40863e-19)
(-1.61974 6.46695 7.41635e-19)
(-1.93968 7.44395 7.4135e-19)
(-3.42841 8.25622 9.88499e-19)
(-0.28371 2.70448 -1.32567e-20)
(-0.372213 3.06885 2.43353e-20)
(-0.457359 3.48024 -2.52971e-20)
(-0.558102 3.9396 -3.48003e-20)
(-0.675509 4.4582 1.63382e-19)
(-0.816524 5.05421 -2.92218e-19)
(-0.97995 5.75884 -2.98864e-19)
(-1.11127 6.62356 1.22713e-18)
(-1.3584 7.62102 -2.65144e-19)
(-2.7812 8.52871 -1.15148e-18)
(-0.0481959 2.76212 -6.4322e-21)
(-0.110037 3.12852 1.46863e-20)
(-0.165958 3.54398 1.59636e-20)
(-0.233499 4.01072 2.25029e-22)
(-0.313065 4.53944 -1.05846e-19)
(-0.410366 5.1483 4.02418e-19)
(-0.521862 5.86789 -4.83535e-19)
(-0.58922 6.74392 -1.03993e-19)
(-0.761906 7.75533 -1.67184e-21)
(-2.1123 8.75116 -8.77883e-19)
(0.191472 2.80561 9.17748e-21)
(0.156523 3.17173 5.42446e-21)
(0.130173 3.58861 -6.19827e-21)
(0.0966245 4.05981 -2.1159e-20)
(0.0560076 4.59555 -7.50748e-20)
(0.00380422 5.21384 5.83923e-20)
(-0.0541481 5.94429 4.76989e-20)
(-0.056124 6.82638 1.04996e-19)
(-0.153229 7.84567 -1.80126e-19)
(-1.42671 8.92227 1.86472e-19)
(-1.87427 1.85947 1.80398e-19)
(-2.047 1.6483 -4.97059e-20)
(-2.19921 1.44827 -2.75395e-20)
(-2.34363 1.24327 1.40619e-19)
(-2.47243 1.03311 8.83683e-20)
(-2.58729 0.817356 1.29212e-20)
(-2.68659 0.596155 1.67164e-20)
(-2.76977 0.36996 -2.04892e-20)
(-2.83589 0.139263 -4.50525e-21)
(-2.88426 -0.0953259 5.0919e-21)
(-2.15405 2.08158 -4.59599e-20)
(-2.33775 1.86712 6.01542e-20)
(-2.50475 1.65192 -5.49537e-20)
(-2.66186 1.42784 -4.45283e-20)
(-2.80342 1.19669 1.76457e-20)
(-2.92967 0.958111 2.90828e-20)
(-3.0388 0.712464 -2.15916e-21)
(-3.12997 0.460366 2.77135e-20)
(-3.20204 0.202541 1.32244e-20)
(-3.25418 -0.0601132 -8.44123e-21)
(-2.45542 2.34746 1.04607e-19)
(-2.65526 2.12085 -2.61025e-21)
(-2.8396 1.88605 -1.90678e-20)
(-3.01143 1.63931 -6.99331e-21)
(-3.16664 1.38316 -1.12287e-19)
(-3.30463 1.1177 -6.22768e-20)
(-3.42359 0.843712 -4.95053e-20)
(-3.52246 0.562075 2.7261e-20)
(-3.60001 0.273807 -7.45716e-20)
(-3.65535 -0.0198978 9.08677e-21)
(-2.78578 2.65582 9.60351e-21)
(-3.00587 2.40843 2.18449e-19)
(-3.20952 2.14843 -1.51085e-20)
(-3.39771 1.87473 1.04384e-19)
(-3.56738 1.58956 1.33834e-19)
(-3.71758 1.29349 1.71479e-20)
(-3.84659 0.987624 1.59095e-19)
(-3.95322 0.673082 6.95045e-20)
(-4.03621 0.351135 9.42412e-20)
(-4.09461 0.0232138 -2.01655e-20)
(-3.15639 3.00416 4.7539e-19)
(-3.39907 2.73008 -5.52998e-19)
(-3.62336 2.44029 -6.09228e-20)
(-3.82919 2.13542 8.51984e-20)
(-4.01421 1.81728 -7.95752e-20)
(-4.17729 1.48686 -2.10145e-19)
(-4.31682 1.14549 -3.54461e-19)
(-4.43151 0.794472 3.37511e-19)
(-4.5201 0.435315 -3.19914e-20)
(-4.58157 0.0696552 -2.22192e-20)
(-3.58245 3.39831 -1.16255e-18)
(-3.85002 3.09137 6.42368e-19)
(-4.09656 2.7665 2.57226e-19)
(-4.32146 2.42517 2.80487e-20)
(-4.52282 2.069 3.16272e-19)
(-4.69944 1.69931 -4.81822e-19)
(-4.84979 1.31761 -4.38129e-19)
(-4.97255 0.925414 -3.26344e-21)
(-5.06642 0.524421 8.01075e-20)
(-5.13036 0.116481 5.64342e-20)
(-4.07938 3.8641 -4.7406e-19)
(-4.37573 3.51722 -2.42582e-19)
(-4.64762 3.15051 -1.03061e-19)
(-4.89427 2.76593 3.51601e-19)
(-5.11407 2.36504 -1.13087e-18)
(-5.3058 1.94948 -5.00508e-19)
(-5.46801 1.52091 6.21476e-19)
(-5.59935 1.08108 1.39477e-19)
(-5.69853 0.631871 1.13144e-19)
(-5.76446 0.175322 -6.92007e-20)
(-4.63713 4.47892 -1.48767e-18)
(-4.97188 4.08576 -1.46332e-18)
(-5.27795 3.6705 2.3137e-18)
(-5.55452 3.23546 4.66266e-19)
(-5.80027 2.78229 1.91352e-18)
(-6.01388 2.31293 3.22776e-20)
(-6.194 1.82924 -5.9058e-19)
(-6.33925 1.33323 7.92151e-19)
(-6.44838 0.826948 2.24688e-20)
(-6.52019 0.312589 2.04754e-19)
(-5.38004 5.15453 2.85173e-20)
(-5.75598 4.70059 2.30245e-18)
(-6.09781 4.22207 -2.3686e-18)
(-6.40439 3.7216 1.78049e-18)
(-6.67475 3.20112 -2.46713e-18)
(-6.90738 2.66302 3.12031e-19)
(-7.10108 2.10957 -9.5457e-19)
(-7.25459 1.54318 3.26844e-19)
(-7.36682 0.966176 6.92136e-20)
(-7.43637 0.381081 -1.16209e-19)
(-7.10087 5.14686 7.35e-19)
(-7.46548 4.56421 -2.06614e-18)
(-7.78637 3.9565 9.36593e-19)
(-8.06029 3.32813 -8.25362e-19)
(-8.28689 2.68179 3.79903e-19)
(-8.46464 2.02105 1.85569e-18)
(-8.59286 1.34924 2.32536e-19)
(-8.67093 0.669854 5.30448e-19)
(-8.69852 -0.0137235 -2.70951e-19)
(-8.67463 -0.698073 -6.27855e-20)
(-2.91426 -0.33309 -7.56467e-22)
(-2.92553 -0.573154 -1.30241e-20)
(-2.91775 -0.81438 1.28241e-19)
(-2.89101 -1.05533 -8.60226e-20)
(-2.84535 -1.29414 6.83492e-21)
(-2.78065 -1.52871 -1.18543e-19)
(-2.69575 -1.75743 5.13931e-19)
(-2.58809 -1.97949 7.83995e-20)
(-2.45677 -2.1902 -2.00712e-19)
(-2.30739 -2.38276 3.90241e-19)
(-3.28565 -0.326582 2.18391e-20)
(-3.29597 -0.595645 -7.01711e-20)
(-3.28461 -0.865824 -5.38431e-20)
(-3.25148 -1.13541 -5.41742e-20)
(-3.19644 -1.40237 -1.78789e-19)
(-3.11943 -1.66449 -3.25748e-20)
(-3.02 -1.9197 -7.97183e-21)
(-2.89592 -2.16563 2.57621e-19)
(-2.74354 -2.39846 4.23273e-19)
(-2.56553 -2.62077 1.98071e-20)
(-3.68768 -0.317742 -2.27856e-20)
(-3.6964 -0.618197 2.12371e-19)
(-3.68088 -0.919513 3.72632e-20)
(-3.64093 -1.21973 -6.68589e-21)
(-3.57628 -1.51669 2.05663e-19)
(-3.48687 -1.80813 1.09744e-19)
(-3.37242 -2.0917 2.383e-19)
(-3.23167 -2.36447 -1.02068e-19)
(-3.06287 -2.62442 -4.28507e-19)
(-2.86743 -2.87648 -1.07058e-18)
(-4.12756 -0.30915 4.57557e-20)
(-4.13437 -0.644183 -1.06231e-19)
(-4.11431 -0.979921 1.62969e-19)
(-4.06715 -1.31424 -4.38304e-19)
(-3.99257 -1.64488 -2.34358e-19)
(-3.89051 -1.96953 -7.9839e-20)
(-3.76071 -2.28571 -5.71743e-19)
(-3.60268 -2.59064 -2.18945e-19)
(-3.41642 -2.88308 -2.05769e-20)
(-3.20376 -3.16538 3.78408e-19)
(-4.61502 -0.300765 4.29865e-20)
(-4.61967 -0.673959 1.79839e-20)
(-4.59471 -1.04777 1.26459e-19)
(-4.53991 -1.41994 4.51061e-19)
(-4.45494 -1.78805 -8.49875e-20)
(-4.33975 -2.14968 -7.36292e-19)
(-4.19415 -2.50223 1.17353e-18)
(-4.01813 -2.84319 -3.50529e-19)
(-3.81239 -3.17116 -3.69803e-19)
(-3.57881 -3.4859 -1.59296e-19)
(-5.16341 -0.296453 -1.05989e-19)
(-5.16478 -0.71218 1.28848e-19)
(-5.13356 -1.12835 2.96459e-19)
(-5.06954 -1.5425 -2.54666e-19)
(-4.97241 -1.95208 7.38605e-19)
(-4.84212 -2.35444 -8.12676e-20)
(-4.67866 -2.74694 7.30001e-20)
(-4.48229 -3.12706 3.83788e-19)
(-4.25388 -3.49291 2.18893e-19)
(-3.9951 -3.84274 1.68704e-19)
(-5.79615 -0.286367 2.49813e-20)
(-5.79282 -0.750659 -2.40286e-20)
(-5.75349 -1.215 6.64227e-19)
(-5.67802 -1.67668 -7.89344e-19)
(-5.56612 -2.13296 -1.24507e-18)
(-5.41781 -2.58094 7.55468e-19)
(-5.23328 -3.01784 -3.32032e-19)
(-5.01299 -3.44099 3.90425e-19)
(-4.75788 -3.84803 1.03551e-18)
(-4.46941 -4.23644 -9.42927e-19)
(-6.55353 -0.207231 -4.6725e-20)
(-6.54766 -0.729308 -6.28041e-19)
(-6.50165 -1.25091 8.03935e-19)
(-6.41548 -1.76903 3.84259e-19)
(-6.28892 -2.28075 -1.31943e-18)
(-6.12214 -2.78291 -1.0494e-18)
(-5.9154 -3.27235 -1.75293e-19)
(-5.66949 -3.74625 -7.35981e-20)
(-5.38537 -4.202 4.38427e-19)
(-5.0642 -4.63667 -2.56354e-19)
(-7.46159 -0.208665 5.90743e-20)
(-7.442 -0.798974 1.02452e-18)
(-7.37749 -1.38708 4.05575e-19)
(-7.26804 -1.96957 -1.30931e-18)
(-7.11374 -2.54337 1.25524e-18)
(-6.91484 -3.10492 -1.72025e-18)
(-6.67219 -3.651 1.94004e-18)
(-6.3867 -4.1783 -2.14548e-18)
(-6.05942 -4.68404 -1.14043e-18)
(-5.69161 -5.16518 -3.29902e-18)
(-8.5973 -1.37909 -2.76459e-20)
(-8.4675 -2.04998 -4.02117e-19)
(-8.2871 -2.71012 3.23651e-19)
(-8.05645 -3.35447 3.33785e-19)
(-7.77662 -3.97988 -7.2119e-19)
(-7.44875 -4.58231 6.85056e-19)
(-7.07475 -5.15852 -9.46252e-19)
(-6.65686 -5.70507 7.37223e-19)
(-6.19729 -6.21891 -1.75193e-18)
(-5.69771 -6.69678 1.91292e-18)
(-5.15927 -7.13295 2.77326e-18)
(-5.28496 -5.61686 -1.46875e-18)
(-4.70766 -5.0468 -1.04338e-18)
(-4.1492 -4.60304 1.34397e-18)
(-3.70776 -4.17319 -1.21253e-20)
(-3.31974 -3.78414 8.82592e-19)
(-2.96849 -3.43586 1.25243e-20)
(-2.65203 -3.12537 -4.939e-19)
(-2.37261 -2.85413 6.72415e-19)
(-2.15155 -2.62137 -1.39806e-19)
(-4.58961 -7.52182 -2.98005e-18)
(-4.84293 -6.03493 5.62445e-18)
(-4.31823 -5.42883 -4.37835e-19)
(-3.79898 -4.94467 -1.10017e-18)
(-3.39329 -4.4806 6.77715e-19)
(-3.03697 -4.06 -1.23052e-18)
(-2.71445 -3.68236 1.14812e-18)
(-2.42542 -3.34434 -6.65336e-19)
(-2.17302 -3.0443 2.03998e-19)
(-1.97296 -2.77485 3.74542e-19)
(-3.99016 -7.8667 1.86726e-18)
(-4.3681 -6.418 -3.25152e-18)
(-3.8976 -5.78019 1.22967e-18)
(-3.42008 -5.25876 -4.34197e-19)
(-3.05242 -4.76311 6.10178e-19)
(-2.72986 -4.31327 -3.64251e-19)
(-2.4379 -3.90849 -2.9482e-19)
(-2.17749 -3.54563 2.53266e-19)
(-1.95109 -3.22351 -4.88405e-19)
(-1.77047 -2.93479 5.72546e-19)
(-3.3654 -8.16353 -3.75762e-18)
(-3.86335 -6.76363 4.62396e-19)
(-3.44846 -6.09873 1.03668e-18)
(-3.01488 -5.5432 9.20423e-19)
(-2.68738 -5.01849 -1.46713e-18)
(-2.40071 -4.54141 8.60919e-20)
(-2.14112 -4.11101 -3.7033e-19)
(-1.90976 -3.72427 -6.25509e-19)
(-1.70748 -3.37991 1.15369e-18)
(-1.54416 -3.07201 2.38969e-19)
(-2.7184 -8.41139 2.74702e-18)
(-3.3312 -7.07011 4.65377e-19)
(-2.97302 -6.38248 1.34102e-18)
(-2.58537 -5.79607 -5.34829e-21)
(-2.29985 -5.2452 1.10891e-18)
(-2.0509 -4.74356 4.38965e-19)
(-1.82535 -4.29025 7.4918e-19)
(-1.62458 -3.88274 -6.43881e-19)
(-1.44815 -3.51996 -1.74695e-20)
(-1.30466 -3.19654 -3.61323e-19)
(-2.05315 -8.60838 1.82551e-18)
(-2.77473 -7.33529 -1.53663e-18)
(-2.47404 -6.62946 -1.9514e-19)
(-2.13412 -6.01555 -2.94035e-19)
(-1.89228 -5.44152 -2.7493e-19)
(-1.68269 -4.91808 -2.84213e-19)
(-1.4926 -4.44449 3.8079e-19)
(-1.32353 -4.01875 -3.70742e-19)
(-1.17405 -3.63986 3.23053e-19)
(-1.05218 -3.30308 1.75577e-20)
(-1.37345 -8.75358 -3.24453e-18)
(-2.19696 -7.55761 -9.92303e-19)
(-1.95424 -6.83796 1.63247e-18)
(-1.66369 -6.20002 -4.42773e-19)
(-1.4671 -5.60603 4.91876e-19)
(-1.29849 -5.06382 -1.14609e-18)
(-1.14541 -4.57296 7.68491e-19)
(-1.00949 -4.13206 -2.16206e-19)
(-0.888464 -3.74001 2.75436e-19)
(-0.790005 -3.39232 -3.08287e-19)
(-0.683305 -8.84648 1.48453e-18)
(-1.60112 -7.73571 -4.2194e-19)
(-1.41661 -7.00644 -4.98322e-19)
(-1.17693 -6.34796 -1.8542e-19)
(-1.02703 -5.73729 1.20273e-19)
(-0.900835 -5.17946 2.08257e-19)
(-0.786102 -4.67436 -3.06641e-19)
(-0.684465 -4.22126 1.75305e-19)
(-0.593045 -3.81883 3.68521e-19)
(-0.519497 -3.46271 -3.07859e-19)
(0.0130733 -8.88601 1.11839e-18)
(-0.990776 -7.86772 -3.71386e-20)
(-0.864329 -7.13321 7.59541e-19)
(-0.676865 -6.45791 -5.74303e-19)
(-0.574968 -5.83406 1.43895e-19)
(-0.492516 -5.26396 -1.41392e-19)
(-0.417338 -4.74786 -5.10213e-20)
(-0.350996 -4.28568 -2.32109e-19)
(-0.290139 -3.87581 2.24486e-19)
(-0.2427 -3.51396 1.56289e-19)
(0.71267 -8.87179 -2.28613e-19)
(-0.368266 -7.95312 -1.5153e-19)
(-0.300182 -7.21733 -8.80169e-20)
(-0.166414 -6.52884 -2.4468e-19)
(-0.113799 -5.89536 1.96249e-19)
(-0.0762799 -5.31642 3.90869e-20)
(-0.0416709 -4.79262 -1.05296e-19)
(-0.0113969 -4.32449 9.27298e-21)
(0.0181786 -3.91014 -3.37472e-20)
(0.0385754 -3.54542 2.67331e-21)
(0.169655 -2.56073 -3.54347e-21)
(0.151557 -1.66009 -1.11451e-21)
(0.216432 -1.13355 2.77872e-21)
(0.238646 -0.787633 -1.46699e-21)
(0.273436 -0.523337 -2.98892e-22)
(0.334525 -0.28779 -6.34899e-22)
(0.441085 -0.0786019 1.94548e-22)
(0.574806 0.0738977 -1.87785e-22)
(0.702506 0.15488 6.85263e-23)
(0.805137 0.176655 -4.6857e-24)
(0.878607 0.163176 -4.37987e-23)
(0.927268 0.135205 3.28176e-24)
(0.957831 0.105265 -4.36427e-24)
(0.976324 0.0788502 -5.52277e-24)
(0.987187 0.0574423 7.93303e-25)
(0.993387 0.0407704 -8.4839e-25)
(0.996789 0.0282319 2.32134e-25)
(0.998615 0.0186064 2.10082e-25)
(0.999487 0.0123541 -2.3314e-25)
(0.999995 0.00558817 -1.07666e-25)
(0.372449 -2.57172 2.65834e-20)
(0.252853 -1.6696 5.82665e-21)
(0.282268 -1.14878 -4.68695e-21)
(0.287738 -0.799991 1.63837e-21)
(0.310544 -0.536911 -2.76911e-21)
(0.35838 -0.306711 -2.03636e-22)
(0.449621 -0.102422 -2.33018e-22)
(0.571905 0.0502554 -2.65317e-22)
(0.694465 0.135736 2.16135e-22)
(0.796417 0.163234 5.70468e-23)
(0.871228 0.154652 1.61035e-23)
(0.921675 0.130145 5.88142e-23)
(0.953795 0.102395 -4.57581e-23)
(0.973467 0.0772754 -8.23278e-24)
(0.985181 0.0566011 4.45375e-24)
(0.99199 0.0403341 1.6573e-24)
(0.995824 0.0280117 -4.02265e-24)
(0.997961 0.0184995 4.45547e-24)
(0.999031 0.0123019 6.83814e-25)
(0.999711 0.00556923 4.0085e-25)
(0.577353 -2.5727 -4.4366e-20)
(0.360452 -1.6803 1.67984e-20)
(0.35019 -1.16574 2.21993e-20)
(0.33871 -0.814544 -8.15975e-21)
(0.349125 -0.551663 -3.48069e-22)
(0.384736 -0.325676 -2.54834e-21)
(0.461579 -0.125717 -1.1163e-22)
(0.572106 0.026999 -6.89549e-22)
(0.688582 0.116694 -2.04308e-22)
(0.788986 0.14978 -1.11931e-22)
(0.86456 0.146082 -3.05387e-24)
(0.916462 0.125057 1.31833e-23)
(0.949962 0.0995158 4.95777e-23)
(0.970718 0.0756972 -2.40114e-23)
(0.983231 0.0557563 -1.08044e-23)
(0.99062 0.0398916 1.03265e-23)
(0.994871 0.0277835 -2.87524e-24)
(0.997313 0.0183845 -1.50468e-24)
(0.998576 0.0122417 -4.05833e-24)
(0.999426 0.00554617 1.417e-24)
(0.783304 -2.56418 -1.4191e-20)
(0.474873 -1.69165 3.53731e-20)
(0.4206 -1.18394 -1.44473e-20)
(0.391459 -0.831043 -4.38514e-21)
(0.388928 -0.567579 3.09669e-21)
(0.413026 -0.344747 -3.58074e-22)
(0.47649 -0.148461 9.73473e-22)
(0.575246 0.00425199 -1.26004e-22)
(0.684878 0.0978784 5.82095e-22)
(0.782916 0.136376 1.56491e-22)
(0.858665 0.137506 -3.39868e-22)
(0.911668 0.119964 4.25082e-23)
(0.946352 0.0966372 1.06666e-24)
(0.968087 0.074121 4.0418e-23)
(0.981342 0.0549105 3.26048e-24)
(0.98928 0.0394445 -8.04073e-24)
(0.993933 0.0275484 -7.49256e-24)
(0.99667 0.018262 -9.88397e-24)
(0.998123 0.012174 7.67397e-24)
(0.99914 0.00551915 -3.05472e-24)
(0.989096 -2.54493 8.49162e-21)
(0.59659 -1.70067 3.28054e-21)
(0.4939 -1.20146 -5.91827e-22)
(0.445825 -0.848613 8.08132e-21)
(0.429736 -0.584418 4.99344e-21)
(0.442711 -0.363929 3.67576e-21)
(0.493813 -0.170666 -1.78982e-21)
(0.581052 -0.0179109 4.68096e-22)
(0.683299 0.0793903 2.14009e-22)
(0.778241 0.123096 1.77652e-22)
(0.853588 0.12897 -8.88836e-23)
(0.907325 0.114889 -1.91297e-22)
(0.942983 0.0937709 1.54335e-23)
(0.965582 0.0725531 8.46279e-23)
(0.979518 0.0540675 3.70711e-23)
(0.987973 0.0389948 -1.5516e-23)
(0.993011 0.0273072 3.07052e-23)
(0.996034 0.0181322 2.01827e-24)
(0.997672 0.0120986 4.20375e-24)
(0.998854 0.00548815 -6.57075e-25)
(1.19374 -2.51078 -1.35506e-19)
(0.725588 -1.70282 -1.52296e-20)
(0.57005 -1.21605 1.55924e-20)
(0.501381 -0.866217 -2.14717e-20)
(0.471281 -0.60177 -1.23733e-20)
(0.473291 -0.383102 -1.07612e-20)
(0.512972 -0.192305 1.99586e-21)
(0.589173 -0.039423 4.28448e-22)
(0.683728 0.0613229 -8.00043e-22)
(0.774959 0.110016 -1.62059e-22)
(0.849358 0.12052 -3.02423e-23)
(0.903458 0.109855 2.61603e-22)
(0.93987 0.0909306 -6.54896e-23)
(0.963212 0.0710004 -4.69912e-23)
(0.977763 0.0532306 -2.92716e-23)
(0.986701 0.038544 3.35343e-23)
(0.992105 0.0270607 4.39329e-24)
(0.995405 0.0179957 7.79235e-24)
(0.997224 0.0120161 -6.29074e-24)
(0.998567 0.00545334 1.4877e-24)
(1.39634 -2.46235 1.40767e-19)
(0.860719 -1.70263 3.74851e-20)
(0.648599 -1.23152 -4.74277e-21)
(0.557605 -0.885478 2.93521e-20)
(0.513283 -0.620165 -9.34501e-21)
(0.504331 -0.402443 7.62964e-22)
(0.533394 -0.213462 5.67675e-21)
(0.5992 -0.0602686 -8.98799e-22)
(0.685993 0.0437538 -2.07621e-21)
(0.773041 0.0972168 2.01726e-22)
(0.845994 0.112213 -1.76202e-22)
(0.900091 0.104899 3.33928e-22)
(0.937029 0.0881354 -1.24433e-22)
(0.960984 0.0694734 2.96893e-22)
(0.976082 0.0524052 4.05991e-23)
(0.985466 0.0380951 -6.29727e-23)
(0.991217 0.0268104 -1.36121e-23)
(0.994783 0.0178531 -3.25181e-23)
(0.996778 0.0119266 5.27168e-24)
(0.998279 0.00541478 -2.26927e-24)
(1.59462 -2.42378 1.67191e-19)
(1.00147 -1.72348 1.55944e-20)
(0.730723 -1.26105 -2.79283e-20)
(0.615012 -0.912585 -9.39717e-22)
(0.555899 -0.642518 -1.19927e-20)
(0.535627 -0.423452 4.80429e-21)
(0.554598 -0.23497 -5.37641e-21)
(0.610718 -0.0808604 9.96692e-22)
(0.689891 0.0265427 2.21064e-22)
(0.772435 0.0846879 8.6984e-22)
(0.843504 0.104082 -1.64154e-22)
(0.897239 0.100057 -5.64927e-23)
(0.934469 0.0854139 -1.5569e-22)
(0.958904 0.067991 -8.09978e-24)
(0.974476 0.0516032 -1.63985e-22)
(0.984269 0.0376548 -1.60928e-23)
(0.990348 0.0265601 2.24695e-23)
(0.994169 0.0177062 3.45878e-23)
(0.996336 0.0118308 -7.16996e-24)
(0.99799 0.00537273 2.56475e-24)
(1.78342 -2.41981 -1.58038e-20)
(1.15247 -1.77082 1.19855e-19)
(0.821209 -1.30453 -4.36415e-20)
(0.675918 -0.948073 -2.52611e-20)
(0.600074 -0.670303 2.03616e-21)
(0.567414 -0.447643 3.32095e-21)
(0.576349 -0.258103 -2.52895e-21)
(0.623399 -0.102138 8.97461e-22)
(0.695241 0.00911451 1.71509e-22)
(0.773097 0.0721409 -6.07364e-22)
(0.841898 0.0960087 -1.05122e-21)
(0.89492 0.0952926 3.55244e-22)
(0.932201 0.0827613 -1.29177e-22)
(0.956975 0.0665574 -2.35921e-23)
(0.972947 0.0508295 2.03727e-22)
(0.98311 0.0372269 -1.14348e-23)
(0.989497 0.0263119 -6.96772e-23)
(0.993563 0.0175563 6.40201e-24)
(0.995896 0.0117296 -4.72533e-24)
(0.997699 0.00532739 1.90148e-24)
(1.95793 -2.34444 2.1692e-20)
(1.31549 -1.75328 1.42571e-19)
(0.921733 -1.3091 -2.47251e-20)
(0.7411 -0.96519 -2.73412e-20)
(0.646196 -0.690774 1.28229e-20)
(0.599912 -0.468615 1.46642e-20)
(0.598532 -0.279678 -7.26451e-21)
(0.636991 -0.122726 7.02211e-21)
(0.701903 -0.00811074 -3.50748e-21)
(0.775012 0.0595695 2.12695e-21)
(0.841208 0.0878459 -6.43659e-22)
(0.89316 0.0904436 -5.69106e-22)
(0.930237 0.0800456 -4.25396e-22)
(0.955201 0.0650792 2.15591e-22)
(0.971495 0.0500239 2.25852e-23)
(0.981989 0.0367757 -5.92054e-23)
(0.988665 0.0260466 5.73042e-23)
(0.992964 0.0173941 -8.12895e-24)
(0.995458 0.011619 6.93219e-25)
(0.997406 0.00527737 -9.22639e-25)
(2.19833 -1.97144 0)
(1.52665 -1.55291 0)
(1.05816 -1.21012 0)
(0.828775 -0.929079 0)
(0.708211 -0.684207 0)
(0.64337 -0.47487 0)
(0.627935 -0.293661 0)
(0.655563 -0.140272 0)
(0.712071 -0.0251147 0)
(0.779105 0.0457342 0)
(0.841507 0.0779625 0)
(0.891541 0.0840331 0)
(0.927958 0.0761522 0)
(0.952946 0.0627986 0)
(0.969561 0.0487007 0)
(0.980456 0.0360005 0)
(0.987507 0.025581 0)
(0.992123 0.017113 0)
(0.99484 0.011435 0)
(0.99699 0.00519586 0)
(2.01399 -1.51044 0)
(1.45162 -1.28644 0)
(1.07477 -1.03318 0)
(0.884405 -0.819613 0)
(0.772792 -0.625775 0)
(0.700814 -0.446754 0)
(0.671874 -0.2862 0)
(0.685096 -0.147175 0)
(0.729026 -0.0393104 0)
(0.786686 0.0303166 0)
(0.843132 0.064847 0)
(0.890029 0.0743431 0)
(0.925218 0.0695916 0)
(0.950053 0.0585809 0)
(0.967004 0.0460639 0)
(0.978397 0.0343794 0)
(0.985941 0.0245925 0)
(0.990982 0.0165299 0)
(0.994004 0.0110798 0)
(0.996431 0.0050426 0)
(1.95026 -1.18439 0)
(1.53441 -1.09801 0)
(1.17951 -0.920265 0)
(0.967782 -0.74367 0)
(0.844637 -0.579357 0)
(0.764108 -0.422299 0)
(0.722881 -0.278531 0)
(0.721429 -0.152923 0)
(0.751173 -0.0530425 0)
(0.797589 0.0144632 0)
(0.846597 0.0507795 0)
(0.889379 0.0635881 0)
(0.922768 0.0620874 0)
(0.947155 0.0536222 0)
(0.964321 0.0428848 0)
(0.976181 0.0323786 0)
(0.984231 0.0233463 0)
(0.989725 0.0157802 0)
(0.99308 0.0106159 0)
(0.995814 0.00484096 0)
(1.8552 -0.909043 0)
(1.53052 -0.888758 0)
(1.23035 -0.777124 0)
(1.03232 -0.645856 0)
(0.911067 -0.518497 0)
(0.828168 -0.390067 0)
(0.778119 -0.26634 0)
(0.76342 -0.155542 0)
(0.778714 -0.0649695 0)
(0.812569 -0.000792666 0)
(0.852642 0.0365043 0)
(0.890123 0.0522391 0)
(0.920937 0.0538977 0)
(0.944441 0.0480413 0)
(0.96161 0.0392026 0)
(0.973859 0.0299974 0)
(0.982402 0.0218251 0)
(0.988367 0.0148428 0)
(0.992074 0.0100233 0)
(0.995143 0.00457998 0)
(1.76646 -0.670343 0)
(1.52732 -0.694223 0)
(1.28345 -0.640339 0)
(1.09942 -0.549124 0)
(0.977116 -0.451121 0)
(0.891731 -0.349078 0)
(0.835 -0.246601 0)
(0.80894 -0.152049 0)
(0.81064 -0.0726006 0)
(0.83158 -0.0137385 0)
(0.861654 0.0229667 0)
(0.892702 0.0406856 0)
(0.920072 0.045092 0)
(0.942139 0.0417625 0)
(0.959012 0.0348982 0)
(0.971513 0.0271222 0)
(0.980502 0.0199385 0)
(0.986934 0.0136541 0)
(0.991004 0.00925971 0)
(0.994426 0.0042402 0)
(1.67025 -0.476251 0)
(1.49773 -0.517107 0)
(1.30926 -0.500309 0)
(1.15054 -0.444616 0)
(1.03435 -0.37481 0)
(0.949847 -0.298507 0)
(0.889699 -0.218367 0)
(0.854992 -0.141353 0)
(0.844869 -0.0745682 0)
(0.853582 -0.0230292 0)
(0.873378 0.0111699 0)
(0.897243 0.0295118 0)
(0.920403 0.0359214 0)
(0.94046 0.0348329 0)
(0.956682 0.0299211 0)
(0.969247 0.0236712 0)
(0.978598 0.0176075 0)
(0.985469 0.0121522 0)
(0.989896 0.00828057 0)
(0.993677 0.00380068 0)
(1.57342 -0.320619 0)
(1.45343 -0.362633 0)
(1.31478 -0.367182 0)
(1.1858 -0.339454 0)
(1.08101 -0.294303 0)
(0.999968 -0.240703 0)
(0.938937 -0.181948 0)
(0.898393 -0.123022 0)
(0.878751 -0.0700526 0)
(0.876747 -0.0275932 0)
(0.886847 0.00212633 0)
(0.903399 0.019452 0)
(0.921909 0.0268031 0)
(0.939507 0.027423 0)
(0.954746 0.0242936 0)
(0.967171 0.0195982 0)
(0.976772 0.0147662 0)
(0.984029 0.0102775 0)
(0.988791 0.00703933 0)
(0.992923 0.00323888 0)
(1.4852 -0.199564 0)
(1.40372 -0.23419 0)
(1.30532 -0.246842 0)
(1.2052 -0.236959 0)
(1.11507 -0.211432 0)
(1.03978 -0.177204 0)
(0.979808 -0.137872 0)
(0.936008 -0.0968098 0)
(0.909434 -0.0584738 0)
(0.898795 -0.0266206 0)
(0.900538 -0.00330645 0)
(0.910357 0.0112013 0)
(0.924274 0.0181768 0)
(0.939241 0.0197391 0)
(0.953284 0.0180631 0)
(0.965396 0.0148684 0)
(0.975129 0.0113508 0)
(0.982698 0.00796849 0)
(0.987752 0.00548613 0)
(0.992206 0.00253045 0)
(1.41556 -0.107139 0)
(1.35968 -0.129682 0)
(1.2898 -0.14111 0)
(1.21273 -0.139691 0)
(1.13655 -0.127812 0)
(1.06779 -0.109334 0)
(1.00993 -0.0870136 0)
(0.964825 -0.062933 0)
(0.933887 -0.0396899 0)
(0.917099 -0.019763 0)
(0.912484 -0.00465695 0)
(0.916886 0.0052083 0)
(0.926889 0.0103578 0)
(0.939467 0.0119389 0)
(0.952327 0.0112642 0)
(0.964046 0.0094461 0)
(0.973812 0.00729878 0)
(0.981601 0.00516461 0)
(0.986881 0.00357192 0)
(0.991599 0.00165124 0)
(1.37412 -0.0335808 0)
(1.33161 -0.0413894 0)
(1.27731 -0.0458393 0)
(1.21378 -0.0461589 0)
(1.14672 -0.0428518 0)
(1.08276 -0.0370952 0)
(1.02681 -0.0299038 0)
(0.981527 -0.0220046 0)
(0.948535 -0.0142302 0)
(0.928421 -0.00743128 0)
(0.92014 -0.00216249 0)
(0.921275 0.00138067 0)
(0.928815 0.0033177 0)
(0.939821 0.00399733 0)
(0.951857 0.00385395 0)
(0.963266 0.00327425 0)
(0.973013 0.00255133 0)
(0.980919 0.00181549 0)
(0.986331 0.00125948 0)
(0.991212 0.000583173 0)
(3.34259 -0.176631 1.56964e-20)
(3.32134 -0.399527 -1.75194e-20)
(3.28103 -0.624313 -1.5265e-19)
(3.22038 -0.849752 -2.773e-20)
(3.14125 -1.07396 1.06724e-19)
(3.03862 -1.297 1.13157e-19)
(2.92138 -1.51388 3.27227e-19)
(2.76703 -1.73523 -2.00571e-19)
(2.62537 -1.92625 3.10084e-20)
(2.40198 -2.20855 -4.5707e-20)
(2.87223 -0.186064 -2.48859e-21)
(2.84707 -0.347029 -3.56607e-20)
(2.81036 -0.507882 1.06498e-19)
(2.76196 -0.668025 8.09489e-20)
(2.70359 -0.826273 1.05195e-19)
(2.63308 -0.982775 1.67845e-19)
(2.55794 -1.13388 1.02108e-19)
(2.46681 -1.2864 -2.96603e-20)
(2.39346 -1.41576 -1.75266e-19)
(2.28451 -1.59889 2.14902e-19)
(2.54489 -0.148913 6.48339e-21)
(2.51982 -0.265792 -1.00862e-20)
(2.48846 -0.381081 3.41612e-20)
(2.45137 -0.494561 4.65798e-22)
(2.40965 -0.60586 -2.01928e-20)
(2.36271 -0.715379 -1.42636e-19)
(2.31334 -0.821896 6.16983e-20)
(2.25521 -0.92973 -5.03981e-20)
(2.20183 -1.02708 2.3614e-19)
(2.12821 -1.15868 1.57096e-19)
(2.29344 -0.113219 1.58774e-20)
(2.27272 -0.19822 7.95759e-21)
(2.24789 -0.28203 -1.36306e-20)
(2.21917 -0.364719 -5.20008e-20)
(2.18681 -0.446357 7.37398e-21)
(2.15046 -0.527277 1.90604e-20)
(2.11104 -0.607172 -5.51611e-20)
(2.06663 -0.68768 7.55447e-21)
(2.02488 -0.763101 -1.09485e-19)
(1.97528 -0.856328 -1.48076e-19)
(2.07427 -0.079521 -7.81978e-21)
(2.05905 -0.140646 1.60508e-21)
(2.04102 -0.201089 5.82304e-21)
(2.02032 -0.26089 3.04717e-20)
(1.99719 -0.320065 -4.90877e-22)
(1.97174 -0.378659 -3.66439e-20)
(1.94452 -0.43651 -7.16673e-21)
(1.915 -0.494119 5.35432e-20)
(1.88636 -0.549327 3.48961e-21)
(1.85281 -0.613955 4.61511e-20)
(1.88131 -0.050372 -1.15852e-21)
(1.8712 -0.0929433 -3.13201e-21)
(1.85928 -0.135085 -3.21506e-21)
(1.84565 -0.176813 1.53552e-20)
(1.83042 -0.218153 1.20596e-20)
(1.81365 -0.259155 2.89979e-20)
(1.79547 -0.299844 5.53038e-20)
(1.77567 -0.340424 -7.49274e-20)
(1.75556 -0.380219 6.07903e-20)
(1.73295 -0.424538 -1.62517e-20)
(1.71682 -0.0274739 4.74749e-21)
(1.71059 -0.055988 -1.16074e-21)
(1.70302 -0.0842812 -6.97051e-21)
(1.69417 -0.112371 -1.381e-20)
(1.6841 -0.140279 -5.33412e-20)
(1.67288 -0.16803 1.28708e-20)
(1.66058 -0.195636 -2.40327e-20)
(1.64723 -0.223131 1.55045e-20)
(1.63332 -0.25034 -3.52943e-21)
(1.6182 -0.27926 -2.0731e-20)
(1.58404 -0.0117495 -1.00708e-21)
(1.58058 -0.0296423 -7.9564e-21)
(1.57603 -0.0474296 3.44447e-21)
(1.57041 -0.0651178 -4.1332e-21)
(1.56378 -0.0827134 -1.27994e-21)
(1.55619 -0.100222 -7.54644e-21)
(1.54769 -0.117647 -2.4103e-21)
(1.53834 -0.134992 -1.03174e-20)
(1.52829 -0.15223 1.23292e-20)
(1.51747 -0.169919 -8.81963e-21)
(1.48682 -0.00292472 1.60402e-21)
(1.4852 -0.0126493 -3.16353e-21)
(1.48259 -0.0223353 6.77325e-21)
(1.479 -0.0319867 -1.70408e-20)
(1.47448 -0.0416066 1.27851e-20)
(1.46907 -0.0511968 1.19905e-21)
(1.46282 -0.0607562 -3.04917e-21)
(1.45577 -0.0702814 4.72893e-21)
(1.448 -0.0797644 -2.95032e-21)
(1.43956 -0.0892759 8.56836e-22)
(1.43198 -0.00036688 -2.18043e-21)
(1.43131 -0.0034035 2.17727e-21)
(1.42968 -0.00643501 2.55992e-21)
(1.42712 -0.00946535 -2.04334e-21)
(1.42365 -0.0124969 -1.31522e-20)
(1.41931 -0.0155301 2.85477e-21)
(1.41414 -0.0185627 1.60725e-21)
(1.40816 -0.0215905 7.55646e-21)
(1.40143 -0.024606 -1.93698e-20)
(1.39398 -0.0275968 -5.85992e-21)
(2.63896 1.57599 1.09925e-19)
(2.7549 1.48952 -6.54545e-20)
(2.85178 1.36192 1.50077e-19)
(2.97131 1.20762 -2.62556e-19)
(3.07874 1.03915 -1.54033e-19)
(3.16545 0.859057 -6.25752e-20)
(3.2355 0.667647 5.6407e-20)
(3.28963 0.466505 1.71685e-19)
(3.32633 0.257682 1.73834e-20)
(3.34416 0.0428442 -2.8822e-20)
(2.50929 1.28981 -3.0875e-19)
(2.58847 1.16284 1.701e-19)
(2.61948 1.03068 3.81497e-20)
(2.68476 0.889104 -9.84003e-20)
(2.75575 0.742382 -2.10149e-19)
(2.80902 0.594076 5.46382e-20)
(2.84598 0.443513 -7.69322e-20)
(2.87099 0.289759 -1.22155e-19)
(2.88431 0.133086 2.47881e-20)
(2.88481 -0.0257856 9.77686e-21)
(2.38705 1.00143 -1.89187e-19)
(2.44248 0.888134 -2.78545e-19)
(2.44557 0.778982 1.26113e-20)
(2.47533 0.668759 1.67862e-19)
(2.5189 0.554712 1.81628e-19)
(2.55099 0.439108 -1.30156e-19)
(2.5677 0.322926 4.83727e-20)
(2.57398 0.205747 -3.26753e-20)
(2.57231 0.087589 -1.4367e-20)
(2.56262 -0.0309032 2.76775e-21)
(2.2409 0.745929 1.83748e-19)
(2.27875 0.657765 1.46764e-19)
(2.27124 0.57468 -9.81457e-21)
(2.2803 0.493052 -1.12849e-19)
(2.30366 0.408541 -2.64391e-20)
(2.32204 0.321769 -5.3339e-22)
(2.32905 0.234424 6.16443e-20)
(2.32771 0.14706 3.93085e-21)
(2.32101 0.0597776 -7.19804e-21)
(2.30961 -0.0271225 -9.83687e-21)
(2.06858 0.548014 -8.13951e-20)
(2.09342 0.482272 3.40703e-20)
(2.08459 0.420085 -7.26019e-20)
(2.08394 0.359872 -2.31336e-20)
(2.09397 0.298241 3.65175e-21)
(2.1031 0.234898 3.5014e-20)
(2.10564 0.171102 -3.25834e-20)
(2.10257 0.107648 1.80181e-20)
(2.09596 0.0447004 -1.32519e-20)
(2.08655 -0.0177161 8.21886e-21)
(1.88384 0.393565 6.72376e-21)
(1.89935 0.346019 -5.053e-20)
(1.89417 0.300639 4.71298e-20)
(1.89243 0.257117 1.42681e-20)
(1.8968 0.213411 9.0901e-21)
(1.9014 0.168941 -1.79175e-20)
(1.90261 0.124268 9.04323e-21)
(1.90045 0.0799237 -3.48705e-20)
(1.89593 0.0360542 1.54972e-20)
(1.88954 -0.00737042 -2.77344e-21)
(1.70785 0.270209 3.07191e-20)
(1.71842 0.23814 2.05328e-20)
(1.71825 0.207318 -1.81664e-20)
(1.71925 0.177735 1.7665e-20)
(1.72279 0.148347 -6.94937e-21)
(1.72621 0.11872 2.83566e-20)
(1.72776 0.0890227 3.11804e-21)
(1.7273 0.0595031 -3.34771e-21)
(1.7252 0.0302555 -4.98467e-21)
(1.72169 0.00127056 3.92739e-21)
(1.55905 0.17319 -4.39701e-21)
(1.5681 0.153597 4.79938e-21)
(1.57196 0.134585 1.58316e-20)
(1.57576 0.116138 -2.04077e-20)
(1.58009 0.0978091 3.16664e-20)
(1.58388 0.079404 -6.59515e-21)
(1.58641 0.0609724 -8.72955e-21)
(1.58761 0.0426126 1.71461e-20)
(1.58757 0.0243716 -4.66682e-21)
(1.58637 0.00625326 4.72109e-22)
(1.44863 0.0966763 8.51279e-21)
(1.45762 0.0863253 -9.60637e-21)
(1.46394 0.0761789 -7.84765e-21)
(1.46959 0.0662245 -2.75524e-21)
(1.47488 0.0563089 4.96753e-21)
(1.47945 0.0463705 6.45021e-21)
(1.48302 0.0364293 -1.81796e-20)
(1.48553 0.0265189 1.08499e-20)
(1.48699 0.016656 -4.63006e-21)
(1.48742 0.00684253 -6.3008e-24)
(1.38607 0.0310887 -5.09831e-21)
(1.39542 0.0277995 -9.60374e-21)
(1.40301 0.0245614 -2.42533e-20)
(1.40965 0.0213776 -1.85353e-21)
(1.41558 0.0182155 1.87983e-20)
(1.42071 0.0150654 -7.38997e-21)
(1.42492 0.0119333 1.30664e-21)
(1.42816 0.00882538 2.25146e-21)
(1.43041 0.00574213 1.7934e-21)
(1.43168 0.00267981 -2.12949e-21)
(1.0007 0.0615639 0)
(1.00827 0.181481 0)
(1.02346 0.299822 0)
(1.04685 0.422528 0)
(1.08033 0.550546 0)
(1.13178 0.698668 0)
(1.20149 0.856939 0)
(1.34132 1.07683 0)
(1.49954 1.23997 0)
(2.07039 1.73786 0)
(1.00102 0.0592886 0)
(1.01108 0.174882 0)
(1.03075 0.288724 0)
(1.06037 0.407207 0)
(1.1043 0.527408 0)
(1.16782 0.670874 0)
(1.25873 0.803619 0)
(1.4186 1.03312 0)
(1.6187 1.07287 0)
(2.0559 1.56636 0)
(1.00119 0.0561092 0)
(1.01325 0.165396 0)
(1.0371 0.272312 0)
(1.07227 0.383874 0)
(1.1259 0.490953 0)
(1.19835 0.626283 0)
(1.3061 0.715266 0)
(1.46976 0.946445 0)
(1.68821 0.858614 0)
(2.02979 1.25379 0)
(1.00129 0.0518965 0)
(1.01493 0.152992 0)
(1.04203 0.25092 0)
(1.08164 0.35356 0)
(1.14175 0.444187 0)
(1.22051 0.569739 0)
(1.33152 0.61253 0)
(1.49175 0.827276 0)
(1.68719 0.683642 0)
(1.97895 0.947651 0)
(1.0013 0.0465036 0)
(1.01611 0.137133 0)
(1.0449 0.223755 0)
(1.08793 0.31504 0)
(1.14897 0.387776 0)
(1.23269 0.498831 0)
(1.3323 0.510805 0)
(1.48648 0.682554 0)
(1.63938 0.556182 0)
(1.89334 0.700294 0)
(1.00121 0.0399009 0)
(1.01659 0.117703 0)
(1.04525 0.190877 0)
(1.08997 0.267928 0)
(1.14729 0.324039 0)
(1.23132 0.412856 0)
(1.316 0.415162 0)
(1.4543 0.527819 0)
(1.57154 0.445511 0)
(1.7765 0.505415 0)
(1.00108 0.0322145 0)
(1.01616 0.0950518 0)
(1.04338 0.153311 0)
(1.08672 0.21358 0)
(1.13904 0.255966 0)
(1.21555 0.317778 0)
(1.2894 0.322444 0)
(1.40201 0.381489 0)
(1.49439 0.335537 0)
(1.64429 0.347452 0)
(1.00098 0.0237157 0)
(1.01489 0.0699258 0)
(1.04 0.112418 0)
(1.07914 0.154786 0)
(1.12656 0.185253 0)
(1.19098 0.222344 0)
(1.25593 0.229389 0)
(1.34197 0.253784 0)
(1.41532 0.228837 0)
(1.51806 0.221202 0)
(1.00089 0.0146547 0)
(1.01329 0.0431293 0)
(1.03602 0.0692327 0)
(1.07022 0.0941771 0)
(1.11269 0.112789 0)
(1.16587 0.131514 0)
(1.22203 0.13696 0)
(1.28763 0.1447 0)
(1.34696 0.131592 0)
(1.41736 0.122078 0)
(1.00083 0.00500258 0)
(1.01208 0.0146949 0)
(1.03296 0.0235694 0)
(1.06368 0.0318111 0)
(1.10239 0.0380848 0)
(1.14866 0.0436892 0)
(1.19861 0.0455714 0)
(1.25282 0.0470622 0)
(1.30438 0.0428147 0)
(1.35816 0.0390181 0)
(0.999712 0.0585435 -8.36906e-22)
(0.994846 0.167614 1.37197e-21)
(0.98364 0.273891 -1.84047e-21)
(0.963833 0.379318 2.25908e-21)
(0.933943 0.490461 1.1866e-22)
(0.88747 0.607285 1.06598e-21)
(0.826064 0.754478 -3.04309e-22)
(0.729569 0.909052 -1.15858e-21)
(0.59859 1.20247 2.74644e-21)
(0.571801 1.89309 -1.65446e-22)
(0.999617 0.059236 1.81018e-21)
(0.99585 0.170049 -5.04227e-21)
(0.987176 0.278517 9.62589e-22)
(0.971756 0.38682 -1.04628e-20)
(0.947608 0.501865 4.05688e-21)
(0.910992 0.623615 9.37627e-22)
(0.859734 0.778173 -1.57971e-20)
(0.787566 0.942668 5.69156e-21)
(0.673762 1.24372 -3.17718e-21)
(0.729304 1.91382 -5.41323e-21)
(0.999537 0.0598441 -2.47267e-21)
(0.996867 0.172282 1.48311e-20)
(0.990731 0.282719 -7.11479e-21)
(0.97973 0.393652 -1.73452e-21)
(0.961406 0.512088 -5.56856e-21)
(0.934902 0.638362 -9.1366e-21)
(0.894189 0.79899 9.74055e-21)
(0.847143 0.972222 8.33259e-21)
(0.752866 1.27943 -1.19969e-20)
(0.889064 1.92373 5.49654e-21)
(0.999485 0.0603719 8.49868e-21)
(0.997913 0.17432 -1.5728e-20)
(0.994324 0.286506 9.7268e-21)
(0.987741 0.399833 1.76148e-20)
(0.975348 0.521139 -5.35965e-21)
(0.959065 0.651556 1.42104e-20)
(0.929412 0.816873 -1.09487e-20)
(0.907884 0.997649 -4.31111e-21)
(0.835597 1.30884 9.05699e-21)
(1.05115 1.92225 2.24445e-21)
(0.999472 0.0608244 -2.1371e-21)
(0.999003 0.176168 1.68276e-21)
(0.997974 0.289895 -3.16632e-21)
(0.995783 0.405383 -4.21586e-21)
(0.989455 0.529043 -7.81589e-21)
(0.983361 0.663244 -9.17852e-21)
(0.965414 0.831796 1.31411e-20)
(0.969375 1.01905 -4.68908e-21)
(0.921687 1.33105 -1.46602e-21)
(1.21549 1.90921 -1.38816e-20)
(0.999507 0.0612063 -3.43462e-24)
(1.00015 0.177829 6.95321e-21)
(1.0017 0.292897 2.66896e-22)
(1.00385 0.410318 -2.76116e-21)
(1.00374 0.535845 -1.41356e-20)
(1.00768 0.673486 3.19442e-20)
(1.00223 0.843762 -1.46208e-20)
(1.03119 1.03668 7.25976e-21)
(1.01101 1.34492 -4.54058e-23)
(1.38187 1.88427 8.02544e-20)
(0.999594 0.0615238 -1.0934e-20)
(1.00138 0.179307 -3.75912e-21)
(1.00552 0.295533 -6.28359e-21)
(1.01195 0.414658 -3.50907e-21)
(1.01822 0.541609 -9.44277e-21)
(1.03195 0.682341 1.36987e-20)
(1.03992 0.852833 -8.96217e-21)
(1.09289 1.05088 -4.90823e-21)
(1.1036 1.34913 2.28591e-20)
(1.54972 1.85015 -1.19909e-19)
(0.999739 0.0617922 8.07222e-21)
(1.00269 0.180643 7.54518e-21)
(1.00944 0.297886 6.7569e-21)
(1.02006 0.418496 8.91122e-21)
(1.03286 0.546486 -4.77911e-22)
(1.0561 0.689906 -1.43979e-20)
(1.07852 0.859196 1.01086e-20)
(1.15407 1.0621 5.61413e-21)
(1.19995 1.34158 -1.23765e-20)
(1.71899 1.80281 -7.08449e-20)
(0.999947 0.0620268 -2.91575e-21)
(1.00413 0.181897 6.30975e-21)
(1.01347 0.30009 6.2607e-21)
(1.02817 0.421987 4.64082e-22)
(1.04756 0.550684 5.07498e-21)
(1.08003 0.69618 -1.7747e-20)
(1.11797 0.862915 8.13162e-21)
(1.21453 1.07014 -6.62491e-21)
(1.30042 1.32411 1.13026e-20)
(1.88232 1.76835 -4.07406e-20)
(1.00023 0.0621319 4.18415e-21)
(1.00575 0.18273 -1.43229e-21)
(1.01761 0.301637 -2.18053e-21)
(1.03618 0.424466 -1.54377e-20)
(1.06201 0.553406 3.92946e-21)
(1.10348 0.700022 1.13918e-20)
(1.15782 0.862476 -2.50782e-22)
(1.27648 1.06939 1.49193e-20)
(1.41395 1.28013 2.65409e-20)
(2.07417 1.67957 -1.01079e-19)
(0.999266 0.0469416 -1.11238e-21)
(0.98312 0.131815 -5.94786e-22)
(0.94914 0.206204 -4.9094e-21)
(0.894296 0.270463 2.42191e-20)
(0.816086 0.323847 2.96097e-21)
(0.704091 0.366981 -2.65866e-20)
(0.548369 0.39624 -5.5884e-20)
(0.318717 0.434179 1.48391e-19)
(-0.0442153 0.639357 -2.67775e-20)
(-0.947006 1.32411 -9.66995e-20)
(0.999509 0.0484693 -2.05119e-21)
(0.984418 0.136344 -4.9398e-21)
(0.952018 0.214507 -9.21384e-21)
(0.899393 0.283773 1.67438e-20)
(0.824391 0.344139 -3.03023e-20)
(0.71646 0.397509 3.74236e-20)
(0.569754 0.441894 -9.57241e-20)
(0.348364 0.496013 8.82544e-20)
(0.0433749 0.710196 -2.10917e-21)
(-0.79936 1.40165 -1.63293e-20)
(0.999707 0.0498915 9.99478e-21)
(0.985748 0.140566 2.33688e-20)
(0.955254 0.222412 -1.47961e-20)
(0.905295 0.296544 3.14894e-21)
(0.834089 0.363637 -7.39576e-22)
(0.730579 0.426229 5.35227e-20)
(0.592966 0.48348 4.31372e-20)
(0.377204 0.545809 -7.62947e-20)
(0.113401 0.758502 3.13964e-20)
(-0.648946 1.44675 1.38685e-20)
(0.999853 0.0512518 -1.36077e-20)
(0.987051 0.144633 -2.27791e-20)
(0.958684 0.230022 -8.289e-21)
(0.911731 0.308717 3.15821e-21)
(0.84478 0.38205 2.67984e-20)
(0.746042 0.452783 -4.37756e-20)
(0.617502 0.522204 -1.98187e-20)
(0.407325 0.593472 -2.02751e-20)
(0.17282 0.81315 7.18065e-20)
(-0.496945 1.51234 -1.01668e-19)
(0.99995 0.0525441 5.20061e-21)
(0.988309 0.148539 -4.66928e-21)
(0.962215 0.237375 2.44876e-20)
(0.918548 0.320469 -4.33149e-22)
(0.856236 0.399868 2.22359e-20)
(0.762808 0.478304 -6.3494e-20)
(0.643566 0.560268 5.55892e-20)
(0.441284 0.642891 1.16597e-20)
(0.228702 0.874795 -2.01867e-20)
(-0.344757 1.58594 3.1651e-20)
(0.999998 0.0537588 -5.06484e-21)
(0.989513 0.152252 -1.03795e-21)
(0.965796 0.244426 -5.58382e-21)
(0.925662 0.331782 -2.15445e-20)
(0.868317 0.417154 1.86318e-20)
(0.780898 0.50301 1.62383e-20)
(0.671173 0.597605 -9.18068e-21)
(0.47985 0.692514 -3.91927e-20)
(0.283872 0.936463 1.41187e-20)
(-0.193058 1.6548 -1.15145e-20)
(1 0.0548908 5.02419e-21)
(0.990663 0.155756 -1.04413e-20)
(0.969393 0.251126 2.41028e-21)
(0.933008 0.342564 6.05522e-21)
(0.88089 0.433739 2.96423e-20)
(0.800243 0.526646 -1.26256e-21)
(0.700108 0.633446 6.35719e-21)
(0.522791 0.740731 1.82226e-20)
(0.339995 0.995595 -4.73263e-21)
(-0.0416215 1.71697 -8.58948e-21)
(0.999966 0.055937 -3.53685e-21)
(0.991761 0.159045 1.17259e-20)
(0.972982 0.257442 1.97732e-21)
(0.940536 0.352743 -1.36147e-20)
(0.893826 0.449462 -2.91666e-21)
(0.820719 0.548991 -1.03683e-20)
(0.730167 0.667292 -1.0947e-20)
(0.569697 0.786932 1.44854e-20)
(0.39865 1.05218 3.09517e-20)
(0.110081 1.77283 -2.33869e-20)
(0.999899 0.0568949 1.26246e-21)
(0.992817 0.162117 -5.62309e-21)
(0.976553 0.263349 2.31499e-21)
(0.948202 0.362275 -1.70033e-21)
(0.907022 0.464209 -1.97521e-20)
(0.842181 0.569927 4.10461e-21)
(0.761227 0.698879 1.08238e-20)
(0.620131 0.830727 -1.94371e-20)
(0.460999 1.106 7.25191e-21)
(0.262572 1.82167 -4.30466e-21)
(0.999811 0.0577637 -1.27265e-21)
(0.99384 0.164972 5.90822e-22)
(0.980103 0.268834 -2.87336e-22)
(0.955975 0.371136 1.83609e-21)
(0.920408 0.477895 1.94831e-21)
(0.864483 0.589377 -1.11336e-21)
(0.793212 0.728001 1.92314e-22)
(0.673596 0.871605 3.39802e-21)
(0.527617 1.15634 -3.40168e-21)
(0.416348 1.86212 1.65867e-21)
(0.999813 0.000579445 0)
(0.999157 0.00060739 0)
(0.999234 -0.000825659 0)
(1.0014 -0.00416319 0)
(1.00774 -0.00946379 0)
(1.02079 -0.0174793 0)
(1.04336 -0.0268708 0)
(1.07752 -0.0403073 0)
(1.12676 -0.0514383 0)
(1.19008 -0.0698838 0)
(0.999663 0.00236444 0)
(0.996999 0.00386195 0)
(0.993489 0.00113127 0)
(0.990542 -0.00714034 0)
(0.990972 -0.0214227 0)
(0.996964 -0.0437985 0)
(1.01377 -0.0712744 0)
(1.04128 -0.110843 0)
(1.08966 -0.145608 0)
(1.15124 -0.202807 0)
(0.999434 0.00559561 0)
(0.9936 0.0117129 0)
(0.984325 0.0111062 0)
(0.972754 0.00165936 0)
(0.96289 -0.0180787 0)
(0.955565 -0.0510697 0)
(0.96126 -0.0953293 0)
(0.973011 -0.158755 0)
(1.01933 -0.222405 0)
(1.06868 -0.321914 0)
(0.99918 0.0103415 0)
(0.989724 0.0243669 0)
(0.973635 0.0295392 0)
(0.951456 0.0230394 0)
(0.928106 0.00210994 0)
(0.902519 -0.0368787 0)
(0.891011 -0.0955305 0)
(0.876642 -0.178738 0)
(0.918059 -0.280924 0)
(0.932681 -0.416905 0)
(0.998945 0.0161897 0)
(0.986061 0.0406433 0)
(0.963198 0.0546742 0)
(0.930118 0.0549305 0)
(0.891577 0.0375452 0)
(0.845243 -0.00226981 0)
(0.809509 -0.0698181 0)
(0.762364 -0.169694 0)
(0.789288 -0.31425 0)
(0.730018 -0.46182 0)
(0.998767 0.0225544 0)
(0.983139 0.058842 0)
(0.954472 0.083791 0)
(0.911663 0.0938385 0)
(0.858126 0.0845156 0)
(0.790872 0.0495279 0)
(0.724699 -0.0191532 0)
(0.64412 -0.134332 0)
(0.632451 -0.303932 0)
(0.441902 -0.41961 0)
(0.998668 0.0288814 0)
(0.981228 0.0773128 0)
(0.948309 0.114085 0)
(0.897925 0.135884 0)
(0.831489 0.138238 0)
(0.744867 0.113983 0)
(0.645472 0.0521968 0)
(0.531634 -0.0713981 0)
(0.440942 -0.226331 0)
(0.0532118 -0.238717 0)
(0.998651 0.0347644 0)
(0.980344 0.0948318 0)
(0.944906 0.143354 0)
(0.889566 0.177735 0)
(0.813711 0.194106 0)
(0.711039 0.185839 0)
(0.580342 0.139434 0)
(0.427561 0.0263188 0)
(0.218325 -0.0660412 0)
(-0.39061 0.0990153 0)
(0.998715 0.0399935 0)
(0.980407 0.110794 0)
(0.944084 0.170448 0)
(0.886455 0.217403 0)
(0.805362 0.248832 0)
(0.691987 0.260191 0)
(0.536789 0.238528 0)
(0.337038 0.165905 0)
(0.000893684 0.167927 0)
(-0.789421 0.511823 0)
(0.99892 0.0444582 0)
(0.981455 0.124587 0)
(0.945739 0.194123 0)
(0.888379 0.252645 0)
(0.806525 0.298499 0)
(0.689703 0.330133 0)
(0.523588 0.339958 0)
(0.28179 0.342122 0)
(-0.166808 0.492742 0)
(-1.14431 1.07488 0)
(1.24062 -0.0738735 -1.25757e-20)
(1.2626 -0.0753052 -3.54706e-20)
(1.28584 -0.0765553 -6.23625e-20)
(1.30981 -0.0776562 3.26367e-21)
(1.33444 -0.0786352 2.93257e-20)
(1.35972 -0.0794968 -2.20505e-20)
(1.38559 -0.0802383 -3.13123e-21)
(1.41193 -0.0808561 4.08751e-21)
(1.43861 -0.0813452 3.27588e-21)
(1.46549 -0.0816968 -3.2938e-21)
(1.2074 -0.217127 2.03988e-21)
(1.2324 -0.222377 -5.04389e-21)
(1.25909 -0.227119 5.13268e-22)
(1.28651 -0.231406 -5.19008e-21)
(1.3147 -0.23529 2.20877e-20)
(1.34381 -0.238755 1.34098e-20)
(1.37377 -0.241763 -2.60163e-20)
(1.40439 -0.244278 1.02607e-20)
(1.43548 -0.246269 -4.67808e-21)
(1.46684 -0.247705 2.14852e-21)
(1.13334 -0.351606 -1.58813e-20)
(1.16429 -0.362614 2.03774e-20)
(1.19792 -0.372654 -8.42364e-21)
(1.23193 -0.381799 -4.85451e-21)
(1.26651 -0.390141 -9.40459e-21)
(1.30206 -0.397624 5.62638e-21)
(1.33849 -0.404136 -5.6758e-21)
(1.3754 -0.409575 5.65159e-21)
(1.41237 -0.413858 -1.02062e-20)
(1.44898 -0.416904 -1.30347e-21)
(1.00313 -0.470911 -3.259e-20)
(1.04147 -0.490975 -4.94135e-21)
(1.08388 -0.509042 5.49749e-20)
(1.12521 -0.525199 3.69706e-21)
(1.16575 -0.539512 1.86922e-20)
(1.20619 -0.551764 -4.09682e-20)
(1.24613 -0.561696 -1.60895e-20)
(1.28462 -0.569117 -5.63745e-21)
(1.32067 -0.573902 -1.15371e-21)
(1.35339 -0.575985 4.76354e-21)
(0.786894 -0.546356 -1.75637e-20)
(0.82876 -0.57661 7.79503e-20)
(0.875034 -0.602317 -9.16672e-20)
(0.915543 -0.623701 -1.97078e-20)
(0.951186 -0.64065 3.41794e-20)
(0.983118 -0.65283 2.21582e-20)
(1.01035 -0.660082 1.57622e-20)
(1.03123 -0.662439 -2.34617e-21)
(1.04433 -0.660091 -2.15099e-21)
(1.04848 -0.653397 -1.16219e-21)
(0.432239 -0.504212 6.82217e-20)
(0.462115 -0.532292 -2.10452e-21)
(0.493807 -0.55462 8.10851e-20)
(0.512726 -0.571333 4.02702e-20)
(0.52247 -0.581787 -3.34788e-20)
(0.524753 -0.585803 -6.00908e-21)
(0.518158 -0.583671 2.47892e-20)
(0.501084 -0.575919 4.87498e-21)
(0.472582 -0.563371 1.61517e-21)
(0.432248 -0.54726 -4.90595e-21)
(-0.0881979 -0.232538 -1.57998e-19)
(-0.0868893 -0.243582 -1.07194e-19)
(-0.0852667 -0.263571 1.4173e-20)
(-0.0970553 -0.285278 8.70854e-20)
(-0.115628 -0.304561 1.80034e-20)
(-0.13976 -0.320297 8.40682e-21)
(-0.17038 -0.332514 -3.72039e-20)
(-0.207722 -0.341871 -7.70062e-21)
(-0.251351 -0.349707 4.67114e-21)
(-0.300394 -0.358015 8.79295e-21)
(-0.67017 0.236353 1.66096e-19)
(-0.699224 0.206712 1.93558e-19)
(-0.724647 0.149133 -4.084e-20)
(-0.756285 0.0880123 -1.08992e-19)
(-0.787951 0.0287282 -8.55944e-20)
(-0.82001 -0.0282763 4.21217e-20)
(-0.852793 -0.083232 7.03246e-21)
(-0.886104 -0.136748 1.72708e-20)
(-0.919516 -0.189797 -6.03378e-21)
(-0.952495 -0.243675 1.83775e-21)
(-1.16282 0.793558 1.33944e-19)
(-1.23219 0.712253 -1.33273e-19)
(-1.28761 0.607322 -3.98938e-20)
(-1.34653 0.500431 4.54102e-20)
(-1.4014 0.392242 1.04461e-19)
(-1.45305 0.282823 -1.64443e-20)
(-1.50056 0.172489 3.71281e-20)
(-1.54326 0.0613629 2.44724e-20)
(-1.58037 -0.0505997 -1.0213e-20)
(-1.61122 -0.163688 -1.53064e-21)
(-1.49896 1.46058 -1.84992e-19)
(-1.65332 1.29243 -3.21181e-20)
(-1.77131 1.12784 6.28145e-20)
(-1.8877 0.959418 -1.45633e-19)
(-1.99039 0.786494 -2.19173e-20)
(-2.08262 0.609212 -2.57198e-20)
(-2.16285 0.428092 6.36158e-22)
(-2.23061 0.243706 -3.82565e-20)
(-2.28503 0.0566073 6.39057e-21)
(-2.32558 -0.132729 -1.50927e-21)
(1.49244 -0.0818987 -3.02951e-21)
(1.51933 -0.0819328 2.574e-21)
(1.54601 -0.0817777 3.02207e-21)
(1.57235 -0.0814087 1.51044e-21)
(1.59822 -0.0807986 -4.7534e-21)
(1.62348 -0.0799188 1.98765e-20)
(1.64801 -0.0787391 -2.43748e-21)
(1.67169 -0.0772311 1.42417e-20)
(1.69443 -0.0753579 -1.15285e-20)
(1.71609 -0.0732434 -4.88152e-21)
(1.49827 -0.248552 5.43848e-23)
(1.52956 -0.248769 -5.74083e-21)
(1.56048 -0.248314 1.30425e-20)
(1.59083 -0.247145 -2.1539e-20)
(1.62036 -0.245222 -1.95233e-20)
(1.64886 -0.242509 9.20166e-21)
(1.67612 -0.238975 -2.62602e-21)
(1.70193 -0.234596 -4.05085e-21)
(1.72624 -0.229353 -9.46993e-21)
(1.7479 -0.223471 5.96123e-21)
(1.48481 -0.418642 6.39026e-22)
(1.5194 -0.419006 -4.82843e-21)
(1.55227 -0.41795 1.62834e-20)
(1.58295 -0.415452 -8.43586e-21)
(1.61097 -0.411518 -1.06192e-20)
(1.63592 -0.406191 2.48499e-20)
(1.65743 -0.399549 -1.4597e-20)
(1.67507 -0.391704 7.29182e-21)
(1.68923 -0.382811 3.23124e-21)
(1.69448 -0.372819 -3.8971e-21)
(1.3819 -0.575374 3.59301e-21)
(1.40533 -0.57216 -4.39244e-21)
(1.42291 -0.56653 -4.90797e-21)
(1.43394 -0.558757 2.16414e-21)
(1.43785 -0.549187 4.63297e-21)
(1.43421 -0.538208 -6.47102e-21)
(1.42271 -0.526195 2.51129e-20)
(1.40319 -0.513412 -1.97129e-20)
(1.37523 -0.50003 8.73616e-21)
(1.33148 -0.486849 7.19952e-21)
(1.04265 -0.6429 -1.84245e-21)
(1.02605 -0.629322 1.01369e-20)
(0.998198 -0.613532 -2.25396e-20)
(0.958987 -0.596532 4.81504e-21)
(0.908775 -0.57946 -1.51159e-20)
(0.848539 -0.56352 3.19514e-21)
(0.779928 -0.54973 -2.52977e-20)
(0.704421 -0.538852 1.58316e-20)
(0.620877 -0.532704 -1.40385e-20)
(0.531774 -0.535943 -2.97659e-21)
(0.380253 -0.529285 4.72909e-21)
(0.317518 -0.511614 -7.94838e-21)
(0.245741 -0.496813 9.13323e-21)
(0.167252 -0.487775 -1.40977e-20)
(0.0849602 -0.487483 1.62917e-20)
(0.00232832 -0.498346 -6.95808e-22)
(-0.0778854 -0.52125 1.07125e-20)
(-0.156787 -0.555912 -2.61547e-20)
(-0.237708 -0.603277 1.2648e-20)
(-0.309124 -0.664474 -1.58557e-20)
(-0.353562 -0.369287 -4.92592e-21)
(-0.409242 -0.386225 -3.03655e-21)
(-0.465765 -0.411376 1.91748e-22)
(-0.521707 -0.446815 2.12062e-20)
(-0.575421 -0.493901 -4.73092e-21)
(-0.624469 -0.55277 -8.82878e-21)
(-0.668513 -0.621749 1.15533e-20)
(-0.715785 -0.698958 1.74246e-21)
(-0.77585 -0.78675 6.49177e-21)
(-0.822112 -0.888729 -1.27961e-20)
(-0.984451 -0.29993 1.96441e-21)
(-1.0149 -0.36021 -3.47222e-21)
(-1.04369 -0.426134 -7.93625e-21)
(-1.0712 -0.499222 4.06693e-21)
(-1.09719 -0.580867 -3.47853e-21)
(-1.11915 -0.672023 6.72399e-21)
(-1.13657 -0.772135 -4.3285e-21)
(-1.16316 -0.879557 4.40473e-21)
(-1.21549 -0.996819 3.26758e-20)
(-1.24352 -1.12807 7.98174e-21)
(-1.63527 -0.278425 3.07229e-21)
(-1.65222 -0.395444 2.93302e-21)
(-1.66219 -0.515374 -8.06616e-22)
(-1.66599 -0.638737 -7.70161e-21)
(-1.66417 -0.76588 -7.09065e-21)
(-1.65473 -0.897179 -6.08547e-21)
(-1.63553 -1.03246 2.1296e-20)
(-1.6203 -1.16917 -1.50455e-20)
(-1.63457 -1.30485 -2.91619e-20)
(-1.61998 -1.44216 1.06455e-19)
(-2.3518 -0.323873 -7.85298e-22)
(-2.36352 -0.516349 1.81526e-21)
(-2.36079 -0.709382 5.61061e-21)
(-2.34427 -0.901674 1.74346e-21)
(-2.31479 -1.09113 -2.00652e-20)
(-2.27194 -1.275 -3.48707e-20)
(-2.21278 -1.45042 -1.62147e-19)
(-2.1411 -1.61268 9.15341e-20)
(-2.08062 -1.74887 -2.17283e-20)
(-2.00035 -1.83915 -2.09078e-19)
(1.76616 -0.0631887 0)
(1.83074 -0.0409243 0)
(1.87502 -0.0137137 0)
(1.88702 0.013897 0)
(1.8562 0.0374191 0)
(1.78279 0.0533869 0)
(1.68052 0.0603356 0)
(1.56779 0.059493 0)
(1.45775 0.0534511 0)
(1.35768 0.044787 0)
(1.27168 0.035519 0)
(1.20123 0.0269021 0)
(1.14569 0.0195745 0)
(1.10331 0.0137607 0)
(1.0719 0.00939746 0)
(1.04914 0.00625379 0)
(1.0331 0.00407033 0)
(1.02186 0.00254438 0)
(1.01485 0.00160009 0)
(1.00908 0.000705424 0)
(1.8041 -0.197038 0)
(1.87756 -0.131512 0)
(1.92383 -0.045492 0)
(1.93055 0.04354 0)
(1.8888 0.117211 0)
(1.80031 0.1639 0)
(1.68278 0.181647 0)
(1.55875 0.176173 0)
(1.44259 0.155977 0)
(1.34082 0.128999 0)
(1.25609 0.10116 0)
(1.18835 0.0759156 0)
(1.13589 0.0548632 0)
(1.09631 0.0384046 0)
(1.06713 0.0261748 0)
(1.046 0.0174134 0)
(1.03109 0.0113432 0)
(1.0206 0.00709873 0)
(1.01403 0.00447296 0)
(1.00861 0.00197341 0)
(1.73999 -0.34267 0)
(1.83305 -0.240721 0)
(1.89696 -0.100657 0)
(1.91315 0.0533146 0)
(1.87524 0.187917 0)
(1.78425 0.272364 0)
(1.65986 0.300396 0)
(1.52936 0.286164 0)
(1.4104 0.248219 0)
(1.31007 0.201495 0)
(1.22969 0.155566 0)
(1.16747 0.115315 0)
(1.12041 0.0826143 0)
(1.08544 0.0575363 0)
(1.0598 0.0391341 0)
(1.04121 0.026039 0)
(1.02802 0.0169889 0)
(1.01866 0.0106523 0)
(1.01278 0.00673065 0)
(1.00788 0.00297289 0)
(1.30192 -0.468659 0)
(1.45525 -0.331884 0)
(1.57437 -0.168769 0)
(1.65537 0.0235676 0)
(1.6866 0.213408 0)
(1.65184 0.345331 0)
(1.5654 0.395017 0)
(1.45837 0.378287 0)
(1.35454 0.32516 0)
(1.26579 0.260373 0)
(1.1954 0.198303 0)
(1.14191 0.145324 0)
(1.10215 0.103288 0)
(1.07288 0.0716254 0)
(1.05143 0.0486603 0)
(1.03576 0.0324101 0)
(1.02453 0.0211946 0)
(1.01646 0.0133225 0)
(1.01135 0.00844376 0)
(1.00705 0.0037348 0)
(0.405907 -0.573149 0)
(0.768861 -0.397324 0)
(0.958295 -0.257923 0)
(1.14763 -0.0532916 0)
(1.30164 0.17675 0)
(1.37875 0.355611 0)
(1.38081 0.43856 0)
(1.33589 0.433945 0)
(1.27224 0.377222 0)
(1.20907 0.302002 0)
(1.15568 0.228724 0)
(1.11416 0.166502 0)
(1.0831 0.117745 0)
(1.06008 0.0814603 0)
(1.043 0.0553546 0)
(1.0303 0.0369421 0)
(1.02103 0.02423 0)
(1.01425 0.0152741 0)
(1.00991 0.00971233 0)
(1.00621 0.0043024 0)
(-0.38923 -0.824326 0)
(0.218035 -0.547291 0)
(0.377145 -0.438254 0)
(0.644447 -0.206956 0)
(0.890274 0.0665827 0)
(1.06682 0.296923 0)
(1.16054 0.424116 0)
(1.18823 0.446706 0)
(1.1757 0.400464 0)
(1.14598 0.325043 0)
(1.11399 0.247147 0)
(1.08644 0.179837 0)
(1.0647 0.127041 0)
(1.04797 0.0879066 0)
(1.03509 0.0598426 0)
(1.02519 0.0400535 0)
(1.01775 0.0263614 0)
(1.01218 0.0166689 0)
(1.00855 0.0106346 0)
(1.00541 0.00471809 0)
(-0.800852 -1.13965 0)
(-0.163237 -0.735667 0)
(-0.0367966 -0.635608 0)
(0.270972 -0.382099 0)
(0.554347 -0.077035 0)
(0.792932 0.198379 0)
(0.95574 0.370447 0)
(1.04532 0.427082 0)
(1.08052 0.40028 0)
(1.08407 0.332447 0)
(1.07401 0.255543 0)
(1.06059 0.186826 0)
(1.04794 0.132313 0)
(1.03707 0.0917871 0)
(1.02801 0.0626847 0)
(1.02061 0.0421087 0)
(1.01481 0.0278181 0)
(1.01031 0.0176453 0)
(1.00732 0.0112948 0)
(1.00469 0.00501839 0)
(-1.10188 -1.43929 0)
(-0.440927 -0.959959 0)
(-0.264307 -0.810413 0)
(0.0397033 -0.545146 0)
(0.318655 -0.221289 0)
(0.584164 0.0887344 0)
(0.789042 0.299739 0)
(0.923157 0.389773 0)
(0.99651 0.385257 0)
(1.02875 0.329017 0)
(1.03844 0.256723 0)
(1.03788 0.189248 0)
(1.03335 0.134743 0)
(1.02761 0.0938823 0)
(1.02185 0.064386 0)
(1.01662 0.0434265 0)
(1.01222 0.0287974 0)
(1.00867 0.0183217 0)
(1.00624 0.0117639 0)
(1.00405 0.00523378 0)
(-1.33031 -1.7545 0)
(-0.598915 -1.23869 0)
(-0.355852 -0.965061 0)
(-0.0792161 -0.683738 0)
(0.173635 -0.352935 0)
(0.442143 -0.0208573 0)
(0.666457 0.222656 0)
(0.827966 0.343825 0)
(0.928502 0.362057 0)
(0.983049 0.319321 0)
(1.00883 0.253734 0)
(1.01889 0.189097 0)
(1.02109 0.1356 0)
(1.01961 0.0949847 0)
(1.01659 0.0654318 0)
(1.01317 0.044301 0)
(1.00999 0.0294755 0)
(1.00724 0.0188003 0)
(1.00531 0.0121013 0)
(1.0035 0.00538968 0)
(-1.51932 -1.97262 0)
(-0.680113 -1.48309 0)
(-0.377051 -1.0786 0)
(-0.125987 -0.777735 0)
(0.0943735 -0.450696 0)
(0.356103 -0.113932 0)
(0.587696 0.150228 0)
(0.762854 0.296786 0)
(0.879512 0.336216 0)
(0.948815 0.307188 0)
(0.985896 0.248892 0)
(1.00372 0.187615 0)
(1.01102 0.135509 0)
(1.01288 0.0954049 0)
(1.01212 0.0659863 0)
(1.01022 0.0448269 0)
(1.00805 0.0299121 0)
(1.00601 0.0191206 0)
(1.0045 0.0123347 0)
(1.00303 0.00549959 0)
(-1.64983 -2.0284 -1.62175e-20)
(-0.723602 -1.59232 -4.68573e-20)
(-0.371665 -1.11827 5.52131e-21)
(-0.134736 -0.801984 1.27211e-20)
(0.0618681 -0.474351 -1.35658e-20)
(0.315363 -0.139338 -1.65951e-20)
(0.552979 0.128449 2.27646e-21)
(0.734309 0.27867 2.86632e-21)
(0.856258 0.321581 -1.39148e-23)
(0.930711 0.296276 -9.88816e-22)
(0.97247 0.241521 4.40478e-22)
(0.994112 0.183084 1.268e-24)
(1.0043 0.132955 -4.30654e-23)
(1.00827 0.0940917 -3.24749e-23)
(1.00899 0.0653924 1.51047e-23)
(1.00813 0.0446205 -5.558e-23)
(1.00668 0.0298951 3.40597e-23)
(1.00513 0.0191769 -5.49574e-24)
(1.00392 0.0124169 -6.42351e-24)
(1.00269 0.00554619 1.14168e-24)
(-1.46263 -2.087 -4.22375e-22)
(-0.619678 -1.60497 -4.84414e-20)
(-0.316751 -1.10129 1.79285e-20)
(-0.111334 -0.787467 1.81185e-20)
(0.0577423 -0.469307 -4.01596e-22)
(0.293598 -0.146298 -2.02691e-21)
(0.528899 0.115234 3.94127e-21)
(0.713161 0.263832 3.19149e-21)
(0.838984 0.308146 -2.47067e-21)
(0.917392 0.285807 6.14922e-22)
(0.962683 0.234264 2.81042e-22)
(0.987164 0.178502 8.78675e-24)
(0.999477 0.130277 -7.55981e-23)
(1.00497 0.0926355 3.45457e-23)
(1.00676 0.0646627 1.23458e-23)
(1.00665 0.0442981 4.35761e-24)
(1.00571 0.0297853 -2.76561e-24)
(1.0045 0.0191668 1.59482e-23)
(1.00351 0.0124506 1.48109e-25)
(1.00245 0.00557026 -1.913e-24)
(-1.31251 -2.15391 -8.86631e-20)
(-0.533901 -1.6166 -1.18177e-20)
(-0.260605 -1.09235 9.4773e-21)
(-0.0801393 -0.776039 -1.41783e-21)
(0.0656791 -0.465275 1.16967e-20)
(0.279456 -0.153607 -7.32943e-21)
(0.506885 0.101281 6.33615e-21)
(0.691994 0.248157 -5.22451e-21)
(0.821408 0.294012 2.26996e-21)
(0.903893 0.27483 2.34998e-22)
(0.952826 0.226661 3.70493e-23)
(0.980196 0.173688 6.36086e-23)
(0.994649 0.127444 -2.6108e-23)
(1.00167 0.0910738 5.47427e-23)
(1.00453 0.0638627 7.40138e-23)
(1.00516 0.0439299 2.50141e-24)
(1.00472 0.0296464 -3.34194e-23)
(1.00386 0.0191389 -2.44577e-23)
(1.00308 0.0124727 1.5468e-24)
(1.00219 0.00558903 -2.56212e-24)
(-1.14244 -2.22924 -8.40568e-20)
(-0.449826 -1.62504 -1.37035e-20)
(-0.204134 -1.0882 -1.40975e-20)
(-0.0466334 -0.768763 -5.49784e-21)
(0.0801179 -0.465949 5.21141e-21)
(0.271156 -0.165439 6.84259e-22)
(0.487271 0.0838523 -6.75865e-21)
(0.671285 0.230637 5.06001e-21)
(0.803765 0.279256 -9.01573e-22)
(0.890297 0.263815 -5.0444e-22)
(0.942924 0.219199 -6.44749e-23)
(0.97322 0.169016 2.38937e-23)
(0.989826 0.124704 -8.45787e-23)
(0.998372 0.0895616 -7.92268e-24)
(1.0023 0.0630826 -5.61917e-23)
(1.00367 0.0435654 -2.43406e-24)
(1.00373 0.0295033 2.54312e-23)
(1.00322 0.0191041 2.39173e-23)
(1.00265 0.0124872 -2.32363e-24)
(1.00193 0.00560375 3.0846e-24)
(-0.969573 -2.29995 8.82413e-20)
(-0.367949 -1.62974 8.22901e-21)
(-0.147168 -1.08687 -1.39006e-20)
(-0.0116733 -0.763918 1.48297e-20)
(0.0987888 -0.469195 1.10475e-20)
(0.267677 -0.180031 1.23301e-20)
(0.470343 0.0636417 -3.14958e-21)
(0.651503 0.211171 -9.43469e-22)
(0.786343 0.26354 2.60715e-22)
(0.876735 0.252468 -2.85368e-22)
(0.933033 0.211682 -3.79094e-23)
(0.966261 0.164372 9.07833e-24)
(0.98502 0.121998 -4.95632e-23)
(0.995087 0.0880678 6.70615e-23)
(1.00007 0.0623077 5.07702e-23)
(1.00217 0.0431977 -3.30636e-23)
(1.00274 0.0293531 -1.54961e-24)
(1.00257 0.0190612 -1.57736e-23)
(1.00221 0.0124937 9.14588e-24)
(1.00166 0.00561434 -1.42702e-24)
(-0.790699 -2.36452 -1.80182e-20)
(-0.286614 -1.63313 -1.91274e-20)
(-0.0894319 -1.08836 1.58296e-20)
(0.024901 -0.761538 -5.28915e-21)
(0.120873 -0.474349 -4.24991e-21)
(0.268575 -0.196185 -6.95281e-21)
(0.456386 0.0416628 1.12733e-21)
(0.633069 0.19019 5.92061e-22)
(0.769422 0.246894 -3.76446e-22)
(0.863356 0.240679 3.05e-22)
(0.923227 0.203996 6.18462e-23)
(0.959357 0.159673 -2.33845e-23)
(0.980254 0.119273 8.71896e-24)
(0.991826 0.0865644 3.50322e-23)
(0.997854 0.0615232 -2.2269e-23)
(1.00068 0.0428195 -2.46872e-23)
(1.00174 0.0291923 -6.89615e-24)
(1.00191 0.0190088 4.40775e-25)
(1.00176 0.0124916 -4.0766e-24)
(1.00139 0.00562063 8.16051e-25)
(-0.607187 -2.42109 2.37467e-20)
(-0.204692 -1.63625 -2.18041e-20)
(-0.0307589 -1.09258 9.91604e-21)
(0.0633564 -0.761736 4.90394e-21)
(0.146053 -0.481279 -1.50361e-21)
(0.273713 -0.213469 3.06642e-21)
(0.445729 0.0184738 -1.54805e-22)
(0.6164 0.168068 2.16164e-22)
(0.753292 0.229477 -8.3713e-22)
(0.85032 0.228487 -1.77069e-22)
(0.91359 0.196135 1.11744e-22)
(0.952553 0.154908 -1.17922e-23)
(0.97555 0.116523 -8.25259e-24)
(0.988602 0.0850473 5.57185e-24)
(0.995657 0.0607271 -1.14429e-23)
(0.999191 0.04243 1.51847e-23)
(1.00074 0.0290205 -1.5568e-24)
(1.00125 0.0189467 8.02896e-24)
(1.00131 0.012481 -3.73084e-24)
(1.00112 0.00562262 2.73454e-24)
(-0.419037 -2.46927 2.87749e-20)
(-0.121029 -1.64006 -1.33668e-20)
(0.0290031 -1.0994 -1.79072e-20)
(0.103896 -0.764503 7.10483e-21)
(0.174133 -0.4898 1.16855e-21)
(0.283035 -0.231549 1.24668e-21)
(0.438689 -0.00551595 6.234e-22)
(0.601903 0.145099 -6.83339e-22)
(0.738253 0.211428 -2.76263e-23)
(0.837802 0.215939 1.97594e-22)
(0.904212 0.188112 -8.93602e-24)
(0.945892 0.150078 -1.52366e-23)
(0.970932 0.113748 4.35641e-24)
(0.985428 0.0835171 -1.4343e-23)
(0.993485 0.0599205 1.74093e-23)
(0.997715 0.0420298 -4.70749e-24)
(0.999742 0.0288382 -3.53996e-25)
(1.00059 0.0188751 3.07725e-24)
(1.00086 0.0124617 2.59316e-24)
(1.00084 0.0056203 -1.24288e-24)
(-0.226597 -2.50884 -2.66626e-20)
(-0.0344977 -1.64517 -4.77748e-21)
(0.090003 -1.10864 4.22452e-21)
(0.146629 -0.769794 -2.95354e-21)
(0.204906 -0.499727 2.43294e-21)
(0.296442 -0.250106 1.07511e-21)
(0.435509 -0.0299127 8.02265e-23)
(0.589952 0.121564 8.65985e-22)
(0.724601 0.19288 -2.04297e-22)
(0.825982 0.203081 -1.26172e-22)
(0.89519 0.179933 1.96097e-23)
(0.939425 0.145182 -1.95293e-23)
(0.966423 0.110946 6.54208e-24)
(0.982316 0.0819737 3.81885e-24)
(0.991345 0.0591035 -1.11694e-24)
(0.996253 0.0416193 4.02237e-25)
(0.99875 0.0286457 1.77702e-24)
(0.999931 0.0187945 -2.83059e-24)
(1.0004 0.0124342 -5.15251e-25)
(1.00056 0.00561381 -3.94808e-25)
(-0.0302131 -2.53957 3.29948e-21)
(0.056024 -1.65187 1.24431e-23)
(0.152413 -1.12011 -2.43232e-21)
(0.191568 -0.777537 1.43994e-21)
(0.238111 -0.510932 -2.32778e-22)
(0.313721 -0.268901 4.75077e-22)
(0.436317 -0.0543665 -1.90154e-22)
(0.580851 0.0977436 -4.48383e-23)
(0.712609 0.17398 -7.28464e-23)
(0.815039 0.189964 8.7301e-24)
(0.886624 0.171614 5.66015e-24)
(0.933201 0.140221 6.67349e-24)
(0.962048 0.108117 2.67199e-24)
(0.979277 0.0804174 -1.51293e-25)
(0.989244 0.0582771 -2.70708e-25)
(0.994809 0.0411993 1.18454e-25)
(0.997765 0.0284434 -1.55813e-26)
(0.999272 0.0187047 -8.25291e-26)
(0.999945 0.0123982 8.14239e-26)
(1.00028 0.00560303 1.03105e-25)
)
;

boundaryField
{
    inlet
    {
        type            freestream;
        freestreamValue uniform (1 0 0);
        value           uniform (1 0 0);
    }
    outlet
    {
        type            freestream;
        freestreamValue uniform (1 0 0);
        value           nonuniform List<vector> 
40
(
(0.99699 0.00519586 0)
(0.996431 0.0050426 0)
(0.995814 0.00484096 0)
(0.995143 0.00457998 0)
(0.994426 0.0042402 0)
(0.993677 0.00380068 0)
(0.992923 0.00323888 0)
(0.992206 0.00253045 0)
(0.991599 0.00165124 0)
(0.991212 0.000583173 0)
(0.999995 0.00558817 -1.07666e-25)
(0.999711 0.00556923 4.0085e-25)
(0.999426 0.00554617 1.417e-24)
(0.99914 0.00551915 -3.05472e-24)
(0.998854 0.00548815 -6.57075e-25)
(0.998567 0.00545334 1.4877e-24)
(0.998279 0.00541478 -2.26927e-24)
(0.99799 0.00537273 2.56475e-24)
(0.997699 0.00532739 1.90148e-24)
(0.997406 0.00527737 -9.22639e-25)
(1.00269 0.00554619 1.14168e-24)
(1.00245 0.00557026 -1.913e-24)
(1.00219 0.00558903 -2.56212e-24)
(1.00193 0.00560375 3.0846e-24)
(1.00166 0.00561434 -1.42702e-24)
(1.00139 0.00562063 8.16051e-25)
(1.00112 0.00562262 2.73454e-24)
(1.00084 0.0056203 -1.24288e-24)
(1.00056 0.00561381 -3.94808e-25)
(1.00028 0.00560303 1.03105e-25)
(1.00908 0.000705424 0)
(1.00861 0.00197341 0)
(1.00788 0.00297289 0)
(1.00705 0.0037348 0)
(1.00621 0.0043024 0)
(1.00541 0.00471809 0)
(1.00469 0.00501839 0)
(1.00405 0.00523378 0)
(1.0035 0.00538968 0)
(1.00303 0.00549959 0)
)
;
    }
    top
    {
        type            symmetryPlane;
    }
    bottom
    {
        type            symmetryPlane;
    }
    cylinder
    {
        type            rotatingWallVelocity;
        origin          (0 0 0);
        axis            (0 0 1);
        omega           constant -20;
        value           nonuniform List<vector> 
80
(
(0.396319 -9.98427 8.66152e-24)
(1.17718 -9.92228 6.08003e-23)
(1.95079 -9.79941 -1.78625e-24)
(2.71241 -9.61642 3.55822e-23)
(3.45738 -9.37443 -1.90954e-22)
(4.18115 -9.07491 6.58704e-23)
(4.8793 -8.7197 8.11251e-22)
(5.54754 -8.31097 2.80107e-21)
(6.1818 -7.8512 -1.75963e-21)
(6.77818 -7.34322 -1.79807e-21)
(9.98427 -0.396319 -8.66152e-24)
(9.92228 -1.17718 -6.08003e-23)
(9.79941 -1.95079 1.78625e-24)
(9.61642 -2.71241 3.68854e-23)
(9.37443 -3.45738 -5.54456e-22)
(9.07491 -4.18115 -6.58704e-23)
(8.7197 -4.8793 -8.11251e-22)
(8.31097 -5.54754 5.66204e-22)
(7.8512 -6.1818 -2.44731e-21)
(7.34322 -6.77818 1.79807e-21)
(7.34322 6.77818 1.79807e-21)
(7.8512 6.1818 -2.44731e-21)
(8.31097 5.54754 5.66204e-22)
(8.7197 4.8793 -8.11251e-22)
(9.07491 4.18115 -6.58704e-23)
(9.37443 3.45738 -5.54456e-22)
(9.61642 2.71241 3.68854e-23)
(9.79941 1.95079 1.78625e-24)
(9.92228 1.17718 -6.08003e-23)
(9.98427 0.396319 -8.66152e-24)
(0.396319 9.98427 8.66152e-24)
(1.17718 9.92228 6.08003e-23)
(1.95079 9.79941 -1.78625e-24)
(2.71241 9.61642 3.55822e-23)
(3.45738 9.37443 -1.90954e-22)
(4.18115 9.07491 6.58704e-23)
(4.8793 8.7197 8.11251e-22)
(5.54754 8.31097 -5.66204e-22)
(6.1818 7.8512 -1.75963e-21)
(6.77818 7.34322 -1.79807e-21)
(-6.77818 7.34322 -1.79807e-21)
(-6.1818 7.8512 -1.75963e-21)
(-5.54754 8.31097 2.80107e-21)
(-4.8793 8.7197 8.11251e-22)
(-4.18115 9.07491 6.58704e-23)
(-3.45738 9.37443 -1.90954e-22)
(-2.71241 9.61642 3.55822e-23)
(-1.95079 9.79941 -1.78625e-24)
(-1.17718 9.92228 6.08003e-23)
(-0.396319 9.98427 8.66152e-24)
(-7.34322 6.77818 1.79807e-21)
(-7.8512 6.1818 -2.44731e-21)
(-8.31097 5.54754 5.66204e-22)
(-8.7197 4.8793 -8.11251e-22)
(-9.07491 4.18115 -6.58704e-23)
(-9.37443 3.45738 -5.54456e-22)
(-9.61642 2.71241 3.68854e-23)
(-9.79941 1.95079 1.78625e-24)
(-9.92228 1.17718 -6.08003e-23)
(-9.98427 0.396319 -8.66152e-24)
(-9.98427 -0.396319 -8.66152e-24)
(-9.92228 -1.17718 -6.08003e-23)
(-9.79941 -1.95079 1.78625e-24)
(-9.61642 -2.71241 -3.55822e-23)
(-9.37443 -3.45738 -5.54456e-22)
(-9.07491 -4.18115 -6.58704e-23)
(-8.7197 -4.8793 -8.11251e-22)
(-8.31097 -5.54754 5.66204e-22)
(-7.8512 -6.1818 -2.44731e-21)
(-7.34322 -6.77818 1.79807e-21)
(-6.77818 -7.34322 -1.79807e-21)
(-6.1818 -7.8512 -1.75963e-21)
(-5.54754 -8.31097 -5.66204e-22)
(-4.8793 -8.7197 8.11251e-22)
(-4.18115 -9.07491 6.58704e-23)
(-3.45738 -9.37443 -1.90954e-22)
(-2.71241 -9.61642 3.55822e-23)
(-1.95079 -9.79941 -1.78625e-24)
(-1.17718 -9.92228 6.08003e-23)
(-0.396319 -9.98427 8.66152e-24)
)
;
    }
    frontandback
    {
        type            empty;
    }
}


// ************************************************************************* //
