/*--------------------------------*- C++ -*----------------------------------*\
  =========                 |
  \\      /  F ield         | OpenFOAM: The Open Source CFD Toolbox
   \\    /   O peration     | Website:  https://openfoam.org
    \\  /    A nd           | Version:  6.0
     \\/     M anipulation  |
\*---------------------------------------------------------------------------*/
FoamFile
{
    version     2.0;
    format      ascii;
    class       surfaceScalarField;
    location    "8.5";
    object      phi;
}
// * * * * * * * * * * * * * * * * * * * * * * * * * * * * * * * * * * * * * //

dimensions      [0 3 -1 0 0 0 0];

internalField   nonuniform List<scalar> 
4670
(
0.00268498
-0.632432
0.629747
0.00805993
-0.597163
0.591788
0.0139601
-0.565919
0.560019
0.0195
-0.529459
0.523919
0.0245288
-0.493217
0.488188
0.0291527
-0.458704
0.45408
0.0335357
-0.426795
0.422412
0.0378285
-0.398019
0.393727
0.0421712
-0.372497
0.368155
-0.350078
0.345537
0.0467125
0.00283159
-0.635264
0.00817668
-0.602508
0.0139237
-0.571666
0.0192664
-0.534802
0.0240898
-0.498041
0.0285221
-0.463137
0.0327348
-0.431007
0.0368739
-0.402159
0.0410764
-0.3767
-0.354494
0.0454928
0.00290932
-0.638173
0.00815775
-0.607757
0.0136911
-0.5772
0.0187665
-0.539877
0.0233173
-0.502591
0.0274977
-0.467317
0.0314861
-0.434996
0.0354212
-0.406094
0.0394332
-0.380712
-0.358746
0.0436847
0.00290689
-0.64108
0.00800458
-0.612854
0.0132663
-0.582461
0.0180118
-0.544623
0.0222228
-0.506802
0.0260833
-0.471178
0.0297847
-0.438697
0.0334642
-0.409773
0.037249
-0.384497
-0.362822
0.0413255
0.00284944
-0.643929
0.00772889
-0.617734
0.0126668
-0.587399
0.0170323
-0.548988
0.020845
-0.510615
0.02431
-0.474643
0.0276311
-0.442018
0.0309571
-0.413099
0.0344324
-0.387972
-0.366691
0.0383009
0.00272946
-0.646659
0.00733183
-0.622336
0.0118942
-0.591962
0.0158394
-0.552933
0.0192207
-0.513997
0.0222475
-0.477669
0.025112
-0.444883
0.0279668
-0.415954
0.0310061
-0.391011
-0.370257
0.0345728
0.00256551
-0.649224
0.00683638
-0.626607
0.0109597
-0.596085
0.014417
-0.556391
0.0173136
-0.516893
0.0198817
-0.480238
0.0222929
-0.447294
0.0246513
-0.418312
0.0271335
-0.393494
-0.373126
0.0300015
0.00239179
-0.651616
0.00631523
-0.630531
0.00994387
-0.599714
0.0128055
-0.559252
0.0150626
-0.51915
0.0170158
-0.482191
0.0189018
-0.44918
0.0208032
-0.420214
0.0226574
-0.395348
-0.374486
0.0240177
0.0022765
-0.653893
0.00588894
-0.634143
0.00902925
-0.602854
0.0112552
-0.561478
0.0127124
-0.520607
0.0136781
-0.483156
0.0144502
-0.449952
0.0153206
-0.421084
0.0163936
-0.396421
-0.375101
0.0170089
0.00230123
-0.656194
0.00563045
-0.637472
0.00837529
-0.605599
0.0101279
-0.563231
0.010961
-0.521441
0.0109343
-0.48313
0.00998872
-0.449006
0.00820971
-0.419305
0.00675417
-0.394965
-0.38
0.0116525
0.675413
0.00240904
-0.677822
0.673019
0.00239347
0.670638
0.00238101
0.668294
0.00234465
0.666018
0.00227569
0.663835
0.00218297
0.661763
0.00207187
0.659795
0.00196793
0.657944
0.0018511
0.00175042
0.662453
0.00427343
-0.664317
0.660244
0.00460251
0.65778
0.00484473
0.655123
0.00500145
0.652326
0.00507359
0.649443
0.00506576
0.646512
0.00500309
0.643562
0.00491755
0.640566
0.00484748
0.00484378
0.623257
0.00491583
-0.623899
0.622206
0.00565352
0.620803
0.00624755
0.619119
0.00668569
0.617204
0.00698823
0.615123
0.0071471
0.612916
0.0072104
0.610611
0.00722204
0.608195
0.0072633
0.00744027
0.573752
0.00489814
-0.573734
0.573398
0.00600767
0.572702
0.00694317
0.571745
0.00764251
0.570562
0.00817145
0.569245
0.00846404
0.567821
0.00863409
0.566364
0.00867939
0.564856
0.00877167
0.00906507
0.528128
0.00475026
-0.52798
0.527953
0.00618223
0.527465
0.00743121
0.526772
0.00833507
0.52587
0.00907409
0.524925
0.00940869
0.523909
0.00964979
0.523026
0.0095632
0.522208
0.00958954
0.00983224
0.488512
0.00473926
-0.488501
0.488237
0.00645666
0.487655
0.00801291
0.486927
0.009064
0.485963
0.0100373
0.485087
0.0102855
0.484118
0.0106185
0.483558
0.0101234
0.483112
0.0100356
0.00981413
0.454363
0.00495739
-0.454581
0.453884
0.00693572
0.453079
0.00881847
0.452174
0.0099684
0.450942
0.0112691
0.449953
0.0112749
0.44874
0.0118313
0.448444
0.0104195
0.448013
0.0104665
0.0088208
0.424719
0.00540964
-0.425171
0.424028
0.0076268
0.422977
0.00986927
0.421872
0.0110736
0.420272
0.0128696
0.419063
0.0124837
0.417301
0.0135927
0.417392
0.0103291
0.416733
0.0111255
0.0062483
0.398632
0.00607848
-0.399301
0.397763
0.00849533
0.396506
0.0111267
0.395256
0.0123232
0.393313
0.0148127
0.391864
0.0139328
0.389248
0.0162087
0.389547
0.0100302
0.388973
0.0117002
0.00025574
0.375358
-0.376288
0.00700777
0.37431
0.00954375
0.372887
0.0125493
0.371563
0.0136478
0.369433
0.0169427
0.367826
0.0155392
0.364401
0.0196334
0.363686
0.010746
0.362511
0.0128752
-0.0172331
0.686636
-0.000560535
-0.686075
0.686972
-0.000336076
0.686968
3.77622e-06
0.686582
0.00038624
0.68582
0.000761945
0.684713
0.0011068
0.683305
0.00140839
0.68164
0.00166415
0.679788
0.00185207
0.00196653
0.659221
-0.00381236
-0.655969
0.661948
-0.0030632
0.664144
-0.00219262
0.665774
-0.00124387
0.666829
-0.000292424
0.667325
0.000610573
0.667287
0.00144653
0.666753
0.00219797
0.66575
0.0028553
0.00339889
0.607354
-0.00834465
-0.602822
0.611394
-0.00710298
0.61488
-0.00567848
0.617793
-0.00415737
0.620143
-0.00264208
0.62194
-0.00118636
0.623196
0.000190014
0.623928
0.001466
0.624156
0.00262766
0.00365534
0.553076
-0.0131985
-0.548222
0.557467
-0.011494
0.561295
-0.00950572
0.564563
-0.00742586
0.567311
-0.00538967
0.569551
-0.00342699
0.571294
-0.00155294
0.572557
0.000202806
0.573361
0.00182391
0.00328225
0.507656
-0.0180336
-0.502821
0.511971
-0.015809
0.515671
-0.0132054
0.518821
-0.0105755
0.521478
-0.00804704
0.523653
-0.00560135
0.525362
-0.00326266
0.526638
-0.00107254
0.527501
0.00096089
0.00280319
0.470177
-0.0228868
-0.465324
0.474295
-0.0199268
0.477711
-0.0166217
0.480605
-0.0134693
0.483013
-0.0104548
0.484931
-0.00751923
0.486404
-0.00473596
0.487477
-0.0021453
0.488168
0.000269847
0.00247032
0.438581
-0.0279897
-0.433478
0.442479
-0.0238247
0.445591
-0.0197329
0.448242
-0.0161208
0.45038
-0.0125923
0.451999
-0.00913857
0.453193
-0.00593042
0.454015
-0.00296686
0.454472
-0.000186983
0.00236057
0.411385
-0.0334985
-0.405877
0.415069
-0.0275082
0.41791
-0.0225741
0.420334
-0.0185447
0.422188
-0.0144466
0.423516
-0.0104665
0.424453
-0.00686741
0.425044
-0.00355792
0.425279
-0.000422269
0.00246858
0.387656
-0.0385356
-0.382619
0.391152
-0.0310048
0.393841
-0.0252631
0.395897
-0.0205998
0.397381
-0.0159313
0.398438
-0.0115232
0.399157
-0.00758623
0.399556
-0.00395693
0.3996
-0.00046685
0.00276811
0.366103
-0.367503
-0.0371362
0.369584
-0.0344858
0.373104
-0.0287831
0.374471
-0.0219665
0.375387
-0.0168471
0.37622
-0.0123562
0.376765
-0.00813136
0.376977
-0.0041693
0.376818
-0.000307635
0.00329865
0.0378967
0.320896
-0.317677
-0.0411156
0.0344547
0.342218
-0.338776
0.0307852
0.365789
-0.362119
0.0268417
0.392051
-0.388107
0.0225543
0.421885
-0.417598
0.0178392
0.456877
-0.452162
0.0126483
0.49987
-0.494679
0.00715432
0.554432
-0.548938
0.00224028
0.615488
-0.610574
0.668649
-0.666408
0.0388515
0.324356
-0.0423114
0.0351985
0.345871
0.0313465
0.369641
0.0272375
0.39616
0.0227989
0.426324
0.0179535
0.461722
0.0126682
0.505156
0.00714229
0.559958
0.00227142
0.620359
0.67092
0.0393431
0.32793
-0.0429167
0.0356011
0.349613
0.031665
0.373577
0.0274668
0.400358
0.0229325
0.430858
0.0179954
0.466659
0.0126414
0.51051
0.00709226
0.565507
0.00224669
0.625204
0.673167
0.0403903
0.331794
-0.0442543
0.0363627
0.353641
0.0321764
0.377763
0.0277666
0.404768
0.0230618
0.435563
0.0179974
0.471723
0.0125647
0.515942
0.0069963
0.571075
0.00219212
0.630008
0.675359
0.0401765
0.335494
-0.0438765
0.0362668
0.35755
0.0321451
0.381885
0.0277391
0.409174
0.022996
0.440306
0.0178785
0.476841
0.0124083
0.521413
0.00685011
0.576634
0.00211716
0.634741
0.677476
0.0416416
0.339757
-0.0459046
0.0371729
0.362019
0.0325837
0.386474
0.0278531
0.413904
0.0229115
0.445248
0.0176852
0.482067
0.0121768
0.526921
0.0066524
0.582158
0.0020172
0.639377
0.679493
0.0404404
0.343402
-0.0440857
0.0363777
0.366082
0.0320509
0.390801
0.0274502
0.418505
0.022546
0.450152
0.0173213
0.487292
0.0118341
0.532408
0.00638769
0.587604
0.00189244
0.643872
0.681386
0.0432931
0.349027
-0.0489176
0.0375519
0.371823
0.0322303
0.396122
0.0271738
0.423561
0.0220769
0.455249
0.0168011
0.492568
0.0113639
0.537845
0.00604977
0.592919
0.00173239
0.648189
0.683118
0.0402181
0.354043
-0.045234
0.0354013
0.37664
0.0309946
0.400529
0.0262766
0.428279
0.0212498
0.460276
0.0160384
0.497779
0.0107315
0.543152
0.00562392
0.598026
0.00156502
0.652248
0.684683
0.0415947
-0.0550548
0.0356159
0.0302683
0.0250693
0.020021
0.0149788
0.00990864
0.0051131
0.00139218
0.0381948
0.295314
-0.295751
-0.0377581
0.0335005
0.314382
-0.309687
0.0286028
0.334993
-0.330095
0.0241765
0.358324
-0.353897
0.0201511
0.384784
-0.380759
0.0162442
0.415549
-0.411642
0.0121429
0.453426
-0.449325
0.0076107
0.503317
-0.498785
0.00291867
0.566186
-0.561494
0.641423
-0.638504
0.0337251
0.298199
-0.0366099
0.0309227
0.317184
0.0277845
0.338131
0.0243662
0.361742
0.02073
0.38842
0.0168435
0.419435
0.0125874
0.457683
0.00786021
0.508044
0.00304039
0.571006
0.644463
0.0321537
0.300735
-0.0346897
0.0297485
0.319589
0.0270644
0.340815
0.0240872
0.364719
0.0207595
0.391748
0.0170069
0.423188
0.012738
0.461951
0.00791877
0.512864
0.00301708
0.575907
0.64748
0.0321404
0.3026
-0.0340056
0.0298385
0.321891
0.0271415
0.343512
0.024149
0.367712
0.0208241
0.395073
0.0170621
0.42695
0.0127459
0.466268
0.00785494
0.517754
0.0029266
0.580836
0.650407
0.0326505
0.304435
-0.0344857
0.0302917
0.32425
0.0275433
0.346261
0.0244689
0.370786
0.0210415
0.3985
0.0171695
0.430822
0.0127427
0.470694
0.00776287
0.522734
0.00282639
0.585772
0.653233
0.0333408
0.306544
-0.0354493
0.0308393
0.326751
0.0280046
0.349095
0.0248439
0.373947
0.0213107
0.402034
0.0173151
0.434818
0.0127613
0.475248
0.0076843
0.527811
0.00273704
0.590719
0.65597
0.0342262
0.30897
-0.0366526
0.0315283
0.329449
0.0285428
0.352081
0.0252507
0.377239
0.021591
0.405693
0.0174681
0.43894
0.0127915
0.479925
0.00762287
0.53298
0.00266666
0.595676
0.658637
0.0352494
0.311681
-0.0379604
0.032329
0.33237
0.0291575
0.355252
0.0257005
0.380696
0.02189
0.409504
0.0176281
0.443202
0.0128296
0.484723
0.00757753
0.538232
0.00260766
0.600645
0.661245
0.036256
0.314602
-0.0391773
0.0331421
0.335483
0.0297925
0.358602
0.0261674
0.384321
0.0221983
0.413473
0.0177915
0.447609
0.0128728
0.489642
0.0075479
0.543557
0.00257992
0.605613
0.663825
0.0372358
-0.0403108
0.0339432
0.0304262
0.02664
0.022515
0.0179625
0.0129252
0.00754403
0.00258371
-0.27878
0.0398024
-0.056773
-0.277021
0.0253815
-0.0271403
-0.27595
0.0220064
-0.0230779
-0.276643
0.0124758
-0.011783
-0.277207
0.00833595
-0.007772
-0.2784
0.00260606
-0.00141256
-0.27985
-0.00143382
0.00288393
-0.281772
-0.00572515
0.0076474
-0.284054
-0.00933525
0.0116171
-0.0126445
-0.286705
0.0152953
-0.301791
0.0319059
-0.29958
0.0231712
-0.297462
0.0198876
-0.297729
0.0127429
-0.298102
0.00870915
-0.299212
0.00371572
-0.300601
-4.47085e-05
-0.302442
-0.0038843
-0.304613
-0.00716431
-0.0101563
-0.307101
-0.324706
0.0265168
-0.322744
0.0212093
-0.320651
0.0177941
-0.320462
0.0125544
-0.320614
0.00886045
-0.321541
0.00464285
-0.322823
0.00123751
-0.324562
-0.00214472
-0.326646
-0.00508089
-0.00775944
-0.329043
-0.349731
0.0223504
-0.347522
0.0190009
-0.345628
0.0158998
-0.345089
0.012015
-0.345028
0.00880004
-0.345734
0.00534835
-0.346877
0.00238078
-0.348508
-0.000513785
-0.350517
-0.00307197
-0.00541173
-0.352865
-0.377209
0.0188005
-0.374736
0.0165284
-0.372866
0.0140292
-0.372016
0.0111646
-0.371739
0.00852302
-0.372189
0.00579856
-0.373145
0.00333722
-0.374621
0.000961932
-0.376515
-0.00117757
-0.00314258
-0.378784
-0.408248
0.0154068
-0.40555
0.0138304
-0.40351
0.0119895
-0.402294
0.00994803
-0.401706
0.00793493
-0.401805
0.00589771
-0.402458
0.00399005
-0.403652
0.00215658
-0.405303
0.000473447
-0.00108092
-0.407365
-0.44573
0.0118112
-0.442684
0.0107844
-0.440256
0.00956174
-0.438524
0.00821602
-0.437428
0.00683853
-0.436981
0.00545102
-0.43711
0.00411885
-0.437789
0.00283611
-0.438951
0.00163508
0.000517811
-0.44055
-0.494722
0.00774836
-0.49111
0.00717212
-0.488041
0.00649313
-0.485575
0.00574961
-0.483708
0.00497149
-0.482442
0.00418547
-0.481739
0.00341588
-0.481574
0.0026707
-0.481893
0.00195474
0.00127381
-0.482649
-0.55704
0.0032949
-0.552944
0.00307546
-0.549279
0.00282874
-0.546113
0.0025837
-0.543451
0.00230935
-0.541298
0.00203236
-0.539634
0.00175178
-0.538442
0.00147906
-0.537692
0.00120415
0.000902398
-0.53732
-0.635209
-0.632134
-0.629305
-0.626721
-0.624412
-0.62238
-0.620628
-0.619149
-0.617945
-0.617042
-0.289602
-0.0153083
0.0182055
-0.292659
-0.0176342
0.0206913
-0.295823
-0.0195274
0.0226909
-0.299017
-0.0209695
0.0241634
-0.302137
-0.0219288
0.0250487
-0.305139
-0.0223446
0.0253465
-0.307814
-0.0224212
0.0250962
-0.30938
-0.0225745
0.0241406
-0.310891
-0.0224468
0.0239578
-0.0223252
-0.31278
0.0242143
-0.309824
-0.0125852
-0.3127
-0.0147582
-0.315669
-0.0165584
-0.318667
-0.0179718
-0.3216
-0.0189958
-0.324331
-0.0196135
-0.32673
-0.0200216
-0.328808
-0.0204968
-0.330398
-0.0208566
-0.0215496
-0.331174
-0.331697
-0.00993115
-0.334523
-0.0119315
-0.337467
-0.0136148
-0.340465
-0.0149739
-0.343436
-0.016025
-0.346257
-0.0167924
-0.348861
-0.0174171
-0.351322
-0.0180362
-0.353453
-0.0187255
-0.019899
-0.355104
-0.355507
-0.00728884
-0.358357
-0.00908136
-0.361361
-0.0106113
-0.364454
-0.0118807
-0.367564
-0.0129146
-0.370604
-0.0137531
-0.373533
-0.0144883
-0.376362
-0.0152066
-0.379019
-0.0160688
-0.0173495
-0.381568
-0.381391
-0.00468196
-0.384249
-0.00622352
-0.387302
-0.007558
-0.390489
-0.00869399
-0.393746
-0.00965802
-0.39701
-0.0104885
-0.400249
-0.0112494
-0.40344
-0.0120154
-0.406581
-0.0129283
-0.0141299
-0.4098
-0.409811
-0.00223598
-0.412556
-0.00347837
-0.415545
-0.00456878
-0.418722
-0.0055171
-0.422034
-0.00634665
-0.425434
-0.00708809
-0.428892
-0.00779112
-0.432385
-0.00852298
-0.435932
-0.00938108
-0.0104249
-0.439637
-0.44258
-0.000205817
-0.444952
-0.00110604
-0.447617
-0.00190345
-0.45053
-0.0026045
-0.453648
-0.00322859
-0.456938
-0.0037985
-0.460374
-0.0043549
-0.463943
-0.0049535
-0.467665
-0.00565939
-0.00649126
-0.471599
-0.483859
0.00100408
-0.485423
0.000458157
-0.487311
-1.6e-05
-0.489491
-0.000424303
-0.491932
-0.000787278
-0.494611
-0.00111977
-0.497513
-0.00145302
-0.50064
-0.00182613
-0.504009
-0.00229098
-0.00286037
-0.50764
-0.537283
0.000967122
-0.537572
0.000747024
-0.538156
0.000567994
-0.53902
0.000439003
-0.540132
0.000325614
-0.541481
0.000229188
-0.543064
0.000129287
-0.544901
1.07842e-05
-0.547026
-0.000165889
-0.000458289
-0.549428
-0.616075
-0.615328
-0.61476
-0.614321
-0.613996
-0.613766
-0.613637
-0.613626
-0.613792
-0.61425
0.000217382
-0.614468
0.00291435
-0.552125
0.00694768
-0.511673
0.0112311
-0.475882
0.0152509
-0.443657
0.0188063
-0.413356
0.0218498
-0.384612
0.0245224
-0.357776
0.0270148
-0.333666
-0.312837
0.027072
0.000523542
-0.614991
0.00358314
-0.555184
0.00793086
-0.516021
0.0124948
-0.480446
0.0167679
-0.44793
0.0206049
-0.417193
0.0240838
-0.388091
0.0273915
-0.361084
0.0304384
-0.336713
-0.315255
0.0328567
0.000835183
-0.615827
0.00427339
-0.558623
0.00895015
-0.520698
0.0137961
-0.485292
0.018339
-0.452473
0.0224637
-0.421318
0.0262045
-0.391832
0.0295582
-0.364438
0.0323541
-0.339509
-0.317324
0.0344225
0.0011213
-0.616948
0.00495587
-0.562457
0.00995454
-0.525696
0.0150621
-0.4904
0.0198472
-0.457258
0.0242295
-0.4257
0.0282816
-0.395884
0.0321148
-0.368271
0.0358147
-0.343209
-0.320939
0.0394296
0.00142325
-0.618371
0.00562594
-0.56666
0.0109169
-0.530987
0.0162495
-0.495732
0.0212233
-0.462232
0.0257716
-0.430248
0.0299623
-0.400074
0.0338904
-0.372199
0.0376029
-0.346921
-0.324385
0.0410488
0.00171668
-0.620088
0.00625928
-0.571202
0.0118013
-0.536529
0.0173155
-0.501246
0.0224393
-0.467355
0.027139
-0.434948
0.0315144
-0.40445
0.0356954
-0.37638
0.039767
-0.350993
-0.328337
0.0437198
0.00200675
-0.622095
0.00684553
-0.576041
0.0125852
-0.542269
0.0182248
-0.506886
0.0234379
-0.472569
0.0282135
-0.439723
0.0326582
-0.408894
0.0368949
-0.380617
0.0410005
-0.355099
-0.3323
0.0449635
0.00228046
-0.624375
0.00736915
-0.58113
0.0132476
-0.548147
0.0189538
-0.512592
0.0242085
-0.477823
0.0290336
-0.444549
0.0335568
-0.413418
0.0379152
-0.384975
0.0422103
-0.359394
-0.336566
0.0464761
0.00254696
-0.626922
0.00782773
-0.586411
0.0137712
-0.554091
0.0194714
-0.518292
0.0246978
-0.48305
0.0295007
-0.449351
0.0340205
-0.417937
0.0384005
-0.389355
0.0427569
-0.36375
-0.340971
0.047162
0.00282504
0.00820265
0.014131
0.019758
0.0248967
0.0296258
0.0341002
0.0384717
0.0428763
0.0474417
0.0327094
-1.47299
1.48699
0.0335874
-1.11722
1.11634
0.035313
-0.892946
0.89122
0.040556
-0.71635
0.711107
0.0449477
-0.56566
0.561268
0.0481801
-0.444091
0.440859
0.0504582
-0.343397
0.341118
0.0517303
-0.262763
0.261491
0.0518478
-0.203853
0.203736
0.0501169
-0.173176
0.174907
0.0456596
-0.173846
0.178303
0.0388087
-0.186476
0.193327
0.0319025
-0.167176
0.174082
0.0283249
-0.0776796
0.0812572
0.0306972
0.0775991
-0.0799714
0.0388895
0.235241
-0.243433
0.049427
0.330243
-0.340781
0.0582947
0.326197
-0.335065
0.0642843
0.289788
-0.295777
0.164587
-0.166734
0.0265697
-1.45406
0.0257561
-1.1164
0.0282112
-0.895401
0.034303
-0.722441
0.0399377
-0.571294
0.044163
-0.448316
0.047218
-0.346452
0.0490511
-0.264596
0.0495036
-0.204306
0.0479311
-0.171603
0.0436058
-0.16952
0.0370267
-0.179897
0.0306071
-0.160756
0.027669
-0.0747415
0.0305729
0.0746951
0.0389192
0.226895
0.0492894
0.319873
0.0579356
0.317551
0.0638291
0.283894
0.162428
0.0204981
-1.43088
0.0177724
-1.11368
0.0208177
-0.898446
0.0277767
-0.7294
0.0346307
-0.578148
0.0398742
-0.45356
0.0437305
-0.350308
0.0461648
-0.26703
0.0470114
-0.205153
0.0456744
-0.170266
0.041563
-0.165409
0.0353204
-0.173654
0.0294056
-0.154842
0.0270639
-0.0723998
0.0304261
0.0713329
0.0388735
0.218447
0.0490675
0.309679
0.0575148
0.309104
0.0633461
0.278063
0.160216
0.0144681
-1.40402
0.0102245
-1.10943
0.0135371
-0.901759
0.0211102
-0.736973
0.0290553
-0.586094
0.035321
-0.459826
0.040005
-0.354992
0.043084
-0.270109
0.0443858
-0.206454
0.043359
-0.16924
0.0395346
-0.161585
0.0336828
-0.167802
0.0282858
-0.149445
0.0264981
-0.070612
0.0302484
0.0675827
0.0387492
0.209947
0.0487619
0.299666
0.0570338
0.300832
0.0628365
0.27226
0.157913
0.00927177
-1.37499
0.00394894
-1.10411
0.00662792
-0.904438
0.0143032
-0.744649
0.0231887
-0.594979
0.030499
-0.467136
0.0360494
-0.360542
0.03982
-0.27388
0.0416379
-0.208272
0.0409923
-0.168594
0.03752
-0.158112
0.0321026
-0.162385
0.027232
-0.144574
0.0259592
-0.0693392
0.0300333
0.0635085
0.0385455
0.201434
0.0483749
0.289837
0.0564953
0.292711
0.062302
0.266454
0.15548
0.00492484
-1.34534
-0.00262282
-1.09656
-0.00127893
-0.905782
0.00665746
-0.752585
0.0167784
-0.6051
0.0253407
-0.475698
0.0318543
-0.367056
0.0363778
-0.278403
0.0387747
-0.210669
0.0385779
-0.168397
0.0355149
-0.155049
0.0305656
-0.157436
0.0262256
-0.140234
0.0254343
-0.0685479
0.0297768
0.0591659
0.0382643
0.192947
0.0479108
0.28019
0.055903
0.284719
0.0617444
0.260612
0.152881
-0.00470091
-1.31064
-0.0156269
-1.08564
-0.0131822
-0.908226
-0.00304053
-0.762727
0.00938073
-0.617521
0.0196926
-0.48601
0.0273697
-0.374733
0.0327432
-0.283777
0.0357934
-0.21372
0.0361139
-0.168718
0.0335126
-0.152448
0.0290565
-0.15298
0.0252461
-0.136424
0.024909
-0.0682108
0.0294761
0.0545989
0.0379101
0.184513
0.0473757
0.270725
0.0552614
0.276833
0.0611662
0.254707
0.150084
-0.0263939
-1.26023
-0.0355454
-1.07649
-0.0279927
-0.915779
-0.014092
-0.776628
0.0012042
-0.632817
0.0135528
-0.498359
0.0225664
-0.383746
0.0288981
-0.290109
0.0326846
-0.217506
0.0335941
-0.169627
0.0315056
-0.150359
0.0275612
-0.149035
0.0242733
-0.133136
0.0243674
-0.0683049
0.0291279
0.0498384
0.0374888
0.176152
0.0467773
0.261436
0.0545763
0.269034
0.06057
0.248714
0.147055
-0.034702
-1.20852
-0.0405082
-1.07068
-0.0343213
-0.921966
-0.0212492
-0.7897
-0.00571978
-0.648347
0.00761833
-0.511697
0.0176961
-0.393824
0.0249375
-0.29735
0.0294822
-0.222051
0.0310268
-0.171172
0.0294906
-0.148823
0.0260701
-0.145615
0.023294
-0.13036
0.0238009
-0.0688118
0.0287354
0.0449039
0.037012
0.167876
0.0461272
0.252321
0.0538549
0.261307
0.0599588
0.24261
0.143766
0.0380029
-1.23487
-0.0031392
-1.02954
-0.0192664
-0.905838
-0.0189458
-0.79002
-0.00932282
-0.65797
0.00277605
-0.523796
0.0131941
-0.404242
0.021062
-0.305218
0.0262646
-0.227253
0.0284285
-0.173336
0.027461
-0.147856
0.0245861
-0.14274
0.0223346
-0.128108
0.0232484
-0.0697256
0.0283363
0.039816
0.0365099
0.159702
0.0454453
0.243386
0.0531095
0.253642
0.0593346
0.236385
0.140189
0.438377
-1.00697
-0.666281
0.353685
-0.944846
0.27661
-0.828764
0.201153
-0.714563
0.152196
-0.609013
0.12482
-0.49642
0.107316
-0.386738
0.0955513
-0.293453
0.0876263
-0.219328
0.0810121
-0.166721
0.0732102
-0.140054
0.0632299
-0.13276
0.0530095
-0.117888
0.0470638
-0.0637799
0.0497751
0.0371048
0.0614184
0.148059
0.077841
0.226963
0.0932435
0.23824
0.105736
0.223893
0.133869
0.50815
-0.795979
-0.719136
0.377404
-0.8141
0.294085
-0.745445
0.229094
-0.649571
0.180683
-0.560602
0.149155
-0.464893
0.12795
-0.365533
0.112945
-0.278449
0.102582
-0.208965
0.0943411
-0.15848
0.0853004
-0.131013
0.0741182
-0.121577
0.062736
-0.106506
0.0560499
-0.0570938
0.0589378
0.0342168
0.0717737
0.135223
0.090124
0.208613
0.107588
0.220776
0.121987
0.209493
0.126385
0.609988
-0.621867
-0.7841
0.471756
-0.675869
0.371813
-0.645502
0.290107
-0.567865
0.225124
-0.495619
0.181096
-0.420865
0.152692
-0.337128
0.1332
-0.258957
0.119747
-0.195512
0.109528
-0.148262
0.0991529
-0.120638
0.0868367
-0.109261
0.0744212
-0.09409
0.0670992
-0.0497718
0.0701919
0.0311241
0.0841852
0.121229
0.104472
0.188326
0.124103
0.201145
0.14064
0.192956
0.117553
0.647515
-0.459087
-0.810295
0.496036
-0.524389
0.388981
-0.538447
0.318867
-0.497752
0.261446
-0.438198
0.214125
-0.373544
0.180046
-0.303049
0.156284
-0.235195
0.139559
-0.178787
0.127045
-0.135748
0.115201
-0.108793
0.101841
-0.0959008
0.0885904
-0.0808399
0.0807875
-0.0419688
0.084092
0.0278195
0.0991453
0.106176
0.121316
0.166155
0.143184
0.179277
0.162061
0.174079
0.107174
0.70311
-0.336828
-0.82537
0.582084
-0.403364
0.480375
-0.436737
0.396584
-0.413961
0.320263
-0.361878
0.256454
-0.309734
0.211848
-0.258444
0.182686
-0.206033
0.162507
-0.158608
0.147425
-0.120666
0.133952
-0.0953201
0.119659
-0.0816079
0.105856
-0.0670366
0.0978103
-0.0339232
0.101344
0.024286
0.117292
0.0902278
0.141196
0.142251
0.1653
0.155173
0.1867
0.15268
0.0950442
0.739227
-0.236782
-0.839273
0.6226
-0.286736
0.50752
-0.321657
0.412747
-0.319188
0.340776
-0.289907
0.284994
-0.253952
0.242807
-0.216257
0.212074
-0.1753
0.189109
-0.135644
0.171286
-0.102842
0.155985
-0.0800189
0.140875
-0.0664986
0.126871
-0.053032
0.118894
-0.0259466
0.122694
0.0204858
0.139336
0.0735862
0.164755
0.116833
0.191033
0.128894
0.21512
0.128593
0.0809563
0.753419
-0.155994
-0.834207
0.659027
-0.192344
0.561696
-0.224326
0.475434
-0.232926
0.403835
-0.218309
0.342191
-0.192308
0.290257
-0.164323
0.250311
-0.135354
0.221068
-0.1064
0.199316
-0.0810903
0.181848
-0.0625509
0.166034
-0.0506848
0.152209
-0.0392072
0.144657
-0.0183945
0.14881
0.0163334
0.16598
0.0564161
0.192707
0.0901055
0.221094
0.100506
0.248039
0.101649
0.0646975
0.758491
-0.0937055
-0.82078
0.682633
-0.116486
0.597193
-0.138886
0.513246
-0.148979
0.439516
-0.144579
0.377399
-0.13019
0.325717
-0.112641
0.284741
-0.0943789
0.253735
-0.0753934
0.230243
-0.057599
0.211555
-0.0438627
0.19549
-0.0346199
0.18223
-0.0259474
0.175435
-0.0115995
0.180101
0.0116674
0.197794
0.0387233
0.22579
0.0621101
0.25634
0.0699566
0.286387
0.0716014
0.0460287
0.772277
-0.0442897
-0.821693
0.710892
-0.0551005
0.638836
-0.0668304
0.563328
-0.0734714
0.491953
-0.0732033
0.428857
-0.0670943
0.374658
-0.0584416
0.329668
-0.0493887
0.294228
-0.0399537
0.267298
-0.0306688
0.246601
-0.0231663
0.22993
-0.0179482
0.217112
-0.0131292
0.211132
-0.00562034
0.216515
0.00628483
0.235036
0.0202018
0.264675
0.0324715
0.297788
0.0368442
0.331393
0.0379963
0.0246321
0.824946
-0.869235
0.769845
0.703015
0.629543
0.55634
0.489246
0.430804
0.381415
0.341462
0.310793
0.287626
0.269678
0.256549
0.250929
0.257214
0.277415
0.309887
0.346731
0.384727
0.786632
-0.00217259
-0.777452
0.793037
0.00313952
0.795983
0.00960329
0.795682
0.0139488
0.790895
0.0217294
0.782287
0.0241468
0.766203
0.0357179
0.743763
0.0331858
0.704866
0.0517722
0.0213524
0.792684
-0.00666437
-0.788193
0.795222
0.000601629
0.795858
0.00896733
0.793358
0.0164493
0.788659
0.0264278
0.779176
0.0336299
0.769153
0.0457411
0.753999
0.0483392
0.746381
0.059391
0.0485966
0.788694
-0.00745284
-0.787906
0.788761
0.000535475
0.788545
0.0091824
0.787555
0.0174396
0.787471
0.0265116
0.787465
0.0336363
0.790689
0.0425173
0.792147
0.0468813
0.794131
0.0574067
0.0586282
0.786746
-0.007085
-0.787113
0.787048
0.000233285
0.788519
0.00771117
0.791
0.0149589
0.795036
0.0224753
0.799141
0.0295318
0.803676
0.0379818
0.805524
0.0450334
0.808425
0.054505
0.0567589
0.791491
-0.0059499
-0.792626
0.791357
0.00036706
0.792252
0.00681614
0.793859
0.0133516
0.79623
0.0201053
0.799022
0.0267394
0.803436
0.0335676
0.809119
0.0393501
0.817807
0.0458176
0.0491962
0.790864
-0.0041401
-0.792674
0.790261
0.00097012
0.79096
0.00611731
0.79307
0.0112413
0.796873
0.0163024
0.802424
0.0211887
0.809961
0.0260302
0.818733
0.0305784
0.829046
0.0355039
0.0389699
0.780882
-0.00277868
-0.782243
0.780967
0.000885087
0.782542
0.00454211
0.785619
0.00816446
0.790186
0.0117348
0.796148
0.0152272
0.803534
0.0186446
0.812228
0.0218836
0.82266
0.0250722
0.0274228
0.770324
-0.00170278
-0.7714
0.770563
0.000645628
0.772126
0.00297914
0.77502
0.0052711
0.779259
0.00749592
0.784858
0.00962749
0.791858
0.0116454
0.80022
0.0135213
0.810013
0.0152795
0.0166554
0.777843
-0.000822394
-0.778724
0.778156
0.00033261
0.779664
0.00147103
0.782359
0.00257586
0.786224
0.0036312
0.791229
0.00462241
0.797338
0.00553649
0.804499
0.00636081
0.812688
0.0070905
0.00765006
0.829964
-0.830787
0.830297
0.831768
0.834344
0.837975
0.842597
0.848134
0.854495
0.861585
0.628644
0.0538768
-0.719657
0.663677
-0.0695184
0.686626
-0.0517321
0.698672
-0.0340133
0.711803
-0.0299781
0.726436
-0.0269884
0.740595
-0.0222909
0.753856
-0.0174299
0.766222
-0.012674
-0.00793115
0.708421
0.0323159
-0.68686
0.718982
-0.0800797
0.733986
-0.066736
0.742955
-0.042982
0.749555
-0.0365782
0.757936
-0.0353694
0.767011
-0.0313656
0.775257
-0.0256766
0.782368
-0.0197843
-0.0137559
0.752312
0.0143905
-0.734387
0.755896
-0.0836634
0.761625
-0.072465
0.768533
-0.0498895
0.77278
-0.0408254
0.776324
-0.0389139
0.780347
-0.0353886
0.783953
-0.0292825
0.786482
-0.022313
-0.0151799
0.794485
-0.000817739
-0.779277
0.789726
-0.0789044
0.787347
-0.0700862
0.78947
-0.0520124
0.790734
-0.04209
0.79017
-0.0383496
0.789301
-0.0345192
0.788621
-0.028603
0.787894
-0.0215861
-0.0143991
0.840418
-0.0136542
-0.827581
0.827844
-0.0663308
0.817989
-0.0602306
0.813751
-0.0477742
0.810635
-0.0389741
0.806388
-0.0341025
0.801755
-0.0298864
0.797782
-0.0246298
0.794751
-0.0185558
-0.0122739
0.867373
-0.0229907
-0.858036
0.850337
-0.0492955
0.835649
-0.0455418
0.826095
-0.0382207
0.819026
-0.0319045
0.812252
-0.0273288
0.80569
-0.0233241
0.80005
-0.0189903
0.795715
-0.0142204
-0.00923279
0.860391
-0.0230685
-0.860313
0.843915
-0.0328193
0.829042
-0.0306687
0.817744
-0.0269227
0.808989
-0.0231502
0.801471
-0.0198105
0.794815
-0.0166684
0.789255
-0.0134305
0.785039
-0.0100042
-0.00643669
0.839353
-0.0164235
-0.845997
0.826191
-0.0196575
0.814036
-0.0185144
0.803851
-0.016737
0.79544
-0.0147396
0.788343
-0.0127136
0.78234
-0.010665
0.777456
-0.00854658
0.773788
-0.00633646
-0.00404862
0.836505
-0.00826769
-0.844661
0.82612
-0.0092727
0.816398
-0.00879247
0.807732
-0.00807091
0.800198
-0.00720547
0.793747
-0.00626221
0.788345
-0.0052635
0.784012
-0.00421308
0.780791
-0.00311534
-0.00198146
0.884964
-0.893231
0.875691
0.866899
0.858828
0.851622
0.84536
0.840096
0.835883
0.832768
0.129344
0.038184
-0.0402447
0.135751
0.116563
-0.12297
0.147296
0.198102
-0.209647
0.164349
0.288288
-0.30534
0.187984
0.385174
-0.408808
0.217554
0.494509
-0.524079
0.254765
0.601768
-0.638979
0.307267
0.717688
-0.77019
0.449588
0.825599
-0.967921
0.992687
-1.26276
0.151303
0.0354702
0.159253
0.108613
0.173663
0.183692
0.194597
0.267354
0.225228
0.354542
0.26242
0.457316
0.317362
0.546826
0.368005
0.667045
0.533465
0.660139
0.839291
0.176806
0.0320696
0.186382
0.0990367
0.204387
0.165687
0.229202
0.242539
0.269267
0.314477
0.31249
0.414093
0.395348
0.463968
0.451457
0.610936
0.597963
0.513632
0.702868
0.206439
0.0280377
0.217373
0.0881028
0.239531
0.143529
0.266832
0.215238
0.318675
0.262634
0.363113
0.369655
0.46867
0.358411
0.540786
0.53882
0.659087
0.395331
0.582678
0.240797
0.0234948
0.252751
0.0761488
0.279078
0.117202
0.307391
0.186924
0.368614
0.201411
0.416297
0.321972
0.517951
0.256756
0.617657
0.439115
0.702067
0.310921
0.457164
0.280345
0.0184949
0.293385
0.0631092
0.321754
0.0888325
0.353191
0.155487
0.411346
0.143257
0.473902
0.259416
0.545518
0.185141
0.663578
0.321054
0.733966
0.240533
0.333094
0.325553
0.0132151
0.340452
0.0482099
0.366512
0.0627729
0.405256
0.116743
0.448537
0.0999751
0.525336
0.182617
0.572941
0.137537
0.683746
0.210248
0.754509
0.169771
0.227289
0.377728
0.00829587
0.394311
0.0316272
0.416074
0.0410096
0.458597
0.0742198
0.490849
0.0677239
0.564004
0.109462
0.607253
0.0942872
0.695266
0.122235
0.7605
0.104538
0.141792
0.439185
0.00405699
0.455437
0.0153748
0.475337
0.0211096
0.514186
0.0353714
0.545911
0.0359984
0.604902
0.0504707
0.650874
0.0483152
0.717038
0.0560711
0.77195
0.0496257
0.0690812
0.511814
0.527188
0.548298
0.583669
0.619668
0.670138
0.718453
0.774525
0.82415
0.0718844
0.0393886
-0.0404944
0.0734361
0.11893
-0.120482
0.0751109
0.201107
-0.202781
0.0762322
0.287273
-0.288395
0.0763701
0.377814
-0.377952
0.0741036
0.473692
-0.471425
0.0701813
0.570731
-0.566809
0.0657419
0.706857
-0.702417
0.0603405
0.931663
-0.926262
1.31907
-1.29984
0.0717508
0.0383983
0.0730275
0.117654
0.0743375
0.199797
0.0750119
0.286599
0.0746982
0.378128
0.0720425
0.476347
0.0676516
0.575122
0.0626882
0.71182
0.0574712
0.93688
1.33423
0.0715707
0.0375738
0.0725172
0.116707
0.0733928
0.198921
0.0735441
0.286448
0.0726699
0.379002
0.0695175
0.4795
0.0645656
0.580074
0.0589862
0.7174
0.0534995
0.942367
1.34481
0.0713477
0.0369641
0.0719134
0.116141
0.0722897
0.198545
0.0718463
0.286891
0.0703057
0.380543
0.0665467
0.483259
0.0609334
0.585687
0.0547504
0.723583
0.049618
0.947499
1.35017
0.071085
0.0366163
0.0712242
0.116002
0.0710422
0.198727
0.0699379
0.287995
0.0676299
0.382851
0.063158
0.487731
0.0567626
0.592083
0.0499175
0.730428
0.043648
0.953769
1.34994
0.070786
0.036575
0.070458
0.11633
0.069665
0.19952
0.0678392
0.289821
0.0646691
0.386021
0.0593867
0.493013
0.0521005
0.599369
0.0449458
0.737582
0.0391836
0.959531
1.34322
0.0704537
0.0368826
0.0696224
0.117161
0.0681731
0.200969
0.0655711
0.292423
0.0614519
0.39014
0.0552575
0.499207
0.046862
0.607765
0.0391404
0.745304
0.0299738
0.968698
1.32911
0.0700907
0.037579
0.0687242
0.118528
0.0665801
0.203113
0.063154
0.295849
0.0580124
0.395282
0.0508476
0.506372
0.0414385
0.617174
0.0341111
0.752631
0.0287773
0.974031
1.30897
0.0697012
0.0387002
0.0677692
0.12046
0.0648942
0.205988
0.0606055
0.300138
0.0543657
0.401522
0.0460025
0.514735
0.0351683
0.628008
0.0259233
0.761876
0.0179441
0.982011
1.28168
0.0693242
0.0668141
0.0631554
0.0579533
0.0506664
0.0413229
0.030352
0.0220387
0.0361289
0.0699828
0.0469118
-0.0461911
0.0704729
0.136026
-0.136516
0.0715414
0.222081
-0.223149
0.0720794
0.30497
-0.305508
0.0706561
0.383026
-0.381603
0.0668325
0.458335
-0.454512
0.0591889
0.546763
-0.53912
0.0436993
0.670128
-0.654638
0.0128268
0.855432
-0.82456
1.06513
-1.09006
0.0705179
0.0471569
0.0715405
0.135003
0.073166
0.220455
0.0744965
0.303639
0.0743013
0.383222
0.0729516
0.459685
0.0716015
0.548114
0.0693654
0.672364
0.0661246
0.858673
1.09464
0.0709255
0.047037
0.0722936
0.133635
0.0742349
0.218514
0.0759662
0.301908
0.0763229
0.382865
0.0755956
0.460412
0.0753103
0.548399
0.0742474
0.673427
0.0677984
0.865122
1.12775
0.0712632
0.0466062
0.0729022
0.131996
0.0750679
0.216348
0.0770398
0.299936
0.0776385
0.382266
0.0766519
0.461399
0.0752867
0.549764
0.0710357
0.677678
0.0596676
0.87649
1.15342
0.0715353
0.0459179
0.0733725
0.130159
0.0756834
0.214037
0.0777737
0.297846
0.0784704
0.38157
0.0770587
0.46281
0.0746643
0.552158
0.069378
0.682964
0.0585554
0.887313
1.17748
0.0717436
0.0450256
0.0737077
0.128195
0.0760932
0.211652
0.0782179
0.295721
0.0789898
0.380798
0.0773858
0.464414
0.074748
0.554796
0.0703111
0.687401
0.0608615
0.896762
1.2029
0.071889
0.0439833
0.0739088
0.126175
0.0763
0.209261
0.078387
0.293634
0.0792169
0.379968
0.0775926
0.466039
0.0749715
0.557417
0.0712709
0.691102
0.0625104
0.905523
1.22875
0.0719734
0.0428449
0.073978
0.12417
0.0763033
0.206935
0.0782759
0.291661
0.079098
0.379146
0.0774465
0.46769
0.0746677
0.560196
0.0711002
0.694669
0.0631093
0.913514
1.2539
0.071999
0.0416642
0.073919
0.12225
0.076104
0.20475
0.0778789
0.289886
0.0785892
0.378436
0.0768236
0.469456
0.0737122
0.563308
0.0699808
0.698401
0.0630685
0.920426
1.27779
0.0719684
0.0737369
0.0757057
0.0771975
0.0776808
0.0757114
0.0722103
0.0681935
0.0623579
0.50184
0.00487703
0.487938
0.0139019
0.466352
0.0215861
0.439769
0.0265833
0.411486
0.0282827
0.385286
0.0262007
0.365254
0.0200313
0.355626
0.00962843
0.360374
-0.00474794
-0.0231061
0.38348
0.428905
0.0101776
0.413764
0.0290422
0.390339
0.0450114
0.360985
0.0559374
0.328708
0.0605601
0.2971
0.0578088
0.270285
0.0468457
0.252956
0.0269574
0.249536
-0.00132768
-0.03574
0.26217
0.366104
0.0160797
0.349228
0.0459182
0.322933
0.0713063
0.289222
0.089649
0.250725
0.0990569
0.210684
0.0978503
0.17303
0.0844993
0.142319
0.0576689
0.120929
0.020062
-0.0223562
0.107545
0.312566
0.0222429
0.294852
0.063632
0.26683
0.0993279
0.229976
0.126504
0.186294
0.142739
0.138463
0.145681
0.0895154
0.133447
0.0399203
0.107264
-0.0152876
0.07527
0.0446715
-0.0823152
0.267182
0.0281931
0.249903
0.0809105
0.222015
0.127216
0.184374
0.164145
0.138469
0.188644
0.0869088
0.197241
0.0299242
0.190431
-0.0436336
0.180822
-0.144263
0.175899
0.163451
-0.263042
0.228781
0.0335305
0.213039
0.0966529
0.187001
0.153254
0.150544
0.200602
0.103081
0.236107
0.0436923
0.25663
-0.0300384
0.264162
-0.126845
0.277628
-0.250605
0.29966
0.302036
-0.38919
0.196244
0.0380193
0.182703
0.110194
0.15976
0.176197
0.126858
0.233504
0.0835323
0.279433
0.0305118
0.309651
-0.033129
0.327803
-0.128995
0.373494
-0.281371
0.452036
0.478648
-0.457984
0.168583
0.0415834
0.157513
0.121264
0.138243
0.195466
0.109613
0.262134
0.0697208
0.319325
0.0139871
0.365384
-0.0635342
0.405324
-0.169559
0.479518
-0.316264
0.598741
0.652822
-0.490438
0.144963
0.0442788
0.136293
0.129935
0.120813
0.210946
0.0971481
0.285799
0.0639478
0.352525
0.0180051
0.411327
-0.0453456
0.468675
-0.129526
0.563699
-0.262595
0.731809
0.86917
-0.478942
0.124778
0.118198
0.105994
0.0862853
0.0572076
0.014023
-0.0564222
-0.147361
-0.240112
-0.461002
0.384956
-0.00147645
0.387946
-0.0029894
0.392515
-0.00456905
0.39868
-0.00616559
0.406466
-0.0077859
0.41589
-0.00942377
0.426962
-0.0110721
0.439688
-0.0127258
0.454068
-0.0143804
-0.0160308
0.470099
0.265523
-0.00483005
0.269993
-0.00745943
0.275528
-0.0101037
0.282097
-0.0127346
0.289674
-0.0153634
0.298213
-0.0179621
0.307649
-0.0205088
0.317911
-0.0229877
0.328915
-0.025384
-0.0276822
0.340566
0.111762
-0.00904696
0.115869
-0.0115662
0.119862
-0.0140971
0.123748
-0.016621
0.127499
-0.0191138
0.131053
-0.0215163
0.134335
-0.0237907
0.137257
-0.0259096
0.139721
-0.0278479
-0.0295828
0.141621
-0.0798292
-0.011533
-0.0782522
-0.0131432
-0.077514
-0.0148353
-0.0775542
-0.0165808
-0.078362
-0.018306
-0.0799224
-0.0199559
-0.0822228
-0.0214904
-0.085256
-0.0228764
-0.0890184
-0.0240854
-0.0250936
-0.0935076
-0.260594
-0.0139808
-0.258679
-0.0150589
-0.257655
-0.015859
-0.257419
-0.0168166
-0.257972
-0.0177528
-0.259283
-0.0186454
-0.26133
-0.0194429
-0.264089
-0.0201173
-0.267536
-0.0206386
-0.0209862
-0.271644
-0.386918
-0.016253
-0.384186
-0.0177909
-0.382938
-0.0171071
-0.382647
-0.0171074
-0.383378
-0.0170218
-0.384895
-0.0171291
-0.387134
-0.0172037
-0.390017
-0.017234
-0.393507
-0.0171486
-0.0169426
-0.397551
-0.460645
-0.0135917
-0.461625
-0.0168105
-0.46372
-0.015012
-0.465243
-0.0155845
-0.467085
-0.0151796
-0.469045
-0.0151695
-0.471404
-0.0148445
-0.474076
-0.0145616
-0.477078
-0.0141475
-0.0136875
-0.480333
-0.500824
-0.0032053
-0.504818
-0.0128172
-0.509261
-0.010569
-0.512281
-0.0125646
-0.515943
-0.0115177
-0.519205
-0.0119073
-0.522392
-0.0116577
-0.525107
-0.0118461
-0.527472
-0.0117822
-0.0117293
-0.529431
-0.503934
0.021786
-0.514842
-0.0019084
-0.528815
0.00340313
-0.538632
-0.00274707
-0.547428
-0.00272129
-0.553467
-0.00586826
-0.557868
-0.00725747
-0.560369
-0.00934521
-0.561373
-0.0107778
-0.0121506
-0.560952
-0.495989
-0.525038
-0.544713
-0.559243
-0.569736
-0.577017
-0.581391
-0.583088
-0.582249
-0.579104
0.487774
-0.0176746
0.507075
-0.0193009
0.527981
-0.0209058
0.550463
-0.0224825
0.574486
-0.024023
0.600004
-0.0255182
0.626962
-0.0269583
0.655296
-0.0283336
0.684935
-0.0296388
-0.0308697
0.715805
0.352761
-0.0298695
0.365383
-0.0319226
0.378305
-0.0338274
0.391388
-0.0355661
0.404484
-0.0371192
0.417432
-0.0384656
0.430061
-0.0395873
0.442212
-0.0404849
0.453763
-0.0411895
-0.0416591
0.464552
0.142845
-0.0310935
0.143287
-0.0323645
0.142847
-0.0333874
0.14144
-0.0341592
0.138991
-0.03467
0.135419
-0.0348929
0.130644
-0.0348124
0.124654
-0.0344949
0.117599
-0.0341347
-0.0335954
0.109535
-0.098728
-0.0258731
-0.104666
-0.0264268
-0.111295
-0.0267585
-0.118548
-0.0269055
-0.126345
-0.0268733
-0.134719
-0.0265192
-0.143942
-0.0255888
-0.154267
-0.0241701
-0.165099
-0.0233032
-0.0238723
-0.174822
-0.276403
-0.0211136
-0.281813
-0.0210171
-0.287881
-0.0206906
-0.294502
-0.0202842
-0.301424
-0.0199512
-0.308678
-0.0192649
-0.317292
-0.0169756
-0.328655
-0.0128069
-0.34131
-0.0106477
-0.0169165
-0.348266
-0.402117
-0.016547
-0.407193
-0.0159419
-0.412831
-0.0150516
-0.418969
-0.0141465
-0.425149
-0.013771
-0.431028
-0.0133859
-0.438024
-0.00997962
-0.448968
-0.00186285
-0.462103
0.00248685
-0.0164003
-0.462619
-0.483774
-0.0131058
-0.487273
-0.0124425
-0.490837
-0.0114883
-0.494588
-0.0103954
-0.498292
-0.0100667
-0.501141
-0.0105366
-0.503792
-0.00732846
-0.509684
0.00402884
-0.517878
0.0106808
-0.0233248
-0.510954
-0.53097
-0.0115661
-0.531918
-0.0114951
-0.532211
-0.0111948
-0.532117
-0.0104894
-0.532123
-0.0100606
-0.531717
-0.0109432
-0.529655
-0.00938957
-0.528207
0.00258084
-0.529308
0.0117816
-0.0365884
-0.516045
-0.559322
-0.0131957
-0.556571
-0.0142463
-0.552768
-0.0149978
-0.548042
-0.0152155
-0.543162
-0.0149407
-0.539001
-0.0151038
-0.533409
-0.0149816
-0.523596
-0.00723243
-0.516111
0.00429668
-0.0498359
-0.502864
-0.574095
-0.56765
-0.559956
-0.551008
-0.5409
-0.530658
-0.520543
-0.503635
-0.475381
-0.501002
0.796477
-0.0806724
0.863399
-0.0669225
0.936127
-0.072728
1.01352
-0.0773895
1.08201
-0.0684977
1.13908
-0.0570687
1.1866
-0.0475134
1.22571
-0.0391169
1.25754
-0.0318288
1.28849
-0.0309434
1.32855
-0.0400676
1.38405
-0.0554964
1.45544
-0.0713889
1.51705
-0.0616149
1.50284
0.0142125
1.36481
0.138027
1.13789
0.226929
0.915337
0.222549
0.750395
0.164942
0.0767452
0.519364
-0.135484
0.538351
-0.08591
0.607529
-0.141906
0.669074
-0.138935
0.722855
-0.122278
0.772158
-0.106372
0.813977
-0.0893318
0.846509
-0.0716492
0.871635
-0.0569541
0.895317
-0.0546256
0.929692
-0.0744433
0.988357
-0.114161
1.06714
-0.150173
1.13035
-0.124824
1.12623
0.0183285
1.0313
0.232956
0.877905
0.380328
0.729187
0.371267
0.616195
0.277934
0.131295
0.168478
-0.194427
0.155573
-0.0730044
0.251888
-0.238221
0.32246
-0.209506
0.387038
-0.186857
0.442839
-0.162173
0.487307
-0.1338
0.520996
-0.105338
0.547315
-0.0832731
0.575178
-0.0824885
0.61814
-0.117405
0.682353
-0.178374
0.752442
-0.220262
0.797808
-0.17019
0.793039
0.0230973
0.735333
0.290663
0.648032
0.467629
0.564726
0.454573
0.497786
0.344874
0.165906
-0.0545109
-0.314738
-0.0445994
-0.0829159
0.0728492
-0.35567
0.154363
-0.29102
0.221699
-0.254193
0.275631
-0.216104
0.318247
-0.176416
0.351176
-0.138267
0.378057
-0.110155
0.40701
-0.111441
0.446177
-0.156571
0.493894
-0.226091
0.535687
-0.262055
0.555043
-0.189546
0.545689
0.0324515
0.514218
0.322133
0.473668
0.508179
0.435959
0.492281
0.401527
0.379307
0.185944
-0.178982
-0.484022
-0.102904
-0.158994
-0.00816837
-0.450406
0.0666804
-0.365869
0.131608
-0.31912
0.184384
-0.26888
0.225898
-0.217931
0.257944
-0.170313
0.283411
-0.135622
0.307496
-0.135526
0.334428
-0.183503
0.361657
-0.253321
0.380272
-0.28067
0.383437
-0.192711
0.373808
0.0420803
0.360707
0.335235
0.34957
0.519316
0.339662
0.50219
0.325612
0.393356
0.196369
-0.299381
-0.647261
-0.141146
-0.317229
-0.0650131
-0.526538
0.014046
-0.444928
0.07932
-0.384394
0.13017
-0.31973
0.168879
-0.25664
0.198289
-0.199723
0.220678
-0.158011
0.238657
-0.153506
0.254538
-0.199384
0.267088
-0.265871
0.271718
-0.285299
0.266894
-0.187886
0.259135
0.0498393
0.257694
0.336675
0.263103
0.513907
0.268349
0.496943
0.266077
0.395628
0.200833
-0.387426
-0.770788
-0.174431
-0.530224
-0.0924986
-0.608471
-0.00986208
-0.527564
0.0521364
-0.446393
0.0979989
-0.365593
0.131946
-0.290587
0.157319
-0.225096
0.176007
-0.176698
0.18887
-0.16637
0.196975
-0.207488
0.200366
-0.269263
0.197405
-0.282338
0.189306
-0.179787
0.183824
0.0553212
0.189031
0.331468
0.202598
0.50034
0.21509
0.484451
0.219126
0.391592
0.201775
-0.397954
-0.888879
-0.185939
-0.742239
-0.0932338
-0.701176
-0.0161738
-0.604624
0.0388967
-0.501463
0.0782044
-0.4049
0.106757
-0.319139
0.127764
-0.246103
0.142866
-0.1918
0.15193
-0.175434
0.155084
-0.210642
0.153147
-0.267325
0.146484
-0.275675
0.137618
-0.170922
0.134138
0.0588012
0.142669
0.322937
0.159437
0.483572
0.174652
0.469236
0.181733
0.384512
0.200744
-0.365826
-1.02592
-0.175076
-0.932989
-0.0783758
-0.797877
-0.0135466
-0.669453
0.032883
-0.547893
0.0654323
-0.43745
0.0887356
-0.342442
0.105643
-0.263011
0.117564
-0.203722
0.123899
-0.181768
0.124109
-0.210853
0.119285
-0.262501
0.111113
-0.267504
0.102718
-0.162527
0.100795
0.0607245
0.110593
0.313139
0.127848
0.466317
0.143382
0.453703
0.151633
0.376261
0.198695
-0.307788
-1.21913
-0.158727
-1.08205
-0.0642737
-0.89233
-0.00917321
-0.724554
0.0294984
-0.586564
0.0562386
-0.46419
0.0750581
-0.361262
0.0885124
-0.276465
0.0978104
-0.21302
0.102197
-0.186155
0.10071
-0.209366
0.0944324
-0.256224
0.0859227
-0.258994
0.0786724
-0.155276
0.0780196
0.0613772
0.0878704
0.303288
0.104172
0.450015
0.118792
0.439083
0.127163
0.36789
0.196205
0.069279
-1.26134
0.0933286
-1.1061
0.0960886
-0.89509
0.0885801
-0.717045
0.0810499
-0.579034
0.073732
-0.456872
0.0679944
-0.355524
0.0640989
-0.272569
0.0624004
-0.211321
0.0623463
-0.1861
0.0616081
-0.208627
0.057385
-0.252001
0.0488265
-0.250435
0.0386786
-0.145128
0.0328781
0.0671777
0.0362097
0.299957
0.0469637
0.439261
0.058711
0.427336
0.0673117
0.359289
0.192046
0.0932569
-1.32174
0.0930893
-1.10593
0.0937685
-0.895769
0.0855407
-0.708818
0.0785998
-0.572093
0.0723196
-0.450592
0.0674119
-0.350616
0.0641087
-0.269266
0.0626445
-0.209857
0.0623496
-0.185806
0.0609359
-0.207214
0.0559832
-0.247048
0.0471746
-0.241627
0.0374894
-0.135443
0.032567
0.0721002
0.0365717
0.295952
0.0474224
0.42841
0.0588655
0.415893
0.067114
0.351041
0.188243
0.08455
-1.37186
0.0851949
-1.10658
0.0867687
-0.897343
0.0812635
-0.703312
0.0756064
-0.566436
0.0706058
-0.445591
0.0665725
-0.346583
0.0638387
-0.266532
0.0625716
-0.20859
0.0620132
-0.185247
0.059947
-0.205147
0.0543384
-0.241439
0.0453695
-0.232658
0.0362101
-0.126284
0.032194
0.0761162
0.0368943
0.291252
0.0478618
0.417443
0.0590074
0.404747
0.0669022
0.343146
0.184771
0.0831708
-1.41561
0.0816595
-1.10507
0.080595
-0.896279
0.0770623
-0.69978
0.0724929
-0.561867
0.0687031
-0.441801
0.0655362
-0.343416
0.0633389
-0.264335
0.0622194
-0.20747
0.0613686
-0.184396
0.0586921
-0.202471
0.0525365
-0.235284
0.0435253
-0.223647
0.0349663
-0.117725
0.0318671
0.0792153
0.037223
0.285896
0.0482664
0.4064
0.0591083
0.393905
0.0666688
0.335585
0.181597
0.0736821
-1.44824
0.0752361
-1.10662
0.0738754
-0.894918
0.0725553
-0.69846
0.069224
-0.558536
0.0665655
-0.439143
0.0642374
-0.341088
0.0625536
-0.262652
0.0615613
-0.206478
0.060424
-0.183259
0.0572049
-0.199252
0.0506201
-0.228699
0.0416808
-0.214707
0.0337852
-0.109829
0.031593
0.0814076
0.037547
0.279942
0.0486233
0.395323
0.0591609
0.383367
0.0664108
0.328335
0.178685
0.0680196
-1.47254
0.0695839
-1.10818
0.0676011
-0.892935
0.067852
-0.69871
0.0657802
-0.556464
0.0641743
-0.437537
0.0626518
-0.339566
0.0614598
-0.261459
0.0605913
-0.205609
0.0591999
-0.181868
0.0555246
-0.195577
0.0486289
-0.221803
0.0398618
-0.20594
0.0326757
-0.102643
0.031369
0.0827144
0.0378596
0.273451
0.0489268
0.384256
0.0591617
0.373133
0.0661269
0.32137
0.175999
0.0602905
-1.48787
0.0627266
-1.11062
0.0612561
-0.891465
0.0628846
-0.700339
0.0621269
-0.555706
0.0615203
-0.43693
0.0607765
-0.338822
0.0600623
-0.260745
0.0593269
-0.204874
0.0577307
-0.180271
0.0536959
-0.191542
0.0466045
-0.214712
0.0380949
-0.197431
0.0316449
-0.0961931
0.0311883
0.083171
0.038151
0.266488
0.0491706
0.373237
0.0591077
0.363195
0.0658157
0.314662
0.1735
0.0539306
-1.49532
0.0559441
-1.11263
0.0549779
-0.890498
0.0576796
-0.703041
0.0582394
-0.556266
0.0585979
-0.437289
0.0586138
-0.338838
0.0583742
-0.260506
0.0577934
-0.204293
0.0560537
-0.178532
0.0517615
-0.18725
0.0445845
-0.207535
0.0364028
-0.189249
0.0306966
-0.090487
0.0310419
0.0828257
0.03841
0.25912
0.0493477
0.362299
0.0589959
0.353547
0.0654763
0.308182
0.17115
0.0466428
-1.4948
0.0486857
-1.11468
0.0485995
-0.890412
0.0522292
-0.70667
0.0540945
-0.558131
0.0554038
-0.438598
0.0561694
-0.339603
0.056412
-0.260748
0.0560186
-0.2039
0.0542053
-0.176718
0.0497587
-0.182803
0.0425989
-0.200375
0.0348015
-0.181451
0.0298304
-0.0855158
0.0309191
0.081737
0.0386257
0.251414
0.0494523
0.351472
0.0588239
0.344176
0.065108
0.301898
0.168908
0.0396311
0.0412946
0.0421023
0.0465387
0.0496755
0.0519361
0.0534512
0.0541937
0.0540299
0.0522183
0.0477181
0.04067
0.0333008
0.0290422
0.0308078
0.0387879
0.0494794
0.0585902
0.0647106
)
;

boundaryField
{
    inlet
    {
        type            calculated;
        value           nonuniform List<scalar> 
40
(
-0.127283
-0.148589
-0.173405
-0.202407
-0.236254
-0.275345
-0.320273
-0.372809
-0.434946
-0.507757
-0.0707786
-0.0707604
-0.0707463
-0.070738
-0.0707371
-0.0707447
-0.0707613
-0.0707871
-0.0708224
-0.0708686
-0.0707035
-0.0707631
-0.0708056
-0.0708324
-0.070847
-0.0708513
-0.0708467
-0.070835
-0.0708182
-0.0707986
-0.506717
-0.434205
-0.372006
-0.318729
-0.273132
-0.234119
-0.200733
-0.172147
-0.147659
-0.126691
)
;
    }
    outlet
    {
        type            calculated;
        value           nonuniform List<scalar> 
40
(
0.112056
0.129471
0.149472
0.17244
0.19883
0.229208
0.264298
0.305055
0.352789
0.409359
0.0664306
0.0659883
0.065558
0.0651401
0.0647348
0.0643427
0.063964
0.063599
0.0632479
0.0629109
0.0714706
0.0709165
0.0703741
0.069843
0.0693226
0.0688131
0.0683145
0.0678268
0.0673501
0.0668847
0.67365
0.561645
0.463175
0.381489
0.315188
0.261613
0.218183
0.182764
0.153682
0.129653
)
;
    }
    top
    {
        type            symmetryPlane;
        value           uniform 0;
    }
    bottom
    {
        type            symmetryPlane;
        value           uniform 0;
    }
    cylinder
    {
        type            calculated;
        value           nonuniform List<scalar> 
80
(
-3.15291e-18
-5.75045e-18
6.82599e-18
9.04146e-18
5.10564e-18
-1.18499e-17
-3.29982e-17
-1.28958e-18
-2.33085e-18
-9.76837e-18
2.83921e-18
-1.20895e-18
9.46915e-19
-1.23283e-17
1.53727e-17
8.99843e-18
-3.98807e-17
2.77511e-18
-1.43245e-18
-3.45483e-17
7.36401e-17
1.43245e-18
-2.77511e-18
7.39353e-17
-7.57141e-18
-3.9504e-17
1.23283e-17
-9.46915e-19
1.20895e-18
-2.1358e-18
3.15291e-18
5.75045e-18
-6.82599e-18
-9.04146e-18
2.76095e-17
7.93608e-18
-1.71659e-17
1.28958e-18
5.71233e-17
-4.14762e-17
-9.76837e-18
-5.71233e-17
-1.28958e-18
1.71659e-17
-1.18499e-17
-2.76095e-17
9.04146e-18
6.82599e-18
-5.75045e-18
-3.15291e-18
-7.36401e-17
-1.38017e-17
2.77511e-18
-6.13374e-17
8.99843e-18
3.9504e-17
-1.23283e-17
9.46915e-19
-1.20895e-18
2.1358e-18
-2.1358e-18
1.20895e-18
-9.46915e-19
1.23283e-17
-3.9504e-17
-7.57141e-18
6.13374e-17
-2.77511e-18
1.38017e-17
7.36401e-17
9.76837e-18
2.33085e-18
1.28958e-18
3.29982e-17
-2.37334e-17
-5.10564e-18
-9.04146e-18
-6.82599e-18
5.75045e-18
3.15291e-18
)
;
    }
    frontandback
    {
        type            empty;
        value           nonuniform 0();
    }
}


// ************************************************************************* //
