/*--------------------------------*- C++ -*----------------------------------*\
  =========                 |
  \\      /  F ield         | OpenFOAM: The Open Source CFD Toolbox
   \\    /   O peration     | Website:  https://openfoam.org
    \\  /    A nd           | Version:  6.0
     \\/     M anipulation  |
\*---------------------------------------------------------------------------*/
FoamFile
{
    version     2.0;
    format      ascii;
    class       surfaceScalarField;
    location    "24";
    object      phi;
}
// * * * * * * * * * * * * * * * * * * * * * * * * * * * * * * * * * * * * * //

dimensions      [0 3 -1 0 0 0 0];

internalField   nonuniform List<scalar> 
4670
(
0.0136391
-0.774997
0.761358
0.0372367
-0.808104
0.784506
0.0609601
-0.839658
0.815935
0.0823003
-0.842501
0.82116
0.101609
-0.833339
0.81403
0.119826
-0.821047
0.80283
0.137688
-0.809674
0.791812
0.155541
-0.800351
0.782498
0.173681
-0.793151
0.77501
-0.790103
0.771134
0.19265
0.0138849
-0.788882
0.0366352
-0.830854
0.0589655
-0.861989
0.0787763
-0.862311
0.096628
-0.851191
0.113518
-0.837937
0.130128
-0.826284
0.146713
-0.816935
0.163515
-0.809954
-0.807583
0.180996
0.0137192
-0.802601
0.0352644
-0.852399
0.0559254
-0.88265
0.0739289
-0.880315
0.0900317
-0.867293
0.105284
-0.853189
0.120299
-0.841299
0.135194
-0.831831
0.150082
-0.824842
-0.822677
0.165176
0.0131392
-0.81574
0.0331739
-0.872434
0.0519528
-0.901429
0.0679767
-0.896339
0.0821299
-0.881447
0.0954864
-0.866546
0.108671
-0.854484
0.121871
-0.84503
0.135279
-0.83825
-0.83638
0.148982
0.0121691
-0.82791
0.0303964
-0.890661
0.0471243
-0.918157
0.0610763
-0.910291
0.0731831
-0.893553
0.0844133
-0.877776
0.0953033
-0.865374
0.106193
-0.85592
0.117676
-0.849733
-0.84885
0.130146
0.0108691
-0.838779
0.0270311
-0.906823
0.0414931
-0.932619
0.0532377
-0.922035
0.063285
-0.903601
0.0724612
-0.886952
0.0810171
-0.87393
0.0892304
-0.864133
0.0982334
-0.858736
-0.860199
0.109582
0.00939066
-0.848169
0.0233375
-0.92077
0.0352975
-0.944579
0.0444868
-0.931225
0.0521527
-0.911267
0.0592808
-0.89408
0.0659965
-0.880645
0.0719713
-0.870108
0.0775317
-0.864296
-0.866085
0.0834179
0.00797528
-0.856145
0.0198211
-0.932616
0.0292444
-0.954002
0.0355279
-0.937508
0.0400106
-0.915749
0.0440885
-0.898158
0.0486597
-0.885217
0.053511
-0.874959
0.0561406
-0.866926
-0.85911
0.0491653
0.00686105
-0.863006
0.0169843
-0.942739
0.0242609
-0.961278
0.0279213
-0.941169
0.0288868
-0.916715
0.0280673
-0.897338
0.0266757
-0.883825
0.026745
-0.875028
0.0288411
-0.869022
-0.853985
0.023716
0.00623567
-0.869241
0.0150758
-0.951579
0.0208694
-0.967072
0.0229559
-0.943255
0.0218527
-0.915612
0.0171848
-0.89267
0.00771472
-0.874355
-0.00607184
-0.861242
-0.0134574
-0.861637
-0.897027
0.0295847
0.931931
0.00894893
-0.94088
0.922991
0.00894065
0.914266
0.00872468
0.905992
0.00827387
0.898326
0.00766585
0.891388
0.00693789
0.885155
0.00623345
0.879537
0.00561724
0.874315
0.00522212
0.00507405
1.02072
0.0147725
-1.02655
1.01389
0.01578
1.00637
0.0162367
0.998485
0.0161627
0.990466
0.0156847
0.982519
0.0148846
0.974745
0.0140076
0.967138
0.0132243
0.959521
0.0128386
0.0130159
1.00581
0.0165578
-1.0076
1.00294
0.0186531
0.999238
0.0199367
0.994996
0.0204047
0.990463
0.0202175
0.985827
0.0195199
0.981247
0.0185882
0.976718
0.0177534
0.972118
0.0174384
0.0180619
0.96287
0.0174323
-0.963744
0.961118
0.0204049
0.958688
0.0223662
0.955961
0.0231315
0.953156
0.0230231
0.950529
0.0221464
0.948221
0.0208961
0.946318
0.019657
0.944828
0.0189285
0.0196342
0.930016
0.01924
-0.931823
0.927542
0.0228789
0.924448
0.0254602
0.921429
0.0261505
0.918524
0.025928
0.91631
0.02436
0.914704
0.0225026
0.914023
0.0203378
0.914501
0.0184509
0.0185232
0.9075
0.022366
-0.910626
0.903949
0.0264303
0.899557
0.0298516
0.89573
0.0299772
0.89181
0.0298485
0.889417
0.0267529
0.887634
0.0242855
0.887693
0.0202792
0.889119
0.0170247
0.0149718
0.889943
0.0267301
-0.894308
0.885579
0.0307948
0.879813
0.035617
0.875451
0.0343397
0.869911
0.0353888
0.867352
0.029312
0.864437
0.0272
0.866406
0.01831
0.867777
0.0156544
0.0083934
0.873838
0.0323045
-0.879412
0.869039
0.0355934
0.86194
0.0427166
0.857748
0.0385315
0.85006
0.0430771
0.847622
0.0317498
0.841275
0.0335473
0.847395
0.0121894
0.848951
0.0140987
-0.00389762
0.857919
0.039336
-0.864951
0.852882
0.0406305
0.844552
0.051047
0.841196
0.0418873
0.831558
0.0527154
0.829499
0.0338083
0.817313
0.0457339
0.8256
0.0039017
0.831649
0.00804974
-0.033885
0.84263
-0.851628
0.0483342
0.837207
0.0460533
0.827963
0.0602913
0.825557
0.0442928
0.815223
0.0630497
0.813327
0.0357042
0.796242
0.0628197
0.795957
0.00418605
0.802555
0.0014522
-0.128357
0.970612
-0.00352117
-0.96709
0.973136
-0.00252413
0.974283
-0.00114684
0.973837
0.000445084
0.971695
0.00214245
0.967943
0.00375202
0.96272
0.0052229
0.956289
0.00643153
0.948889
0.00739919
0.00800934
1.00031
-0.0157505
-0.988076
1.01104
-0.0132572
1.02002
-0.0101288
1.02699
-0.00652255
1.0318
-0.0026709
1.03449
0.00106366
1.03515
0.00456175
1.03394
0.00764611
1.031
0.0103337
0.0124625
0.948202
-0.0312723
-0.93268
0.962376
-0.027431
0.974809
-0.0225616
0.985226
-0.0169404
0.993578
-0.0110229
0.999953
-0.00531124
1.00444
7.06057e-05
1.00713
0.00495755
1.00813
0.00933238
0.0130008
0.901124
-0.0472213
-0.885175
0.915726
-0.0420329
0.928399
-0.0352345
0.938907
-0.0274482
0.947359
-0.0194746
0.953971
-0.0119239
0.958789
-0.00474726
0.961937
0.00180969
0.963505
0.00776414
0.0127621
0.87759
-0.0632801
-0.861531
0.891966
-0.0564085
0.90383
-0.0470991
0.913267
-0.0368845
0.920656
-0.0268636
0.926241
-0.0175093
0.92994
-0.00844575
0.932008
-0.000259038
0.932501
0.00727165
0.0134396
0.865113
-0.0802278
-0.848165
0.87952
-0.0708152
0.890348
-0.0579268
0.89868
-0.0452169
0.905158
-0.0333421
0.909759
-0.0221096
0.912251
-0.0109376
0.913155
-0.00116325
0.912403
0.00802378
0.0152163
0.855671
-0.0988468
-0.837052
0.870321
-0.0854651
0.879858
-0.0674638
0.887349
-0.052708
0.893294
-0.0392871
0.897098
-0.025914
0.898591
-0.01243
0.898641
-0.00121365
0.896895
0.00977023
0.0178036
0.846716
-0.117845
-0.827718
0.86138
-0.100128
0.869723
-0.0758066
0.876743
-0.0597284
0.882068
-0.0446125
0.884937
-0.0287828
0.8856
-0.0130934
0.885108
-0.000721434
0.882568
0.01231
0.0209598
0.838943
-0.129423
-0.827365
0.851075
-0.11226
0.861219
-0.0859512
0.868073
-0.0665825
0.871569
-0.0481084
0.872998
-0.030211
0.872931
-0.0130268
0.87206
0.000149227
0.868719
0.0156515
0.024728
0.83561
-0.851492
-0.113541
0.828813
-0.105463
0.855973
-0.113112
0.863542
-0.0741518
0.862298
-0.0468644
0.86171
-0.0296222
0.861444
-0.012761
0.860432
0.0011607
0.856416
0.0196679
0.0295156
0.109412
0.712109
-0.710602
-0.11092
0.104084
0.718818
-0.713489
0.0959087
0.721203
-0.713028
0.0853397
0.721454
-0.710885
0.0727473
0.721402
-0.708809
0.0582637
0.723864
-0.70938
0.0418382
0.736367
-0.719941
0.0238133
0.777151
-0.759126
0.00718773
0.852521
-0.835896
0.910755
-0.903567
0.112773
0.718616
-0.11928
0.104843
0.726748
0.0952103
0.730836
0.0840475
0.732617
0.0713425
0.734107
0.0569786
0.738228
0.0407749
0.75257
0.0230704
0.794856
0.00692479
0.868667
0.91768
0.106269
0.721437
-0.109089
0.100903
0.732114
0.0929977
0.738741
0.0827112
0.742903
0.0703635
0.746454
0.0561338
0.752458
0.0400336
0.76867
0.0225176
0.812372
0.00670085
0.884484
0.924381
0.115988
0.731897
-0.126448
0.105837
0.742264
0.0950394
0.749539
0.0832979
0.754645
0.07027
0.759482
0.0557477
0.76698
0.0395687
0.78485
0.0221461
0.829794
0.0065716
0.900058
0.930952
0.110006
0.734545
-0.112654
0.103897
0.748373
0.0950866
0.75835
0.0837719
0.765959
0.0705156
0.772739
0.0556706
0.781825
0.0392948
0.801225
0.0218668
0.847222
0.00646876
0.915456
0.937421
0.121587
0.746258
-0.133299
0.110018
0.759943
0.0979042
0.770463
0.0849122
0.778951
0.0708593
0.786791
0.0556268
0.797057
0.0390646
0.817788
0.0216475
0.864639
0.00641022
0.930694
0.943831
0.11709
0.74539
-0.116222
0.110084
0.766949
0.0990669
0.78148
0.0857417
0.792277
0.0711696
0.801363
0.0555285
0.812698
0.0387284
0.834588
0.021305
0.882062
0.00626925
0.945729
0.9501
0.132825
0.759289
-0.146724
0.116268
0.783506
0.100474
0.797274
0.0857806
0.80697
0.070883
0.816261
0.0550128
0.828569
0.0380971
0.851503
0.0208037
0.899356
0.00607468
0.960458
0.956175
0.137358
0.772951
-0.15102
0.116897
0.803967
0.100733
0.813438
0.085895
0.821808
0.0703148
0.831842
0.0539013
0.844982
0.0368947
0.86851
0.0198964
0.916354
0.00568885
0.974666
0.961864
0.137424
-0.215966
0.114026
0.0997456
0.0845014
0.0681774
0.0516282
0.0349626
0.0186366
0.00522651
0.202527
0.595614
-0.615738
-0.182402
0.177842
0.596587
-0.571903
0.148628
0.582186
-0.552971
0.121793
0.567861
-0.541026
0.0978159
0.555478
-0.531501
0.0756263
0.545904
-0.523715
0.0543813
0.545967
-0.524722
0.0334352
0.575756
-0.55481
0.0131205
0.660428
-0.640114
0.806554
-0.793434
0.183533
0.61787
-0.20579
0.164249
0.615872
0.143725
0.60271
0.121964
0.589622
0.0998456
0.577597
0.0777932
0.567957
0.055946
0.567814
0.0341917
0.597511
0.0132741
0.681346
0.819828
0.172206
0.647654
-0.20199
0.154075
0.634003
0.136307
0.620478
0.117624
0.608305
0.097857
0.597363
0.0771651
0.588648
0.0558245
0.589155
0.0340246
0.61931
0.0129761
0.702395
0.832805
0.164775
0.663787
-0.180907
0.148646
0.650132
0.131449
0.637674
0.113532
0.626222
0.0948535
0.616041
0.0752249
0.608277
0.0546177
0.609762
0.0331581
0.64077
0.0123709
0.723182
0.845175
0.156339
0.672993
-0.165545
0.142484
0.663987
0.126597
0.653562
0.109572
0.643247
0.0916984
0.633915
0.0728604
0.627115
0.0529098
0.629712
0.0319025
0.661777
0.0115968
0.743488
0.856772
0.148292
0.681906
-0.157206
0.13589
0.676389
0.121497
0.667955
0.105663
0.659082
0.088667
0.650911
0.0705171
0.645265
0.0511176
0.649112
0.0305512
0.682344
0.010798
0.763241
0.86757
0.138073
0.690567
-0.146734
0.127457
0.687006
0.114891
0.680521
0.100681
0.673291
0.0849997
0.666592
0.0678517
0.662413
0.049176
0.667788
0.0291369
0.702383
0.0100049
0.782373
0.877575
0.132452
0.699344
-0.141229
0.122152
0.697307
0.110118
0.692555
0.0965908
0.686818
0.0816622
0.68152
0.0652617
0.678813
0.0472451
0.685804
0.0277682
0.72186
0.00927971
0.800861
0.886855
0.122187
0.704939
-0.127783
0.11425
0.705243
0.104079
0.702726
0.0919764
0.698921
0.0781617
0.695335
0.0626494
0.694326
0.0453351
0.703118
0.0264388
0.740756
0.00860916
0.818691
0.895464
0.119542
-0.125204
0.111296
0.100994
0.0890293
0.0755551
0.0605005
0.043678
0.0253081
0.00810318
-0.52688
0.203893
-0.29275
-0.509163
0.144464
-0.162182
-0.499079
0.134634
-0.144718
-0.499645
0.0761679
-0.0756019
-0.497237
0.0640888
-0.0664959
-0.499888
0.0252937
-0.0226436
-0.502793
0.00864084
-0.00573508
-0.510307
-0.0203292
0.0278433
-0.519424
-0.037663
0.0467795
-0.0573479
-0.531417
0.0693408
-0.531993
0.163983
-0.514093
0.126564
-0.495785
0.116327
-0.494238
0.0746204
-0.490146
0.0599969
-0.492917
0.0280648
-0.495775
0.0114991
-0.503213
-0.0128914
-0.512036
-0.0288406
-0.0460414
-0.523342
-0.524438
0.13545
-0.510327
0.112452
-0.492479
0.0984781
-0.488425
0.0705666
-0.48352
0.0550916
-0.48563
0.0301755
-0.488417
0.0142858
-0.495521
-0.00578723
-0.504131
-0.020231
-0.035063
-0.515109
-0.517559
0.111982
-0.502776
0.0976697
-0.487678
0.0833806
-0.481382
0.0642702
-0.476015
0.0497244
-0.476775
0.0309356
-0.479159
0.0166703
-0.48557
0.00062308
-0.49381
-0.0119907
-0.0244262
-0.504447
-0.510511
0.0909922
-0.494212
0.0813706
-0.480497
0.0696658
-0.472456
0.0562288
-0.466693
0.0439611
-0.465921
0.0301644
-0.467597
0.0183458
-0.473001
0.00602748
-0.480624
-0.00436749
-0.014334
-0.490717
-0.50383
0.0711078
-0.486896
0.0644362
-0.473289
0.0560589
-0.463866
0.0468061
-0.457461
0.037556
-0.455158
0.0278615
-0.455759
0.0189466
-0.459788
0.0100566
-0.466324
0.00216843
-0.00527917
-0.475379
-0.505368
0.0517538
-0.488363
0.047431
-0.474393
0.0420894
-0.463785
0.0361976
-0.456306
0.0300776
-0.452281
0.0238364
-0.451217
0.0178829
-0.45324
0.0120789
-0.457837
0.00676593
0.00178866
-0.464905
-0.535517
0.0324604
-0.518207
0.0301216
-0.503403
0.0272855
-0.491328
0.0241222
-0.482045
0.0207941
-0.47563
0.0174217
-0.471898
0.0141515
-0.47082
0.0110001
-0.472123
0.00806941
0.00533729
-0.475672
-0.620948
0.0132951
-0.603338
0.0125115
-0.587622
0.011569
-0.574012
0.0105125
-0.562589
0.0093714
-0.553381
0.00821309
-0.546305
0.00707606
-0.541296
0.00599109
-0.538199
0.00497198
0.00399027
-0.536852
-0.780139
-0.767627
-0.756058
-0.745546
-0.736174
-0.727961
-0.720885
-0.714894
-0.709922
-0.705932
-0.543647
-0.0699701
0.0822001
-0.55645
-0.0821903
0.0949931
-0.569532
-0.0912539
0.104337
-0.583012
-0.0985868
0.112066
-0.597113
-0.103185
0.117287
-0.612346
-0.104455
0.119687
-0.625612
-0.103437
0.116703
-0.628505
-0.100778
0.103671
-0.638793
-0.0929008
0.103189
-0.0803077
-0.664537
0.106052
-0.535256
-0.0580564
-0.548005
-0.0694413
-0.561149
-0.0781094
-0.574692
-0.0850437
-0.588427
-0.0894505
-0.60162
-0.0912616
-0.613332
-0.0917256
-0.623271
-0.0908381
-0.63188
-0.0842918
-0.0759853
-0.636203
-0.527046
-0.0461195
-0.540041
-0.056446
-0.553641
-0.0645102
-0.567698
-0.0709866
-0.58176
-0.0753882
-0.595036
-0.0779853
-0.607463
-0.0792986
-0.619502
-0.078799
-0.628372
-0.0754224
-0.0735906
-0.630767
-0.516379
-0.0341869
-0.529591
-0.0432339
-0.543607
-0.0504951
-0.558169
-0.0564239
-0.572778
-0.0607798
-0.586932
-0.0638306
-0.600643
-0.0655879
-0.613643
-0.0657991
-0.623795
-0.0652704
-0.0671546
-0.630231
-0.502439
-0.0224646
-0.515664
-0.0300084
-0.52991
-0.0362497
-0.544864
-0.0414701
-0.56008
-0.0455633
-0.575243
-0.0486677
-0.590147
-0.0506839
-0.604174
-0.0517721
-0.616355
-0.0530891
-0.0563855
-0.627124
-0.48635
-0.0114931
-0.499034
-0.0173244
-0.512988
-0.0222961
-0.527899
-0.0265588
-0.543398
-0.030064
-0.559209
-0.0328575
-0.574975
-0.0349173
-0.590161
-0.0365865
-0.604511
-0.0387388
-0.0422237
-0.618673
-0.474056
-0.00234191
-0.485056
-0.00632461
-0.497556
-0.00979609
-0.511292
-0.0128234
-0.52597
-0.0153858
-0.541324
-0.0175032
-0.557007
-0.0192342
-0.572693
-0.0209002
-0.588403
-0.0230291
-0.0260124
-0.604614
-0.481266
0.00325293
-0.488665
0.00107363
-0.49765
-0.000810786
-0.508037
-0.0024367
-0.519618
-0.0038048
-0.532184
-0.00493676
-0.545501
-0.00591763
-0.559436
-0.00696526
-0.574089
-0.00837534
-0.0103375
-0.589764
-0.537099
0.00350054
-0.538805
0.00277875
-0.541815
0.00220009
-0.546019
0.00176685
-0.551271
0.00144741
-0.557451
0.00124352
-0.564466
0.0010969
-0.572344
0.000912345
-0.581262
0.000542703
-0.000154926
-0.591444
-0.702431
-0.699653
-0.697452
-0.695686
-0.694238
-0.692995
-0.691898
-0.690985
-0.690443
-0.690598
0.000464694
-0.691062
0.0121717
-0.603151
0.0292613
-0.606854
0.0465382
-0.621891
0.0615735
-0.633708
0.073391
-0.638942
0.0816909
-0.638531
0.086111
-0.635187
0.0816497
-0.631741
-0.625686
0.0427988
0.00164655
-0.692709
0.0151695
-0.616674
0.0337908
-0.625475
0.0523645
-0.640465
0.0687249
-0.650069
0.0824707
-0.652688
0.0941741
-0.650234
0.104211
-0.645224
0.110715
-0.638245
-0.629485
0.114514
0.00305198
-0.695761
0.018545
-0.632167
0.0388154
-0.645746
0.0588445
-0.660494
0.0767824
-0.668007
0.0923533
-0.668259
0.105574
-0.663455
0.115987
-0.655637
0.123917
-0.646175
-0.63792
0.132352
0.00460139
-0.700362
0.0221196
-0.649685
0.0439902
-0.667616
0.0653851
-0.681889
0.0847257
-0.687347
0.101984
-0.685517
0.117825
-0.679295
0.133544
-0.671356
0.150937
-0.663568
-0.658049
0.171065
0.00628293
-0.706645
0.025718
-0.669121
0.0490052
-0.690903
0.0715297
-0.704414
0.0919548
-0.707772
0.110384
-0.703946
0.127429
-0.696341
0.14372
-0.687648
0.159602
-0.679449
-0.673054
0.174607
0.0079895
-0.714635
0.029133
-0.690264
0.0535401
-0.71531
0.0768792
-0.727753
0.0981164
-0.729009
0.117596
-0.723426
0.136136
-0.714881
0.154572
-0.706083
0.173411
-0.698288
-0.692561
0.192918
0.0096457
-0.72428
0.0321759
-0.712794
0.057324
-0.740459
0.0810931
-0.751522
0.102739
-0.750655
0.122723
-0.74341
0.14175
-0.733907
0.160241
-0.724575
0.178172
-0.716219
-0.709645
0.195256
0.0111517
-0.735432
0.0346794
-0.736322
0.060141
-0.76592
0.0839247
-0.775305
0.105606
-0.772337
0.125838
-0.763641
0.145433
-0.753502
0.164961
-0.744103
0.184682
-0.73594
-0.730173
0.20521
0.0124443
-0.747876
0.0365189
-0.760397
0.0618301
-0.791231
0.085179
-0.798654
0.106431
-0.793589
0.126355
-0.783565
0.145749
-0.772896
0.165061
-0.763415
0.184461
-0.75534
-0.749952
0.20424
0.0134815
0.0375912
0.0622949
0.084801
0.105242
0.124507
0.143423
0.162506
0.182176
0.203358
0.112641
-3.90711
3.98712
0.0728538
-3.58752
3.6273
0.0659627
-3.0443
3.0512
0.048971
-2.65816
2.67515
0.0335641
-2.32096
2.33637
0.0331952
-1.82444
1.82481
0.0289915
-1.30747
1.31167
0.0260647
-0.900407
0.903334
0.0239086
-0.588148
0.590304
0.0213079
-0.346951
0.349552
0.0183267
-0.177003
0.179984
0.0161312
-0.0833021
0.0854976
0.0150082
-0.043315
0.044438
0.0144607
-0.0308882
0.0314357
0.0139877
-0.0295264
0.0299994
0.0132958
-0.0285871
0.0292791
0.0122557
-0.0210614
0.0221015
0.0102699
-0.00419077
0.00617659
0.00459671
0.0807983
-0.0751251
0.119855
-0.115628
0.0984504
-3.82457
0.0447845
-3.53385
0.032002
-3.03152
0.0217044
-2.64786
0.0127004
-2.31196
0.0164372
-1.82818
0.0180067
-1.30903
0.0185553
-0.900956
0.0187445
-0.588337
0.0177126
-0.345919
0.0156559
-0.174946
0.0139032
-0.0815493
0.0129587
-0.0423704
0.012444
-0.0303735
0.0119419
-0.0290243
0.0112058
-0.027851
0.0101706
-0.0200262
0.00815002
-0.00217017
0.00305261
0.0858957
0.123599
0.0759592
-3.73535
0.0163807
-3.47427
-0.00075801
-3.01438
-0.00533806
-2.64328
-0.00710139
-2.3102
0.000769972
-1.83605
0.00729164
-1.31556
0.0112018
-0.904866
0.0136808
-0.590816
0.0142225
-0.346461
0.0130953
-0.173819
0.0117694
-0.0802235
0.0109881
-0.0415891
0.0105018
-0.0298871
0.00997658
-0.0284991
0.0092089
-0.0270833
0.00819429
-0.0190115
0.00616327
-0.000139151
0.00157919
0.0904798
0.126754
0.0579746
-3.64434
-0.00170188
-3.41459
-0.0220938
-2.99399
-0.0261653
-2.63921
-0.0240988
-2.31226
-0.0136848
-1.84646
-0.00323945
-1.326
0.00393354
-0.912039
0.00870298
-0.595585
0.0108396
-0.348597
0.0106537
-0.173633
0.00974204
-0.0793119
0.00910969
-0.0409567
0.00864782
-0.0294252
0.00810496
-0.0279562
0.0073165
-0.0262948
0.00633489
-0.0180299
0.00431338
0.00188236
0.000253098
0.0945401
0.129325
0.0420857
-3.55628
-0.0082876
-3.36422
-0.0346604
-2.96762
-0.043826
-2.63004
-0.0414785
-2.31461
-0.028951
-1.85899
-0.0142385
-1.34071
-0.00340449
-0.922873
0.00378569
-0.602776
0.00756175
-0.352374
0.00833677
-0.174408
0.00783102
-0.0788061
0.00733498
-0.0404607
0.00689434
-0.0289846
0.00633862
-0.0274005
0.00553815
-0.0254944
0.00459864
-0.0170904
0.00260212
0.00387888
-0.000938625
0.0980808
0.13133
0.0351559
-3.48185
-0.0185489
-3.31052
-0.0570653
-2.9291
-0.0718753
-2.61523
-0.0680751
-2.31841
-0.049127
-1.87794
-0.026848
-1.36299
-0.0110297
-0.938691
-0.00110656
-0.612699
0.00438075
-0.357861
0.0061463
-0.176173
0.0060442
-0.078704
0.00567406
-0.0400905
0.00525198
-0.0285625
0.00468727
-0.0268358
0.00388147
-0.0246886
0.00298999
-0.0161989
0.00102946
0.00583941
-0.00200743
0.101118
0.132791
-0.012421
-3.38601
-0.0910522
-3.23189
-0.125129
-2.89503
-0.128629
-2.61173
-0.110694
-2.33635
-0.0758902
-1.91274
-0.0413583
-1.39753
-0.0189961
-0.961053
-0.00599883
-0.625696
0.00127879
-0.365138
0.00407628
-0.178971
0.0043852
-0.0790129
0.00413445
-0.0398398
0.00372916
-0.0281572
0.00315846
-0.0262651
0.00235192
-0.023882
0.00151147
-0.0153585
-0.000406208
0.00775709
-0.00296389
0.103675
0.133741
-0.130951
-3.2059
-0.20588
-3.15696
-0.212371
-2.88853
-0.1937
-2.6304
-0.153953
-2.37609
-0.101149
-1.96555
-0.0551188
-1.44356
-0.0267628
-0.989409
-0.0108113
-0.641648
-0.00174601
-0.374204
0.00211782
-0.182835
0.00285363
-0.0797487
0.00272071
-0.0397069
0.00233181
-0.0277683
0.00175735
-0.0256906
0.000952791
-0.0230775
0.000163659
-0.0145694
-0.00170799
0.00962873
-0.00381787
0.105785
0.134213
-0.145964
-3.03622
-0.19937
-3.10355
-0.212983
-2.87492
-0.197791
-2.6456
-0.158621
-2.41526
-0.107993
-2.01617
-0.062922
-1.48863
-0.0330957
-1.01924
-0.0152164
-0.659527
-0.00458832
-0.384832
0.000304357
-0.187727
0.00146436
-0.0809087
0.00144196
-0.0396845
0.00106626
-0.0273926
0.000488159
-0.0251125
-0.000313909
-0.0222754
-0.00105398
-0.0138293
-0.0028798
0.0114546
-0.00457823
0.107484
0.134242
0.427065
-3.4337
0.239613
-2.9161
0.086775
-2.72208
0.00908267
-2.5679
-0.0449153
-2.36127
-0.0702463
-1.99084
-0.0593693
-1.4995
-0.0368427
-1.04176
-0.0187243
-0.677645
-0.00702801
-0.396528
-0.00126555
-0.19349
0.000262635
-0.0824369
0.000315697
-0.0397375
-6.05588e-05
-0.0270164
-0.000646792
-0.0245263
-0.00144617
-0.021476
-0.00214395
-0.0131315
-0.00391427
0.0132249
-0.00524432
0.108814
0.133877
0.902334
-2.69627
-1.63976
0.692022
-2.70579
0.889912
-2.91997
0.719101
-2.39709
0.48964
-2.1318
0.287983
-1.78919
0.156465
-1.36799
0.0897922
-0.97509
0.0515705
-0.639424
0.0268474
-0.371805
0.0125774
-0.17922
0.00478007
-0.0746395
0.00114685
-0.0361043
-0.0008613
-0.0250082
-0.00267964
-0.0227079
-0.00479163
-0.019364
-0.00680506
-0.0111181
-0.0108067
0.0172265
-0.0121364
0.110144
0.131076
1.41201
-2.28607
-1.82221
1.16798
-2.46176
0.759725
-2.51172
0.602313
-2.23968
0.432095
-1.96159
0.276849
-1.63394
0.164469
-1.25561
0.0980284
-0.908649
0.0571585
-0.598554
0.0284043
-0.343051
0.0112338
-0.162049
0.00198014
-0.0653859
-0.00246727
-0.0316569
-0.00499252
-0.022483
-0.00725771
-0.0204428
-0.00974289
-0.0168788
-0.0120449
-0.0088161
-0.0162821
0.0214638
-0.0163224
0.110184
0.126346
1.69485
-1.80723
-2.17369
1.24245
-2.00936
0.884468
-2.15374
0.734013
-2.08923
0.564606
-1.79218
0.364732
-1.43407
0.206965
-1.09784
0.116311
-0.817995
0.0643474
-0.546591
0.0285153
-0.307218
0.00763691
-0.141171
-0.00276728
-0.0549817
-0.00778821
-0.0266359
-0.0107829
-0.0194883
-0.0134997
-0.017726
-0.0163312
-0.0140473
-0.0188748
-0.00627249
-0.0231638
0.0257527
-0.0213765
0.108397
0.119185
1.79616
-1.31222
-2.29117
1.44631
-1.6595
1.09388
-1.80131
0.7765
-1.77185
0.571604
-1.58728
0.372182
-1.23464
0.218231
-0.943888
0.124676
-0.724439
0.0668642
-0.488779
0.0255214
-0.265876
0.00109834
-0.116748
-0.0100533
-0.0438301
-0.0152959
-0.0213933
-0.0186254
-0.0161588
-0.0217301
-0.0146213
-0.0248061
-0.0109713
-0.0275077
-0.00357093
-0.031444
0.0296891
-0.0272309
0.104183
0.109206
1.95335
-1.01792
-2.24765
1.55456
-1.26071
1.12603
-1.37279
0.886011
-1.53183
0.690857
-1.39213
0.457522
-1.00131
0.26961
-0.755976
0.147056
-0.601884
0.0680305
-0.409754
0.017761
-0.215606
-0.00945681
-0.0895303
-0.0205133
-0.0327735
-0.0254652
-0.0164414
-0.0288952
-0.0127288
-0.0322277
-0.0112888
-0.0353626
-0.0078364
-0.0380623
-0.000871157
-0.0410414
0.0326681
-0.0337792
0.0969213
0.0962038
2.02407
-0.761027
-2.28097
1.61441
-0.851042
1.35799
-1.11637
1.05587
-1.22971
0.612326
-0.948585
0.344019
-0.733001
0.238962
-0.650919
0.146271
-0.509194
0.0562859
-0.319769
0.000467112
-0.159787
-0.0255733
-0.0634898
-0.03469
-0.0236569
-0.0386627
-0.0124687
-0.0418665
-0.00952499
-0.0451612
-0.00799403
-0.0480912
-0.00490644
-0.0505238
0.0015615
-0.0517366
0.0338809
-0.0408417
0.0860263
0.0802547
1.9234
-0.497774
-2.18665
1.65105
-0.578692
1.30781
-0.773126
0.820665
-0.742569
0.510723
-0.638643
0.447217
-0.669495
0.356778
-0.560479
0.177773
-0.330189
0.0330788
-0.175075
-0.0289132
-0.0977953
-0.0477501
-0.0446529
-0.0525099
-0.0188971
-0.0549213
-0.0100573
-0.0575943
-0.00685196
-0.0605247
-0.00506366
-0.0629456
-0.00248551
-0.0647154
0.00333131
-0.0631932
0.0323587
-0.0482036
0.0710367
0.0617776
1.74481
-0.297867
-1.94472
1.52359
-0.35747
1.17061
-0.42015
0.893051
-0.465006
0.793503
-0.539095
0.533515
-0.409507
0.197927
-0.224892
0.0030611
-0.135322
-0.0638115
-0.108203
-0.0721056
-0.0895012
-0.0719348
-0.0448236
-0.0722256
-0.0186063
-0.0736387
-0.00864422
-0.0757894
-0.00470118
-0.07809
-0.00276306
-0.0797296
-0.000845947
-0.0803199
0.00392168
-0.0750417
0.0270804
-0.0557047
0.0516997
0.0414809
1.45989
-0.141417
-1.61634
1.25217
-0.149746
1.01392
-0.181907
0.775446
-0.226527
0.452004
-0.215652
0.100905
-0.0584083
-0.0861107
-0.0378761
-0.0736774
-0.147756
-0.0655829
-0.116297
-0.0792825
-0.0758017
-0.0871975
-0.0369086
-0.0910553
-0.0147486
-0.0936929
-0.00600654
-0.0957815
-0.00261258
-0.097389
-0.00115555
-0.098117
-0.000117993
-0.0969875
0.00279221
-0.0870716
0.0171645
-0.0633676
0.0279957
0.0201392
1.15381
-1.29522
1.00406
0.822153
0.595626
0.379974
0.321566
0.283689
0.135934
0.0196368
-0.0561649
-0.0930735
-0.107822
-0.113829
-0.116441
-0.117597
-0.117715
-0.114922
-0.097758
-0.0697623
1.92336
0.0100439
-1.88507
1.95383
0.0155849
1.96883
0.0452952
1.97969
0.033433
1.97347
0.0692652
1.96004
0.0491313
1.91879
0.104071
1.85967
0.0633042
1.75397
0.107157
-0.0141481
2.07356
-0.0204391
-2.04308
2.0908
-0.00164735
2.10307
0.033021
2.09745
0.0390527
2.08634
0.0803734
2.04771
0.0877654
2.00965
0.142129
1.9482
0.124755
1.915
0.140361
0.0786364
2.2091
-0.0276239
-2.20192
2.21222
-0.00476694
2.2142
0.0310472
2.20642
0.0468295
2.20126
0.0855357
2.19327
0.0957539
2.20365
0.131754
2.21009
0.118314
2.226
0.124449
0.13094
2.1234
-0.0235955
-2.12743
2.12351
-0.0048836
2.13484
0.0197164
2.14993
0.0317426
2.18189
0.0535749
2.21772
0.0599225
2.26409
0.085389
2.28572
0.0966865
2.28592
0.124249
0.12569
2.08903
-0.0266687
-2.08596
2.09911
-0.0149556
2.12108
-0.00225893
2.14519
0.0076323
2.17337
0.0254002
2.18921
0.0440768
2.20132
0.0732858
2.20677
0.091234
2.22713
0.10389
0.10517
2.13124
-0.033025
-2.12488
2.13948
-0.0231957
2.14836
-0.0111383
2.15271
0.00328381
2.15653
0.0215756
2.16253
0.0380746
2.1831
0.0527172
2.21461
0.0597255
2.25195
0.0665471
0.0761548
1.99219
-0.0307412
-1.99447
1.99102
-0.0220305
1.99252
-0.0126366
1.99949
-0.00368223
2.01641
0.00465628
2.04355
0.0109287
2.07879
0.0174824
2.11481
0.0237029
2.14863
0.0327283
0.0381344
1.81462
-0.0256823
-1.81968
1.81375
-0.0211638
1.81791
-0.0167921
1.82695
-0.0127304
1.84019
-0.0085834
1.85556
-0.00443382
1.87268
0.000359445
1.8919
0.004482
1.91581
0.00882146
0.00922114
1.58945
-0.0149066
-1.60023
1.58126
-0.0129766
1.57558
-0.0111066
1.5722
-0.00935229
1.57138
-0.00776542
1.5734
-0.00645253
1.57921
-0.00544877
1.58856
-0.00487307
1.60183
-0.00444844
-0.00528886
1.36294
-1.37784
1.34996
1.33885
1.3295
1.32173
1.31528
1.30983
1.30496
1.30051
1.48462
0.52421
-2.12237
1.55866
-0.179501
1.66103
-0.215482
1.68353
-0.0966535
1.69762
-0.0609535
1.72642
-0.058426
1.76182
-0.048162
1.80001
-0.0370277
1.8401
-0.0204197
-0.0154569
1.74233
0.339712
-1.55783
1.79658
-0.233752
1.82763
-0.246529
1.86944
-0.138466
1.88672
-0.0782341
1.90877
-0.0804794
1.94051
-0.0799037
1.97513
-0.0716428
2.01111
-0.0563963
-0.0474325
2.00771
0.34037
-2.00837
2.09615
-0.322193
2.11477
-0.265154
2.12203
-0.145719
2.13252
-0.0887294
2.14308
-0.091039
2.15786
-0.0946809
2.17548
-0.0892615
2.19152
-0.0724422
-0.0578287
2.17057
0.326875
-2.15707
2.17251
-0.324133
2.16956
-0.262208
2.15916
-0.135319
2.15183
-0.0813916
2.14672
-0.0859352
2.14429
-0.0922457
2.14125
-0.0862214
2.13643
-0.0676208
-0.0488282
2.25822
0.319171
-2.25051
2.20059
-0.266511
2.16419
-0.225807
2.15493
-0.126052
2.14361
-0.070075
2.12702
-0.0693454
2.11253
-0.0777578
2.10045
-0.074139
2.09199
-0.0591578
-0.0428025
2.33068
0.268398
-2.27991
2.25659
-0.192427
2.19993
-0.169145
2.17926
-0.105381
2.17226
-0.0630735
2.15882
-0.0559034
2.14209
-0.0610293
2.12935
-0.0614042
2.12411
-0.0539168
-0.043572
2.20087
0.183268
-2.11574
2.12756
-0.119118
2.06733
-0.108917
2.04105
-0.0791017
2.03571
-0.0577325
2.03013
-0.0503239
2.01919
-0.0500892
2.0074
-0.0496145
1.99912
-0.045631
-0.0389281
1.99242
0.111281
-1.92044
1.94215
-0.0688419
1.90034
-0.067114
1.87879
-0.0575454
1.86962
-0.0485611
1.86223
-0.0429416
1.852
-0.0398592
1.83978
-0.0373935
1.82839
-0.0342374
-0.0302144
1.7909
0.0491691
-1.72879
1.75622
-0.0341623
1.7239
-0.0347857
1.69906
-0.0327066
1.67974
-0.0292442
1.66259
-0.0257933
1.64571
-0.0229742
1.62905
-0.0207354
1.61358
-0.0187731
-0.0168561
1.61387
-1.5647
1.57971
1.54492
1.51222
1.48297
1.45718
1.43421
1.41347
1.3947
0.133863
0.11118
-0.115882
0.176131
0.336405
-0.378673
0.25795
0.709581
-0.7914
0.339985
1.09869
-1.18073
0.428357
1.40997
-1.49834
0.541042
1.73248
-1.84516
0.717447
2.08014
-2.25654
0.916837
2.46675
-2.66614
1.23289
2.512
-2.82805
2.26407
-3.15355
0.158668
0.105962
0.197859
0.297214
0.2935
0.61394
0.397687
0.994506
0.512282
1.29538
0.641131
1.60363
0.855023
1.86624
1.09539
2.22638
1.35201
2.25539
2.05824
0.188871
0.0969839
0.222095
0.26399
0.33322
0.502815
0.46098
0.866746
0.611613
1.14474
0.782112
1.43313
1.02133
1.62702
1.28736
1.96035
1.46529
2.07746
1.51516
0.222667
0.0817505
0.250986
0.235671
0.363335
0.390466
0.52351
0.706571
0.720869
0.947383
0.906667
1.24733
1.15734
1.37635
1.54518
1.57252
1.6154
2.00723
0.97349
0.258136
0.0604275
0.287061
0.206747
0.390569
0.286958
0.545468
0.551673
0.783012
0.70984
1.08402
0.946325
1.18746
1.27291
1.74701
1.01297
1.94021
1.81403
0.663191
0.29413
0.0381352
0.339377
0.1615
0.40523
0.221104
0.595599
0.361303
0.683508
0.621931
1.20641
0.423423
1.15295
1.32637
1.6302
0.535709
2.11067
1.33356
0.493955
0.333577
0.031007
0.40823
0.086847
0.35602
0.273314
0.584831
0.132492
0.458238
0.748524
0.89547
-0.0138094
1.30698
0.914864
1.56752
0.275173
2.32135
0.579727
0.699568
0.400722
0.0546482
0.48146
0.00610849
0.452486
0.302289
0.673644
-0.0886664
0.980124
0.442045
1.02385
-0.0575366
1.54859
0.390126
1.58813
0.23563
1.81153
0.356324
0.590666
0.520031
0.0481324
0.573971
-0.0478313
0.767559
0.108701
0.770926
-0.0920333
1.07836
0.134612
1.00267
0.0181497
1.24684
0.145954
1.32735
0.155123
1.52123
0.162445
0.383105
0.596479
0.548648
0.657349
0.565315
0.699928
0.718077
0.864032
1.01915
1.1816
0.0769359
0.148044
-0.158041
0.101425
0.520401
-0.54489
0.120003
0.906705
-0.925283
0.132633
1.19738
-1.21001
0.147648
1.46862
-1.48363
0.162122
1.82329
-1.83776
0.170099
2.21648
-2.22445
0.180214
2.56793
-2.57804
0.17805
2.98468
-2.98251
3.49891
-3.43178
0.0754217
0.139243
0.098912
0.496911
0.116874
0.888743
0.127376
1.18688
0.139643
1.45635
0.151559
1.81137
0.154867
2.21317
0.159494
2.5633
0.168742
2.97543
3.54837
0.0740599
0.13174
0.0961342
0.474837
0.113316
0.87156
0.121512
1.17868
0.130409
1.44746
0.140118
1.80166
0.137398
2.21589
0.136329
2.56437
0.136109
2.97565
3.57539
0.0728862
0.125587
0.0931882
0.454535
0.109415
0.855333
0.11537
1.17273
0.120348
1.44248
0.128925
1.79308
0.123532
2.22128
0.117981
2.56992
0.142802
2.95083
3.59174
0.0719114
0.120796
0.0901718
0.436274
0.105204
0.840301
0.109009
1.16892
0.108789
1.4427
0.114592
1.78728
0.105191
2.23068
0.0903417
2.58477
0.10274
2.93843
3.58183
0.0711241
0.117345
0.0871748
0.420224
0.10073
0.826746
0.102856
1.1668
0.097776
1.44778
0.100301
1.78475
0.0938396
2.23714
0.0707181
2.60789
0.110105
2.89904
3.55863
0.0704998
0.115193
0.0842638
0.40646
0.0959867
0.815023
0.096174
1.16661
0.0860314
1.45792
0.0804124
1.79037
0.0747131
2.24284
0.0410444
2.64156
0.040116
2.89997
3.48253
0.07001
0.114279
0.0815022
0.394967
0.0913111
0.805214
0.0897959
1.16812
0.077603
1.47011
0.0644907
1.80349
0.065534
2.2418
0.0394093
2.66769
0.0589448
2.88044
3.39475
0.0696364
0.114527
0.0788086
0.385795
0.0864561
0.797567
0.0817271
1.17285
0.0673264
1.48451
0.0455348
1.82528
0.0428053
2.24453
0.0285118
2.68198
-0.00111943
2.91007
3.24261
0.0693574
0.0764792
0.0826458
0.0747705
0.0609401
0.0410534
0.0290425
0.044884
0.126905
0.0819063
0.263711
-0.270506
0.0930763
0.748296
-0.759467
0.102014
1.10523
-1.11416
0.103487
1.40181
-1.40329
0.0959274
1.72416
-1.7166
0.0745995
2.08543
-2.0641
0.0124622
2.42771
-2.36557
-0.0734492
2.69927
-2.61335
-0.202651
2.90664
-2.77744
2.82269
-3.20775
0.084412
0.254411
0.101524
0.731184
0.120915
1.08584
0.148333
1.37439
0.18555
1.68695
0.223812
2.04717
0.25961
2.39191
0.288103
2.67077
0.304712
2.89003
2.92162
0.0854385
0.243702
0.104905
0.711717
0.126631
1.06411
0.156063
1.34496
0.195809
1.6472
0.24101
2.00197
0.286836
2.34609
0.322605
2.635
0.315439
2.8972
3.03506
0.0857907
0.231853
0.107102
0.690405
0.128861
1.04235
0.155624
1.3182
0.188874
1.61395
0.222752
1.96809
0.249326
2.31951
0.257034
2.62729
0.232645
2.92159
3.0868
0.0854562
0.219262
0.108062
0.667799
0.128738
1.02168
0.151435
1.2955
0.177745
1.58764
0.200938
1.9449
0.212316
2.30813
0.209936
2.62967
0.19808
2.93345
3.11934
0.0845666
0.206347
0.108117
0.644249
0.127816
1.00198
0.147502
1.27581
0.170332
1.56481
0.191231
1.924
0.204244
2.29512
0.209657
2.62426
0.204053
2.93905
3.16618
0.0832978
0.19348
0.107599
0.619948
0.12687
0.982706
0.144962
1.25772
0.166923
1.54285
0.189743
1.90118
0.208367
2.2765
0.219239
2.61339
0.204886
2.9534
3.22433
0.0818034
0.180972
0.106669
0.595082
0.125886
0.96349
0.143022
1.24059
0.164495
1.52138
0.18815
1.87752
0.208677
2.25597
0.219571
2.60249
0.204846
2.96813
3.28795
0.0801941
0.169083
0.105342
0.569934
0.124542
0.94429
0.140588
1.22454
0.160604
1.50136
0.182222
1.85591
0.199921
2.23827
0.211922
2.59049
0.19739
2.98266
3.35756
0.0785494
0.103593
0.1226
0.137133
0.15486
0.173006
0.186825
0.199275
0.199424
0.414586
0.0797624
0.198403
0.216183
-0.11536
0.313763
-0.442568
0.327207
-0.684704
0.242137
-0.730957
0.0462529
-0.704841
-0.0261161
-0.753567
0.0487257
-0.792085
0.0385187
0.0730511
-0.865137
0.408201
0.104896
0.37161
0.252774
0.384223
0.30115
0.42146
0.28997
0.344871
0.318726
0.0824811
0.308643
-0.281715
0.33808
-0.605236
0.372246
-0.889201
0.322484
0.293839
-1.10999
0.348404
0.127577
0.274445
0.326733
0.127554
0.448042
-0.141171
0.558695
-0.532445
0.71
-0.750927
0.527125
-0.810836
0.397989
-1.14152
0.702926
-1.52106
0.702026
0.602783
-1.83
0.28185
0.162435
0.184164
0.424419
0.0474263
0.58478
-0.0506958
0.656817
-0.0348458
0.69415
-0.207659
0.699938
-0.845052
1.03538
-1.50519
1.36306
-1.87545
1.07229
0.940951
-2.21362
0.240094
0.195548
0.157506
0.507007
0.0497985
0.692487
-0.0871456
0.793761
-0.33459
0.941594
-0.834043
1.19939
-1.26915
1.47049
-1.47529
1.5692
-1.79856
1.39556
1.29052
-2.14813
0.209451
0.222965
0.132467
0.583991
0.0124183
0.812536
-0.152833
0.959013
-0.359149
1.14791
-0.600247
1.44049
-0.85261
1.72286
-1.18543
1.90202
-1.62737
1.8375
1.63714
-1.97399
0.185344
0.243564
0.122105
0.64723
0.0221102
0.912531
-0.106638
1.08776
-0.273378
1.31465
-0.527087
1.6942
-0.838422
2.03419
-1.1248
2.18839
-1.43153
2.14424
1.98384
-1.77824
0.164456
0.258137
0.11456
0.697125
0.0281328
0.998959
-0.0927842
1.20868
-0.241243
1.46311
-0.386343
1.8393
-0.599652
2.2475
-0.810252
2.39899
-1.11148
2.44546
2.34266
-1.4703
0.146933
0.266457
0.112304
0.731755
0.0503532
1.06091
-0.0367215
1.29575
-0.144716
1.5711
-0.23856
1.93314
-0.538455
2.5474
-0.679986
2.54052
-0.872565
2.63804
2.62899
-1.15889
0.130245
0.102534
0.0492788
-0.0582534
-0.203755
-0.334718
-0.152895
-0.225724
-0.365123
-0.943875
-0.869845
0.00470829
-0.873845
0.00400073
-0.877666
0.00382018
-0.881403
0.00373763
-0.885165
0.00376194
-0.889047
0.00388133
-0.893128
0.00408111
-0.897462
0.00433386
-0.902063
0.0046012
0.00482611
-0.906889
-1.11036
0.00507764
-1.10778
0.00141899
-1.10577
0.0018137
-1.10397
0.0019402
-1.10294
0.00272546
-1.10239
0.00333768
-1.10245
0.00414015
-1.10294
0.00482288
-1.10386
0.0055184
0.00605956
-1.10509
-1.80501
-0.0199142
-1.78224
-0.0213526
-1.76383
-0.016591
-1.74753
-0.014359
-1.7349
-0.00991315
-1.72432
-0.00723998
-1.71685
-0.00333133
-1.71171
-0.000316754
-1.70913
0.00293837
0.00537242
-1.70844
-2.19474
-0.0387983
-2.17811
-0.0379754
-2.16156
-0.0331464
-2.14315
-0.0327651
-2.12797
-0.0251001
-2.11497
-0.0202329
-2.10586
-0.0124473
-2.09858
-0.00759726
-2.093
-0.00263998
0.000523931
-2.08815
-2.14904
-0.0378878
-2.13809
-0.0489232
-2.12577
-0.0454631
-2.11309
-0.0454493
-2.10472
-0.0334695
-2.09679
-0.0281672
-2.08914
-0.0200978
-2.07963
-0.0171069
-2.06978
-0.012481
-0.00921024
-2.06005
-1.99039
-0.0214868
-1.99809
-0.0412248
-2.00645
-0.0370943
-2.00824
-0.0436671
-2.00947
-0.0322411
-2.00381
-0.0338221
-1.99616
-0.0277488
-1.98478
-0.0284881
-1.9741
-0.0231589
-0.0196011
-1.96371
-1.82832
0.0285924
-1.85953
-0.0100111
-1.88482
-0.0118056
-1.89258
-0.0359035
-1.89996
-0.0248639
-1.9
-0.0337853
-1.9004
-0.027344
-1.89545
-0.0334366
-1.88961
-0.0289995
-0.0284053
-1.88081
-1.54558
0.10387
-1.58167
0.0260749
-1.61617
0.0226987
-1.64185
-0.0102236
-1.66615
-0.000564799
-1.68367
-0.0162658
-1.69549
-0.0155201
-1.6987
-0.0302294
-1.69502
-0.0326846
-0.0391234
-1.6843
-1.24734
0.192312
-1.30293
0.0816697
-1.36808
0.0878439
-1.41345
0.0351513
-1.45359
0.0395718
-1.47647
0.0066198
-1.49089
-0.00110085
-1.49325
-0.0278717
-1.48726
-0.038673
-0.0548642
-1.47152
-1.04431
-1.12482
-1.1817
-1.22215
-1.24907
-1.2651
-1.27193
-1.27196
-1.26385
-1.24938
-0.911845
0.00495639
-0.916799
0.00495341
-0.921703
0.00490446
-0.926746
0.00504296
-0.932393
0.0056471
-0.9391
0.00670685
-0.946681
0.00758145
-0.95379
0.00710875
-0.95835
0.00456039
-0.0151685
-0.943182
-1.10658
0.00644229
-1.10798
0.00635576
-1.10862
0.00554254
-1.10762
0.00404487
-1.10484
0.0028712
-1.10184
0.00370729
-1.10156
0.00730106
-1.10558
0.0111295
-1.10941
0.00838391
-0.0830905
-1.04149
-1.70972
0.00771786
-1.71241
0.00904569
-1.71533
0.00846905
-1.71584
0.00455393
-1.71222
-0.000752983
-1.70782
-0.000691096
-1.71332
0.0128029
-1.73758
0.0353851
-1.76876
0.0395713
-0.203079
-1.64877
-2.08466
0.00423137
-2.08286
0.00724033
-2.083
0.00861383
-2.08296
0.00450709
-2.07916
-0.00455381
-2.07212
-0.00772401
-2.07397
0.0146548
-2.09818
0.0595884
-2.13123
0.0726188
-0.305546
-2.02876
-2.05125
-0.00456751
-2.04317
-0.000836907
-2.03617
0.00160586
-2.02923
-0.0024335
-2.01871
-0.0150744
-2.00235
-0.0240804
-1.98995
0.00225858
-1.99794
0.0675734
-2.01604
0.090719
-0.336272
-1.98531
-1.95387
-0.0144099
-1.94184
-0.0128669
-1.92798
-0.0122556
-1.91303
-0.0173761
-1.8953
-0.0328046
-1.87151
-0.0478705
-1.84782
-0.0214307
-1.83662
0.0563686
-1.83289
0.0869877
-0.366453
-1.80271
-1.86955
-0.0256708
-1.8525
-0.0299144
-1.83158
-0.0331782
-1.80974
-0.0392098
-1.78944
-0.0531053
-1.76626
-0.0710564
-1.73913
-0.0485544
-1.71079
0.0280229
-1.67721
0.0534103
-0.393536
-1.65013
-1.66728
-0.0426922
-1.64475
-0.0524364
-1.61811
-0.0598215
-1.5908
-0.0665163
-1.5672
-0.0767137
-1.54481
-0.0934455
-1.51413
-0.0792327
-1.47762
-0.00848212
-1.42696
0.00274733
-0.396319
-1.42418
-1.45046
-0.0637591
-1.42644
-0.0764556
-1.40062
-0.0856361
-1.37409
-0.0930436
-1.35139
-0.0994177
-1.3356
-0.109235
-1.30798
-0.106852
-1.26498
-0.0514839
-1.22593
-0.0363002
-0.442643
-1.17961
-1.23094
-1.2124
-1.1937
-1.17468
-1.15681
-1.14636
-1.1365
-1.08432
-1.01743
-1.35402
-0.660273
-0.282909
-0.595585
-0.0646873
-0.401609
-0.193977
0.41277
-0.814379
1.0507
-0.637929
1.56845
-0.517754
1.94506
-0.376609
2.20047
-0.255404
2.37089
-0.170428
2.48552
-0.114625
2.56178
-0.0762639
2.60812
-0.0463364
2.63282
-0.0247019
2.63988
-0.00706024
2.63704
0.00283912
2.62403
0.0130158
2.60849
0.0155409
2.58289
0.0255921
2.55138
0.0315103
0.0313279
-0.637854
-0.686541
-0.341839
-0.360702
-0.316203
-0.219613
0.0883378
-1.21892
0.543781
-1.09337
0.890876
-0.864848
1.15389
-0.639621
1.35449
-0.456005
1.49826
-0.314199
1.59417
-0.210532
1.65522
-0.137317
1.69385
-0.0849661
1.71769
-0.0485403
1.73288
-0.0222486
1.74186
-0.00614288
1.74807
0.00680855
1.75021
0.0133984
1.75053
0.0252691
1.74876
0.0332851
0.0479145
-1.2418
-1.09351
-0.591612
-1.01089
-0.274848
-0.536377
-0.161752
-1.33202
0.0861453
-1.34127
0.356202
-1.13491
0.591412
-0.874831
0.765776
-0.630369
0.884444
-0.432867
0.959597
-0.285685
1.0046
-0.182322
1.03152
-0.111883
1.04874
-0.0657649
1.06163
-0.0351403
1.07286
-0.0173695
1.08387
-0.00420239
1.09466
0.00261364
1.10425
0.0156755
1.11142
0.0261149
0.0482923
-1.66602
-1.45625
-1.12125
-1.55567
-0.506393
-1.15123
-0.365116
-1.47329
-0.128204
-1.57818
0.112356
-1.37547
0.311344
-1.07382
0.45496
-0.773985
0.549603
-0.52751
0.606032
-0.342114
0.636056
-0.212347
0.650745
-0.126572
0.65823
-0.07325
0.663762
-0.0406724
0.66999
-0.0235972
0.677829
-0.0120412
0.687342
-0.00689986
0.696669
0.00634882
0.705269
0.017515
0.0450079
-1.77703
-1.66453
-1.38382
-1.94888
-0.738328
-1.79673
-0.440184
-1.77144
-0.221462
-1.7969
-0.00918493
-1.58774
0.159811
-1.24281
0.277992
-0.892166
0.353039
-0.602557
0.395561
-0.384636
0.415933
-0.232718
0.423675
-0.134314
0.425918
-0.0754922
0.427497
-0.0422516
0.430576
-0.0266761
0.43601
-0.0174757
0.443148
-0.0140379
0.450996
-0.00149905
0.457324
0.0111869
0.0434205
-1.63537
-1.83187
-1.25883
-2.32541
-0.785187
-2.27037
-0.445034
-2.11159
-0.219394
-2.02254
-0.0419447
-1.76519
0.0918867
-1.37665
0.182372
-0.982651
0.238276
-0.658462
0.268678
-0.415037
0.281691
-0.245732
0.28497
-0.137593
0.284506
-0.075028
0.284362
-0.0421075
0.286038
-0.0283519
0.290117
-0.0215547
0.295306
-0.0192272
0.301393
-0.0075858
0.304231
0.00834839
0.044758
-1.3121
-2.1699
-1.04306
-2.59444
-0.694039
-2.6194
-0.392837
-2.41279
-0.190518
-2.22486
-0.0417941
-1.91392
0.0598898
-1.47833
0.126428
-1.04919
0.166894
-0.698927
0.188309
-0.436452
0.196451
-0.253874
0.197284
-0.138426
0.195767
-0.0735112
0.195117
-0.0414577
0.196265
-0.0294994
0.199443
-0.0247333
0.203057
-0.0228406
0.20738
-0.0119091
0.206926
0.00880204
0.048672
-1.11302
-2.48105
-0.856036
-2.85143
-0.555501
-2.91993
-0.305771
-2.66252
-0.140353
-2.39028
-0.0266889
-2.02758
0.0466092
-1.55163
0.0931005
-1.09568
0.121312
-0.727139
0.135959
-0.451099
0.140754
-0.258669
0.140229
-0.1379
0.138408
-0.0716906
0.137708
-0.0407574
0.138609
-0.0304
0.141037
-0.0271615
0.143387
-0.0251906
0.146167
-0.014689
0.143168
0.0118006
0.05434
-0.955541
-2.70512
-0.667768
-3.1392
-0.413723
-3.17398
-0.216778
-2.85947
-0.0979151
-2.50914
-0.0129692
-2.11253
0.0394359
-1.60403
0.0710477
-1.12729
0.0906942
-0.746786
0.100677
-0.461082
0.103298
-0.26129
0.102065
-0.136668
0.100249
-0.0698744
0.0996147
-0.0401231
0.10032
-0.0311055
0.102089
-0.0289305
0.103476
-0.0265776
0.105031
-0.016244
0.100337
0.016495
0.0609501
-0.772515
-3.28662
-0.509186
-3.40253
-0.317982
-3.36518
-0.159107
-3.01834
-0.0706282
-2.59762
-0.00925115
-2.1739
0.031841
-1.64513
0.0547234
-1.15018
0.0692352
-0.761298
0.0762878
-0.468134
0.0775396
-0.262542
0.075936
-0.135064
0.0742017
-0.0681401
0.0736109
-0.0395322
0.0741165
-0.0316111
0.0753265
-0.0301406
0.0760157
-0.0272668
0.0766639
-0.0168923
0.0710207
0.0221382
0.0678508
0.213784
-3.45761
0.307126
-3.49588
0.326605
-3.38466
0.304855
-2.99659
0.261564
-2.55433
0.210129
-2.12247
0.1554
-1.5904
0.110583
-1.10536
0.0800178
-0.730732
0.059764
-0.447881
0.0469327
-0.24971
0.0395585
-0.12769
0.0360894
-0.064671
0.0350722
-0.038515
0.0352976
-0.0318366
0.0359892
-0.0308322
0.036372
-0.0276495
0.0366009
-0.0171212
0.0332681
0.025471
0.0713688
0.319591
-3.66269
0.331981
-3.50827
0.305925
-3.3586
0.295992
-2.98666
0.244089
-2.50243
0.190945
-2.06932
0.142557
-1.54201
0.101374
-1.06417
0.0742002
-0.703559
0.0560393
-0.42972
0.0443091
-0.23798
0.0374862
-0.120867
0.0342453
-0.06143
0.0332515
-0.0375212
0.0333587
-0.0319438
0.0338222
-0.0312957
0.0339087
-0.027736
0.0337396
-0.0169521
0.0297269
0.0294837
0.0754307
0.292439
-3.82277
0.330333
-3.54616
0.278535
-3.30681
0.268151
-2.97627
0.227296
-2.46157
0.171526
-2.01355
0.129388
-1.49987
0.0927463
-1.02753
0.0684428
-0.679255
0.0521906
-0.413468
0.0415063
-0.227296
0.0352536
-0.114614
0.032273
-0.0584494
0.0313254
-0.0365736
0.031331
-0.0319494
0.0315888
-0.0315535
0.0314191
-0.0275663
0.030898
-0.0164311
0.0262846
0.0340971
0.0799494
0.306184
-3.95789
0.339167
-3.57914
0.267262
-3.2349
0.236349
-2.94536
0.209032
-2.43426
0.153356
-1.95788
0.114853
-1.46137
0.0838845
-0.996564
0.0626501
-0.658021
0.0483219
-0.399139
0.0386462
-0.21762
0.0329332
-0.108901
0.0302074
-0.0557236
0.0293123
-0.0356786
0.0292293
-0.0318663
0.0293029
-0.0316272
0.0289146
-0.0271779
0.028083
-0.0155994
0.0229519
0.0392282
0.0848309
0.24358
-4.02687
0.294041
-3.6296
0.238972
-3.17983
0.196075
-2.90246
0.183699
-2.42188
0.136941
-1.91112
0.100884
-1.42531
0.0752195
-0.970899
0.0569044
-0.639706
0.0444136
-0.386649
0.0357343
-0.208941
0.0305503
-0.103717
0.0280743
-0.0532476
0.0272343
-0.0348385
0.0270728
-0.0317049
0.0269826
-0.0315369
0.0264109
-0.0266063
0.0253078
-0.0144963
0.019749
0.0447869
0.0899766
0.243209
-4.07716
0.271921
-3.65832
0.224854
-3.13276
0.168114
-2.84572
0.156828
-2.41059
0.121102
-1.87539
0.0875733
-1.39178
0.0665968
-0.949922
0.0512075
-0.624316
0.0404785
-0.37592
0.0327813
-0.201244
0.0281231
-0.0990591
0.0258948
-0.0510193
0.025111
-0.0340547
0.02488
-0.0314738
0.0246451
-0.031302
0.0239236
-0.0258848
0.0225863
-0.013159
0.0166996
0.0506737
0.0952807
0.204717
-4.08662
0.223905
-3.6775
0.194045
-3.10291
0.140257
-2.79194
0.127305
-2.39764
0.104117
-1.8522
0.0750485
-1.36272
0.0581078
-0.932982
0.0455774
-0.611786
0.0365452
-0.366887
0.0298143
-0.194513
0.0256754
-0.0949203
0.0236901
-0.049034
0.0229615
-0.033326
0.0226686
-0.031181
0.0223077
-0.0309411
0.0214681
-0.0250452
0.0199328
-0.0116237
0.0138292
0.0567773
0.100627
0.202526
-4.08393
0.197201
-3.67218
0.171162
-3.07687
0.12076
-2.74153
0.101283
-2.37817
0.0866429
-1.83756
0.0631353
-1.33921
0.0497923
-0.919639
0.0400245
-0.602018
0.0326406
-0.359503
0.0268614
-0.188733
0.0232313
-0.0912902
0.0214807
-0.0472833
0.0208043
-0.0326496
0.0204566
-0.0308332
0.0199877
-0.0304722
0.0190594
-0.0241169
0.0173612
-0.00992557
0.0111633
0.0629752
0.105888
0.165504
-4.0452
0.1509
-3.65758
0.135877
-3.06184
0.0978616
-2.70352
0.076809
-2.35711
0.0685377
-1.82929
0.0515527
-1.32222
0.0416802
-0.909766
0.0345587
-0.594897
0.0287881
-0.353733
0.0239483
-0.183894
0.020813
-0.0881549
0.0192856
-0.045756
0.0186572
-0.0320212
0.0182612
-0.0304372
0.0177017
-0.0299127
0.0167121
-0.0231274
0.0148854
-0.00809882
0.008724
0.0691366
0.110931
0.14528
0.115008
0.10436
0.0759927
0.0552502
0.0507678
0.0402136
0.0337811
0.0291884
0.0250073
0.0210978
0.0184406
0.0171227
0.0165373
0.0160995
0.015466
0.0144401
0.0125179
0.00652944
)
;

boundaryField
{
    inlet
    {
        type            calculated;
        value           nonuniform List<scalar> 
40
(
-0.12916
-0.15345
-0.179893
-0.207433
-0.236813
-0.271838
-0.326449
-0.424363
-0.513515
-0.548347
-0.0669391
-0.0666207
-0.0665569
-0.0667334
-0.0671197
-0.0676738
-0.0683476
-0.0690961
-0.0698842
-0.0707128
-0.0751109
-0.0751119
-0.0747299
-0.0739421
-0.0728646
-0.0716513
-0.0704313
-0.0692951
-0.068305
-0.0675078
-0.494349
-0.433335
-0.371084
-0.316709
-0.273207
-0.236869
-0.205943
-0.179029
-0.155253
-0.134294
)
;
    }
    outlet
    {
        type            calculated;
        value           nonuniform List<scalar> 
40
(
-0.00933486
-0.0115926
-0.0142153
-0.0172523
-0.0207771
-0.0248926
-0.0297265
-0.035408
-0.0420258
-0.049623
0.000369115
-0.000691305
-0.0015754
-0.00231822
-0.00294298
-0.00346924
-0.00391345
-0.00428935
-0.00460819
-0.00487894
0.0297501
0.025665
0.0217659
0.0180705
0.0146033
0.0113955
0.00848326
0.00590245
0.00368062
0.00183249
2.52006
1.73217
1.11104
0.708553
0.458912
0.302894
0.203012
0.1375
0.093727
0.06412
)
;
    }
    top
    {
        type            symmetryPlane;
        value           uniform 0;
    }
    bottom
    {
        type            symmetryPlane;
        value           uniform 0;
    }
    cylinder
    {
        type            calculated;
        value           nonuniform List<scalar> 
80
(
-4.49913e-18
-4.18647e-18
7.69666e-18
3.0559e-17
-3.01999e-17
3.7102e-17
-8.77247e-18
-1.93923e-17
-2.62867e-18
4.24867e-17
4.25455e-18
-1.71927e-17
1.90676e-17
-2.56896e-17
-1.40944e-17
-2.69122e-17
-9.43811e-17
-7.49584e-18
5.97357e-17
-9.8839e-17
3.51182e-17
-5.97357e-17
7.49584e-18
3.88699e-17
2.97663e-17
-3.41682e-17
2.56896e-17
-1.90676e-17
1.71927e-17
6.21712e-19
4.49913e-18
4.18647e-18
-7.69666e-18
-3.0559e-17
7.40388e-18
1.05814e-17
6.96307e-17
1.93923e-17
-5.28825e-17
-8.94647e-17
4.24867e-17
5.28825e-17
-1.93923e-17
4.13916e-17
3.7102e-17
-7.40388e-18
3.0559e-17
7.69666e-18
-4.18647e-18
-4.49913e-18
-3.51182e-17
4.22452e-18
-7.49584e-18
-8.17832e-17
3.1453e-17
3.41682e-17
-2.56896e-17
1.90676e-17
-1.71927e-17
-6.21712e-19
6.21712e-19
1.71927e-17
-1.90676e-17
2.56896e-17
-3.41682e-17
2.97663e-17
8.17832e-17
7.49584e-18
-4.22452e-18
3.51182e-17
-4.24867e-17
2.62867e-18
1.93923e-17
8.77247e-18
6.60926e-17
3.01999e-17
-3.0559e-17
-7.69666e-18
4.18647e-18
4.49913e-18
)
;
    }
    frontandback
    {
        type            empty;
        value           nonuniform 0();
    }
}


// ************************************************************************* //
