/*--------------------------------*- C++ -*----------------------------------*\
  =========                 |
  \\      /  F ield         | OpenFOAM: The Open Source CFD Toolbox
   \\    /   O peration     | Website:  https://openfoam.org
    \\  /    A nd           | Version:  6.0
     \\/     M anipulation  |
\*---------------------------------------------------------------------------*/
FoamFile
{
    version     2.0;
    format      ascii;
    class       volVectorField;
    location    "14.75";
    object      U;
}
// * * * * * * * * * * * * * * * * * * * * * * * * * * * * * * * * * * * * * //

dimensions      [0 1 -1 0 0 0 0];

internalField   nonuniform List<vector> 
2400
(
(3.89852 -16.0337 -1.51818e-18)
(0.641784 -16.3077 5.49053e-19)
(0.990125 -16.1871 -4.78498e-19)
(1.32552 -15.6686 -2.69726e-19)
(1.4224 -15.0763 -3.99291e-19)
(1.48724 -14.5055 5.3291e-19)
(1.55477 -13.996 1.87904e-19)
(1.62292 -13.5599 1.41578e-19)
(1.7086 -13.1952 -3.16618e-19)
(1.77064 -12.8993 -1.83079e-20)
(5.19094 -15.8222 1.72321e-18)
(1.95309 -16.4409 -9.00342e-20)
(2.2704 -16.2918 3.0832e-19)
(2.54375 -15.7275 2.57863e-18)
(2.58083 -15.1135 -1.74534e-18)
(2.59229 -14.533 -9.25519e-20)
(2.61309 -14.0212 -1.77354e-20)
(2.64452 -13.5866 -1.86955e-19)
(2.70239 -13.2258 -2.67146e-19)
(2.72316 -12.9462 -3.59128e-20)
(6.46979 -15.5062 3.01467e-18)
(3.27831 -16.4593 2.3013e-18)
(3.56045 -16.2819 -5.79484e-18)
(3.76396 -15.6774 1.68213e-18)
(3.73593 -15.0476 2.34427e-18)
(3.69027 -14.4625 -1.30272e-18)
(3.66162 -13.9518 -9.674e-19)
(3.65444 -13.5187 7.66831e-19)
(3.68033 -13.1584 -1.59472e-18)
(3.64962 -12.889 1.401e-18)
(7.72313 -15.0811 -1.04156e-17)
(4.60689 -16.3564 3.70613e-18)
(4.84894 -16.1534 -3.3786e-18)
(4.97652 -15.5166 1.47375e-18)
(4.88007 -14.8786 -1.50695e-18)
(4.77547 -14.2954 2.10174e-18)
(4.69718 -13.7907 8.54493e-19)
(4.65331 -13.3636 -2.95865e-18)
(4.64909 -13.012 -2.45663e-18)
(4.56695 -12.7737 2.36998e-18)
(8.94103 -14.5464 6.07423e-19)
(5.92565 -16.1307 -1.42598e-18)
(6.12387 -15.9057 -5.35941e-19)
(6.17083 -15.2453 -6.81026e-19)
(6.00413 -14.6078 -3.65477e-18)
(5.83996 -14.0333 5.60145e-19)
(5.71116 -13.5388 -3.19454e-19)
(5.62772 -13.1188 3.03693e-18)
(5.5856 -12.7772 -2.06207e-18)
(5.44189 -12.5739 -1.09658e-18)
(10.1118 -13.901 9.02875e-18)
(7.22201 -15.7792 -6.37592e-19)
(7.37197 -15.5364 9.25132e-18)
(7.33431 -14.8621 -1.16635e-18)
(7.09696 -14.2348 4.43584e-18)
(6.87579 -13.6783 -4.90919e-19)
(6.70056 -13.2017 -7.81143e-21)
(6.57917 -12.7945 2.51318e-18)
(6.49399 -12.4708 -1.3461e-18)
(6.28368 -12.3169 1.76139e-18)
(11.2259 -13.1478 -3.52667e-18)
(8.48446 -15.3031 7.83639e-19)
(8.58133 -15.0462 -2.53425e-18)
(8.45384 -14.366 -2.25975e-18)
(8.14298 -13.7572 -6.955e-20)
(7.86547 -13.2268 6.66351e-18)
(7.64932 -12.7757 -2.3377e-18)
(7.49708 -12.3881 8.88906e-19)
(7.37092 -12.0877 -3.31102e-18)
(7.09291 -11.9816 -1.40406e-18)
(12.2751 -12.2914 1.44861e-17)
(9.70455 -14.7045 -1.51057e-18)
(9.74374 -14.4362 -1.2184e-17)
(9.5209 -13.7564 6.48311e-19)
(9.13 -13.171 2.20246e-18)
(8.78906 -12.6705 -3.13098e-18)
(8.52901 -12.2493 -3.66841e-18)
(8.35304 -11.8902 5.42514e-18)
(8.20668 -11.6321 -4.9447e-19)
(7.89336 -11.6051 -3.75429e-18)
(13.2531 -11.3383 -1.17285e-17)
(10.8757 -13.9889 5.53424e-18)
(10.8552 -13.7115 7.43925e-18)
(10.535 -13.0363 1.84055e-18)
(10.0593 -12.4748 -6.26162e-18)
(9.64205 -12.0007 3.78993e-18)
(9.31424 -11.6053 2.10156e-18)
(9.08534 -11.2798 4.11928e-18)
(8.9067 -11.0944 -2.51118e-18)
(8.58699 -11.2121 -3.12241e-18)
(14.1524 -10.2951 3.74936e-18)
(11.991 -13.1627 -1.43295e-18)
(11.9121 -12.8786 -3.67601e-19)
(11.4986 -12.2114 1.75933e-18)
(10.9441 -11.6721 1.29294e-18)
(10.4522 -11.2174 -9.50909e-19)
(10.0383 -10.8408 -1.7047e-18)
(9.69275 -10.5553 2.50661e-18)
(9.36589 -10.4719 -2.08644e-18)
(8.93609 -10.7507 1.65931e-18)
(17.9914 3.04222 1.9926e-19)
(18.073 1.59774 6.18786e-19)
(18.04 0.155693 -1.97569e-18)
(17.8982 -1.27495 1.81458e-18)
(17.6512 -2.6855 6.9947e-19)
(17.3035 -4.06868 9.41963e-18)
(16.8571 -5.41618 -3.6866e-18)
(16.3174 -6.72114 -5.47086e-18)
(15.6842 -7.97484 6.31266e-18)
(14.9645 -9.16992 -1.0943e-17)
(18.569 -0.795257 5.35866e-19)
(18.3762 -2.23518 -2.37381e-19)
(18.0636 -3.6539 -1.59529e-18)
(17.6376 -5.04199 4.20469e-18)
(17.1037 -6.38927 -1.49156e-18)
(16.4687 -7.68875 1.1682e-17)
(15.7382 -8.93029 -7.60078e-18)
(14.9198 -10.1084 1.13911e-17)
(14.0184 -11.2112 -8.38975e-18)
(13.0414 -12.2349 -4.52007e-18)
(17.9438 -0.740544 -9.86564e-19)
(17.8043 -2.12024 9.76891e-20)
(17.5486 -3.48822 -4.35345e-18)
(17.1804 -4.83526 3.31376e-18)
(16.7039 -6.1511 -3.70749e-18)
(16.1249 -7.42735 -7.29719e-18)
(15.4485 -8.65395 -2.59854e-18)
(14.6828 -9.82288 -2.03576e-18)
(13.833 -10.9233 7.4822e-18)
(12.9078 -11.9462 4.37942e-18)
(16.9303 -0.538928 4.06178e-19)
(16.825 -1.83628 -7.09012e-19)
(16.6115 -3.12848 -9.94822e-19)
(16.2912 -4.40827 -4.0479e-18)
(15.8685 -5.66497 2.60134e-18)
(15.3473 -6.89087 7.49389e-18)
(14.7337 -8.07569 3.07556e-18)
(14.0344 -9.211 6.50828e-19)
(13.256 -10.2863 1.83006e-18)
(12.4086 -11.2909 8.27329e-20)
(16.075 -0.497328 -4.37501e-19)
(15.9687 -1.72472 -1.71752e-18)
(15.7625 -2.94758 1.70631e-19)
(15.4543 -4.16356 3.17581e-18)
(15.0518 -5.35887 3.4548e-18)
(14.5553 -6.5306 -2.39809e-18)
(13.974 -7.66578 -4.36863e-18)
(13.3124 -8.75889 -2.36366e-18)
(12.5801 -9.7983 2.62372e-18)
(11.7882 -10.774 4.18011e-18)
(15.4074 -0.457789 9.74557e-20)
(15.2909 -1.62972 1.38978e-18)
(15.0849 -2.79316 -3.27144e-18)
(14.7757 -3.95699 4.0397e-18)
(14.3838 -5.09664 2.46494e-18)
(13.896 -6.22333 4.75874e-18)
(13.3353 -7.31341 -1.01992e-18)
(12.6933 -8.37398 -3.0459e-18)
(11.9933 -9.38284 7.20912e-18)
(11.2427 -10.335 -6.36736e-18)
(14.8704 -0.410562 2.05691e-19)
(14.74 -1.53871 -1.52829e-18)
(14.5377 -2.64872 -9.78581e-19)
(14.2195 -3.77202 -2.13341e-18)
(13.8413 -4.85781 -3.07228e-19)
(13.3486 -5.94984 -3.15316e-18)
(12.8082 -6.99527 -2.08915e-18)
(12.1657 -8.0405 -3.59288e-19)
(11.4949 -9.02877 -4.26658e-18)
(10.7721 -9.96993 6.07933e-18)
(14.4185 -0.356065 -1.70585e-19)
(14.2673 -1.45344 1.24292e-18)
(14.0791 -2.5157 -5.51213e-19)
(13.7403 -3.61258 1.20775e-18)
(13.39 -4.64313 2.9378e-18)
(12.8719 -5.71214 4.98973e-18)
(12.3664 -6.70164 -1.33574e-18)
(11.6855 -7.75311 -4.98996e-18)
(11.0577 -8.72939 1.52911e-18)
(10.3262 -9.70718 -9.32771e-18)
(14.0272 -0.275807 2.39232e-19)
(13.8432 -1.35688 -2.81741e-19)
(13.6857 -2.38125 -2.72701e-18)
(13.3068 -3.47348 8.25527e-19)
(13.0099 -4.45432 -1.98885e-18)
(12.4305 -5.52596 -8.79588e-19)
(11.9934 -6.4437 -5.68778e-19)
(11.1949 -7.53857 2.25512e-18)
(10.652 -8.48407 2.18244e-18)
(9.78055 -9.66227 1.82619e-18)
(13.6898 -0.225074 -5.10697e-19)
(13.4513 -1.29335 8.82861e-19)
(13.3362 -2.28494 4.36062e-19)
(12.8912 -3.3918 1.20515e-18)
(12.6652 -4.34293 -1.22547e-19)
(11.9815 -5.45425 -9.0921e-20)
(11.6294 -6.31939 -2.94894e-18)
(10.6174 -7.5005 4.04382e-18)
(10.1852 -8.36083 -2.65359e-18)
(8.98081 -9.89856 8.32727e-19)
(10.8315 15.1523 -6.25946e-18)
(12.0061 14.2876 6.47331e-18)
(13.0974 13.322 -3.36597e-19)
(14.0972 12.2638 -1.06943e-17)
(14.9962 11.1206 7.66387e-18)
(15.7877 9.90095 -5.25746e-18)
(16.4649 8.61514 -1.17782e-18)
(17.0258 7.27489 -1.09069e-18)
(17.4667 5.89151 1.75656e-18)
(17.7899 4.47751 1.2367e-19)
(13.6959 12.1041 7.30675e-18)
(14.6853 11.1005 1.442e-18)
(15.5818 10.0102 -7.02917e-18)
(16.3763 8.83965 -7.11013e-18)
(17.0596 7.59667 5.70103e-18)
(17.6258 6.28925 -4.52034e-18)
(18.0684 4.92917 4.9703e-18)
(18.3861 3.52762 -1.39186e-18)
(18.5748 2.09882 -4.12534e-18)
(18.637 0.652922 -2.9029e-19)
(13.0053 11.2782 -1.07261e-18)
(13.9578 10.3655 -8.70716e-19)
(14.8265 9.37084 3.7249e-18)
(15.6024 8.29768 3.55133e-18)
(16.2772 7.15106 7.61254e-18)
(16.8449 5.93798 2.38716e-18)
(17.3004 4.66919 -1.74231e-18)
(17.6406 3.35547 -3.50237e-18)
(17.8621 2.00875 2.75943e-18)
(17.9639 0.639489 1.91568e-19)
(12.1739 10.5613 1.97004e-18)
(13.0729 9.72968 -4.2188e-18)
(13.8924 8.824 -1.59749e-18)
(14.6245 7.84337 -6.75505e-18)
(15.2636 6.7907 -3.41037e-18)
(15.8047 5.67225 6.57681e-18)
(16.2447 4.49954 4.02316e-18)
(16.5797 3.28173 -3.38847e-18)
(16.8073 2.03006 1.46248e-19)
(16.9245 0.752644 -1.39954e-19)
(11.6848 9.95267 -6.65702e-18)
(12.5321 9.17105 7.32654e-18)
(13.2979 8.32427 -1.85391e-18)
(13.9751 7.40436 3.61586e-18)
(14.5635 6.41356 -2.43043e-18)
(15.0594 5.35884 -3.76661e-18)
(15.4627 4.25425 1.83163e-18)
(15.7677 3.10615 -1.93958e-18)
(15.9738 1.92689 -1.801e-18)
(16.0756 0.721143 7.57099e-19)
(11.3405 9.49153 -9.13083e-19)
(12.1523 8.75025 1.41243e-18)
(12.878 7.95041 -1.63981e-18)
(13.5086 7.07391 -7.147e-18)
(14.0529 6.12744 3.78191e-18)
(14.5072 5.11979 5.84308e-19)
(14.8774 4.06807 -3.26536e-18)
(15.1521 2.97304 -1.11456e-18)
(15.3365 1.85103 9.71951e-19)
(15.4184 0.700762 -2.70202e-19)
(11.0559 9.12809 -3.67996e-18)
(11.8371 8.43185 -4.49573e-20)
(12.536 7.67183 1.63926e-18)
(13.131 6.82276 4.05797e-18)
(13.643 5.90831 8.15453e-19)
(14.0629 4.93734 1.92061e-18)
(14.4086 3.92912 3.63995e-18)
(14.656 2.87545 -1.55116e-18)
(14.825 1.80149 1.28659e-18)
(14.8869 0.695501 -4.7368e-19)
(10.8262 8.82775 -1.19641e-18)
(11.5467 8.20681 1.40744e-18)
(12.2163 7.48105 1.38557e-18)
(12.7835 6.64386 -1.88717e-18)
(13.278 5.75457 -1.00065e-18)
(13.6708 4.81218 -2.19735e-18)
(14.0031 3.83773 1.89465e-19)
(14.2259 2.8125 -4.8596e-19)
(14.39 1.77745 -2.70919e-18)
(14.4308 0.704269 3.6012e-19)
(10.7887 8.48381 -4.31842e-19)
(11.3589 8.00882 -2.47131e-18)
(11.9484 7.31728 -8.74393e-19)
(12.4724 6.4941 4.02808e-19)
(12.9525 5.64392 -2.47528e-19)
(13.3146 4.73486 1.92401e-18)
(13.6393 3.79395 7.46321e-19)
(13.8352 2.79161 1.08736e-18)
(14.0065 1.79219 1.26315e-18)
(14.0223 0.743901 -5.10594e-19)
(11.0948 7.91958 -1.62445e-18)
(11.4725 7.63868 2.72825e-18)
(11.8756 6.97021 -4.23463e-18)
(12.3056 6.18677 -8.04355e-20)
(12.7516 5.40667 3.2591e-18)
(13.0557 4.55101 1.5436e-19)
(13.3581 3.66569 1.35042e-18)
(13.507 2.7029 -2.75632e-18)
(13.6865 1.75789 -2.09147e-20)
(13.6613 0.743475 2.36126e-19)
(1.2356 11.9247 1.2335e-19)
(1.221 12.1802 -5.41528e-20)
(1.2452 12.4454 -2.93964e-20)
(1.24377 12.7486 3.7069e-19)
(1.21596 13.1107 -1.68266e-19)
(1.16837 13.5654 -5.89503e-19)
(1.11886 14.2052 6.49154e-19)
(1.25184 15.2146 2.07696e-19)
(1.21724 16.5363 2.90767e-19)
(-2.92215 17.6603 1.34357e-18)
(2.22567 11.755 3.15984e-19)
(2.21959 12.0703 -9.8843e-19)
(2.25142 12.3767 9.8631e-19)
(2.26462 12.7096 1.9854e-19)
(2.26112 13.0959 -3.91709e-19)
(2.24783 13.5747 4.56282e-19)
(2.24829 14.2407 1.54233e-18)
(2.45856 15.2579 -1.97293e-18)
(2.51909 16.5658 3.65766e-20)
(-1.5412 17.9112 -1.53749e-18)
(3.1528 11.675 1.26674e-18)
(3.18172 11.9783 -1.76865e-18)
(3.23917 12.2778 -7.0607e-19)
(3.28221 12.6123 -5.88352e-20)
(3.31308 13.0081 -6.5685e-19)
(3.33998 13.5029 -2.86596e-19)
(3.39386 14.1886 4.86892e-19)
(3.6815 15.2055 1.34794e-18)
(3.83369 16.49 1.00241e-18)
(-0.136135 18.0511 -2.69389e-18)
(4.19127 11.3435 1.18196e-18)
(4.20922 11.7115 -1.41697e-18)
(4.26503 12.054 -1.39623e-18)
(4.32178 12.4167 8.49506e-19)
(4.37847 12.8325 4.2316e-18)
(4.44241 13.3449 -1.62351e-18)
(4.54953 14.0466 1.26992e-18)
(4.91311 15.056 -4.08284e-18)
(5.15278 16.3086 -4.50447e-18)
(1.28412 18.0805 5.21441e-18)
(5.11202 11.1521 8.59313e-19)
(5.16425 11.4882 -6.17416e-19)
(5.25008 11.8112 1.78898e-18)
(5.34297 12.1665 -1.57692e-18)
(5.43741 12.5842 1.1273e-18)
(5.54373 13.1045 9.91046e-19)
(5.70644 13.8147 9.83199e-19)
(6.14471 14.8084 6.90129e-19)
(6.46651 16.0216 2.65085e-18)
(2.70998 17.9985 2.33882e-18)
(6.15741 10.6485 -2.54796e-18)
(6.18098 11.0679 -7.5503e-19)
(6.26131 11.4395 3.11e-18)
(6.37028 11.8199 -3.40503e-18)
(6.49292 12.2506 -1.59054e-18)
(6.63854 12.7788 -3.75669e-18)
(6.85673 13.4921 2.41164e-19)
(7.36785 14.4622 -3.78869e-18)
(7.76699 15.6285 -4.46308e-19)
(4.1326 17.8048 -7.08844e-18)
(7.04997 10.3083 3.59517e-18)
(7.10969 10.7002 -6.42191e-18)
(7.22451 11.0509 3.54327e-18)
(7.3705 11.4184 1.85718e-18)
(7.52923 11.8441 -3.89465e-19)
(7.71678 12.3708 5.0005e-18)
(7.99125 13.0795 -3.31189e-18)
(8.573 14.0178 -7.65935e-18)
(9.04273 15.1301 -9.52317e-19)
(5.54138 17.498 6.54631e-18)
(8.11359 9.60335 -3.60905e-20)
(8.1143 10.1251 2.99551e-18)
(8.20313 10.5412 -1.437e-18)
(8.35657 10.93 1.39702e-18)
(8.54186 11.3585 1.48994e-18)
(8.76992 11.881 -2.34915e-18)
(9.10077 12.5781 1.64774e-18)
(9.75062 13.4758 -3.40405e-18)
(10.2859 14.527 9.81609e-18)
(6.927 17.0796 -3.17611e-18)
(9.04282 9.09889 -1.63109e-18)
(9.04814 9.62283 -9.06941e-19)
(9.13501 10.0196 4.02901e-18)
(9.30542 10.3872 -5.70606e-18)
(9.52103 10.8018 5.56389e-18)
(9.78975 11.3118 -2.78862e-18)
(10.1756 11.9893 -4.71931e-18)
(10.8895 12.8371 8.60086e-19)
(11.4824 13.8208 -1.63961e-17)
(8.27784 16.5479 1.19437e-17)
(10.1666 8.34324 4.18531e-18)
(10.0194 8.98074 -3.9562e-18)
(10.0203 9.42665 4.05988e-18)
(10.2022 9.7845 -3.23623e-19)
(10.4547 10.179 -4.16711e-18)
(10.7651 10.6681 -2.16026e-18)
(11.2042 11.3159 2.50031e-18)
(11.9789 12.1038 6.36727e-18)
(12.6254 13.0125 7.6658e-18)
(9.58395 15.9071 -5.80472e-21)
(-6.15184 9.33599 -2.60826e-18)
(-6.461 9.01859 2.0946e-18)
(-6.70087 8.9313 -9.07745e-19)
(-6.93378 9.01414 2.09256e-18)
(-7.20523 9.1517 1.72819e-18)
(-7.5212 9.31744 2.8826e-18)
(-7.91953 9.57658 4.02623e-18)
(-8.40097 10.2149 2.11721e-18)
(-9.2814 11.1627 3.24557e-18)
(-13.4503 9.84918 -1.99984e-18)
(-5.86435 9.8033 1.49172e-18)
(-6.10528 9.60364 1.7207e-18)
(-6.23444 9.60581 -2.83283e-18)
(-6.38085 9.7219 -1.45835e-18)
(-6.59888 9.87166 -2.58674e-18)
(-6.88315 10.052 4.86884e-18)
(-7.25728 10.3386 -2.10588e-18)
(-7.69747 11.018 -4.84416e-18)
(-8.51865 12.0313 -3.6273e-18)
(-12.7643 10.9707 5.0737e-18)
(-5.26177 10.2048 -4.96385e-19)
(-5.52119 10.1292 3.53534e-19)
(-5.6425 10.197 -3.80572e-18)
(-5.76357 10.3422 2.54703e-18)
(-5.9493 10.5135 2.19979e-18)
(-6.20241 10.7204 -1.50928e-18)
(-6.54576 11.0441 3.34905e-20)
(-6.93587 11.7691 8.23214e-18)
(-7.6871 12.8454 9.77663e-19)
(-11.9858 12.0375 -4.13202e-18)
(-4.54521 10.5791 -3.70436e-18)
(-4.80005 10.5798 2.36504e-18)
(-4.92495 10.6934 -6.52549e-19)
(-5.04711 10.8704 1.67798e-18)
(-5.22345 11.0739 -4.71862e-18)
(-5.45814 11.3181 8.82252e-20)
(-5.77404 11.6868 9.61512e-19)
(-6.11104 12.4608 -2.97334e-19)
(-6.78557 13.5965 -5.40819e-19)
(-11.1171 13.0413 4.8979e-18)
(-3.83446 10.9669 3.05591e-18)
(-4.05287 11.0093 1.18674e-19)
(-4.15572 11.1451 -1.83557e-18)
(-4.26655 11.3402 2.14351e-20)
(-4.43113 11.5697 3.31321e-19)
(-4.64929 11.8497 -3.20686e-18)
(-4.93876 12.2645 8.06329e-19)
(-5.22067 13.0871 -8.01925e-19)
(-5.81407 14.2769 -1.21855e-19)
(-10.1609 13.9726 -6.2811e-18)
(-3.0691 11.2554 -9.74931e-20)
(-3.25588 11.3535 2.40103e-18)
(-3.33777 11.5229 -2.27009e-18)
(-3.4344 11.742 2.29831e-19)
(-3.58329 11.9993 -4.44362e-19)
(-3.78213 12.3146 2.69485e-18)
(-4.04273 12.7746 4.95097e-19)
(-4.26621 13.643 3.384e-19)
(-4.77421 14.8794 1.99853e-18)
(-9.1211 14.8234 1.29491e-18)
(-2.28638 11.5401 -1.58688e-18)
(-2.43528 11.6748 1.88254e-18)
(-2.49274 11.861 9.69775e-20)
(-2.56998 12.0928 2.82655e-18)
(-2.69638 12.3697 -1.61978e-18)
(-2.8691 12.7147 1.159e-18)
(-3.09449 13.2159 -1.10627e-18)
(-3.25396 14.1246 2.49504e-18)
(-3.67219 15.3981 2.48968e-18)
(-8.00391 15.5863 2.54706e-18)
(-1.42412 11.6958 -9.96357e-19)
(-1.54838 11.8839 1.25937e-18)
(-1.59316 12.1046 -6.08025e-19)
(-1.65831 12.3625 -4.70562e-19)
(-1.76532 12.666 1.03593e-18)
(-1.91149 13.0426 -1.85344e-18)
(-2.09843 13.5835 -1.30976e-18)
(-2.18955 14.5272 4.4902e-18)
(-2.51389 15.828 -8.49029e-19)
(-6.81722 16.2562 -3.0142e-18)
(-0.575617 11.8713 -1.00829e-18)
(-0.658172 12.075 2.1901e-19)
(-0.677905 12.3036 1.47122e-19)
(-0.72171 12.5721 9.84149e-21)
(-0.802836 12.8937 -6.90567e-19)
(-0.917504 13.2972 2.22766e-18)
(-1.06118 13.874 -2.08989e-18)
(-1.07985 14.8462 -2.40606e-19)
(-1.30845 16.1639 6.88448e-20)
(-5.56887 16.8277 -2.29933e-18)
(0.349506 11.8778 3.06763e-19)
(0.290327 12.1306 5.10793e-20)
(0.284789 12.3945 -1.1708e-19)
(0.255884 12.6907 -1.59562e-19)
(0.196953 13.0386 -4.42534e-19)
(0.112816 13.4711 3.37025e-19)
(0.0139414 14.082 2.17714e-19)
(0.0698293 15.0766 3.93667e-19)
(-0.0610647 16.4017 -4.69231e-19)
(-4.26821 17.2978 4.42026e-19)
(-6.13844 8.49013 -2.8063e-18)
(-7.24905 7.13735 1.2411e-18)
(-7.5519 6.3262 -5.35214e-19)
(-8.44912 5.29187 -1.64582e-18)
(-8.74361 4.48634 -1.03415e-18)
(-9.34749 3.52499 -6.63642e-20)
(-9.57829 2.65559 -5.71111e-19)
(-9.97685 1.69894 -1.85664e-19)
(-10.1388 0.795108 -2.17151e-19)
(-10.3682 -0.140683 9.87093e-20)
(-6.76233 8.24156 -1.87638e-18)
(-7.54991 7.16297 -1.42915e-18)
(-7.94355 6.31443 -1.95081e-18)
(-8.65956 5.33201 3.66142e-19)
(-9.00785 4.51118 8.13254e-19)
(-9.5317 3.57539 1.2662e-18)
(-9.80239 2.70775 -5.26369e-19)
(-10.1586 1.76865 1.74412e-18)
(-10.3416 0.866126 1.82056e-19)
(-10.5427 -0.0658568 -1.56257e-19)
(-7.18835 8.13794 5.43675e-18)
(-7.8073 7.25142 -7.07909e-19)
(-8.28233 6.39887 3.24465e-18)
(-8.8759 5.46751 8.53811e-19)
(-9.27945 4.61479 -3.19617e-18)
(-9.74601 3.68969 -1.87067e-18)
(-10.056 2.80491 -7.7171e-19)
(-10.384 1.86856 3.49806e-19)
(-10.5895 0.953996 -8.022e-19)
(-10.775 0.015245 1.11455e-19)
(-7.50034 8.21849 1.33059e-18)
(-8.07642 7.3848 2.79433e-18)
(-8.59383 6.5321 2.34181e-19)
(-9.12858 5.63129 1.33993e-18)
(-9.56355 4.75197 1.99761e-18)
(-9.99648 3.82887 1.94408e-19)
(-10.3311 2.92166 1.35187e-18)
(-10.6426 1.98003 6.22397e-19)
(-10.8643 1.0473 9.83956e-19)
(-11.0426 0.0958626 -1.33812e-19)
(-7.8002 8.36093 4.18553e-18)
(-8.37012 7.5336 -4.86876e-18)
(-8.90191 6.67728 -4.54648e-19)
(-9.40997 5.78934 6.49479e-19)
(-9.85567 4.89462 -8.9367e-19)
(-10.2697 3.97133 -1.55998e-18)
(-10.6145 3.04666 -2.56196e-18)
(-10.9167 2.0984 2.07563e-18)
(-11.1476 1.14885 -2.36248e-19)
(-11.3238 0.184265 -6.15829e-20)
(-8.12802 8.52479 -6.95947e-18)
(-8.69804 7.69231 4.01101e-18)
(-9.23022 6.82863 1.51113e-18)
(-9.72357 5.93961 2.33577e-19)
(-10.1672 5.03365 1.49612e-18)
(-10.5676 4.10629 -2.14207e-18)
(-10.9114 3.16831 -1.98248e-18)
(-11.2054 2.21235 -1.18266e-19)
(-11.4373 1.24853 4.01202e-19)
(-11.611 0.271609 2.81799e-19)
(-8.53708 8.76578 -1.55379e-18)
(-9.10925 7.91653 -1.14762e-18)
(-9.63717 7.03722 -3.99019e-19)
(-10.1193 6.13473 1.59459e-18)
(-10.5533 5.21357 -4.61556e-18)
(-10.9395 4.27466 -1.57069e-18)
(-11.2734 3.32209 2.48756e-18)
(-11.5552 2.35444 6.18326e-19)
(-11.7793 1.3758 4.43938e-19)
(-11.9451 0.384968 -2.55694e-19)
(-9.04828 9.36781 -4.57136e-18)
(-9.64008 8.48524 -4.58571e-18)
(-10.1783 7.5747 7.56415e-18)
(-10.6641 6.64236 1.59235e-18)
(-11.098 5.69197 6.47136e-18)
(-11.4802 4.72577 2.03873e-19)
(-11.8093 3.74567 -2.01877e-18)
(-12.0843 2.75199 2.64794e-18)
(-12.3025 1.74625 -6.97454e-20)
(-12.4616 0.728749 6.05867e-19)
(-9.97397 10.2487 5.84255e-19)
(-10.5992 9.29762 6.87124e-18)
(-11.158 8.31982 -6.94961e-18)
(-11.6549 7.31975 4.5523e-18)
(-12.0907 6.30244 -6.97613e-18)
(-12.4668 5.27037 8.7799e-19)
(-12.7829 4.22597 -2.49259e-18)
(-13.0388 3.17044 9.42043e-19)
(-13.2327 2.10523 1.27826e-19)
(-13.3622 1.03188 -3.26051e-19)
(-14.0397 8.68215 1.76208e-18)
(-14.5335 7.48411 -4.97246e-18)
(-14.9391 6.2627 2.3325e-18)
(-15.2564 5.02663 -2.01767e-18)
(-15.4889 3.7815 8.5147e-19)
(-15.6371 2.53331 4.25654e-18)
(-15.703 1.28676 5.09633e-19)
(-15.6871 0.0465167 1.20003e-18)
(-15.5899 -1.18327 -5.74416e-19)
(-15.41 -2.39807 -1.40615e-19)
(-10.4229 -1.03349 8.38373e-20)
(-10.4778 -1.93983 -3.63954e-19)
(-10.4033 -2.823 1.76562e-18)
(-10.3064 -3.70585 -1.15905e-18)
(-10.1168 -4.5567 1.05996e-19)
(-9.88885 -5.37382 -9.69511e-19)
(-9.56201 -6.1439 4.67323e-18)
(-9.17342 -6.90257 3.47173e-19)
(-8.78465 -7.59838 -1.35435e-18)
(-8.46014 -7.98317 2.7742e-18)
(-10.6089 -0.970993 3.37952e-19)
(-10.6497 -1.88744 -8.48697e-19)
(-10.5824 -2.78769 -7.39689e-19)
(-10.4718 -3.68628 -5.1806e-19)
(-10.2719 -4.56062 -1.38385e-18)
(-10.018 -5.40916 -1.15125e-19)
(-9.67608 -6.22489 -2.86466e-19)
(-9.25505 -7.02047 1.28513e-18)
(-8.7478 -7.74663 2.96575e-18)
(-8.21419 -8.30676 -3.70312e-19)
(-10.8556 -0.907729 -2.38214e-19)
(-10.8912 -1.83889 1.8175e-18)
(-10.8352 -2.75706 3.43016e-19)
(-10.7226 -3.67012 -1.21251e-19)
(-10.5271 -4.56213 1.56132e-18)
(-10.2693 -5.4329 7.13855e-19)
(-9.93129 -6.27615 1.37531e-18)
(-9.51244 -7.08621 -1.0435e-18)
(-8.98873 -7.83134 -2.50391e-18)
(-8.37646 -8.50333 -5.79011e-18)
(-11.1354 -0.848587 3.12186e-19)
(-11.17 -1.79941 -8.58856e-19)
(-11.1228 -2.74105 1.0662e-18)
(-11.0101 -3.67649 -2.50092e-18)
(-10.8183 -4.59436 -1.35094e-18)
(-10.5577 -5.49343 -5.62425e-19)
(-10.2189 -6.36499 -2.98803e-18)
(-9.79892 -7.19733 -1.24673e-18)
(-9.27975 -7.97635 5.14183e-20)
(-8.66062 -8.71841 1.91736e-18)
(-11.4258 -0.780382 1.7576e-19)
(-11.4627 -1.75102 3.13977e-20)
(-11.4233 -2.7169 7.65051e-19)
(-11.313 -3.67788 2.27193e-18)
(-11.1251 -4.62561 -4.05404e-19)
(-10.8629 -5.55679 -3.23478e-18)
(-10.5206 -6.4616 5.25736e-18)
(-10.095 -7.32962 -1.55367e-18)
(-9.57702 -8.15635 -1.28237e-18)
(-8.96492 -8.95522 -5.46323e-19)
(-11.7169 -0.710402 -4.93379e-19)
(-11.7555 -1.69882 4.71026e-19)
(-11.7211 -2.68651 1.32658e-18)
(-11.6138 -3.67148 -1.25604e-18)
(-11.4296 -4.64721 2.61131e-18)
(-11.1677 -5.60891 -3.04236e-19)
(-10.8236 -6.54763 2.62473e-19)
(-10.3943 -7.45603 1.43125e-18)
(-9.87633 -8.33247 9.67253e-19)
(-9.26996 -9.18263 4.142e-19)
(-12.0466 -0.613942 8.83739e-20)
(-12.0813 -1.61968 -9.5385e-20)
(-12.0454 -2.6276 2.25796e-18)
(-11.9367 -3.63469 -2.67864e-18)
(-11.7521 -4.63554 -4.58508e-18)
(-11.4888 -5.62481 2.33653e-18)
(-11.1431 -6.59527 -1.1692e-18)
(-10.7124 -7.54173 1.20781e-18)
(-10.1955 -8.46248 3.29332e-18)
(-9.59351 -9.35788 -3.35398e-18)
(-12.5574 -0.29787 -1.15487e-19)
(-12.5863 -1.3308 -1.74741e-18)
(-12.5455 -2.36681 2.27498e-18)
(-12.4324 -3.40247 1.204e-18)
(-12.2439 -4.43303 -3.8789e-18)
(-11.9773 -5.45323 -2.95159e-18)
(-11.6296 -6.45744 -3.06257e-19)
(-11.199 -7.44166 3.04204e-19)
(-10.6849 -8.40358 7.11385e-19)
(-10.0884 -9.34117 -1.33764e-18)
(-13.4234 -0.0458844 1.79971e-19)
(-13.4138 -1.12545 2.5843e-18)
(-13.332 -2.20195 9.1134e-19)
(-13.1761 -3.27274 -3.1952e-18)
(-12.944 -4.33272 2.99931e-18)
(-12.6339 -5.37721 -3.88022e-18)
(-12.2447 -6.40155 4.9221e-18)
(-11.7762 -7.40278 -5.70074e-18)
(-11.2288 -8.37853 -2.98805e-18)
(-10.6033 -9.32551 -8.21942e-18)
(-15.145 -3.59198 -5.65341e-20)
(-14.7966 -4.75743 -8.9163e-19)
(-14.3672 -5.89236 6.71286e-19)
(-13.8567 -6.98956 7.27006e-19)
(-13.2664 -8.04437 -1.60042e-18)
(-12.5976 -9.05041 1.50233e-18)
(-11.8531 -10.0031 -1.90928e-18)
(-11.0368 -10.8983 1.47365e-18)
(-10.1527 -11.7333 -3.71615e-18)
(-9.20435 -12.5036 4.06852e-18)
(-8.19566 -13.2031 5.98652e-18)
(-9.90217 -10.2379 -3.51824e-18)
(-9.41104 -10.2498 -3.07914e-18)
(-8.90872 -10.2248 3.9053e-18)
(-8.57865 -10.0071 -1.91502e-19)
(-8.26481 -9.73621 3.45055e-18)
(-7.95318 -9.45417 2.37574e-19)
(-7.68237 -9.17151 -2.45185e-18)
(-7.56946 -8.83845 3.99177e-18)
(-7.78796 -8.31278 -6.736e-19)
(-7.13686 -13.829 -6.47637e-18)
(-9.12672 -11.111 1.36004e-17)
(-8.65521 -11.1214 -7.27332e-19)
(-8.14517 -11.0555 -3.40481e-18)
(-7.81108 -10.7972 2.35167e-18)
(-7.49501 -10.4866 -4.75143e-18)
(-7.18357 -10.1694 4.89375e-18)
(-6.90393 -9.86435 -3.44388e-18)
(-6.7016 -9.56366 8.03696e-19)
(-6.70517 -9.16529 1.98283e-18)
(-6.03199 -14.387 3.85431e-18)
(-8.28313 -11.9421 -8.39853e-18)
(-7.82546 -11.9526 2.84435e-18)
(-7.30917 -11.8445 -1.28803e-18)
(-6.97548 -11.5464 2.06269e-18)
(-6.66356 -11.198 -1.36303e-18)
(-6.35795 -10.8464 -1.19432e-18)
(-6.0823 -10.5061 1.28244e-18)
(-5.87864 -10.1644 -2.65025e-18)
(-5.8624 -9.75284 3.00384e-18)
(-4.88676 -14.8724 -8.35097e-18)
(-7.37152 -12.7265 8.51802e-19)
(-6.92468 -12.735 2.76835e-18)
(-6.40567 -12.5825 3.08234e-18)
(-6.0778 -12.2447 -4.63997e-18)
(-5.77485 -11.8615 3.32556e-19)
(-5.47633 -11.4848 -1.72931e-18)
(-5.20052 -11.1369 -3.20276e-18)
(-4.97241 -10.8253 5.86811e-18)
(-4.88508 -10.5083 1.36912e-18)
(-3.70471 -15.2857 6.00411e-18)
(-6.39515 -13.4587 1.08887e-18)
(-5.95685 -13.4623 3.5707e-18)
(-5.44 -13.2622 -2.10149e-19)
(-5.12422 -12.8839 3.58571e-18)
(-4.83824 -12.4651 1.55794e-18)
(-4.55999 -12.0581 3.21806e-18)
(-4.30984 -11.6832 -2.95795e-18)
(-4.11031 -11.3428 -1.79266e-19)
(-4.01905 -11.0103 -1.95494e-18)
(-2.49035 -15.6226 4.14003e-18)
(-5.35563 -14.1313 -3.65873e-18)
(-4.92544 -14.1254 -6.09187e-19)
(-4.41698 -13.8748 -9.77981e-19)
(-4.11947 -13.4562 -9.64695e-19)
(-3.8553 -13.0048 -1.07512e-18)
(-3.59884 -12.5747 1.57678e-18)
(-3.36764 -12.1887 -1.77003e-18)
(-3.17228 -11.8553 1.54717e-18)
(-3.04997 -11.5578 1.05497e-19)
(-1.24781 -15.8811 -7.29248e-18)
(-4.25645 -14.7368 -2.62116e-18)
(-3.83529 -14.7163 4.25418e-18)
(-3.34284 -14.4126 -1.32406e-18)
(-3.07105 -13.954 1.66115e-18)
(-2.83642 -13.4708 -4.34731e-18)
(-2.61138 -13.0154 3.06399e-18)
(-2.41233 -12.6076 -9.81026e-19)
(-2.24272 -12.2513 1.45697e-18)
(-2.11928 -11.9318 -1.47086e-18)
(0.0181617 -16.0569 3.36677e-18)
(-3.10109 -15.2663 -1.06954e-18)
(-2.69153 -15.2261 -1.41918e-18)
(-2.22375 -14.8676 -5.25799e-19)
(-1.98458 -14.3709 3.19609e-19)
(-1.78383 -13.8603 6.89946e-19)
(-1.5906 -13.3868 -1.30532e-18)
(-1.417 -12.9705 7.62469e-19)
(-1.25727 -12.6162 1.8932e-18)
(-1.12371 -12.3132 -1.47249e-18)
(1.30248 -16.1456 2.58084e-18)
(-1.89472 -15.7111 -3.45748e-20)
(-1.50078 -15.6466 2.18766e-18)
(-1.0674 -15.2328 -1.70547e-18)
(-0.868746 -14.7003 4.63853e-19)
(-0.708721 -14.1649 -4.80516e-19)
(-0.554537 -13.6744 -2.1409e-19)
(-0.415193 -13.2461 -1.0909e-18)
(-0.279224 -12.881 1.10216e-18)
(-0.159464 -12.5681 8.00404e-19)
(2.5988 -16.1403 -4.8813e-19)
(-0.643924 -16.0614 -3.24829e-19)
(-0.270491 -15.9695 -2.33051e-19)
(0.118664 -15.5019 -7.41243e-19)
(0.26992 -14.9373 6.76617e-19)
(0.385061 -14.3821 1.86617e-19)
(0.498616 -13.8809 -4.24124e-19)
(0.605739 -13.4495 3.19064e-20)
(0.722513 -13.0888 -1.82644e-19)
(0.824342 -12.7931 2.70214e-21)
(1.40858 -11.9551 -1.61872e-20)
(0.598332 -9.3083 -4.0713e-21)
(0.1988 -6.91926 1.01772e-20)
(0.39459 -5.38428 -3.96199e-21)
(0.464612 -4.01051 -2.26408e-22)
(0.466415 -2.81531 -7.86212e-22)
(0.47144 -1.92836 1.6694e-22)
(0.454358 -1.27969 -1.70272e-22)
(0.442521 -0.835664 1.06679e-22)
(0.433668 -0.53713 5.16181e-23)
(0.434043 -0.331241 -1.63969e-22)
(0.429398 -0.188651 6.62405e-23)
(0.423261 -0.0758 -5.66973e-23)
(0.405808 0.0026302 -1.45845e-22)
(0.396593 0.0663206 2.44224e-23)
(0.403392 0.0831703 -4.61218e-23)
(0.416903 0.0827236 1.80268e-23)
(0.456168 0.0740798 1.10584e-23)
(0.491199 0.01406 -1.14052e-23)
(0.424404 0.0481943 -1.74658e-23)
(2.25978 -12.1054 1.06703e-19)
(1.22364 -9.49774 2.69256e-20)
(0.548976 -7.04758 -1.97607e-20)
(0.5561 -5.43174 4.16003e-21)
(0.567961 -4.05185 -5.66569e-21)
(0.530278 -2.84147 -7.18052e-22)
(0.497662 -1.93511 -2.59518e-22)
(0.459763 -1.2818 -3.10238e-22)
(0.435104 -0.836489 1.54804e-22)
(0.418814 -0.537999 4.71461e-23)
(0.414505 -0.331961 1.90277e-23)
(0.407426 -0.188607 4.4926e-22)
(0.399557 -0.074974 -5.64064e-22)
(0.382338 0.00365715 -1.31186e-22)
(0.373811 0.0661346 9.89353e-23)
(0.383997 0.0819083 7.05455e-23)
(0.3973 0.0804865 -1.39501e-22)
(0.437419 0.0711482 1.50702e-22)
(0.466259 0.0151642 2.70028e-23)
(0.398706 0.0506116 4.15516e-23)
(3.02842 -12.0438 -2.18739e-19)
(1.82161 -9.56654 9.16434e-20)
(0.911393 -7.15755 9.30644e-20)
(0.732018 -5.49009 -2.50406e-20)
(0.676515 -4.09681 9.8101e-22)
(0.599387 -2.87393 -4.55267e-21)
(0.528082 -1.94738 -2.3257e-22)
(0.46727 -1.28722 -6.35743e-22)
(0.429312 -0.839474 -1.8085e-22)
(0.40538 -0.540204 -2.0824e-22)
(0.396263 -0.333532 -8.68502e-23)
(0.386732 -0.189151 2.50372e-23)
(0.377291 -0.0746015 5.83065e-22)
(0.360439 0.00430958 -2.5859e-22)
(0.352738 0.0656217 -2.22046e-22)
(0.365871 0.0805097 2.19808e-22)
(0.37881 0.0782683 -4.58544e-23)
(0.419402 0.0684827 -7.8549e-23)
(0.442347 0.0165407 -1.08196e-22)
(0.375035 0.0530344 7.02479e-23)
(3.86572 -12.0514 -6.30948e-20)
(2.46141 -9.65651 1.67414e-19)
(1.30972 -7.25099 -6.84178e-20)
(0.929592 -5.53508 -1.2713e-20)
(0.791874 -4.13069 7.73102e-21)
(0.673138 -2.90515 -4.41031e-22)
(0.562871 -1.9632 1.26043e-21)
(0.477202 -1.29557 -2.79909e-22)
(0.425311 -0.844537 6.98276e-22)
(0.393483 -0.543725 5.1497e-22)
(0.379398 -0.335951 -1.13104e-21)
(0.367367 -0.190299 1.60515e-22)
(0.356477 -0.0747041 -6.66641e-23)
(0.340088 0.00457825 4.31363e-22)
(0.333294 0.064808 1.15936e-22)
(0.348932 0.0790107 -1.58801e-22)
(0.361376 0.0760938 -1.28219e-22)
(0.40214 0.0660819 -2.05474e-22)
(0.419539 0.0181318 1.73741e-22)
(0.35339 0.0554221 -1.49344e-22)
(4.64443 -11.9186 1.42821e-20)
(3.09395 -9.62217 1.70497e-20)
(1.72724 -7.25852 7.99109e-21)
(1.14287 -5.53427 2.75206e-20)
(0.910511 -4.14256 9.77937e-21)
(0.748562 -2.93119 6.48585e-21)
(0.601075 -1.98142 -2.30345e-21)
(0.489596 -1.30653 5.31713e-22)
(0.423199 -0.851536 4.16453e-22)
(0.383213 -0.548507 6.08464e-22)
(0.363978 -0.339198 -1.25896e-22)
(0.349371 -0.192056 -1.0472e-21)
(0.337115 -0.0752933 -1.2045e-22)
(0.321245 0.00446298 7.19081e-22)
(0.31539 0.0637235 4.7956e-22)
(0.333105 0.0774451 -2.19706e-22)
(0.344953 0.0739823 5.18395e-22)
(0.38566 0.0639382 6.58352e-23)
(0.397895 0.0198806 5.80964e-23)
(0.333753 0.0577371 -1.53632e-23)
(5.45933 -11.7554 -5.01149e-19)
(3.75846 -9.5044 -6.94236e-20)
(2.16587 -7.19622 4.01932e-20)
(1.36552 -5.51131 -7.23359e-20)
(1.0275 -4.15741 -2.46197e-20)
(0.822648 -2.96614 -1.87332e-20)
(0.641738 -2.00662 2.89543e-21)
(0.504471 -1.32097 6.25135e-22)
(0.42304 -0.86049 -1.08781e-21)
(0.374633 -0.554497 -5.48504e-22)
(0.350049 -0.343233 -3.5e-22)
(0.332763 -0.194405 9.84266e-22)
(0.319191 -0.0763608 -4.13838e-22)
(0.303859 0.00397905 -4.39156e-22)
(0.298936 0.0624061 -3.32529e-22)
(0.318322 0.0758467 3.89706e-22)
(0.329504 0.0719503 3.37604e-23)
(0.369988 0.06204 1.24034e-22)
(0.377462 0.0217333 -1.06224e-22)
(0.316087 0.0599461 5.48044e-23)
(6.24111 -11.431 5.02987e-19)
(4.41221 -9.3568 1.6367e-19)
(2.61012 -7.19682 -2.38044e-21)
(1.59525 -5.57483 8.83509e-20)
(1.14507 -4.24459 -2.5118e-20)
(0.898146 -3.04406 2.76409e-21)
(0.68668 -2.0508 7.84578e-21)
(0.522664 -1.34212 -1.07968e-21)
(0.425037 -0.872154 -2.98182e-21)
(0.367801 -0.561874 1.46368e-22)
(0.337646 -0.3481 -7.29882e-22)
(0.317553 -0.19736 1.21747e-21)
(0.302676 -0.0779089 -7.19795e-22)
(0.287866 0.0031388 2.11016e-21)
(0.283838 0.0608904 4.40043e-22)
(0.304524 0.0742441 -7.07673e-22)
(0.314999 0.0700079 -1.9546e-22)
(0.355148 0.0603713 -4.17032e-22)
(0.358273 0.0236385 6.83069e-23)
(0.30034 0.0620196 -5.5864e-23)
(7.04035 -11.2843 6.41878e-19)
(5.09433 -9.54605 7.26822e-20)
(3.10438 -7.48205 -1.35694e-19)
(1.86091 -5.83697 -1.71059e-20)
(1.28183 -4.45176 -3.66445e-20)
(0.986684 -3.18387 9.44449e-21)
(0.741853 -2.12254 -8.70618e-21)
(0.546475 -1.37376 1.40832e-21)
(0.429791 -0.888044 2.68827e-22)
(0.362857 -0.57129 1.70026e-21)
(0.326812 -0.354122 -2.93533e-22)
(0.30374 -0.20112 -3.2792e-23)
(0.287536 -0.0800725 -6.66849e-22)
(0.273197 0.00185916 -3.69811e-23)
(0.270003 0.0591389 -1.24914e-21)
(0.291657 0.0726179 -1.42756e-22)
(0.301411 0.0681286 2.53378e-22)
(0.341159 0.058893 4.21002e-22)
(0.340346 0.0255388 -8.73121e-23)
(0.286446 0.0639279 6.5399e-23)
(7.78098 -11.4927 -8.89759e-20)
(5.8388 -10.009 5.3908e-19)
(3.69892 -7.937 -2.14842e-19)
(2.19929 -6.18507 -1.00794e-19)
(1.4602 -4.68214 7.98027e-21)
(1.09919 -3.33054 5.1406e-21)
(0.812501 -2.20395 -5.59072e-21)
(0.578473 -1.41216 1.03801e-21)
(0.4382 -0.907567 6.66828e-22)
(0.360056 -0.582863 -4.41946e-22)
(0.317628 -0.361533 -2.27636e-21)
(0.291334 -0.205912 1.08247e-21)
(0.273735 -0.0830578 -6.42183e-22)
(0.259783 -2.70367e-05 -2.74025e-22)
(0.257349 0.057027 1.47673e-21)
(0.27968 0.0708789 -5.46441e-23)
(0.288722 0.0662353 -6.9619e-22)
(0.328033 0.057533 6.12305e-23)
(0.323686 0.0273677 -4.85121e-23)
(0.274328 0.0656417 3.78939e-23)
(8.39584 -11.1165 1.65396e-20)
(6.57135 -9.72726 6.12618e-19)
(4.31177 -7.87294 -1.23294e-19)
(2.58115 -6.1791 -1.08883e-19)
(1.66917 -4.68199 3.10404e-20)
(1.22598 -3.35654 3.2943e-20)
(0.893148 -2.24275 -1.13394e-20)
(0.617858 -1.43803 9.23192e-21)
(0.450423 -0.922869 -4.53989e-21)
(0.359474 -0.593133 3.7289e-21)
(0.31013 -0.36855 -6.8777e-22)
(0.280336 -0.210594 -1.25621e-21)
(0.261237 -0.0860606 -1.68228e-21)
(0.247554 -0.0019535 9.94637e-22)
(0.245799 0.0549396 1.6086e-22)
(0.268559 0.0692345 -4.52499e-22)
(0.276915 0.06448 4.87501e-22)
(0.315778 0.0563579 -7.32785e-23)
(0.30829 0.0291382 9.13186e-24)
(0.263896 0.0671795 -1.76555e-23)
(8.94162 -8.76568 0)
(6.91804 -7.67529 0)
(4.7147 -6.62824 0)
(2.95009 -5.46238 0)
(1.90988 -4.30849 0)
(1.3808 -3.21462 0)
(0.999078 -2.22129 0)
(0.675852 -1.44247 0)
(0.470514 -0.928077 0)
(0.360815 -0.598403 0)
(0.301651 -0.372514 0)
(0.266773 -0.212737 0)
(0.245437 -0.086751 0)
(0.231891 -0.00189768 0)
(0.230899 0.0541711 0)
(0.253905 0.0683499 0)
(0.261298 0.0631569 0)
(0.299533 0.0555211 0)
(0.288196 0.0318389 0)
(0.251453 0.0692584 0)
(8.91522 -7.65529 0)
(7.22778 -7.55149 0)
(4.81453 -6.49998 0)
(2.8038 -5.00404 0)
(1.81077 -3.74616 0)
(1.35384 -2.76882 0)
(0.995855 -1.95069 0)
(0.676571 -1.29511 0)
(0.464837 -0.850699 0)
(0.350135 -0.561626 0)
(0.286096 -0.355179 0)
(0.247495 -0.203342 0)
(0.224631 -0.0816604 0)
(0.211862 0.000245056 0)
(0.212089 0.0528522 0)
(0.235124 0.0656925 0)
(0.241575 0.0602698 0)
(0.279174 0.0534779 0)
(0.26392 0.0347077 0)
(0.238872 0.0715954 0)
(8.73038 -5.56447 0)
(6.73583 -5.0837 0)
(4.73509 -4.68131 0)
(3.21883 -4.14074 0)
(2.14013 -3.37944 0)
(1.49099 -2.5837 0)
(1.04973 -1.83553 0)
(0.698514 -1.22062 0)
(0.463041 -0.798075 0)
(0.337032 -0.529398 0)
(0.267839 -0.337865 0)
(0.226079 -0.193276 0)
(0.202431 -0.0763999 0)
(0.191041 0.00194678 0)
(0.192828 0.0506403 0)
(0.215727 0.0620636 0)
(0.221638 0.0567489 0)
(0.258763 0.0510498 0)
(0.240548 0.0371898 0)
(0.229636 0.0733746 0)
(7.44447 -4.20164 0)
(6.2112 -4.95967 0)
(4.7405 -5.04437 0)
(3.0396 -4.05607 0)
(1.92226 -2.96792 0)
(1.35347 -2.14535 0)
(0.986002 -1.5399 0)
(0.681461 -1.07151 0)
(0.454351 -0.724181 0)
(0.322322 -0.489709 0)
(0.248418 -0.317699 0)
(0.203601 -0.182358 0)
(0.179449 -0.0713078 0)
(0.169876 0.00307434 0)
(0.173547 0.0477789 0)
(0.196266 0.0579343 0)
(0.202235 0.0529546 0)
(0.239124 0.0484925 0)
(0.219188 0.0389886 0)
(0.224588 0.0741102 0)
(6.50889 -3.21459 0)
(5.77494 -3.55107 0)
(4.31168 -2.92244 0)
(3.0716 -2.56243 0)
(2.19258 -2.33608 0)
(1.48364 -1.86977 0)
(0.995375 -1.36013 0)
(0.674174 -0.951548 0)
(0.449061 -0.650182 0)
(0.309413 -0.443161 0)
(0.229518 -0.291876 0)
(0.181362 -0.168763 0)
(0.15658 -0.0656139 0)
(0.148977 0.00382333 0)
(0.154785 0.0442271 0)
(0.177423 0.0531754 0)
(0.184193 0.0487125 0)
(0.221121 0.0455312 0)
(0.200904 0.0395086 0)
(0.224099 0.0731644 0)
(5.64928 -2.32409 0)
(4.87575 -2.4927 0)
(3.86481 -2.85423 0)
(2.88321 -3.02289 0)
(1.86355 -2.38675 0)
(1.12658 -1.54223 0)
(0.797089 -1.03503 0)
(0.61504 -0.764982 0)
(0.438577 -0.553113 0)
(0.299277 -0.385801 0)
(0.212862 -0.258846 0)
(0.160945 -0.151521 0)
(0.135068 -0.0589879 0)
(0.129169 0.00406961 0)
(0.137183 0.039667 0)
(0.159953 0.0474503 0)
(0.168312 0.0436665 0)
(0.205532 0.0416939 0)
(0.186512 0.0381123 0)
(0.227815 0.0697181 0)
(4.53369 -1.55593 0)
(4.00281 -1.84789 0)
(3.32942 -2.01654 0)
(2.50207 -1.56342 0)
(1.74363 -1.05469 0)
(1.23109 -0.86725 0)
(0.911128 -0.768074 0)
(0.664848 -0.622363 0)
(0.451591 -0.455729 0)
(0.2958 -0.319876 0)
(0.20071 -0.218156 0)
(0.144408 -0.12981 0)
(0.116591 -0.0510842 0)
(0.111575 0.00363637 0)
(0.121514 0.0337455 0)
(0.144629 0.0403988 0)
(0.155246 0.0374119 0)
(0.192927 0.0364375 0)
(0.176384 0.034289 0)
(0.234585 0.0628036 0)
(3.45619 -0.991926 0)
(3.11 -1.19382 0)
(2.60724 -1.20801 0)
(2.01192 -1.18649 0)
(1.4546 -1.19118 0)
(1.01996 -1.00929 0)
(0.722602 -0.712293 0)
(0.534471 -0.477423 0)
(0.397246 -0.335162 0)
(0.282527 -0.241716 0)
(0.194217 -0.168934 0)
(0.134356 -0.102251 0)
(0.103161 -0.0409824 0)
(0.0975745 0.00262677 0)
(0.108688 0.026216 0)
(0.132207 0.0316255 0)
(0.145416 0.0294766 0)
(0.183592 0.0292026 0)
(0.170341 0.0277113 0)
(0.24266 0.0514392 0)
(2.64364 -0.529086 0)
(2.40199 -0.615626 0)
(2.09333 -0.668869 0)
(1.75167 -0.671343 0)
(1.41675 -0.552225 0)
(1.10421 -0.389385 0)
(0.834582 -0.287294 0)
(0.628192 -0.241155 0)
(0.463565 -0.203622 0)
(0.320568 -0.156454 0)
(0.207778 -0.1094 0)
(0.133538 -0.0662998 0)
(0.095839 -0.0270298 0)
(0.088182 0.00156895 0)
(0.0995458 0.0170008 0)
(0.123331 0.0207308 0)
(0.138949 0.0193808 0)
(0.177498 0.0195221 0)
(0.167621 0.0182831 0)
(0.25008 0.0348416 0)
(2.21016 -0.16699 0)
(2.02938 -0.196735 0)
(1.81747 -0.216924 0)
(1.5652 -0.211947 0)
(1.26983 -0.191257 0)
(0.960315 -0.171984 0)
(0.69769 -0.146507 0)
(0.513753 -0.112559 0)
(0.383489 -0.0781821 0)
(0.275438 -0.0514776 0)
(0.1864 -0.0341322 0)
(0.123484 -0.0211276 0)
(0.0894655 -0.00888167 0)
(0.0825869 0.000694694 0)
(0.0944308 0.00602004 0)
(0.118435 0.00736897 0)
(0.135696 0.00687369 0)
(0.17439 0.00702721 0)
(0.166975 0.00642392 0)
(0.254932 0.0125996 0)
(13.184 -0.453235 4.86102e-20)
(12.8016 -1.44585 -5.48473e-20)
(12.7857 -2.25201 -4.47027e-19)
(12.2071 -3.31274 -8.16151e-20)
(12.1661 -4.05803 3.28938e-19)
(11.3229 -5.19817 3.48756e-19)
(11.2036 -5.82952 1.04862e-18)
(9.96231 -7.11809 -6.43388e-19)
(9.8503 -7.52586 1.04734e-19)
(8.43067 -9.10973 -1.13523e-19)
(11.9621 -0.508897 -5.13931e-21)
(11.5859 -1.36715 -9.96839e-20)
(11.4687 -2.10735 3.1328e-19)
(10.983 -2.96981 2.04931e-19)
(10.848 -3.6616 2.58758e-19)
(10.2093 -4.53895 3.94954e-19)
(10.0193 -5.14667 2.94873e-19)
(9.27426 -6.03287 -8.23347e-20)
(9.26005 -6.43447 -4.38796e-19)
(8.77892 -7.32399 6.62679e-19)
(10.4549 -0.83487 1.8475e-20)
(10.1566 -1.48589 -1.92822e-20)
(9.99491 -2.01219 7.75105e-20)
(9.6873 -2.61959 -1.86341e-20)
(9.58147 -3.05248 -6.86887e-20)
(9.28588 -3.63735 -3.41184e-19)
(9.26763 -3.94484 1.31377e-19)
(9.03568 -4.53364 -1.04499e-19)
(9.11856 -4.693 5.66478e-19)
(8.93234 -5.4012 3.63821e-19)
(8.63134 -0.972446 3.14398e-20)
(8.46748 -1.38477 1.58476e-20)
(8.36659 -1.7046 -2.79882e-20)
(8.26543 -2.06584 -9.69366e-20)
(8.23674 -2.30755 5.05854e-21)
(8.18933 -2.66828 3.35169e-20)
(8.16386 -2.85427 -1.07445e-19)
(8.08551 -3.28809 2.34996e-20)
(7.95664 -3.43493 -2.31094e-19)
(7.92139 -4.01218 -3.43807e-19)
(7.24438 -0.69301 -1.39557e-20)
(7.17108 -0.944844 1.64875e-21)
(7.12196 -1.16331 9.36755e-21)
(7.07338 -1.39783 5.22053e-20)
(7.02166 -1.60158 -6.97822e-21)
(6.94111 -1.86166 -6.45046e-20)
(6.82902 -2.06856 -2.88199e-21)
(6.72031 -2.37443 8.51501e-20)
(6.62944 -2.55019 1.97898e-20)
(6.68159 -2.8905 7.1289e-20)
(6.15062 -0.542918 -1.37112e-21)
(6.09217 -0.718256 -5.36387e-21)
(6.03288 -0.887115 -5.59591e-21)
(5.96379 -1.06355 1.98176e-20)
(5.88561 -1.23177 1.07513e-20)
(5.811 -1.41336 3.68151e-20)
(5.75139 -1.56531 7.66379e-20)
(5.73269 -1.73961 -1.0471e-19)
(5.72544 -1.85498 8.83493e-20)
(5.77019 -2.04701 -3.34156e-20)
(4.97058 -0.434208 5.76473e-21)
(4.92117 -0.55114 -1.27641e-21)
(4.87512 -0.664666 -1.03551e-20)
(4.83497 -0.776863 -1.66131e-20)
(4.8005 -0.880833 -6.39982e-20)
(4.78036 -0.984889 1.25072e-20)
(4.75848 -1.07503 -2.87523e-20)
(4.75143 -1.18221 1.8533e-20)
(4.71293 -1.26333 -5.10881e-21)
(4.73229 -1.40345 -2.95123e-20)
(3.84801 -0.293716 -1.04621e-21)
(3.81895 -0.360166 -8.38131e-21)
(3.79183 -0.424762 2.93646e-21)
(3.76556 -0.488298 -4.23494e-21)
(3.73789 -0.550876 -1.16555e-21)
(3.70949 -0.614999 -8.90586e-21)
(3.67606 -0.678725 -1.41388e-21)
(3.6484 -0.748449 -1.12742e-20)
(3.61159 -0.809578 1.23395e-20)
(3.6127 -0.891843 -9.55441e-21)
(2.99927 -0.158627 1.6605e-21)
(2.97766 -0.193441 -3.14174e-21)
(2.95402 -0.228192 6.64475e-21)
(2.9284 -0.26307 -1.66773e-20)
(2.90102 -0.298027 1.2526e-20)
(2.87269 -0.33294 1.15948e-21)
(2.84351 -0.367291 -2.83094e-21)
(2.81528 -0.401523 4.34449e-21)
(2.78414 -0.433731 -2.78403e-21)
(2.76173 -0.470794 6.28319e-22)
(2.55869 -0.0549002 -2.19656e-21)
(2.54124 -0.0656583 2.19615e-21)
(2.52095 -0.0763423 2.50327e-21)
(2.49798 -0.0869354 -2.02432e-21)
(2.47241 -0.0974127 -1.2514e-20)
(2.44436 -0.107775 2.54765e-21)
(2.41389 -0.118046 1.34744e-21)
(2.38123 -0.128329 6.62262e-21)
(2.34616 -0.138435 -1.76117e-20)
(2.31067 -0.149415 -5.17366e-21)
(11.3791 6.9753 4.74085e-19)
(12.1497 6.62288 -2.82042e-19)
(12.0277 6.07225 5.95168e-19)
(12.2438 5.35269 -9.85635e-19)
(12.646 4.61239 -5.53823e-19)
(12.8392 3.80474 -2.15021e-19)
(13.0688 3.01342 1.90096e-19)
(13.0954 2.12396 5.56464e-19)
(13.2671 1.30005 5.5619e-20)
(13.1235 0.36173 -9.08392e-20)
(11.4563 7.27701 -1.23468e-18)
(11.8149 6.64123 7.09199e-19)
(11.516 5.89758 1.40758e-19)
(11.5369 5.11009 -3.62032e-19)
(11.8529 4.32331 -6.85735e-19)
(12.0201 3.50573 1.71686e-19)
(12.1526 2.72377 -2.3787e-19)
(12.1196 1.89505 -3.91123e-19)
(12.1853 1.11273 7.47089e-20)
(12.0131 0.263253 2.68904e-20)
(11.2957 6.22797 -7.46334e-19)
(11.1605 5.46233 -1.11093e-18)
(10.5726 4.63798 2.89024e-20)
(10.4743 3.8853 4.72897e-19)
(10.7079 3.17719 5.82417e-19)
(10.8652 2.46153 -3.76147e-19)
(10.9132 1.78698 1.53245e-19)
(10.8363 1.09984 -8.94406e-20)
(10.7789 0.456401 -4.05228e-20)
(10.5998 -0.225853 3.85629e-21)
(10.1027 4.42047 7.20403e-19)
(9.73199 3.67551 5.19343e-19)
(8.96494 2.99983 -4.52283e-20)
(8.75276 2.42955 -3.30084e-19)
(8.9302 1.89417 -5.59617e-20)
(9.09838 1.35896 2.02925e-20)
(9.12519 0.853452 1.46472e-19)
(9.03638 0.360629 1.32163e-20)
(8.92226 -0.0985818 -1.63503e-20)
(8.77057 -0.562979 -2.04982e-20)
(8.62605 2.92541 -2.31125e-19)
(8.23691 2.36102 7.28085e-20)
(7.53342 1.90423 -1.5306e-19)
(7.26745 1.54175 -4.7343e-20)
(7.37681 1.19347 1.34724e-20)
(7.54462 0.835424 8.03252e-20)
(7.5972 0.488834 -6.85487e-20)
(7.53694 0.161559 3.47963e-20)
(7.43578 -0.141357 -2.29302e-20)
(7.33027 -0.431108 1.52076e-20)
(7.22379 1.76248 5.15676e-20)
(6.94248 1.38411 -1.27633e-19)
(6.42253 1.0994 9.38192e-20)
(6.16954 0.888642 2.44093e-20)
(6.19978 0.687743 1.5127e-20)
(6.32175 0.468857 -2.04094e-20)
(6.38512 0.243493 1.64197e-20)
(6.36092 0.0268671 -5.37733e-20)
(6.29125 -0.174448 2.48828e-20)
(6.21562 -0.364287 -4.44548e-21)
(5.72174 0.957418 7.05392e-20)
(5.56969 0.722996 3.73968e-20)
(5.26137 0.555402 -2.64904e-20)
(5.07731 0.440296 2.10471e-20)
(5.05623 0.334677 -6.29156e-21)
(5.10923 0.213378 4.06962e-20)
(5.14522 0.0780654 5.36369e-21)
(5.13176 -0.0592526 -1.55752e-21)
(5.08366 -0.190502 -6.4425e-21)
(5.02554 -0.314997 4.85379e-21)
(4.21443 0.47346 -2.99306e-21)
(4.17297 0.345813 6.36337e-21)
(4.05442 0.254541 2.12819e-20)
(3.96724 0.192795 -2.46001e-20)
(3.93979 0.137978 3.70267e-20)
(3.94641 0.0746664 -7.67962e-21)
(3.9521 0.00113662 -1.00486e-20)
(3.94006 -0.0765424 2.04232e-20)
(3.91286 -0.152598 -5.25887e-21)
(3.87995 -0.224877 4.77693e-22)
(3.08207 0.212076 9.85397e-21)
(3.10642 0.1578 -1.14077e-20)
(3.09461 0.115668 -9.25785e-21)
(3.07449 0.0837537 -3.1099e-21)
(3.06252 0.0546618 5.56564e-21)
(3.05872 0.0229294 7.0549e-21)
(3.05589 -0.0125181 -1.97691e-20)
(3.04861 -0.0498936 1.17357e-20)
(3.03579 -0.087147 -4.94972e-21)
(3.01885 -0.123356 -2.53276e-23)
(2.52482 0.0553419 -5.37963e-21)
(2.57545 0.0415862 -1.11422e-20)
(2.59521 0.0296837 -2.81148e-20)
(2.59725 0.0194176 -1.92431e-21)
(2.5958 0.00968424 2.10221e-20)
(2.59544 -0.000384349 -8.15764e-21)
(2.59473 -0.011024 1.45191e-21)
(2.59133 -0.0220243 2.40915e-21)
(2.58412 -0.0330888 1.85887e-21)
(2.5731 -0.0440542 -2.21329e-21)
(1.01092 0.30232 0)
(1.1071 0.931753 0)
(1.34583 1.68355 0)
(1.76193 2.56223 0)
(2.15497 3.36441 0)
(2.58761 4.05512 0)
(3.28808 4.87398 0)
(4.24083 6.20873 0)
(6.46217 7.12126 0)
(8.24957 8.22719 0)
(1.01199 0.279466 0)
(1.11715 0.857896 0)
(1.33872 1.53515 0)
(1.77544 2.37749 0)
(2.23001 3.19021 0)
(2.72663 3.91392 0)
(3.50054 4.60579 0)
(4.2944 5.83999 0)
(6.72303 6.6153 0)
(8.4987 7.74197 0)
(1.00999 0.25012 0)
(1.12711 0.773712 0)
(1.32432 1.34788 0)
(1.7648 2.11732 0)
(2.30615 2.90254 0)
(2.78785 3.60927 0)
(3.7544 4.13324 0)
(4.3603 5.25468 0)
(6.72177 5.6618 0)
(8.04367 6.17053 0)
(1.00877 0.214093 0)
(1.12583 0.678049 0)
(1.32231 1.15621 0)
(1.68125 1.7791 0)
(2.32293 2.48568 0)
(2.83234 3.27485 0)
(3.84963 3.39709 0)
(4.16844 4.32971 0)
(6.93588 4.89294 0)
(6.90803 4.40208 0)
(1.01031 0.170529 0)
(1.11986 0.578036 0)
(1.30485 0.935114 0)
(1.61136 1.49889 0)
(2.19793 1.83819 0)
(2.61722 2.78951 0)
(4.16273 2.97439 0)
(3.38045 2.97997 0)
(6.79175 3.90845 0)
(6.29138 3.17793 0)
(1.02161 0.122052 0)
(1.09091 0.481246 0)
(1.33719 0.695156 0)
(1.3947 1.20261 0)
(2.30568 1.40837 0)
(1.79495 1.82081 0)
(4.24145 2.60336 0)
(2.94765 2.08148 0)
(5.77497 2.60603 0)
(5.64429 2.09504 0)
(1.04662 0.0905577 0)
(1.01963 0.357959 0)
(1.43612 0.542141 0)
(1.07019 0.779447 0)
(2.35839 1.17764 0)
(1.33457 1.01498 0)
(3.52812 1.75418 0)
(2.8668 1.53971 0)
(4.44481 1.52605 0)
(4.70442 1.27642 0)
(1.04957 0.0772142 0)
(1.00108 0.231899 0)
(1.38742 0.406264 0)
(1.06985 0.460759 0)
(1.95845 0.775609 0)
(1.52941 0.692256 0)
(2.49381 0.874315 0)
(2.56319 0.945021 0)
(3.20146 0.770262 0)
(3.69272 0.710981 0)
(1.02421 0.0543912 0)
(1.03163 0.135511 0)
(1.21605 0.232322 0)
(1.19054 0.274793 0)
(1.49741 0.366039 0)
(1.58012 0.419138 0)
(1.83824 0.379359 0)
(2.15811 0.470242 0)
(2.37102 0.332757 0)
(2.85169 0.331565 0)
(1.0066 0.0186939 0)
(1.03902 0.0459608 0)
(1.11566 0.071382 0)
(1.19912 0.0937585 0)
(1.31814 0.103863 0)
(1.48242 0.135465 0)
(1.62148 0.114413 0)
(1.85988 0.141156 0)
(2.02286 0.0928597 0)
(2.34698 0.0870308 0)
(1.00161 0.39927 -6.03402e-22)
(1.09022 1.23373 9.31956e-22)
(1.23723 2.13167 -1.18107e-21)
(1.34626 2.94921 1.17882e-21)
(1.37698 3.62583 1.41693e-22)
(1.42953 4.41593 1.57409e-23)
(1.60004 5.60445 5.96038e-23)
(1.94508 6.99778 4.77704e-21)
(2.05659 8.79354 -1.47951e-20)
(1.54138 11.0548 8.69263e-21)
(1.00119 0.387977 1.28801e-21)
(1.09109 1.20152 -3.37604e-21)
(1.25797 2.094 6.163e-22)
(1.40158 2.9259 -4.71596e-21)
(1.47159 3.60881 7.77252e-22)
(1.56362 4.37192 -2.49081e-21)
(1.77367 5.53851 1.49421e-20)
(2.24419 6.87827 -8.82801e-21)
(2.61191 8.54267 2.88593e-20)
(2.43995 10.683 -1.2395e-19)
(1.00116 0.37707 -1.67382e-21)
(1.09158 1.16946 9.5158e-21)
(1.27599 2.05394 -4.19574e-21)
(1.45304 2.89846 -8.11103e-22)
(1.56097 3.59058 -1.49238e-21)
(1.69453 4.32737 1.33771e-21)
(1.93802 5.4784 -1.29749e-20)
(2.49877 6.78722 -4.07138e-20)
(3.12688 8.36676 1.50434e-19)
(3.08909 10.6615 -6.96655e-20)
(1.00147 0.366645 5.56393e-21)
(1.09202 1.13802 -9.83638e-21)
(1.2916 2.01235 5.37704e-21)
(1.50114 2.86735 6.5265e-21)
(1.64532 3.57153 -1.0719e-21)
(1.82365 4.28143 -2.9853e-21)
(2.1027 5.4167 1.4468e-20)
(2.75456 6.6997 3.80558e-20)
(3.6334 8.10475 9.56755e-21)
(4.04038 10.1459 -8.43234e-20)
(1.00207 0.356755 -1.42746e-21)
(1.09269 1.10754 9.63916e-22)
(1.30512 1.97003 -1.81166e-21)
(1.54642 2.83299 -2.74681e-21)
(1.7246 3.55166 -1.542e-21)
(1.94852 4.23554 8.38287e-21)
(2.26244 5.35093 -7.7344e-21)
(2.96284 6.64769 1.01025e-20)
(4.09308 7.96019 3.82798e-20)
(4.59218 10.1599 -1.12015e-19)
(1.00292 0.34741 -2.89331e-23)
(1.0938 1.07827 3.90373e-21)
(1.31685 1.92769 3.68122e-22)
(1.5894 2.79621 2.27535e-22)
(1.80004 3.5312 3.55669e-21)
(2.07181 4.19291 -1.46096e-20)
(2.4362 5.27278 2.12964e-20)
(3.21002 6.57747 -6.24429e-21)
(4.57807 7.66152 -4.83711e-20)
(5.62459 9.42541 5.32233e-19)
(1.00397 0.338588 -6.30804e-21)
(1.09549 1.0504 -2.07463e-21)
(1.32716 1.88589 -3.34348e-21)
(1.63024 2.7574 -1.09259e-21)
(1.87112 3.50796 2.5726e-21)
(2.18353 4.15686 -6.59361e-21)
(2.59506 5.18387 8.35392e-21)
(3.37929 6.54935 1.28622e-20)
(4.97445 7.55441 2.61735e-19)
(6.02789 9.42387 -7.72097e-19)
(1.0052 0.33029 4.57464e-21)
(1.09783 1.02402 3.95098e-21)
(1.33636 1.845 2.61194e-21)
(1.66981 2.71974 1.0121e-21)
(1.94361 3.48399 -3.97268e-21)
(2.30017 4.13328 1.30515e-20)
(2.79238 5.08886 5.96486e-21)
(3.65666 6.4634 -1.60935e-19)
(5.45031 7.27906 -2.24821e-20)
(7.22203 8.3418 -3.28821e-19)
(1.00662 0.322612 -1.50691e-21)
(1.10074 0.999736 3.01865e-21)
(1.34515 1.80469 1.79816e-21)
(1.705 2.6789 -1.56226e-21)
(2.00811 3.45199 -5.96196e-21)
(2.38694 4.11326 1.28444e-20)
(2.93129 4.99969 -7.38496e-20)
(3.78232 6.41608 1.02414e-19)
(5.73407 7.31633 5.99969e-20)
(7.37967 8.45088 -2.06325e-19)
(1.00827 0.315308 2.04232e-21)
(1.10385 0.977885 -7.6015e-22)
(1.35487 1.7724 -1.09174e-21)
(1.74786 2.65564 -1.42968e-21)
(2.0928 3.43562 4.95315e-21)
(2.52069 4.1169 -1.01239e-20)
(3.17278 4.96879 -4.33951e-20)
(4.16198 6.30133 2.11891e-19)
(6.24634 7.12744 6.51204e-20)
(8.86427 7.25321 -4.72589e-19)
(1.00847 0.488287 -1.07767e-21)
(0.987237 1.42931 -4.26913e-22)
(0.846392 2.22723 -4.06657e-21)
(0.552143 2.89571 1.72255e-20)
(0.206936 3.62916 -4.81821e-21)
(-0.142786 4.67194 -1.14335e-20)
(-0.889685 6.04831 4.20863e-20)
(-2.37347 7.56527 -2.373e-19)
(-4.27526 9.0619 -1.12156e-19)
(-5.78385 9.98987 6.53234e-19)
(1.01073 0.485634 -2.0176e-21)
(1.00849 1.43264 -4.44972e-21)
(0.901923 2.25384 -6.91392e-21)
(0.65268 2.94566 1.54377e-20)
(0.344694 3.7 -1.02219e-20)
(0.0602499 4.75732 1.1836e-20)
(-0.532138 6.14728 6.7004e-20)
(-1.81107 7.72284 -9.12552e-20)
(-3.60493 9.39308 -3.87401e-20)
(-5.23624 10.3934 1.20138e-19)
(1.01172 0.480271 9.1943e-21)
(1.02779 1.42628 2.0647e-20)
(0.955197 2.26542 -1.23876e-20)
(0.751913 2.96455 4.75742e-21)
(0.480176 3.6948 4.62644e-21)
(0.245661 4.69772 9.4432e-21)
(-0.207396 6.00332 -3.40482e-20)
(-1.26364 7.47515 1.19119e-19)
(-2.91689 9.08481 7.61205e-21)
(-4.58214 10.2499 1.68629e-19)
(1.01143 0.473209 -1.24688e-20)
(1.04403 1.41368 -1.99534e-20)
(1.00359 2.2672 -6.5414e-21)
(0.843086 2.97014 2.22653e-21)
(0.603422 3.66554 1.08592e-20)
(0.403166 4.60888 -1.19769e-20)
(0.0604727 5.85466 1.06213e-20)
(-0.792797 7.27597 3.57203e-20)
(-2.27209 8.92951 -2.75821e-19)
(-3.84733 10.3799 8.1305e-19)
(1.01029 0.464822 4.64296e-21)
(1.05715 1.39676 -3.85345e-21)
(1.04702 2.26313 1.9445e-20)
(0.926504 2.97494 -1.7672e-21)
(0.718122 3.64847 6.03401e-21)
(0.546882 4.56012 -1.47494e-20)
(0.299323 5.80504 -8.84403e-21)
(-0.358149 7.26699 -3.0933e-20)
(-1.6283 9.04099 5.17858e-20)
(-3.11618 10.7121 -4.85162e-19)
(1.00867 0.455304 -4.25436e-21)
(1.06752 1.37615 -8.08703e-22)
(1.08649 2.25437 -4.26465e-21)
(1.00509 2.98159 -1.35007e-20)
(0.831277 3.64898 9.58126e-21)
(0.692351 4.55083 -1.85156e-21)
(0.535357 5.82158 -5.66318e-21)
(0.0740752 7.33885 4.88386e-20)
(-0.980056 9.18134 -4.20398e-20)
(-2.33023 10.8946 1.36591e-19)
(1.00688 0.444891 4.24225e-21)
(1.07556 1.35222 -8.17714e-21)
(1.12281 2.24055 1.76568e-21)
(1.08073 2.98694 5.00686e-21)
(0.945836 3.65584 1.36865e-20)
(0.843957 4.54965 -1.24639e-22)
(0.771912 5.83411 -5.57181e-21)
(0.494423 7.36959 -4.89639e-20)
(-0.343267 9.23484 -4.06605e-20)
(-1.58789 11.0719 8.8722e-21)
(1.00515 0.433841 -2.88509e-21)
(1.08157 1.32542 9.23967e-21)
(1.15619 2.22115 1.38489e-21)
(1.15342 2.98725 -8.48335e-21)
(1.06015 3.65823 -1.13033e-21)
(0.997425 4.53403 -1.36874e-21)
(1.00044 5.80757 9.83768e-21)
(0.895967 7.32717 1.73681e-21)
(0.276655 9.1917 -1.41742e-19)
(-0.760999 11.072 1.35003e-19)
(1.00363 0.422401 9.85343e-22)
(1.08581 1.29631 -4.25158e-21)
(1.18646 2.19613 1.60099e-21)
(1.22227 2.98081 -1.61464e-21)
(1.17115 3.65272 -7.34411e-21)
(1.14731 4.50151 2.80965e-21)
(1.21525 5.74842 -9.0473e-21)
(1.26998 7.23577 2.61658e-20)
(0.883219 9.11373 -3.53073e-20)
(-0.0231235 11.1874 1.38348e-19)
(1.00243 0.410806 -9.77721e-22)
(1.08858 1.26553 4.5792e-22)
(1.21346 2.16602 -2.05179e-22)
(1.28658 2.9678 1.06183e-21)
(1.27692 3.64102 5.98397e-22)
(1.29129 4.45985 -6.67646e-23)
(1.41491 5.67579 2.68665e-23)
(1.62497 7.1184 -8.17963e-21)
(1.47991 8.95924 1.56575e-20)
(0.838415 11.0364 -2.64613e-20)
(0.995677 0.0277545 0)
(0.94094 0.0767887 0)
(0.840743 0.11279 0)
(0.703064 0.132129 0)
(0.548432 0.134938 0)
(0.404937 0.125009 0)
(0.298658 0.0963193 0)
(0.244611 0.0464494 0)
(0.242391 -0.00787835 0)
(0.275786 -0.0629717 0)
(0.994372 0.0848726 0)
(0.924503 0.23459 0)
(0.79859 0.344891 0)
(0.627662 0.407593 0)
(0.434937 0.412787 0)
(0.236421 0.33748 0)
(0.0546327 0.224719 0)
(-0.0768269 0.141265 0)
(-0.205028 0.0694501 0)
(-0.357046 -0.0111729 0)
(0.992557 0.146736 0)
(0.901701 0.403592 0)
(0.741741 0.591029 0)
(0.530353 0.692363 0)
(0.293991 0.741683 0)
(0.054562 0.810373 0)
(-0.175482 0.800146 0)
(-0.559507 0.652539 0)
(-1.25164 0.666248 0)
(-1.81138 0.633715 0)
(0.991001 0.213474 0)
(0.878218 0.585603 0)
(0.675162 0.860218 0)
(0.395704 1.02216 0)
(0.0762374 1.04409 0)
(-0.223694 0.876203 0)
(-0.680267 0.848314 0)
(-1.63184 1.41226 0)
(-2.63025 1.66743 0)
(-3.19306 1.26465 0)
(0.990692 0.280484 0)
(0.866605 0.769129 0)
(0.638745 1.1286 0)
(0.347864 1.32938 0)
(0.0565558 1.41881 0)
(-0.39245 1.75369 0)
(-1.37241 2.50373 0)
(-2.54592 2.80592 0)
(-3.49915 2.37752 0)
(-4.37372 2.07112 0)
(0.991651 0.342208 0)
(0.864806 0.94132 0)
(0.610579 1.39474 0)
(0.252066 1.68637 0)
(-0.169509 1.90217 0)
(-0.75102 2.22521 0)
(-1.63167 2.56791 0)
(-2.78014 2.7969 0)
(-4.29577 3.27201 0)
(-5.37702 3.20237 0)
(0.993914 0.394642 0)
(0.877187 1.09389 0)
(0.621842 1.62916 0)
(0.259906 1.98567 0)
(-0.111858 2.2592 0)
(-0.575494 2.76341 0)
(-1.57945 3.72314 0)
(-3.25803 4.75591 0)
(-4.93975 4.99051 0)
(-6.08666 4.18113 0)
(0.996989 0.435393 0)
(0.899391 1.22244 0)
(0.653305 1.84936 0)
(0.269712 2.30903 0)
(-0.146498 2.73191 0)
(-0.684282 3.37255 0)
(-1.71246 4.20789 0)
(-3.2248 4.84078 0)
(-5.07326 5.11657 0)
(-6.71507 5.26504 0)
(1.00087 0.465416 0)
(0.928503 1.31811 0)
(0.715515 2.00337 0)
(0.35882 2.53135 0)
(-0.0164902 3.02394 0)
(-0.415851 3.76152 0)
(-1.32113 4.91915 0)
(-3.12849 6.27369 0)
(-5.2605 7.20581 0)
(-6.59752 7.23799 0)
(1.00474 0.486768 0)
(0.957564 1.40969 0)
(0.771731 2.17032 0)
(0.425716 2.78468 0)
(0.0418677 3.43051 0)
(-0.384385 4.33888 0)
(-1.27664 5.48493 0)
(-2.85146 6.5983 0)
(-4.73747 7.45386 0)
(-6.30491 7.97956 0)
(0.322932 -0.101294 -1.8067e-20)
(0.344172 -0.114743 -5.77903e-20)
(0.367265 -0.126272 -1.01892e-19)
(0.392109 -0.136289 4.83549e-21)
(0.41875 -0.14516 4.99327e-20)
(0.447128 -0.153198 -3.81556e-20)
(0.477139 -0.160689 -5.73713e-21)
(0.508697 -0.16788 7.39622e-21)
(0.541734 -0.174979 6.26301e-21)
(0.576198 -0.18215 -6.28795e-21)
(-0.437966 -0.0437712 3.371e-21)
(-0.441298 -0.0600112 -7.84785e-21)
(-0.442928 -0.0775331 8.85808e-22)
(-0.446145 -0.0957928 -8.9927e-21)
(-0.449372 -0.114835 3.73349e-20)
(-0.452176 -0.13483 2.39966e-20)
(-0.454554 -0.155889 -4.60441e-20)
(-0.456437 -0.178099 1.87607e-20)
(-0.457702 -0.20156 -8.76288e-21)
(-0.458248 -0.226444 4.15515e-21)
(-1.97823 0.502678 -1.92322e-20)
(-1.97561 0.433523 3.06873e-20)
(-1.9907 0.369269 -1.10891e-20)
(-2.00446 0.303473 -1.00103e-20)
(-2.01914 0.237308 -1.28358e-20)
(-2.03342 0.170304 9.32431e-21)
(-2.04705 0.10206 -9.96717e-21)
(-2.06029 0.0317169 1.14794e-20)
(-2.07335 -0.0413409 -1.8564e-20)
(-2.08664 -0.117636 -2.53539e-21)
(-3.43185 1.11123 -2.43552e-20)
(-3.41764 0.95856 -3.41627e-21)
(-3.45339 0.85403 7.09395e-20)
(-3.47306 0.729189 1.71315e-21)
(-3.49916 0.611928 3.27295e-20)
(-3.52444 0.48672 -5.29217e-20)
(-3.554 0.358713 -2.24965e-20)
(-3.58668 0.224622 -4.56951e-21)
(-3.62122 0.086431 -2.41912e-21)
(-3.65747 -0.056426 7.92352e-21)
(-4.58705 1.83242 1.29311e-20)
(-4.5801 1.59519 6.04788e-20)
(-4.61218 1.45431 -7.94145e-20)
(-4.64822 1.2541 -1.95495e-20)
(-4.69705 1.07771 3.84999e-20)
(-4.75592 0.87697 3.53241e-20)
(-4.81467 0.682331 2.09207e-20)
(-4.87293 0.478374 1.87698e-22)
(-4.92482 0.274599 -5.06737e-22)
(-4.97683 0.0627847 -2.01397e-21)
(-5.50897 2.74789 3.86575e-20)
(-5.55443 2.42022 -2.89989e-20)
(-5.6085 2.20938 4.22355e-20)
(-5.72978 1.9111 1.30798e-20)
(-5.81264 1.66388 -6.57303e-21)
(-5.91207 1.38075 1.55052e-20)
(-5.9727 1.12053 4.17439e-21)
(-6.04433 0.839703 3.42123e-21)
(-6.10133 0.559904 3.55199e-21)
(-6.17563 0.255497 -5.94691e-23)
(-6.35381 3.79677 1.08017e-19)
(-6.54402 3.27457 4.45716e-20)
(-6.63911 3.03744 -2.68683e-20)
(-6.84763 2.60446 -8.02376e-20)
(-6.92569 2.30451 4.3312e-21)
(-7.07779 1.89963 2.75434e-20)
(-7.15297 1.54885 1.50388e-20)
(-7.29236 1.13126 1.06811e-20)
(-7.39709 0.724092 -4.37996e-21)
(-7.54762 0.261203 -6.88652e-21)
(-6.69317 5.06524 -1.09572e-19)
(-7.08765 4.37115 -2.37774e-19)
(-7.09207 4.1045 2.15052e-20)
(-7.47757 3.50689 6.64711e-20)
(-7.58568 3.09277 1.77892e-19)
(-7.91905 2.49824 -5.97948e-20)
(-8.06101 1.98682 2.6403e-20)
(-8.34061 1.37123 -3.44198e-20)
(-8.50459 0.788754 5.55269e-21)
(-8.74962 0.134282 -1.16386e-20)
(-6.24778 6.55499 -4.16193e-19)
(-6.92444 5.76604 2.15354e-19)
(-7.01863 5.25603 9.97544e-20)
(-7.75201 4.47648 -1.80423e-19)
(-7.98591 3.82263 -1.97104e-19)
(-8.54027 3.03865 1.8145e-20)
(-8.7312 2.32599 -1.10386e-19)
(-9.1309 1.53496 -1.94395e-19)
(-9.30229 0.784897 5.86594e-20)
(-9.60152 -0.0156628 1.72956e-21)
(-5.68062 7.89662 8.82141e-19)
(-7.08617 6.54177 1.97883e-19)
(-7.19568 6.01572 -4.88363e-19)
(-8.26566 4.95216 1.05105e-18)
(-8.44396 4.25487 2.44616e-19)
(-9.14028 3.29735 2.39559e-19)
(-9.28275 2.51774 -3.94967e-20)
(-9.74821 1.59721 2.28143e-19)
(-9.87214 0.775128 -1.21239e-19)
(-10.176 -0.113972 7.25654e-20)
(0.612059 -0.189518 -6.16708e-21)
(0.649324 -0.197177 5.20898e-21)
(0.688053 -0.205199 6.60143e-21)
(0.72833 -0.213639 3.7074e-21)
(0.770209 -0.222516 -1.15027e-20)
(0.813652 -0.231828 4.83493e-20)
(0.858565 -0.241672 -5.10676e-21)
(0.905185 -0.252334 4.05777e-20)
(0.956166 -0.264081 -3.00239e-20)
(1.01568 -0.278925 -1.42599e-20)
(-0.457991 -0.253079 1.56173e-22)
(-0.456857 -0.282089 -1.23007e-20)
(-0.454693 -0.314361 2.90596e-20)
(-0.451328 -0.350523 -5.02614e-20)
(-0.446918 -0.390089 -4.68888e-20)
(-0.442411 -0.431373 2.35097e-20)
(-0.438731 -0.473431 -7.02164e-21)
(-0.434369 -0.519356 -1.10477e-20)
(-0.428678 -0.577124 -2.89287e-20)
(-0.439861 -0.653523 2.07636e-20)
(-2.10076 -0.197765 1.29849e-21)
(-2.1162 -0.282762 -1.07066e-20)
(-2.13168 -0.373586 3.54926e-20)
(-2.14311 -0.469469 -1.98613e-20)
(-2.14633 -0.566112 -2.68061e-20)
(-2.14504 -0.657459 6.76614e-20)
(-2.15644 -0.743186 -4.26419e-20)
(-2.20144 -0.836239 2.23312e-20)
(-2.27593 -0.95731 1.19028e-20)
(-2.31885 -1.10964 -1.46613e-20)
(-3.6965 -0.204023 6.89878e-21)
(-3.73938 -0.357999 -7.8904e-21)
(-3.78054 -0.519754 -1.43874e-20)
(-3.80468 -0.688738 2.07306e-21)
(-3.79645 -0.858507 3.46199e-21)
(-3.76936 -1.01827 -2.21452e-20)
(-3.7847 -1.16522 6.68901e-20)
(-3.91218 -1.32073 -5.50717e-20)
(-4.12294 -1.52267 2.20119e-20)
(-4.19489 -1.77813 5.92101e-21)
(-5.0307 -0.155901 -1.70338e-21)
(-5.0917 -0.385566 1.07553e-20)
(-5.1512 -0.626553 -3.29455e-20)
(-5.18343 -0.8809 2.2898e-21)
(-5.15196 -1.14336 -3.72033e-20)
(-5.0669 -1.40034 1.79375e-21)
(-5.03917 -1.64112 -3.8939e-20)
(-5.22849 -1.88963 6.23213e-21)
(-5.61856 -2.20399 1.63909e-20)
(-5.76395 -2.59938 -6.11641e-20)
(-6.24712 -0.063784 -4.76075e-22)
(-6.32896 -0.405303 -4.957e-21)
(-6.40426 -0.760712 -8.22966e-22)
(-6.45268 -1.13598 1.15711e-20)
(-6.41361 -1.52807 -2.99372e-20)
(-6.27217 -1.92714 -1.36022e-20)
(-6.15964 -2.31393 2.18528e-20)
(-6.34905 -2.71351 3.18525e-20)
(-6.89447 -3.20175 1.43652e-20)
(-7.11066 -3.78196 6.06788e-20)
(-7.66037 -0.21326 5.17227e-21)
(-7.77451 -0.722515 6.07767e-21)
(-7.85218 -1.23564 -1.05873e-20)
(-7.91165 -1.76982 -5.38286e-20)
(-7.87856 -2.31782 -4.05839e-20)
(-7.71564 -2.88495 1.38486e-20)
(-7.52161 -3.44558 -6.8511e-20)
(-7.64889 -4.0225 6.37099e-20)
(-8.23706 -4.68683 -3.07273e-19)
(-8.41874 -5.40686 -4.669e-19)
(-8.88207 -0.510472 8.44089e-22)
(-9.01378 -1.19485 2.39741e-20)
(-9.05807 -1.86529 4.83642e-20)
(-9.10378 -2.554 -1.01447e-19)
(-9.06243 -3.24083 -9.53547e-20)
(-8.90446 -3.95191 -3.8023e-19)
(-8.64906 -4.66027 4.70902e-20)
(-8.66939 -5.37212 3.82382e-21)
(-9.15815 -6.12094 7.6248e-19)
(-9.18795 -6.84798 4.71042e-19)
(-9.70575 -0.787741 -1.50076e-20)
(-9.83505 -1.59029 -4.66808e-20)
(-9.82315 -2.36919 2.59407e-19)
(-9.83654 -3.15929 1.49269e-19)
(-9.76274 -3.92705 2.10581e-19)
(-9.62068 -4.70651 4.4984e-19)
(-9.32873 -5.48326 2.60453e-19)
(-9.2174 -6.24193 -2.14228e-19)
(-9.5265 -6.93887 -5.03217e-19)
(-9.32199 -7.55692 9.30735e-19)
(-10.2303 -0.937271 -4.74299e-20)
(-10.3456 -1.7994 1.3158e-19)
(-10.2914 -2.62608 -3.16389e-19)
(-10.2678 -3.46445 -2.39987e-20)
(-10.1517 -4.26084 -2.60887e-19)
(-10.0193 -5.03965 -3.33702e-19)
(-9.73777 -5.79369 -1.51346e-18)
(-9.48005 -6.53167 7.45805e-19)
(-9.57165 -7.14319 -1.61006e-19)
(-9.29605 -7.53427 -1.64546e-18)
(1.03673 -0.38014 0)
(1.61228 -0.181669 0)
(1.77981 -0.287792 0)
(2.0809 -0.257531 0)
(2.42821 -0.241147 0)
(2.75693 -0.214161 0)
(3.08459 -0.181319 0)
(3.34019 -0.145831 0)
(3.53951 -0.112165 0)
(3.67388 -0.0829927 0)
(3.74889 -0.0567748 0)
(3.7937 -0.0363601 0)
(3.78958 -0.0187933 0)
(3.77443 -0.00501266 0)
(3.72786 0.00492131 0)
(3.66113 0.0145675 0)
(3.59851 0.0183326 0)
(3.47591 0.024644 0)
(3.42653 0.0261537 0)
(3.25257 0.0233047 0)
(-0.590354 -0.867578 0)
(0.675512 -0.177217 0)
(0.605359 -0.925252 0)
(0.982981 -0.634471 0)
(1.43174 -0.670678 0)
(1.83055 -0.595557 0)
(2.21148 -0.488294 0)
(2.48561 -0.373167 0)
(2.72233 -0.27232 0)
(2.86359 -0.185163 0)
(2.9724 -0.115486 0)
(3.03559 -0.0631844 0)
(3.0606 -0.0214343 0)
(3.08717 0.00641781 0)
(3.05898 0.0288277 0)
(3.05669 0.0463929 0)
(3.00084 0.0527443 0)
(2.95069 0.0674855 0)
(2.91182 0.0660651 0)
(2.80331 0.057834 0)
(-2.16947 -1.44251 0)
(-0.813252 -0.803681 0)
(-0.143708 -1.56215 0)
(-0.241521 -0.835935 0)
(0.653335 -1.2818 0)
(1.08767 -1.04348 0)
(1.46175 -0.797494 0)
(1.74682 -0.580404 0)
(1.99377 -0.404474 0)
(2.12681 -0.261094 0)
(2.25803 -0.156744 0)
(2.30926 -0.0789201 0)
(2.3681 -0.0244422 0)
(2.39658 0.0129817 0)
(2.39736 0.042079 0)
(2.42603 0.0621414 0)
(2.36872 0.0720947 0)
(2.39309 0.0893777 0)
(2.32855 0.0843906 0)
(2.28906 0.0739279 0)
(-3.49702 -2.2539 0)
(-2.81237 -1.81853 0)
(-0.526209 -2.0555 0)
(-1.34657 -1.53073 0)
(0.13624 -1.94428 0)
(0.527092 -1.42231 0)
(0.917645 -1.06211 0)
(1.23968 -0.767401 0)
(1.48885 -0.530272 0)
(1.62813 -0.34486 0)
(1.75966 -0.212372 0)
(1.7995 -0.114669 0)
(1.87564 -0.0489851 0)
(1.88482 -0.00070558 0)
(1.91349 0.0353117 0)
(1.92416 0.061482 0)
(1.88592 0.0740977 0)
(1.92584 0.098453 0)
(1.82932 0.0912455 0)
(1.86469 0.0763271 0)
(-4.3476 -3.14891 0)
(-4.45873 -3.11352 0)
(-1.2308 -3.00022 0)
(-1.71292 -2.29215 0)
(-0.411176 -2.35992 0)
(0.145068 -1.79218 0)
(0.580034 -1.337 0)
(0.921659 -0.951987 0)
(1.1635 -0.647608 0)
(1.30479 -0.420134 0)
(1.42239 -0.259046 0)
(1.45915 -0.144864 0)
(1.53415 -0.0682882 0)
(1.52935 -0.0116178 0)
(1.57062 0.0307782 0)
(1.55292 0.0612274 0)
(1.53673 0.076254 0)
(1.54824 0.109965 0)
(1.46389 0.0901433 0)
(1.55673 0.0688614 0)
(-4.86467 -4.24412 0)
(-5.23739 -4.26376 0)
(-2.14839 -4.07196 0)
(-1.82482 -3.15952 0)
(-0.736247 -2.84852 0)
(-0.0661323 -2.1782 0)
(0.383577 -1.58583 0)
(0.720276 -1.10621 0)
(0.947454 -0.741666 0)
(1.08298 -0.478335 0)
(1.18575 -0.293851 0)
(1.22305 -0.16752 0)
(1.28898 -0.0811732 0)
(1.27911 -0.0185092 0)
(1.31926 0.0305205 0)
(1.28116 0.0637279 0)
(1.27727 0.0816763 0)
(1.25944 0.119712 0)
(1.2222 0.080308 0)
(1.33574 0.0574586 0)
(-5.49273 -5.78413 0)
(-5.30465 -5.44495 0)
(-2.66582 -5.07509 0)
(-1.86995 -4.00698 0)
(-0.870625 -3.28958 0)
(-0.171317 -2.48755 0)
(0.274385 -1.78582 0)
(0.592938 -1.22957 0)
(0.800701 -0.815655 0)
(0.925454 -0.523024 0)
(1.01541 -0.320462 0)
(1.0525 -0.18477 0)
(1.10782 -0.0900533 0)
(1.09705 -0.0226798 0)
(1.12888 0.0330277 0)
(1.08053 0.0676398 0)
(1.08167 0.0875996 0)
(1.05124 0.124022 0)
(1.06559 0.0662877 0)
(1.16902 0.0472432 0)
(-6.15774 -7.38507 0)
(-5.1972 -6.68465 0)
(-2.80142 -5.94913 0)
(-1.77711 -4.70548 0)
(-0.865887 -3.70524 0)
(-0.18769 -2.75221 0)
(0.226865 -1.9513 0)
(0.515918 -1.33016 0)
(0.700438 -0.875176 0)
(0.811653 -0.558456 0)
(0.890333 -0.341532 0)
(0.925607 -0.198094 0)
(0.971112 -0.0963596 0)
(0.960366 -0.0249356 0)
(0.982035 0.036701 0)
(0.931257 0.0716292 0)
(0.934628 0.092172 0)
(0.906072 0.123419 0)
(0.958702 0.0524327 0)
(1.03679 0.0401096 0)
(-6.36383 -8.47549 0)
(-4.95055 -7.68049 0)
(-2.72941 -6.59985 0)
(-1.60054 -5.17752 0)
(-0.775181 -3.99574 0)
(-0.156861 -2.94128 0)
(0.214598 -2.07266 0)
(0.470429 -1.40722 0)
(0.631254 -0.922403 0)
(0.728324 -0.587419 0)
(0.796919 -0.359168 0)
(0.829195 -0.209077 0)
(0.866246 -0.101338 0)
(0.855368 -0.0262394 0)
(0.867888 0.0402665 0)
(0.819565 0.0749212 0)
(0.824516 0.0948363 0)
(0.805144 0.119785 0)
(0.879715 0.0408752 0)
(0.929173 0.03598 0)
(-6.36262 -8.67432 0)
(-4.6116 -8.09836 0)
(-2.53602 -6.93299 0)
(-1.40551 -5.3907 0)
(-0.669533 -4.15966 0)
(-0.108989 -3.06057 0)
(0.218834 -2.15002 0)
(0.443188 -1.45976 0)
(0.582643 -0.955989 0)
(0.666517 -0.608987 0)
(0.726178 -0.372764 0)
(0.754881 -0.21746 0)
(0.784777 -0.104719 0)
(0.773489 -0.0263742 0)
(0.778824 0.0438392 0)
(0.735482 0.0778646 0)
(0.741871 0.0961915 0)
(0.733549 0.115089 0)
(0.817441 0.0322533 0)
(0.840887 0.0341208 0)
(-6.5002 -8.02287 -8.23102e-20)
(-4.40923 -7.98338 -2.2241e-19)
(-2.42136 -7.02871 4.42491e-20)
(-1.28343 -5.42556 2.84014e-20)
(-0.610909 -4.20261 -1.21426e-21)
(-0.0791611 -3.11385 3.83674e-22)
(0.224105 -2.17883 -2.95152e-22)
(0.427614 -1.4789 -9.37156e-22)
(0.553619 -0.966007 2.9392e-22)
(0.628404 -0.613958 -1.36979e-21)
(0.681838 -0.375052 -4.53155e-22)
(0.707535 -0.218053 7.2288e-22)
(0.732458 -0.103015 3.22813e-22)
(0.720589 -0.0230414 2.4785e-22)
(0.721492 0.0487143 -1.38442e-22)
(0.682879 0.081367 5.3655e-22)
(0.690175 0.0974429 -3.34003e-22)
(0.690082 0.111519 6.12109e-23)
(0.774993 0.0272292 5.42534e-23)
(0.780311 0.0338014 -1.41772e-23)
(-5.24598 -8.97858 8.20925e-22)
(-3.77451 -8.06847 -1.91911e-19)
(-1.93825 -7.01137 7.89454e-20)
(-0.972788 -5.29152 3.37613e-20)
(-0.449999 -4.04285 -1.78118e-21)
(0.0161521 -3.00745 9.45453e-22)
(0.266121 -2.09254 -4.24991e-22)
(0.435276 -1.42362 -6.44637e-22)
(0.541515 -0.933048 -2.03211e-22)
(0.604882 -0.595475 -8.36647e-22)
(0.651895 -0.365012 1.99151e-21)
(0.67456 -0.212444 -3.79274e-22)
(0.695898 -0.0989136 6.4645e-22)
(0.683649 -0.0195859 -2.62721e-22)
(0.682025 0.0518717 -5.61902e-23)
(0.647475 0.0829622 -7.2523e-23)
(0.655622 0.0972087 2.45304e-24)
(0.66143 0.107946 -1.90029e-22)
(0.745241 0.0237047 5.31669e-24)
(0.738159 0.0338774 2.73396e-23)
(-4.92176 -9.07198 -4.21914e-19)
(-3.53944 -7.89539 -1.45102e-20)
(-1.82005 -6.99355 4.08369e-20)
(-0.847212 -5.3385 1.70565e-20)
(-0.384008 -3.99492 1.04064e-20)
(0.0608052 -2.98684 -7.46265e-23)
(0.292184 -2.0613 -5.44955e-22)
(0.439433 -1.39385 4.93567e-22)
(0.531108 -0.911338 -2.27457e-23)
(0.583979 -0.581392 3.76298e-22)
(0.624228 -0.356608 -4.27258e-22)
(0.643169 -0.207346 -4.92815e-22)
(0.660594 -0.0949638 2.90083e-22)
(0.647615 -0.0161901 -6.25845e-22)
(0.643733 0.0547716 -8.4524e-22)
(0.613659 0.0841832 -5.22898e-23)
(0.622737 0.0965236 4.44593e-22)
(0.634374 0.104048 3.33557e-22)
(0.715618 0.0205857 -1.28488e-23)
(0.697106 0.0343177 5.07896e-23)
(-3.86792 -10.0292 -3.70806e-19)
(-2.95688 -8.11766 -8.58353e-20)
(-1.47532 -6.95639 -3.80735e-20)
(-0.607507 -5.35797 3.59759e-21)
(-0.262533 -3.91338 9.25578e-21)
(0.11815 -2.93011 -5.8073e-22)
(0.320398 -2.02427 1.37947e-22)
(0.441907 -1.36542 -2.55762e-24)
(0.519993 -0.893649 2.44111e-22)
(0.563751 -0.570695 -3.96556e-22)
(0.59786 -0.350386 3.51339e-22)
(0.613061 -0.203418 -8.83164e-22)
(0.626552 -0.0916086 1.01316e-21)
(0.612653 -0.0130694 9.95924e-23)
(0.606824 0.0574251 7.07589e-22)
(0.581512 0.08516 -2.11035e-23)
(0.591543 0.0955975 -4.10658e-22)
(0.60871 0.100098 -3.40954e-22)
(0.686146 0.0180063 2.4012e-23)
(0.657307 0.0351289 -5.26153e-23)
(-3.36103 -10.1878 3.8901e-19)
(-2.60472 -8.11376 5.22971e-20)
(-1.33069 -6.85619 -3.04729e-20)
(-0.468291 -5.40309 3.91882e-20)
(-0.16959 -3.89485 5.83035e-21)
(0.1609 -2.89089 3.5079e-21)
(0.344932 -1.99885 -3.44831e-22)
(0.443311 -1.34165 -4.06987e-23)
(0.508221 -0.878298 4.15153e-22)
(0.543688 -0.561513 -3.1469e-22)
(0.572286 -0.345113 7.92292e-22)
(0.584002 -0.199993 -1.12123e-21)
(0.593748 -0.0885406 7.97337e-22)
(0.578884 -0.0101395 -9.24358e-22)
(0.571462 0.0597753 -8.13552e-22)
(0.551082 0.0858154 5.04591e-22)
(0.562031 0.0943832 -1.33349e-23)
(0.584255 0.0961043 2.84549e-22)
(0.656881 0.0159589 -1.49879e-22)
(0.61891 0.0362808 4.53737e-23)
(-2.41181 -10.8443 -8.16534e-20)
(-2.03994 -8.40258 -7.55134e-20)
(-1.05701 -6.80627 4.44123e-20)
(-0.285698 -5.41144 -1.37505e-20)
(-0.0534244 -3.88811 -2.90413e-21)
(0.206753 -2.84875 -2.68458e-21)
(0.367655 -1.97617 3.13085e-22)
(0.444269 -1.3218 1.09627e-22)
(0.496129 -0.865321 -3.64708e-22)
(0.523804 -0.553762 3.83869e-22)
(0.547332 -0.340618 7.0407e-23)
(0.555862 -0.196923 1.08495e-21)
(0.562163 -0.0856732 -3.99855e-22)
(0.546406 -0.00738033 -7.27816e-22)
(0.537777 0.0617867 4.13686e-22)
(0.52238 0.0861218 5.3778e-22)
(0.53416 0.0928805 1.65191e-22)
(0.560849 0.0921025 2.66329e-23)
(0.627908 0.0144355 5.52756e-23)
(0.582047 0.0377377 -1.31899e-23)
(-1.79143 -10.9526 1.2261e-19)
(-1.61308 -8.46678 -8.86971e-20)
(-0.880803 -6.72854 3.35942e-20)
(-0.156836 -5.40333 9.67545e-21)
(0.0514971 -3.90658 -3.36872e-21)
(0.251433 -2.81971 1.16625e-21)
(0.388297 -1.95792 -1.03446e-22)
(0.445169 -1.30604 2.82978e-22)
(0.484076 -0.854753 -4.95033e-22)
(0.504269 -0.547527 -7.33209e-22)
(0.523003 -0.336988 6.0091e-22)
(0.528608 -0.194277 5.66662e-24)
(0.531803 -0.0830487 1.48431e-22)
(0.5153 -0.00482545 -1.96285e-22)
(0.505859 0.0634401 4.15989e-22)
(0.495387 0.0860932 -4.45389e-22)
(0.50787 0.0911346 8.47906e-23)
(0.538365 0.0881609 -2.15082e-22)
(0.599329 0.0134302 9.76272e-23)
(0.546839 0.0394625 -1.24078e-22)
(-0.88908 -11.4257 1.44652e-19)
(-1.04865 -8.74871 -8.99786e-20)
(-0.62325 -6.73413 -5.62329e-20)
(-0.010941 -5.38473 1.61026e-20)
(0.161115 -3.92833 -7.43675e-22)
(0.300123 -2.80097 1.61963e-21)
(0.408004 -1.94328 3.23698e-22)
(0.446332 -1.2941 -3.86153e-22)
(0.472398 -0.846547 -1.9229e-22)
(0.485288 -0.542787 4.55619e-22)
(0.499385 -0.334244 7.61757e-23)
(0.502266 -0.192101 -2.87491e-22)
(0.502692 -0.080713 -1.61084e-22)
(0.485638 -0.00251377 1.00626e-21)
(0.475768 0.0647225 -7.08566e-22)
(0.47006 0.0857535 1.57533e-22)
(0.483083 0.0891981 7.55514e-23)
(0.516705 0.0843434 -1.88682e-22)
(0.571254 0.0129254 -8.84644e-23)
(0.513391 0.0414146 5.58692e-23)
(-0.19519 -11.544 -1.15567e-19)
(-0.55694 -8.87936 -1.92123e-20)
(-0.396791 -6.74132 1.47064e-20)
(0.113042 -5.36527 -6.33883e-21)
(0.263153 -3.95262 3.86058e-21)
(0.351728 -2.79465 1.11936e-21)
(0.427699 -1.93305 6.91945e-23)
(0.44804 -1.28582 5.99025e-22)
(0.461402 -0.840659 -5.79303e-23)
(0.46707 -0.539497 -2.27117e-22)
(0.476601 -0.332378 2.3966e-22)
(0.476897 -0.190422 -2.96335e-22)
(0.474869 -0.0787026 2.39009e-22)
(0.457476 -0.000480049 -4.46731e-22)
(0.447533 0.0656278 4.58168e-23)
(0.446338 0.0851307 -1.38492e-23)
(0.459716 0.0871202 -1.01839e-22)
(0.495806 0.0807002 1.58211e-22)
(0.5438 0.0128903 4.06715e-23)
(0.481791 0.0435507 4.03712e-23)
(0.674152 -11.8972 1.51282e-20)
(0.0380638 -9.16812 -1.48664e-21)
(-0.102744 -6.83009 -8.44979e-21)
(0.252601 -5.36489 3.62343e-21)
(0.364793 -3.97854 -6.52976e-22)
(0.407218 -2.79944 5.48821e-22)
(0.448495 -1.92782 -1.37205e-22)
(0.450596 -1.28103 -2.2616e-23)
(0.451362 -0.837045 -1.0724e-22)
(0.449805 -0.537622 -4.56114e-23)
(0.454779 -0.331379 -5.45363e-23)
(0.45258 -0.189264 5.45854e-23)
(0.448378 -0.0770533 4.45993e-23)
(0.430857 0.00124397 -6.80312e-23)
(0.42115 0.0661574 -7.0772e-24)
(0.424144 0.0842575 -2.40065e-23)
(0.437683 0.0849477 -2.72323e-23)
(0.475632 0.0772697 1.87454e-23)
(0.517079 0.0132845 -1.86161e-23)
(0.452111 0.0458257 -1.73166e-23)
)
;

boundaryField
{
    inlet
    {
        type            freestream;
        freestreamValue uniform (1 0 0);
        value           uniform (1 0 0);
    }
    outlet
    {
        type            freestream;
        freestreamValue uniform (1 0 0);
        value           nonuniform List<vector> 
40
(
(0.251453 0.0692584 0)
(0.238872 0.0715954 0)
(0.229636 0.0733746 0)
(0.224588 0.0741102 0)
(0.224099 0.0731644 0)
(0.227815 0.0697181 0)
(0.234585 0.0628036 0)
(0.24266 0.0514392 0)
(0.25008 0.0348416 0)
(0.254932 0.0125996 0)
(0.424404 0.0481943 -1.74658e-23)
(0.398706 0.0506116 4.15516e-23)
(0.375035 0.0530344 7.02479e-23)
(0.35339 0.0554221 -1.49344e-22)
(0.333753 0.0577371 -1.53632e-23)
(0.316087 0.0599461 5.48044e-23)
(0.30034 0.0620196 -5.5864e-23)
(0.286446 0.0639279 6.5399e-23)
(0.274328 0.0656417 3.78939e-23)
(0.263896 0.0671795 -1.76555e-23)
(0.780311 0.0338014 -1.41772e-23)
(0.738159 0.0338774 2.73396e-23)
(0.697106 0.0343177 5.07896e-23)
(0.657307 0.0351289 -5.26153e-23)
(0.61891 0.0362808 4.53737e-23)
(0.582047 0.0377377 -1.31899e-23)
(0.546839 0.0394625 -1.24078e-22)
(0.513391 0.0414146 5.58692e-23)
(0.481791 0.0435507 4.03712e-23)
(0.452111 0.0458257 -1.73166e-23)
(3.25257 0.0233047 0)
(2.80331 0.057834 0)
(2.28906 0.0739279 0)
(1.86469 0.0763271 0)
(1.55673 0.0688614 0)
(1.33574 0.0574586 0)
(1.16902 0.0472432 0)
(1.03679 0.0401096 0)
(0.929173 0.03598 0)
(0.840887 0.0341208 0)
)
;
    }
    top
    {
        type            symmetryPlane;
    }
    bottom
    {
        type            symmetryPlane;
    }
    cylinder
    {
        type            rotatingWallVelocity;
        origin          (0 0 0);
        axis            (0 0 1);
        omega           constant -40;
        value           nonuniform List<vector> 
80
(
(0.792638 -19.9685 1.7323e-23)
(2.35436 -19.8446 1.21601e-22)
(3.90158 -19.5988 -3.5725e-24)
(5.42481 -19.2328 7.11645e-23)
(6.91476 -18.7489 -3.81908e-22)
(8.3623 -18.1498 1.31741e-22)
(9.75859 -17.4394 1.6225e-21)
(11.0951 -16.6219 5.60215e-21)
(12.3636 -15.7024 -3.51925e-21)
(13.5564 -14.6864 -3.59614e-21)
(19.9685 -0.792638 -1.7323e-23)
(19.8446 -2.35436 -1.21601e-22)
(19.5988 -3.90158 3.5725e-24)
(19.2328 -5.42481 7.37708e-23)
(18.7489 -6.91476 -1.10891e-21)
(18.1498 -8.3623 -1.31741e-22)
(17.4394 -9.75859 -1.6225e-21)
(16.6219 -11.0951 1.13241e-21)
(15.7024 -12.3636 -4.89462e-21)
(14.6864 -13.5564 3.59614e-21)
(14.6864 13.5564 3.59614e-21)
(15.7024 12.3636 -4.89462e-21)
(16.6219 11.0951 1.13241e-21)
(17.4394 9.75859 -1.6225e-21)
(18.1498 8.3623 -1.31741e-22)
(18.7489 6.91476 -1.10891e-21)
(19.2328 5.42481 7.37708e-23)
(19.5988 3.90158 3.5725e-24)
(19.8446 2.35436 -1.21601e-22)
(19.9685 0.792638 -1.7323e-23)
(0.792638 19.9685 1.7323e-23)
(2.35436 19.8446 1.21601e-22)
(3.90158 19.5988 -3.5725e-24)
(5.42481 19.2328 7.11645e-23)
(6.91476 18.7489 -3.81908e-22)
(8.3623 18.1498 1.31741e-22)
(9.75859 17.4394 1.6225e-21)
(11.0951 16.6219 -1.13241e-21)
(12.3636 15.7024 -3.51925e-21)
(13.5564 14.6864 -3.59614e-21)
(-13.5564 14.6864 -3.59614e-21)
(-12.3636 15.7024 -3.51925e-21)
(-11.0951 16.6219 5.60215e-21)
(-9.75859 17.4394 1.6225e-21)
(-8.3623 18.1498 1.31741e-22)
(-6.91476 18.7489 -3.81908e-22)
(-5.42481 19.2328 7.11645e-23)
(-3.90158 19.5988 -3.5725e-24)
(-2.35436 19.8446 1.21601e-22)
(-0.792638 19.9685 1.7323e-23)
(-14.6864 13.5564 3.59614e-21)
(-15.7024 12.3636 -4.89462e-21)
(-16.6219 11.0951 1.13241e-21)
(-17.4394 9.75859 -1.6225e-21)
(-18.1498 8.3623 -1.31741e-22)
(-18.7489 6.91476 -1.10891e-21)
(-19.2328 5.42481 7.37708e-23)
(-19.5988 3.90158 3.5725e-24)
(-19.8446 2.35436 -1.21601e-22)
(-19.9685 0.792638 -1.7323e-23)
(-19.9685 -0.792638 -1.7323e-23)
(-19.8446 -2.35436 -1.21601e-22)
(-19.5988 -3.90158 3.5725e-24)
(-19.2328 -5.42481 -7.11645e-23)
(-18.7489 -6.91476 -1.10891e-21)
(-18.1498 -8.3623 -1.31741e-22)
(-17.4394 -9.75859 -1.6225e-21)
(-16.6219 -11.0951 1.13241e-21)
(-15.7024 -12.3636 -4.89462e-21)
(-14.6864 -13.5564 3.59614e-21)
(-13.5564 -14.6864 -3.59614e-21)
(-12.3636 -15.7024 -3.51925e-21)
(-11.0951 -16.6219 -1.13241e-21)
(-9.75859 -17.4394 1.6225e-21)
(-8.3623 -18.1498 1.31741e-22)
(-6.91476 -18.7489 -3.81908e-22)
(-5.42481 -19.2328 7.11645e-23)
(-3.90158 -19.5988 -3.5725e-24)
(-2.35436 -19.8446 1.21601e-22)
(-0.792638 -19.9685 1.7323e-23)
)
;
    }
    frontandback
    {
        type            empty;
    }
}


// ************************************************************************* //
