/*--------------------------------*- C++ -*----------------------------------*\
  =========                 |
  \\      /  F ield         | OpenFOAM: The Open Source CFD Toolbox
   \\    /   O peration     | Website:  https://openfoam.org
    \\  /    A nd           | Version:  6.0
     \\/     M anipulation  |
\*---------------------------------------------------------------------------*/
FoamFile
{
    version     2.0;
    format      ascii;
    class       volScalarField;
    location    "1.95";
    object      p;
}
// * * * * * * * * * * * * * * * * * * * * * * * * * * * * * * * * * * * * * //

dimensions      [0 2 -2 0 0 0 0];

internalField   nonuniform List<scalar> 
9600
(
-96.0696
-75.8095
-61.9717
-51.4032
-42.4824
-35.0735
-28.977
-23.9563
-19.8209
-16.417
-13.6163
-11.312
-9.41553
-7.8538
-6.56648
-5.50409
-4.62595
-3.89732
-3.2902
-2.79784
-96.1043
-75.8721
-62.0422
-51.4697
-42.5434
-35.13
-29.0299
-24.0064
-19.8688
-16.4632
-13.6612
-11.3558
-9.45853
-7.89606
-6.60802
-5.54489
-4.66592
-3.93623
-3.32774
-2.83531
-96.1587
-75.9365
-62.1119
-51.5373
-42.6063
-35.1887
-29.0852
-24.059
-19.9194
-16.5122
-13.7089
-11.4026
-9.50449
-7.94131
-6.65259
-5.58875
-4.70899
-3.97826
-3.36845
-2.87602
-96.2277
-76.0077
-62.1836
-51.6062
-42.6708
-35.2491
-29.1423
-24.1137
-19.9722
-16.5635
-13.7592
-11.452
-9.55322
-7.98945
-6.70015
-5.6357
-4.75521
-4.02348
-3.41242
-2.92009
-96.3071
-76.0851
-62.2582
-51.6768
-42.737
-35.3112
-29.2013
-24.1703
-20.0271
-16.6171
-13.8118
-11.5039
-9.6046
-8.04036
-6.75061
-5.68564
-4.80453
-4.07188
-3.45965
-2.96753
-96.394
-76.1683
-62.3364
-51.7497
-42.805
-35.3752
-29.2622
-24.2289
-20.084
-16.6729
-13.8668
-11.5583
-9.65857
-8.09399
-6.80391
-5.73856
-4.85694
-4.12347
-3.51017
-3.01839
-96.4868
-76.256
-62.4178
-51.8249
-42.8748
-35.4408
-29.3247
-24.2892
-20.1428
-16.7307
-13.9238
-11.6149
-9.71492
-8.15016
-6.8599
-5.79433
-4.91233
-4.17816
-3.56393
-3.07264
-96.5842
-76.3473
-62.5019
-51.902
-42.9462
-35.5079
-29.3887
-24.351
-20.2032
-16.7901
-13.9827
-11.6735
-9.77341
-8.20864
-6.91838
-5.85275
-4.97055
-4.23582
-3.62081
-3.13019
-96.6854
-76.4416
-62.5882
-51.9807
-43.0188
-35.576
-29.4537
-24.414
-20.2647
-16.8509
-14.0431
-11.7337
-9.83368
-8.26908
-6.97903
-5.91356
-5.03135
-4.29626
-3.68066
-3.19092
-96.7899
-76.5382
-62.6761
-52.0606
-43.0923
-35.6449
-29.5194
-24.4775
-20.327
-16.9125
-14.1044
-11.7951
-9.8953
-8.33108
-7.04145
-5.97637
-5.0944
-4.35916
-3.74321
-3.25462
-96.8974
-76.6367
-62.7652
-52.1412
-43.1661
-35.7139
-29.5852
-24.5413
-20.3896
-16.9744
-14.1662
-11.8571
-9.9577
-8.39406
-7.10511
-6.04068
-5.15923
-4.42414
-3.80812
-3.32097
-97.008
-76.7366
-62.8551
-52.222
-43.2397
-35.7825
-29.6505
-24.6046
-20.4517
-17.036
-14.2278
-11.919
-10.0202
-8.45737
-7.16934
-6.10587
-5.22526
-4.49065
-3.8749
-3.38953
-97.1217
-76.8377
-62.945
-52.3024
-43.3126
-35.8502
-29.7148
-24.6668
-20.5128
-17.0966
-14.2884
-11.98
-10.082
-8.52015
-7.23331
-6.17114
-5.29175
-4.55803
-3.94297
-3.45985
-97.2381
-76.939
-63.0345
-52.3819
-43.3843
-35.9164
-29.7775
-24.7273
-20.572
-17.1553
-14.3471
-12.0392
-10.142
-8.58137
-7.29596
-6.23541
-5.35768
-4.62535
-4.01155
-3.53148
-97.3566
-77.0395
-63.1225
-52.4601
-43.4543
-35.9806
-29.838
-24.7855
-20.6288
-17.2115
-14.4032
-12.0957
-10.1993
-8.63981
-7.35594
-6.29724
-5.42152
-4.6911
-4.07933
-3.60325
-97.479
-77.1396
-63.2088
-52.5362
-43.522
-36.0421
-29.8955
-24.8405
-20.6823
-17.2642
-14.4556
-12.1483
-10.2526
-8.6942
-7.41182
-6.355
-5.48148
-4.75337
-4.14415
-3.67204
-97.6147
-77.2436
-63.2934
-52.609
-43.5859
-36.0996
-29.9488
-24.8913
-20.7316
-17.3125
-14.5035
-12.1961
-10.3008
-8.74321
-7.4622
-6.40732
-5.53628
-4.81084
-4.2041
-3.73514
-97.7793
-77.3581
-63.3764
-52.6766
-43.6444
-36.152
-29.9973
-24.9373
-20.776
-17.3557
-14.5458
-12.2379
-10.3423
-8.78499
-7.50492
-6.45195
-5.58377
-4.86158
-4.25844
-3.79801
-97.9691
-77.481
-63.4572
-52.7392
-43.6986
-36.2009
-30.0425
-24.9798
-20.8164
-17.3944
-14.5828
-12.2733
-10.3762
-8.81751
-7.53651
-6.48336
-5.6157
-4.89524
-4.3001
-3.86487
-98.1145
-77.5891
-63.5349
-52.8007
-43.7524
-36.2497
-30.0873
-25.0214
-20.8553
-17.4308
-14.6167
-12.3044
-10.4041
-8.84171
-7.55628
-6.49741
-5.62201
-4.89453
-4.30365
-3.8808
-98.3177
-98.3487
-98.3429
-98.3434
-98.3526
-98.3608
-98.3626
-98.3575
-98.3462
-98.3295
-98.3077
-98.2813
-98.251
-98.2178
-98.1831
-98.1489
-98.1181
-98.0957
-98.0879
-98.1029
-77.7248
-77.7758
-77.8082
-77.8382
-77.8667
-77.8889
-77.9028
-77.9085
-77.907
-77.8993
-77.8859
-77.8674
-77.8446
-77.8184
-77.7898
-77.7606
-77.7323
-77.7052
-77.6807
-77.6493
-63.5946
-63.6578
-63.7106
-63.7556
-63.7925
-63.8204
-63.8397
-63.8512
-63.8557
-63.8539
-63.8464
-63.8337
-63.8165
-63.7956
-63.7721
-63.7459
-63.7167
-63.6855
-63.6496
-63.6023
-52.8192
-52.884
-52.9405
-52.9884
-53.0265
-53.0551
-53.0757
-53.0892
-53.0961
-53.0968
-53.092
-53.0821
-53.0676
-53.0499
-53.0286
-53.0023
-52.9736
-52.9422
-52.9041
-52.8585
-43.768
-43.8289
-43.8826
-43.9285
-43.9649
-43.9923
-44.0121
-44.0251
-44.0317
-44.0325
-44.0279
-44.0184
-44.0046
-43.9873
-43.9658
-43.9403
-43.9126
-43.8816
-43.8451
-43.8034
-36.287
-36.3428
-36.3923
-36.4347
-36.4681
-36.4929
-36.5105
-36.5214
-36.5263
-36.5255
-36.5195
-36.5087
-36.4944
-36.4761
-36.4533
-36.4283
-36.4013
-36.3706
-36.3355
-36.2965
-30.1571
-30.2082
-30.2533
-30.2916
-30.3214
-30.343
-30.3576
-30.3658
-30.3682
-30.3651
-30.3569
-30.3444
-30.3282
-30.3082
-30.2847
-30.2596
-30.2321
-30.2015
-30.1676
-30.1306
-25.1263
-25.1731
-25.2141
-25.2483
-25.2744
-25.2927
-25.3043
-25.3097
-25.3094
-25.3036
-25.2931
-25.2787
-25.2604
-25.2382
-25.2141
-25.1884
-25.16
-25.1296
-25.0968
-25.0617
-20.9939
-21.0371
-21.0743
-21.1047
-21.1274
-21.1426
-21.1513
-21.154
-21.151
-21.1428
-21.13
-21.1132
-21.0926
-21.0691
-21.0439
-21.0169
-20.988
-20.9579
-20.9262
-20.8929
-17.6005
-17.6404
-17.6743
-17.7013
-17.7209
-17.7334
-17.7394
-17.7396
-17.734
-17.7234
-17.7086
-17.6895
-17.6666
-17.6417
-17.6152
-17.5868
-17.5575
-17.5278
-17.4972
-17.4657
-14.8147
-14.8518
-14.8827
-14.9068
-14.9237
-14.9336
-14.9373
-14.935
-14.9272
-14.9144
-14.8973
-14.8759
-14.8512
-14.8248
-14.7965
-14.767
-14.7372
-14.7078
-14.6784
-14.6489
-12.5286
-12.5631
-12.5914
-12.6129
-12.6272
-12.6349
-12.6364
-12.6319
-12.622
-12.6071
-12.5877
-12.5642
-12.5377
-12.5093
-12.4792
-12.4485
-12.4182
-12.389
-12.3609
-12.3336
-10.6529
-10.6851
-10.7109
-10.73
-10.7421
-10.7477
-10.7471
-10.7406
-10.7286
-10.7117
-10.6901
-10.6645
-10.6362
-10.6057
-10.5737
-10.5415
-10.5105
-10.4814
-10.4546
-10.4297
-9.11395
-9.14397
-9.1676
-9.18446
-9.1945
-9.19805
-9.19546
-9.18701
-9.17311
-9.15418
-9.13047
-9.10294
-9.07255
-9.03974
-9.00566
-8.97182
-8.93963
-8.91039
-8.88495
-8.86286
-7.85097
-7.8789
-7.90039
-7.91516
-7.92321
-7.92486
-7.92038
-7.91009
-7.89433
-7.87336
-7.84771
-7.81823
-7.78554
-7.75036
-7.71399
-7.67805
-7.64425
-7.61444
-7.59028
-7.5715
-6.81362
-6.83948
-6.85889
-6.87163
-6.87776
-6.87754
-6.87124
-6.85915
-6.84156
-6.81866
-6.79108
-6.75956
-6.72455
-6.68685
-6.64791
-6.60936
-6.5733
-6.54224
-6.51897
-6.50394
-5.96032
-5.98411
-6.00147
-6.01222
-6.01644
-6.01439
-6.00629
-5.99242
-5.97299
-5.94817
-5.9187
-5.88506
-5.84757
-5.8072
-5.76527
-5.7235
-5.68429
-5.65096
-5.62764
-5.61603
-5.2563
-5.27824
-5.29375
-5.30272
-5.30525
-5.30155
-5.29182
-5.27631
-5.25518
-5.22868
-5.1974
-5.16164
-5.12178
-5.07869
-5.03352
-4.98797
-4.94462
-4.90795
-4.88383
-4.87556
-4.6728
-4.6933
-4.70745
-4.71515
-4.71652
-4.71173
-4.70099
-4.6845
-4.66236
-4.63491
-4.6026
-4.56558
-4.52423
-4.47928
-4.43162
-4.38276
-4.33507
-4.29423
-4.26911
-4.27111
-4.19066
-4.2082
-4.21963
-4.22491
-4.22412
-4.21744
-4.20503
-4.18707
-4.16367
-4.1351
-4.10174
-4.06367
-4.02115
-3.97474
-3.92501
-3.87297
-3.82015
-3.77154
-3.73559
-3.75072
-94.6196
-94.842
-95.0167
-95.2139
-95.4362
-95.6659
-95.8926
-96.1134
-96.328
-96.536
-96.7362
-96.9279
-97.1103
-97.2834
-97.4472
-97.6025
-97.7506
-97.8942
-98.0366
-98.1828
-74.056
-74.2933
-74.5132
-74.7403
-74.9751
-75.2086
-75.4356
-75.655
-75.8668
-76.071
-76.2671
-76.4544
-76.6327
-76.8019
-76.962
-77.1134
-77.2569
-77.3929
-77.5208
-77.6355
-60.0741
-60.3145
-60.5503
-60.7836
-61.013
-61.2362
-61.4525
-61.6616
-61.8633
-62.0576
-62.2439
-62.4219
-62.5914
-62.7521
-62.904
-63.047
-63.181
-63.3054
-63.418
-63.5161
-49.51
-49.7413
-49.9704
-50.1944
-50.4111
-50.6207
-50.8237
-51.0203
-51.2099
-51.3922
-51.5668
-51.7335
-51.892
-52.042
-52.1833
-52.3157
-52.4387
-52.5519
-52.6536
-52.7437
-40.6787
-40.8961
-41.1124
-41.3241
-41.5286
-41.7259
-41.9167
-42.1013
-42.2789
-42.4494
-42.6123
-42.7675
-42.9147
-43.0536
-43.1841
-43.3058
-43.4185
-43.5217
-43.6147
-43.6977
-33.399
-33.6041
-33.8085
-34.0091
-34.2027
-34.3892
-34.5692
-34.7427
-34.9095
-35.0691
-35.2212
-35.3658
-35.5025
-35.6313
-35.7519
-35.864
-35.9674
-36.062
-36.1469
-36.2228
-27.4428
-27.6381
-27.8327
-28.0235
-28.2076
-28.3847
-28.5552
-28.7192
-28.8764
-29.0265
-29.1694
-29.3048
-29.4326
-29.5526
-29.6646
-29.7684
-29.8639
-29.9509
-30.0289
-30.0984
-22.5582
-22.7458
-22.9322
-23.1147
-23.2906
-23.4597
-23.6221
-23.7781
-23.9272
-24.0694
-24.2043
-24.332
-24.4522
-24.5648
-24.6697
-24.7666
-24.8555
-24.9361
-25.0082
-25.0722
-18.548
-18.7294
-18.9092
-19.0847
-19.2538
-19.4161
-19.5718
-19.7209
-19.8632
-19.9986
-20.127
-20.2482
-20.3621
-20.4685
-20.5674
-20.6586
-20.7419
-20.8173
-20.8845
-20.9438
-15.257
-15.4335
-15.608
-15.7779
-15.9412
-16.0978
-16.2477
-16.3909
-16.5274
-16.6571
-16.7798
-16.8955
-17.0041
-17.1053
-17.1992
-17.2855
-17.3642
-17.4352
-17.4983
-17.5538
-12.5586
-12.7312
-12.9015
-13.0668
-13.2252
-13.3768
-13.5216
-13.6597
-13.7911
-13.9158
-14.0336
-14.1446
-14.2486
-14.3454
-14.435
-14.5173
-14.592
-14.6593
-14.7189
-14.771
-10.3486
-10.5181
-10.6851
-10.8466
-11.0007
-11.1477
-11.2879
-11.4214
-11.5483
-11.6685
-11.782
-11.8888
-11.9888
-12.0818
-12.1676
-12.2463
-12.3177
-12.3817
-12.4382
-12.4875
-8.54076
-8.70806
-8.87272
-9.03084
-9.18098
-9.32367
-9.45951
-9.58869
-9.71132
-9.82746
-9.9371
-10.0402
-10.1365
-10.2261
-10.3087
-10.3842
-10.4526
-10.5137
-10.5675
-10.6141
-7.06383
-7.22972
-7.39282
-7.5479
-7.69406
-7.83255
-7.96417
-8.08923
-8.20789
-8.32026
-8.42632
-8.52599
-8.61912
-8.70557
-8.78519
-8.85786
-8.92346
-8.98196
-9.03321
-9.07745
-5.85838
-6.02393
-6.1862
-6.33822
-6.48027
-6.61453
-6.74202
-6.86311
-6.97803
-7.08689
-7.18966
-7.28619
-7.37632
-7.4599
-7.53674
-7.60674
-7.66976
-7.72577
-7.77465
-7.81659
-4.87481
-5.04212
-5.20426
-5.35277
-5.4904
-5.62042
-5.74387
-5.86114
-5.97252
-6.0781
-6.17776
-6.27133
-6.35862
-6.43943
-6.5136
-6.581
-6.64151
-6.69509
-6.74164
-6.78133
-4.06891
-4.24285
-4.40624
-4.55052
-4.6834
-4.8092
-4.92873
-5.04236
-5.1504
-5.25285
-5.34955
-5.44026
-5.52476
-5.60287
-5.6744
-5.73924
-5.79726
-5.84843
-5.89267
-5.93012
-3.39596
-3.58406
-3.75235
-3.89284
-4.02119
-4.14312
-4.25911
-4.3695
-4.47455
-4.57421
-4.66823
-4.75635
-4.83834
-4.91398
-4.98312
-5.04562
-5.1014
-5.15039
-5.19255
-5.22797
-2.82742
-3.0347
-3.21151
-3.35073
-3.47561
-3.59388
-3.70653
-3.8139
-3.91617
-4.01321
-4.10473
-4.19044
-4.27009
-4.34347
-4.41044
-4.47087
-4.52467
-4.5718
-4.6122
-4.64597
-2.44366
-2.66079
-2.82548
-2.95764
-3.07561
-3.18599
-3.29147
-3.39251
-3.48884
-3.58016
-3.66616
-3.74653
-3.82102
-3.88943
-3.95164
-4.00753
-4.05703
-4.10013
-4.13676
-4.16701
0.199624
-0.170618
-0.653494
-1.25728
-2.01
-2.9457
-4.10339
-5.52963
-7.2806
-9.4241
-12.0423
-15.2348
-19.1228
-23.8544
-29.6175
-36.6534
-45.1807
-55.3752
-68.9302
-89.085
0.103646
-0.269395
-0.753014
-1.35767
-2.11132
-3.04793
-4.20661
-5.63402
-7.38644
-9.53176
-12.1522
-15.3475
-19.239
-23.9749
-29.7437
-36.7874
-45.3244
-55.5282
-69.0893
-89.2434
0.00228468
-0.37376
-0.858355
-1.46419
-2.21913
-3.15704
-4.31711
-5.74617
-7.50056
-9.64828
-12.2716
-15.4705
-19.3663
-24.1075
-29.8829
-36.9349
-45.482
-55.6943
-69.2534
-89.3899
-0.104001
-0.483167
-0.968876
-1.57607
-2.3325
-3.27189
-4.43356
-5.86446
-7.62108
-9.77149
-12.3981
-15.601
-19.5017
-24.2488
-30.0312
-37.092
-45.6499
-55.8737
-69.4373
-89.5661
-0.215083
-0.597539
-1.08453
-1.69328
-2.45136
-3.39237
-4.55576
-5.98861
-7.74751
-9.90069
-12.5306
-15.7376
-19.6432
-24.3964
-30.1862
-37.256
-45.8255
-56.0636
-69.6405
-89.7724
-0.330815
-0.716729
-1.20518
-1.81573
-2.5757
-3.51855
-4.68383
-6.11878
-7.88013
-10.0362
-12.6696
-15.8808
-19.7915
-24.551
-30.3486
-37.4279
-46.0096
-56.2635
-69.8573
-89.9982
-0.450984
-0.840504
-1.3306
-1.94318
-2.70527
-3.65015
-4.81753
-6.25478
-8.01876
-10.1779
-12.8151
-16.0306
-19.9468
-24.7129
-30.5188
-37.6083
-46.2029
-56.4731
-70.0847
-90.2373
-0.575427
-0.968682
-1.46058
-2.07542
-2.83983
-3.78695
-4.95659
-6.39631
-8.16309
-10.3255
-12.9666
-16.1868
-20.1088
-24.882
-30.6966
-37.797
-46.4052
-56.692
-70.322
-90.4879
-0.704047
-1.10114
-1.59498
-2.21228
-2.97921
-3.92872
-5.10077
-6.54308
-8.31279
-10.4786
-13.1237
-16.349
-20.2769
-25.0575
-30.8814
-37.9934
-46.6158
-56.9199
-70.569
-90.7498
-0.836819
-1.23782
-1.7337
-2.35364
-3.12324
-4.07527
-5.24984
-6.69484
-8.46757
-10.637
-13.2863
-16.5166
-20.4508
-25.2392
-31.0727
-38.1968
-46.8341
-57.1562
-70.8252
-91.022
-0.973807
-1.37871
-1.87669
-2.49939
-3.27176
-4.22638
-5.40353
-6.85127
-8.62709
-10.8001
-13.4537
-16.6893
-20.63
-25.4264
-31.27
-38.4068
-47.0597
-57.4005
-71.09
-91.3036
-1.11517
-1.52387
-2.02389
-2.64939
-3.42456
-4.38179
-5.56152
-7.01202
-8.79095
-10.9676
-13.6256
-16.8666
-20.8139
-25.6187
-31.4728
-38.6226
-47.2918
-57.6519
-71.3625
-91.5936
-1.26113
-1.67336
-2.17523
-2.80344
-3.58136
-4.54112
-5.72338
-7.17661
-8.95863
-11.1389
-13.8014
-17.0478
-21.002
-25.8153
-31.6803
-38.8438
-47.5297
-57.9099
-71.6422
-91.8912
-1.41191
-1.82716
-2.33048
-2.9612
-3.74168
-4.70385
-5.88856
-7.34445
-9.12954
-11.3135
-13.9804
-17.2324
-21.1936
-26.0157
-31.8918
-39.0694
-47.7729
-58.1738
-71.9285
-92.196
-1.56764
-1.98501
-2.48916
-3.12201
-3.90483
-4.86925
-6.0563
-7.51481
-9.30294
-11.4906
-14.162
-17.4196
-21.3879
-26.219
-32.1065
-39.2987
-48.0205
-58.4432
-72.2213
-92.5078
-1.7278
-2.14587
-2.64999
-3.28463
-4.06964
-5.03626
-6.22566
-7.6868
-9.47801
-11.6693
-14.3453
-17.6087
-21.5841
-26.4244
-32.3236
-39.5307
-48.2714
-58.7172
-72.5203
-92.8272
-1.89116
-2.30796
-2.81121
-3.44748
-4.23476
-5.2037
-6.39556
-7.85946
-9.65383
-11.8489
-14.5295
-17.7985
-21.7812
-26.6308
-32.5418
-39.764
-48.5244
-58.9952
-72.8263
-93.1557
-2.05227
-2.46514
-2.96807
-3.6074
-4.39806
-5.37004
-6.56486
-8.03183
-9.82956
-12.0285
-14.7137
-17.9885
-21.9785
-26.8373
-32.7602
-39.9976
-48.7778
-59.2751
-73.1389
-93.4969
-2.20437
-2.6134
-3.119
-3.7638
-4.55899
-5.53461
-6.73278
-8.20308
-10.0043
-12.2071
-14.897
-18.1774
-22.1745
-27.0423
-32.9769
-40.2291
-49.0284
-59.5528
-73.4567
-93.8555
-2.30459
-2.72289
-3.25374
-3.91388
-4.71656
-5.69703
-6.89922
-8.37313
-10.1779
-12.3846
-15.0789
-18.3649
-22.3688
-27.2455
-33.1915
-40.458
-49.2745
-59.8225
-73.7697
-94.2388
0.62218
0.294328
-0.192585
-0.813277
-1.58247
-2.53368
-3.70656
-5.14742
-6.91207
-9.06819
-11.6978
-14.9004
-18.7964
-23.5323
-29.2929
-36.3136
-44.8013
-54.9197
-68.3672
-88.4286
0.647263
0.313825
-0.173344
-0.786115
-1.54671
-2.49075
-3.65741
-5.0926
-6.85202
-9.00319
-11.628
-14.8256
-18.7163
-23.4464
-29.2008
-36.2151
-44.6955
-54.801
-68.225
-88.2576
0.713128
0.361828
-0.131021
-0.74458
-1.50462
-2.44715
-3.61137
-5.04352
-6.79958
-8.94722
-11.5683
-14.762
-18.6485
-23.3738
-29.1227
-36.1309
-44.6041
-54.6961
-68.0866
-88.0625
0.766497
0.409701
-0.0852377
-0.700437
-1.46173
-2.40463
-3.56826
-4.99905
-6.7532
-8.8985
-11.5169
-14.7075
-18.5905
-23.3116
-29.0555
-36.0577
-44.5241
-54.6064
-67.9751
-87.9118
0.806533
0.449019
-0.046398
-0.662171
-1.424
-2.3671
-3.53042
-4.9604
-6.71325
-8.8568
-11.473
-14.661
-18.5409
-23.2584
-28.9977
-35.9943
-44.4549
-54.532
-67.8918
-87.8084
0.83665
0.478698
-0.0165969
-0.632159
-1.3939
-2.33685
-3.49981
-4.92909
-6.68088
-8.82299
-11.4373
-14.6231
-18.5003
-23.2144
-28.9498
-35.9418
-44.3979
-54.4723
-67.8297
-87.7364
0.855823
0.497729
0.00331017
-0.61139
-1.37256
-2.31507
-3.47753
-4.90615
-6.65703
-8.79794
-11.4108
-14.5946
-18.4695
-23.181
-28.9132
-35.9016
-44.3543
-54.4272
-67.7846
-87.6867
0.863296
0.50559
0.012678
-0.600642
-1.36079
-2.30253
-3.46431
-4.8922
-6.64224
-8.78212
-11.3937
-14.576
-18.4491
-23.1585
-28.8884
-35.8742
-44.3247
-54.3972
-67.756
-87.657
0.859695
0.502602
0.0114985
-0.600149
-1.35898
-2.29966
-3.46056
-4.88765
-6.63686
-8.77583
-11.3864
-14.5675
-18.4392
-23.1471
-28.8754
-35.8597
-44.3093
-54.3825
-67.7446
-87.6477
0.846038
0.489467
0.000218247
-0.609672
-1.36705
-2.30653
-3.46643
-4.89267
-6.64108
-8.77927
-11.389
-14.5693
-18.44
-23.1469
-28.8743
-35.8581
-44.308
-54.3835
-67.7507
-87.6587
0.823211
0.466915
-0.0205805
-0.628774
-1.38471
-2.32297
-3.48185
-4.90725
-6.65495
-8.79249
-11.4016
-14.5813
-18.4515
-23.158
-28.8853
-35.8695
-44.3209
-54.4002
-67.7742
-87.6894
0.791934
0.435607
-0.0503246
-0.65698
-1.41159
-2.3487
-3.50663
-4.93127
-6.67837
-8.81544
-11.4242
-14.6036
-18.4737
-23.1803
-28.9082
-35.8938
-44.348
-54.4325
-67.8149
-87.739
0.752812
0.396121
-0.0884876
-0.693823
-1.44728
-2.38339
-3.5405
-4.96451
-6.71118
-8.84798
-11.4566
-14.6361
-18.5065
-23.2139
-28.9431
-35.931
-44.3893
-54.4804
-67.8727
-87.8073
0.706335
0.348942
-0.134608
-0.738876
-1.49141
-2.42669
-3.58315
-5.00672
-6.75315
-8.88992
-11.4987
-14.6787
-18.5499
-23.2585
-28.9898
-35.981
-44.4445
-54.5437
-67.9474
-87.894
0.652885
0.294461
-0.188299
-0.791764
-1.54361
-2.47829
-3.6343
-5.05762
-6.80403
-8.94102
-11.5503
-14.7311
-18.6035
-23.314
-29.0481
-36.0436
-44.5135
-54.6224
-68.0393
-87.9992
0.592758
0.232995
-0.249235
-0.85216
-1.60357
-2.53788
-3.69364
-5.11693
-6.86355
-9.00102
-11.6111
-14.7931
-18.6672
-23.3801
-29.1177
-36.1183
-44.596
-54.7164
-68.1484
-88.1234
0.526186
0.164798
-0.317149
-0.919791
-1.67101
-2.60518
-3.76092
-5.18439
-6.93146
-9.06968
-11.6809
-14.8644
-18.7406
-23.4565
-29.1982
-36.2048
-44.6916
-54.8255
-68.2755
-88.2677
0.453379
0.0901075
-0.391781
-0.99438
-1.74565
-2.67989
-3.83581
-5.25968
-7.00742
-9.14663
-11.7592
-14.9446
-18.8233
-23.5426
-29.2891
-36.3024
-44.7992
-54.9486
-68.4206
-88.4345
0.374502
0.00909596
-0.472955
-1.07575
-1.8273
-2.76183
-3.91816
-5.34263
-7.09125
-9.23168
-11.8459
-15.0334
-18.915
-23.6381
-29.3898
-36.4103
-44.9175
-55.0836
-68.5828
-88.6266
0.289755
-0.0780138
-0.560429
-1.16366
-1.91575
-2.85082
-4.0078
-5.43314
-7.18292
-9.32489
-11.9411
-15.1311
-19.016
-23.7434
-29.5008
-36.5291
-45.0465
-55.2284
-68.7571
-88.8488
0.727769
0.702943
0.615468
0.507304
0.386765
0.258491
0.124254
-0.0146678
-0.157231
-0.302394
-0.449076
-0.596134
-0.742376
-0.886576
-1.02751
-1.16396
-1.29478
-1.4189
-1.5354
-1.64363
0.305052
0.2722
0.196626
0.0956781
-0.0211192
-0.147925
-0.282011
-0.421548
-0.565179
-0.711679
-0.859856
-1.0085
-1.15639
-1.30226
-1.44487
-1.58302
-1.71554
-1.84137
-1.95958
-2.06957
-0.199816
-0.244616
-0.319636
-0.417753
-0.532246
-0.658037
-0.792085
-0.932247
-1.07692
-1.22473
-1.37437
-1.52459
-1.67413
-1.82171
-1.96612
-2.10615
-2.24068
-2.36864
-2.48916
-2.60167
-0.836496
-0.887884
-0.963791
-1.06046
-1.17311
-1.29769
-1.43123
-1.57149
-1.71669
-1.86533
-2.01602
-2.16744
-2.31829
-2.4673
-2.61323
-2.7549
-2.8912
-3.02108
-3.14368
-3.25854
-1.62041
-1.67802
-1.75593
-1.85247
-1.96433
-2.08826
-2.22156
-2.36201
-2.50779
-2.65728
-2.80903
-2.96167
-3.11386
-3.26432
-3.41181
-3.55515
-3.69324
-3.82505
-3.94975
-4.06696
-2.58259
-2.64648
-2.72748
-2.82507
-2.9371
-3.06102
-3.19448
-3.33536
-3.48184
-3.63228
-3.78516
-3.93909
-4.09269
-4.24468
-4.39381
-4.53892
-4.6789
-4.81274
-4.93964
-5.05932
-3.76377
-3.83346
-3.91808
-4.01752
-4.13047
-4.25493
-4.3889
-4.53042
-4.67774
-4.82919
-4.98327
-5.13854
-5.29362
-5.44721
-5.59808
-5.74504
-5.88702
-6.02299
-6.1522
-6.27448
-5.21143
-5.28643
-5.37486
-5.47669
-5.59113
-5.71661
-5.85145
-5.99387
-6.14219
-6.2948
-6.45018
-6.6069
-6.76357
-6.91888
-7.0716
-7.22058
-7.36469
-7.50293
-7.6346
-7.75965
-6.98204
-7.06202
-7.15434
-7.25895
-7.37536
-7.50234
-7.63843
-7.78206
-7.93164
-8.08562
-8.2425
-8.40086
-8.55932
-8.71656
-8.87137
-9.02257
-9.16904
-9.30977
-9.44412
-9.57219
-9.14365
-9.22842
-9.32473
-9.43245
-9.55129
-9.68022
-9.81802
-9.96325
-10.1144
-10.2701
-10.4288
-10.5891
-10.7497
-10.9092
-11.0664
-11.2202
-11.3694
-11.5129
-11.6503
-11.7817
-11.7786
-11.8681
-11.9685
-12.0797
-12.2014
-12.3328
-12.4728
-12.6202
-12.7734
-12.9313
-13.0923
-13.255
-13.4181
-13.5804
-13.7405
-13.8973
-14.0497
-14.1965
-14.3373
-14.4727
-14.9866
-15.0809
-15.1857
-15.3007
-15.4258
-15.5602
-15.703
-15.853
-16.009
-16.1696
-16.3335
-16.4993
-16.6657
-16.8313
-16.995
-17.1556
-17.3118
-17.4626
-17.6075
-17.7475
-18.8882
-18.9876
-19.0971
-19.2162
-19.3452
-19.4832
-19.6295
-19.783
-19.9425
-20.1067
-20.2743
-20.444
-20.6144
-20.7844
-20.9526
-21.1178
-21.2788
-21.4343
-21.5842
-21.7296
-23.6301
-23.7348
-23.8491
-23.9729
-24.1063
-24.2486
-24.3992
-24.5569
-24.7208
-24.8896
-25.0619
-25.2365
-25.4121
-25.5874
-25.7613
-25.9323
-26.0992
-26.2606
-26.4166
-26.5685
-29.3971
-29.5071
-29.6266
-29.7554
-29.8937
-30.041
-30.1966
-30.3596
-30.5289
-30.7034
-30.8817
-31.0625
-31.2446
-31.4266
-31.6075
-31.7858
-31.9601
-32.129
-32.2924
-32.452
-36.4242
-36.5397
-36.6645
-36.7984
-36.9419
-37.0947
-37.2561
-37.4252
-37.6011
-37.7826
-37.9682
-38.1567
-38.3468
-38.5373
-38.7269
-38.9144
-39.098
-39.2761
-39.4484
-39.6168
-44.9192
-45.0402
-45.1693
-45.3073
-45.4553
-45.6133
-45.7809
-45.957
-46.1406
-46.3302
-46.5247
-46.7225
-46.9224
-47.123
-47.3231
-47.5214
-47.7161
-47.9055
-48.0887
-48.2678
-55.0452
-55.1673
-55.2949
-55.4327
-55.5828
-55.7452
-55.9188
-56.1023
-56.2942
-56.4931
-56.6975
-56.9059
-57.1169
-57.3291
-57.5409
-57.751
-57.9587
-58.1631
-58.363
-58.5578
-68.4806
-68.5833
-68.696
-68.8276
-68.9769
-69.1423
-69.3215
-69.5122
-69.7126
-69.921
-70.1358
-70.3554
-70.5785
-70.8034
-71.0284
-71.2526
-71.4775
-71.7061
-71.9365
-72.1548
-88.4642
-88.5147
-88.606
-88.7292
-88.8776
-89.0453
-89.229
-89.4258
-89.6336
-89.8506
-90.075
-90.3056
-90.5411
-90.7799
-91.0206
-91.2629
-91.5114
-91.7742
-92.0486
-92.2931
-1.74319
-1.83329
-1.91417
-1.98596
-2.04918
-2.1045
-2.15276
-2.19503
-2.23253
-2.26647
-2.29793
-2.328
-2.35758
-2.38727
-2.41731
-2.44683
-2.47201
-2.4836
-2.45914
-2.38174
-2.17097
-2.26292
-2.34568
-2.41935
-2.48446
-2.54165
-2.59171
-2.6356
-2.6746
-2.7099
-2.74237
-2.77306
-2.80281
-2.83198
-2.86035
-2.88727
-2.91117
-2.92227
-2.89395
-2.83914
-2.70588
-2.80081
-2.8868
-2.9639
-3.0326
-3.09355
-3.14744
-3.19515
-3.23792
-3.27688
-3.3128
-3.34658
-3.37902
-3.41038
-3.44033
-3.46835
-3.4935
-3.50874
-3.49734
-3.47255
-3.36538
-3.46312
-3.55216
-3.6325
-3.70464
-3.76916
-3.82675
-3.87813
-3.92448
-3.96695
-4.00618
-4.04291
-4.07786
-4.11119
-4.14258
-4.17149
-4.19669
-4.21298
-4.21274
-4.20841
-4.17643
-4.27695
-4.36898
-4.4525
-4.52796
-4.59593
-4.65704
-4.71195
-4.76165
-4.80732
-4.84963
-4.88899
-4.92608
-4.96103
-4.99351
-5.02303
-5.04818
-5.06516
-5.07162
-5.0783
-5.17153
-5.27495
-5.37006
-5.45682
-5.53567
-5.6071
-5.67177
-5.73015
-5.78313
-5.83199
-5.87723
-5.91906
-5.95814
-5.99459
-6.02812
-6.05832
-6.08392
-6.10246
-6.114
-6.12659
-6.38958
-6.496
-6.59431
-6.6844
-6.76669
-6.84164
-6.90985
-6.97174
-7.02799
-7.07991
-7.12801
-7.17227
-7.21332
-7.25131
-7.28603
-7.31716
-7.34372
-7.36437
-7.38015
-7.39663
-7.87782
-7.98739
-8.08901
-8.18254
-8.26836
-8.34689
-8.41868
-8.48407
-8.54367
-8.59868
-8.64959
-8.69637
-8.73952
-8.77925
-8.81543
-8.84786
-8.87586
-8.89886
-8.9182
-8.93776
-9.69367
-9.80661
-9.91174
-10.0089
-10.0984
-10.1806
-10.2561
-10.3252
-10.3883
-10.4464
-10.5003
-10.5499
-10.5954
-10.6372
-10.6753
-10.7094
-10.7394
-10.7648
-10.7873
-10.8096
-11.9069
-12.0235
-12.1325
-12.2335
-12.327
-12.4132
-12.4926
-12.5656
-12.6324
-12.6939
-12.7512
-12.8039
-12.8521
-12.8965
-12.9369
-12.9734
-13.0056
-13.0338
-13.0591
-13.0841
-14.6021
-14.7228
-14.836
-14.9413
-15.0391
-15.1296
-15.2133
-15.2906
-15.3617
-15.4271
-15.4878
-15.5441
-15.5959
-15.6432
-15.6866
-15.7259
-15.761
-15.7921
-15.8204
-15.8484
-17.8817
-18.0072
-18.1251
-18.2352
-18.3378
-18.4331
-18.5216
-18.6036
-18.6795
-18.7493
-18.8141
-18.8747
-18.9304
-18.9814
-19.0284
-19.0713
-19.1098
-19.1442
-19.1758
-19.2071
-21.8695
-22.0004
-22.1237
-22.2392
-22.3472
-22.4479
-22.5418
-22.6291
-22.7103
-22.7854
-22.855
-22.9201
-22.9806
-23.0364
-23.0877
-23.1348
-23.1775
-23.2158
-23.2511
-23.2865
-26.7151
-26.8522
-26.9816
-27.1031
-27.2172
-27.3239
-27.4238
-27.5172
-27.6043
-27.6855
-27.7606
-27.8309
-27.8974
-27.9586
-28.015
-28.0674
-28.1152
-28.1581
-28.1979
-28.2381
-32.6062
-32.7503
-32.8864
-33.0147
-33.1355
-33.2489
-33.3555
-33.4555
-33.5493
-33.6371
-33.7189
-33.7956
-33.8681
-33.9359
-33.9989
-34.0576
-34.1116
-34.1604
-34.2057
-34.2514
-39.7795
-39.9314
-40.0751
-40.2106
-40.3386
-40.4593
-40.5731
-40.6804
-40.7815
-40.8768
-40.9662
-41.0498
-41.1293
-41.2052
-41.2759
-41.342
-41.4038
-41.4599
-41.5115
-41.5632
-48.4408
-48.6015
-48.7529
-48.8956
-49.0308
-49.1589
-49.2804
-49.3955
-49.5046
-49.6079
-49.7055
-49.7975
-49.8852
-49.9691
-50.0485
-50.1234
-50.194
-50.2587
-50.3182
-50.3772
-58.7426
-58.9106
-59.0672
-59.2155
-59.357
-59.4924
-59.6215
-59.7447
-59.8621
-59.9737
-60.0798
-60.1807
-60.2766
-60.3687
-60.4569
-60.5402
-60.62
-60.6975
-60.7725
-60.845
-72.3409
-72.5051
-72.6598
-72.8105
-72.9569
-73.0987
-73.2352
-73.3659
-73.4909
-73.6102
-73.7241
-73.8332
-73.9379
-74.0383
-74.1349
-74.2287
-74.3234
-74.4269
-74.5387
-74.6365
-92.4409
-92.5812
-92.7293
-92.8804
-93.0307
-93.1776
-93.3197
-93.4563
-93.5874
-93.7131
-93.834
-93.9512
-94.0654
-94.1774
-94.2874
-94.3982
-94.5196
-94.6675
-94.8397
-94.9682
-94.9416
-74.6878
-60.9088
-50.4338
-41.6134
-34.2963
-28.278
-23.3217
-19.2385
-15.8764
-13.1095
-10.8328
-8.95942
-7.41737
-6.14727
-5.0996
-4.23121
-3.50562
-2.90749
-2.43989
-94.9125
-74.712
-60.9538
-50.4793
-41.655
-34.3341
-28.312
-23.3522
-19.2659
-15.9014
-13.1325
-10.8543
-8.97995
-7.4377
-6.16834
-5.12267
-4.25917
-3.54693
-2.97556
-2.52176
-94.908
-74.731
-60.99
-50.5193
-41.693
-34.3688
-28.3435
-23.3807
-19.2917
-15.925
-13.1543
-10.8747
-8.9995
-7.45682
-6.18747
-5.14233
-4.28034
-3.57081
-2.99972
-2.53736
-94.9209
-74.7551
-61.0236
-50.556
-41.7281
-34.4011
-28.3728
-23.4072
-19.3157
-15.9469
-13.1745
-10.8936
-9.01731
-7.47384
-6.20391
-5.15842
-4.29642
-3.58665
-3.01195
-2.5407
-94.9456
-74.7845
-61.0577
-50.5914
-41.762
-34.4321
-28.4008
-23.4325
-19.3386
-15.9677
-13.1935
-10.9112
-9.03355
-7.48884
-6.21767
-5.17085
-4.30739
-3.59545
-3.01607
-2.53858
-94.9778
-74.819
-61.0936
-50.6268
-41.7952
-34.4623
-28.428
-23.4569
-19.3606
-15.9876
-13.2117
-10.9277
-9.04864
-7.5025
-6.22986
-5.18147
-4.31635
-3.6023
-3.01904
-2.53733
-95.0156
-74.8575
-61.1317
-50.663
-41.8286
-34.4924
-28.4549
-23.481
-19.3823
-16.0072
-13.2294
-10.9438
-9.06318
-7.51556
-6.2414
-5.19145
-4.32476
-3.60896
-3.02267
-2.53821
-95.058
-74.8997
-61.1723
-50.7006
-41.8626
-34.5228
-28.482
-23.5051
-19.4039
-16.0267
-13.2471
-10.9599
-9.07779
-7.52875
-6.25318
-5.20185
-4.3339
-3.61676
-3.02815
-2.54187
-95.1045
-74.9452
-61.2154
-50.7399
-41.8977
-34.554
-28.5096
-23.5297
-19.426
-16.0467
-13.2653
-10.9765
-9.09298
-7.54263
-6.26581
-5.21331
-4.34434
-3.6262
-3.03573
-2.54824
-95.1551
-74.9941
-61.2611
-50.7812
-41.9343
-34.5863
-28.5382
-23.5552
-19.4489
-16.0674
-13.2843
-10.994
-9.10917
-7.55763
-6.27972
-5.22622
-4.35643
-3.63748
-3.04547
-2.55712
-95.21
-75.0464
-61.3096
-50.8247
-41.9726
-34.62
-28.5681
-23.5818
-19.4729
-16.0893
-13.3045
-11.0127
-9.1267
-7.57407
-6.29517
-5.2408
-4.37031
-3.65066
-3.05726
-2.56827
-95.2698
-75.1025
-61.3611
-50.8706
-42.0129
-34.6554
-28.5994
-23.6099
-19.4983
-16.1127
-13.3261
-11.033
-9.1458
-7.59217
-6.31236
-5.25719
-4.38605
-3.66573
-3.07102
-2.58152
-95.3349
-75.1625
-61.4157
-50.9191
-42.0554
-34.6927
-28.6325
-23.6396
-19.5254
-16.1376
-13.3494
-11.055
-9.16667
-7.61208
-6.33142
-5.27548
-4.40369
-3.68268
-3.08669
-2.59673
-95.4055
-75.2265
-61.4737
-50.9704
-42.1003
-34.7322
-28.6676
-23.6712
-19.5543
-16.1645
-13.3746
-11.0788
-9.18947
-7.63395
-6.35246
-5.29576
-4.42331
-3.70155
-3.10425
-2.61389
-95.4819
-75.2944
-61.5349
-51.0249
-42.148
-34.7741
-28.7049
-23.705
-19.5853
-16.1934
-13.4018
-11.1048
-9.21436
-7.65793
-6.3756
-5.31814
-4.44498
-3.72241
-3.12377
-2.63303
-95.5651
-75.3664
-61.5993
-51.0822
-42.1983
-34.8183
-28.7444
-23.7409
-19.6185
-16.2245
-13.4314
-11.133
-9.24153
-7.68418
-6.40101
-5.34274
-4.46882
-3.74537
-3.14536
-2.65426
-95.661
-75.4451
-61.6669
-51.1416
-42.2503
-34.8641
-28.7856
-23.7787
-19.6537
-16.2577
-13.4631
-11.1635
-9.27105
-7.71282
-6.42882
-5.36974
-4.49501
-3.7706
-3.16918
-2.67774
-95.7789
-75.5345
-61.7375
-51.2015
-42.3026
-34.9105
-28.8275
-23.8175
-19.6902
-16.2925
-13.4966
-11.196
-9.30265
-7.74364
-6.45889
-5.39905
-4.52354
-3.79816
-3.19533
-2.70358
-95.918
-75.6352
-61.8127
-51.264
-42.3575
-34.9596
-28.8722
-23.8588
-19.7292
-16.3297
-13.5323
-11.2307
-9.33652
-7.77676
-6.49128
-5.43071
-4.55443
-3.82807
-3.22387
-2.73192
-96.0376
-75.7342
-61.8931
-51.3326
-42.4187
-35.0151
-28.9229
-23.9058
-19.7732
-16.3715
-13.5725
-11.2695
-9.37416
-7.81343
-6.52705
-5.46559
-4.58841
-3.86096
-3.25534
-2.76322
-1.59598
-0.818447
-0.495338
-0.304253
-0.20826
-0.140936
-0.0960181
-0.0612511
-0.0348478
-0.0153978
-0.00226907
0.00558736
0.00951722
0.0108323
0.0106066
0.00958689
0.00824888
0.00686051
0.00556268
0.00441652
0.00344595
0.00264749
0.002003
0.00149692
0.00110343
0.000803081
0.000576619
0.000410149
0.000288201
0.000198611
0.000135394
9.28412e-05
6.1975e-05
4.21802e-05
2.88943e-05
2.21166e-05
1.33306e-05
1.06489e-05
1.2703e-06
7.6942e-06
-1.64499
-0.838623
-0.512366
-0.310803
-0.211207
-0.140789
-0.0949224
-0.0599834
-0.0340213
-0.0151182
-0.00248567
0.0050159
0.0087198
0.00991094
0.00963293
0.00861056
0.00730182
0.00596346
0.00472848
0.00365092
0.00275194
0.00202344
0.00144712
0.0010056
0.000671837
0.000426314
0.000250488
0.000129881
4.88717e-05
-3.74838e-06
-3.53007e-05
-4.87181e-05
-5.50236e-05
-5.18973e-05
-4.66762e-05
-3.59562e-05
-3.07151e-05
-1.79012e-05
-1.58395e-05
3.30015e-06
-1.69774
-0.862236
-0.531786
-0.319465
-0.21571
-0.141983
-0.0948545
-0.0595155
-0.0337836
-0.0152674
-0.00300902
0.00422688
0.00776981
0.00888372
0.00858646
0.00758431
0.00632078
0.00504342
0.00387851
0.00287496
0.00205058
0.00139464
0.000887953
0.000511651
0.000238352
4.83749e-05
-7.66418e-05
-0.00015143
-0.000191349
-0.000207079
-0.000206352
-0.000190965
-0.000172257
-0.000146687
-0.000122503
-9.45642e-05
-7.46708e-05
-4.72746e-05
-3.27253e-05
-1.24805e-06
-1.75439
-0.889419
-0.553719
-0.33037
-0.22185
-0.144582
-0.0958567
-0.0598749
-0.0341506
-0.0158538
-0.0038426
0.00321958
0.00666792
0.00775192
0.00746856
0.00650934
0.00530666
0.00410087
0.00301287
0.00208842
0.00134154
0.000760701
0.000325151
1.49254e-05
-0.000196979
-0.000330578
-0.000404517
-0.000433442
-0.000432065
-0.000410938
-0.000377337
-0.000333494
-0.000289355
-0.000241843
-0.000198284
-0.000153437
-0.000118348
-7.7315e-05
-5.02741e-05
-5.57175e-06
-1.81508
-0.92028
-0.578251
-0.343634
-0.229697
-0.14864
-0.0979644
-0.0610846
-0.0351358
-0.0168845
-0.00498933
0.00199314
0.00541433
0.00651613
0.00627993
0.0053864
0.00426002
0.00313612
0.00213199
0.00129125
0.000625143
0.000121557
-0.000241337
-0.00048435
-0.000634098
-0.000710803
-0.00073327
-0.000716014
-0.000673152
-0.000615024
-0.000548517
-0.000476103
-0.000406527
-0.000337041
-0.000274069
-0.000212341
-0.000162024
-0.000107345
-6.81698e-05
-9.80299e-06
-1.8799
-0.954905
-0.60544
-0.359362
-0.239309
-0.154201
-0.101208
-0.0631637
-0.0367516
-0.0183664
-0.00645246
0.000546319
0.00400873
0.00517635
0.00502068
0.00421564
0.00318098
0.00214933
0.00123604
0.000483625
-9.84964e-05
-0.0005227
-0.000811438
-0.000986134
-0.00107299
-0.0010923
-0.00106291
-0.000999173
-0.000914638
-0.000819382
-0.000719907
-0.000618818
-0.000523793
-0.000432268
-0.000349906
-0.000271225
-0.000205736
-0.000137366
-8.60663e-05
-1.40858e-05
-1.94894
-0.993364
-0.635314
-0.377643
-0.250736
-0.161299
-0.105614
-0.0661294
-0.0390098
-0.0203064
-0.00823567
-0.00112246
0.00245064
0.00373258
0.00369101
0.00299733
0.00206986
0.0011408
0.000325255
-0.000334232
-0.000829188
-0.0011719
-0.00138501
-0.00149032
-0.00151357
-0.001475
-0.00139338
-0.00128288
-0.00115649
-0.00102398
-0.000891487
-0.000761631
-0.000641146
-0.000527538
-0.000425782
-0.000330121
-0.000249479
-0.000167389
-0.000103956
-1.84261e-05
-2.02224
-1.03573
-0.667872
-0.398554
-0.264023
-0.169961
-0.111206
-0.0699962
-0.0419213
-0.0227114
-0.010343
-0.00301517
0.000739236
0.00218457
0.00229095
0.00173166
0.000926889
0.000110776
-0.000600114
-0.00116211
-0.00156676
-0.00182588
-0.00196193
-0.00199681
-0.00195575
-0.00185882
-0.00172462
-0.00156708
-0.00139867
-0.0012288
-0.00106323
-0.000904527
-0.000758567
-0.000622847
-0.000501687
-0.000389038
-0.000293247
-0.000197421
-0.000121847
-2.28278e-05
-2.09984
-1.08207
-0.703075
-0.422151
-0.279209
-0.180203
-0.118001
-0.0747762
-0.0454962
-0.0255885
-0.0127788
-0.00513431
-0.00112675
0.000531768
0.000820339
0.000418663
-0.000247773
-0.000940529
-0.00153987
-0.00199981
-0.00231107
-0.00248452
-0.00254208
-0.00250552
-0.00239946
-0.0022437
-0.00205657
-0.00185174
-0.00164114
-0.00143379
-0.0012351
-0.00104749
-0.000876038
-0.000718184
-0.000577613
-0.00044797
-0.000337035
-0.000227462
-0.000139743
-2.72953e-05
-2.1817
-1.1324
-0.740816
-0.448454
-0.296323
-0.192035
-0.126016
-0.0804793
-0.0497438
-0.0289446
-0.0155482
-0.00748295
-0.00314908
-0.00122673
-0.000721209
-0.000941715
-0.00145403
-0.00201295
-0.00249383
-0.00284716
-0.00306193
-0.00314767
-0.00312534
-0.00301635
-0.00284461
-0.00262956
-0.00238918
-0.00213681
-0.00188387
-0.00163895
-0.00140708
-0.0011905
-0.000993546
-0.000813538
-0.000653553
-0.000506913
-0.000380844
-0.000257517
-0.000157646
-3.18332e-05
-2.26765
-1.1867
-0.780951
-0.477461
-0.315393
-0.205457
-0.135261
-0.0871133
-0.0546727
-0.0327868
-0.0186565
-0.0100647
-0.00532992
-0.00309212
-0.00233425
-0.00234964
-0.00269185
-0.00310634
-0.0034618
-0.00370397
-0.0038192
-0.00381517
-0.00371158
-0.0035292
-0.00329112
-0.00301634
-0.00272239
-0.00242226
-0.00212682
-0.00184423
-0.00157914
-0.00133354
-0.00111107
-0.0009089
-0.000729501
-0.000565863
-0.00042467
-0.000287587
-0.000175555
-3.64461e-05
-2.35749
-1.24522
-0.823499
-0.509232
-0.33648
-0.220479
-0.145748
-0.0946873
-0.060292
-0.0371229
-0.0221099
-0.0128839
-0.00767198
-0.00506592
-0.00401949
-0.00380536
-0.00396119
-0.00422054
-0.00444358
-0.00457
-0.00458265
-0.00448685
-0.00430064
-0.00404393
-0.00373889
-0.00340395
-0.00305613
-0.00270801
-0.00236994
-0.0020496
-0.00175125
-0.00147658
-0.0012286
-0.00100426
-0.000805448
-0.000624816
-0.000468512
-0.000317674
-0.000193471
-4.11385e-05
-2.4516
-1.30891
-0.868794
-0.54392
-0.359706
-0.237144
-0.15751
-0.103222
-0.0666182
-0.041966
-0.0259183
-0.0159472
-0.0101795
-0.0071506
-0.00577822
-0.00530938
-0.00526214
-0.00535542
-0.00543893
-0.00544501
-0.00535205
-0.00516249
-0.00489235
-0.00456041
-0.0041878
-0.00379228
-0.00339031
-0.00299402
-0.00261318
-0.00225502
-0.00192337
-0.00161961
-0.00134612
-0.0010996
-0.000881386
-0.000683767
-0.000512365
-0.000347779
-0.000211396
-4.59146e-05
-2.55085
-1.37839
-0.916631
-0.581363
-0.38509
-0.255462
-0.170571
-0.11274
-0.0736727
-0.0473341
-0.030096
-0.0192651
-0.0128598
-0.00935071
-0.00761314
-0.00686321
-0.00659549
-0.00651133
-0.00644796
-0.00632898
-0.00612733
-0.00584199
-0.0054866
-0.00507853
-0.00463775
-0.00418128
-0.00372488
-0.00328022
-0.00285651
-0.00246046
-0.00209549
-0.00176261
-0.0014636
-0.00119491
-0.000957307
-0.000742713
-0.000556227
-0.000377903
-0.000229328
-5.07789e-05
-2.65279
-1.45035
-0.964554
-0.620288
-0.412121
-0.275168
-0.184797
-0.123177
-0.0814254
-0.0532159
-0.0346411
-0.0228397
-0.0157157
-0.0116691
-0.00952661
-0.00846865
-0.00796257
-0.00768925
-0.00747139
-0.00722243
-0.0069089
-0.00652568
-0.00608365
-0.00559851
-0.00508892
-0.00457105
-0.00405994
-0.00356671
-0.00309999
-0.00266597
-0.00226762
-0.0019056
-0.00158107
-0.00129021
-0.00103322
-0.000801658
-0.000600103
-0.00040805
-0.000247272
-5.57365e-05
-2.74846
-1.51953
-1.01016
-0.659418
-0.440124
-0.295793
-0.199877
-0.134325
-0.0897424
-0.0595252
-0.0394991
-0.0266364
-0.0187257
-0.0140924
-0.0115102
-0.0101205
-0.00936013
-0.00888718
-0.00850799
-0.00812464
-0.00769632
-0.00721331
-0.00668338
-0.00612031
-0.00554131
-0.00496163
-0.00439552
-0.00385351
-0.00334365
-0.00287157
-0.0024398
-0.00204859
-0.00169853
-0.0013855
-0.00110913
-0.000860609
-0.000643996
-0.000438224
-0.000265227
-6.07923e-05
-2.84145
-1.59826
-1.06223
-0.703083
-0.47125
-0.31838
-0.216323
-0.146442
-0.0987477
-0.0663166
-0.0446873
-0.0306531
-0.0218777
-0.0166042
-0.0135471
-0.0118029
-0.0107744
-0.0100935
-0.00954815
-0.00902777
-0.0084833
-0.00789986
-0.00728178
-0.00664074
-0.0059924
-0.00535104
-0.00473007
-0.00413942
-0.00358655
-0.00307655
-0.00261148
-0.0021912
-0.0018157
-0.00148058
-0.0011849
-0.000919473
-0.000687847
-0.000468394
-0.000283181
-6.59428e-05
-2.97957
-1.72508
-1.14196
-0.762607
-0.512362
-0.347256
-0.23692
-0.161363
-0.109668
-0.0744102
-0.0507465
-0.0352364
-0.0253852
-0.0193295
-0.0157053
-0.0135494
-0.0122185
-0.0113102
-0.0105883
-0.00992567
-0.00926284
-0.00857837
-0.00787241
-0.00715406
-0.00643723
-0.00573506
-0.00506007
-0.00442157
-0.00382638
-0.00327909
-0.00278124
-0.00233234
-0.00193178
-0.00157487
-0.00126012
-0.000977978
-0.000731483
-0.00049846
-0.000301085
-7.1168e-05
-3.16622
-1.87963
-1.23209
-0.829043
-0.560049
-0.381431
-0.261693
-0.179556
-0.12313
-0.0844521
-0.0582733
-0.0408996
-0.0296677
-0.0225982
-0.0182375
-0.0155503
-0.0138347
-0.0126433
-0.0117073
-0.0108773
-0.0100791
-0.00928208
-0.00848031
-0.00767917
-0.00689003
-0.00612441
-0.00539359
-0.00470598
-0.00406763
-0.00348247
-0.00295149
-0.00247372
-0.00204797
-0.0016692
-0.00133534
-0.00103648
-0.000775116
-0.000528544
-0.000318995
-7.65016e-05
-3.1281
-1.87543
-1.22009
-0.83507
-0.572523
-0.394019
-0.272934
-0.189174
-0.131182
-0.0911803
-0.0638929
-0.0455851
-0.0335608
-0.0258246
-0.0209117
-0.0177745
-0.0156961
-0.0142121
-0.0130385
-0.012013
-0.0110516
-0.0101164
-0.00919627
-0.00829298
-0.00741511
-0.0065722
-0.00577396
-0.00502758
-0.00433807
-0.00370847
-0.003139
-0.00262804
-0.00217364
-0.0017703
-0.00141525
-0.00109809
-0.000820743
-0.00055978
-0.000337445
-8.22281e-05
-2.67988
-1.65493
-1.06087
-0.741949
-0.516959
-0.357841
-0.24828
-0.171886
-0.118952
-0.0828049
-0.0585926
-0.0427128
-0.0325067
-0.026031
-0.021912
-0.0192153
-0.017333
-0.0158891
-0.0146628
-0.0135338
-0.0124438
-0.0113705
-0.0103119
-0.0092751
-0.00827155
-0.0073125
-0.00640832
-0.00556645
-0.00479175
-0.00408687
-0.00345151
-0.0028834
-0.00237972
-0.00193423
-0.0015432
-0.00119532
-0.000891782
-0.00060762
-0.000365226
-9.12283e-05
-2.36053
-1.55084
-1.01573
-0.728224
-0.519996
-0.366381
-0.258466
-0.182214
-0.128564
-0.0913859
-0.0660804
-0.0491642
-0.0380295
-0.0307495
-0.0259466
-0.0226733
-0.0203058
-0.018452
-0.0168772
-0.0154497
-0.0141018
-0.0128043
-0.0115498
-0.0103413
-0.00918691
-0.00809544
-0.00707503
-0.00613139
-0.00526781
-0.00448545
-0.00378287
-0.00315657
-0.00260259
-0.00211373
-0.00168519
-0.0013048
-0.000972789
-0.000663021
-0.000397725
-0.000101145
-2.04233
-1.42618
-0.964987
-0.707314
-0.518751
-0.373791
-0.268989
-0.193642
-0.139655
-0.10153
-0.0750284
-0.0568702
-0.0445657
-0.0362507
-0.0305676
-0.0265627
-0.0235929
-0.0212429
-0.0192568
-0.017485
-0.0158463
-0.0143008
-0.0128333
-0.0114407
-0.0101268
-0.00889672
-0.00775577
-0.00670738
-0.00575287
-0.00489161
-0.0041208
-0.00343553
-0.00283061
-0.00229778
-0.00183116
-0.00141765
-0.0010565
-0.000720467
-0.000431472
-0.000111383
-1.77183
-1.3074
-0.918025
-0.684715
-0.513221
-0.377641
-0.276771
-0.202994
-0.149256
-0.110657
-0.0833458
-0.0642527
-0.0510072
-0.041812
-0.0353415
-0.0306514
-0.0270943
-0.0242444
-0.0218331
-0.0196985
-0.0177488
-0.0159356
-0.0142364
-0.0126429
-0.0111542
-0.00977202
-0.00849872
-0.00733528
-0.00628093
-0.00533314
-0.00448754
-0.00373775
-0.00307721
-0.00249647
-0.00198846
-0.00153904
-0.0011464
-0.000782105
-0.000467559
-0.000122468
-1.5444
-1.1925
-0.870465
-0.661346
-0.50567
-0.380009
-0.283741
-0.211947
-0.158762
-0.119881
-0.091871
-0.0719069
-0.0577525
-0.0476861
-0.0404204
-0.0350257
-0.0308557
-0.0274774
-0.0246124
-0.0220881
-0.019803
-0.0177001
-0.01575
-0.0139386
-0.0122606
-0.0107137
-0.00929722
-0.00800944
-0.00684731
-0.00580621
-0.00488009
-0.00406091
-0.00334063
-0.00270852
-0.00215616
-0.00166837
-0.00124208
-0.000847709
-0.000505851
-0.000134348
-1.35465
-1.08515
-0.821919
-0.636933
-0.496232
-0.380813
-0.289893
-0.220603
-0.168338
-0.129404
-0.100806
-0.0800065
-0.0649352
-0.0539668
-0.0458649
-0.0397221
-0.0348964
-0.0309505
-0.0275964
-0.0246513
-0.0220037
-0.0195879
-0.0173671
-0.015321
-0.0134393
-0.0117157
-0.0101458
-0.00872513
-0.00744799
-0.00630752
-0.00529574
-0.00440288
-0.00361923
-0.00293268
-0.00233339
-0.001805
-0.00134311
-0.000917024
-0.000546206
-0.000146971
-1.19503
-0.986115
-0.772298
-0.611027
-0.48485
-0.379781
-0.294856
-0.228617
-0.177685
-0.138991
-0.109983
-0.088438
-0.0724824
-0.0606092
-0.0516489
-0.0447261
-0.0392097
-0.0346609
-0.0307846
-0.0273887
-0.024352
-0.0216001
-0.0190885
-0.0167907
-0.0146908
-0.0127782
-0.0110446
-0.00948227
-0.00808282
-0.00683687
-0.0057343
-0.00476345
-0.00391282
-0.0031688
-0.00251999
-0.00194883
-0.00144941
-0.000989996
-0.000588583
-0.000160336
-1.05841
-0.895045
-0.722015
-0.583444
-0.471524
-0.376789
-0.298365
-0.235708
-0.186533
-0.148407
-0.119215
-0.0970625
-0.0802959
-0.0675472
-0.0577293
-0.0500106
-0.0437788
-0.0385989
-0.0341717
-0.0302976
-0.0268467
-0.0237362
-0.0209141
-0.0183476
-0.016015
-0.013901
-0.0119933
-0.0102807
-0.00875155
-0.00739398
-0.00619549
-0.00514236
-0.00422115
-0.00341663
-0.00271576
-0.00209967
-0.00156084
-0.00106653
-0.000632918
-0.000174438
-0.939396
-0.811241
-0.671713
-0.554286
-0.456299
-0.371794
-0.30022
-0.241626
-0.194633
-0.157425
-0.128314
-0.105733
-0.0882661
-0.0747019
-0.0640508
-0.0555375
-0.0485777
-0.0427466
-0.0377452
-0.033369
-0.0294811
-0.0259912
-0.0228401
-0.0199885
-0.0174092
-0.0150819
-0.01299
-0.0111185
-0.00945262
-0.00797749
-0.00667812
-0.00553859
-0.00454336
-0.00367549
-0.00292014
-0.0022571
-0.00167707
-0.00114639
-0.000679076
-0.000189239
-0.834357
-0.734068
-0.622108
-0.523905
-0.439316
-0.364823
-0.300288
-0.246153
-0.201744
-0.165811
-0.13707
-0.114277
-0.096259
-0.0819718
-0.0705382
-0.0612519
-0.0535663
-0.0470746
-0.0414834
-0.0365866
-0.0322426
-0.028355
-0.0248581
-0.0217066
-0.0188677
-0.016316
-0.0140306
-0.0119923
-0.010183
-0.00858488
-0.00718009
-0.00595038
-0.00487802
-0.00394419
-0.00313218
-0.00242038
-0.00179757
-0.0012292
-0.000726838
-0.000204674
-0.741052
-0.663114
-0.573913
-0.49283
-0.420839
-0.355994
-0.298524
-0.24913
-0.207655
-0.173339
-0.145272
-0.12251
-0.104119
-0.0892328
-0.0770953
-0.06708
-0.0586886
-0.0515403
-0.0453534
-0.0399248
-0.035111
-0.0308114
-0.0269551
-0.0234911
-0.0203814
-0.0175958
-0.0151085
-0.0128966
-0.0109382
-0.00921231
-0.00769818
-0.0063751
-0.00522295
-0.00422097
-0.0033505
-0.00258844
-0.00192153
-0.0013144
-0.000775887
-0.000220639
-0.658168
-0.598202
-0.527802
-0.461688
-0.401257
-0.345531
-0.294988
-0.250482
-0.212214
-0.179821
-0.15272
-0.130242
-0.11168
-0.0963448
-0.0836074
-0.07293
-0.0638718
-0.0560862
-0.0493097
-0.0433473
-0.0380572
-0.0333368
-0.0291115
-0.0253258
-0.0219369
-0.0189098
-0.0162144
-0.0138235
-0.0117116
-0.00985428
-0.00822785
-0.00680896
-0.00557508
-0.00450337
-0.00357314
-0.00275976
-0.00204784
-0.00140123
-0.000825786
-0.000236988
-0.584929
-0.539331
-0.484393
-0.431146
-0.381069
-0.33377
-0.289856
-0.250239
-0.215348
-0.185121
-0.159248
-0.1373
-0.118777
-0.103159
-0.0899458
-0.0786938
-0.0690266
-0.0606391
-0.0532926
-0.0468053
-0.0410409
-0.0358979
-0.0312999
-0.027188
-0.0235153
-0.0202424
-0.0173351
-0.014762
-0.012494
-0.0105032
-0.0087628
-0.00724683
-0.00593022
-0.00478803
-0.00379746
-0.00293231
-0.00217501
-0.00148864
-0.000875943
-0.00025352
-0.520845
-0.486602
-0.444256
-0.401878
-0.360855
-0.321153
-0.283418
-0.248544
-0.217081
-0.189178
-0.16474
-0.143539
-0.125256
-0.109525
-0.0959731
-0.0842497
-0.0740478
-0.0651096
-0.0572267
-0.0502356
-0.0440096
-0.0384509
-0.0334837
-0.029047
-0.0250908
-0.0215721
-0.0184526
-0.0156972
-0.013273
-0.0111488
-0.00929463
-0.00768182
-0.00628281
-0.00507048
-0.00401994
-0.00310339
-0.00230103
-0.00157525
-0.000925576
-0.000269971
-0.465572
-0.440166
-0.407924
-0.374545
-0.341249
-0.308217
-0.276077
-0.245653
-0.217538
-0.192013
-0.169142
-0.148856
-0.130987
-0.115304
-0.10155
-0.0894662
-0.0788162
-0.0693923
-0.0610206
-0.0535598
-0.0468962
-0.0409392
-0.035615
-0.0308626
-0.0266299
-0.0228708
-0.0195436
-0.0166096
-0.0140325
-0.0117777
-0.00981236
-0.008105
-0.00662562
-0.00534496
-0.00423605
-0.00326949
-0.00242335
-0.00165929
-0.000973677
-0.000286004
-0.418875
-0.400214
-0.375913
-0.34981
-0.322926
-0.295572
-0.26833
-0.241929
-0.216947
-0.193737
-0.172472
-0.153199
-0.13587
-0.120368
-0.106538
-0.0942053
-0.0832004
-0.0733663
-0.0645659
-0.0566824
-0.0496183
-0.0432916
-0.0376334
-0.0325836
-0.0280893
-0.0241022
-0.0205777
-0.0174741
-0.0147516
-0.0123729
-0.010302
-0.00850495
-0.00694944
-0.00560411
-0.00443999
-0.00342619
-0.0025387
-0.00173852
-0.00101896
-0.00030119
-0.380637
-0.366988
-0.348749
-0.328342
-0.306594
-0.283888
-0.260757
-0.237825
-0.215628
-0.194546
-0.174816
-0.156568
-0.139842
-0.124613
-0.110807
-0.0983255
-0.087058
-0.0768956
-0.0677369
-0.0594905
-0.0520757
-0.0454213
-0.039464
-0.0341463
-0.0294152
-0.0252211
-0.0215173
-0.0182591
-0.0154044
-0.0129128
-0.0107459
-0.00886739
-0.00724273
-0.00583873
-0.00462457
-0.00356796
-0.00264302
-0.00181015
-0.00105984
-0.000315003
-0.350934
-0.340847
-0.327021
-0.310854
-0.293002
-0.273889
-0.254
-0.233869
-0.213977
-0.194704
-0.176321
-0.159009
-0.142871
-0.127948
-0.114232
-0.10168
-0.0902349
-0.0798279
-0.0703893
-0.0618514
-0.0541497
-0.0472237
-0.0410162
-0.0354729
-0.0305415
-0.0261719
-0.0223156
-0.018926
-0.0159587
-0.0133711
-0.0111225
-0.00917474
-0.00749135
-0.00603754
-0.00478091
-0.00368801
-0.00273131
-0.00187076
-0.00109434
-0.000326803
-0.330105
-0.32234
-0.311446
-0.298146
-0.282967
-0.266353
-0.248755
-0.23064
-0.212439
-0.19452
-0.177169
-0.160595
-0.144942
-0.130293
-0.116682
-0.104112
-0.0925611
-0.0819912
-0.0723577
-0.0636113
-0.055701
-0.0485751
-0.0421821
-0.0364705
-0.0313891
-0.0268875
-0.0229165
-0.019428
-0.0163759
-0.0137158
-0.0114058
-0.00940582
-0.00767822
-0.00618693
-0.00489836
-0.00377818
-0.00279759
-0.00191626
-0.00112006
-0.000335822
-0.318934
-0.312354
-0.302982
-0.291182
-0.277414
-0.262129
-0.245763
-0.228744
-0.211474
-0.19431
-0.177542
-0.161395
-0.146027
-0.131546
-0.118009
-0.105442
-0.0938414
-0.0831883
-0.0734515
-0.0645923
-0.0565678
-0.0493317
-0.0428357
-0.0370303
-0.031865
-0.0272895
-0.0232541
-0.0197101
-0.0166102
-0.0139095
-0.0115649
-0.0095356
-0.00778316
-0.00627082
-0.00496429
-0.0038288
-0.00283474
-0.00194185
-0.00113417
-0.000341087
-3.53926
-3.54371
-3.54276
-3.5364
-3.52468
-3.5077
-3.48558
-3.45843
-3.42632
-3.38939
-3.34782
-3.30161
-3.25084
-3.19561
-3.1359
-3.07165
-3.00236
-2.9283
-2.8449
-2.79349
-2.8954
-2.89888
-2.89809
-2.89307
-2.88391
-2.87074
-2.8537
-2.83295
-2.8086
-2.78082
-2.74979
-2.71562
-2.67841
-2.63824
-2.5951
-2.5489
-2.49937
-2.44664
-2.38803
-2.35355
-2.43143
-2.43321
-2.43177
-2.42717
-2.41948
-2.40881
-2.39528
-2.379
-2.36006
-2.33858
-2.31469
-2.28848
-2.26
-2.22933
-2.19652
-2.16158
-2.12447
-2.08512
-2.04149
-2.01378
-2.073
-2.07401
-2.07245
-2.06837
-2.06185
-2.05297
-2.04182
-2.02849
-2.01306
-1.99563
-1.9763
-1.95513
-1.93222
-1.90764
-1.88146
-1.85376
-1.82463
-1.79393
-1.76063
-1.73975
-1.78396
-1.78525
-1.78448
-1.78167
-1.77691
-1.77026
-1.7618
-1.7516
-1.73975
-1.72632
-1.7114
-1.69507
-1.67739
-1.65845
-1.63832
-1.61705
-1.59473
-1.57114
-1.54566
-1.5289
-1.54303
-1.54502
-1.54534
-1.54403
-1.54113
-1.53672
-1.53084
-1.52357
-1.51497
-1.5051
-1.49403
-1.48183
-1.46856
-1.45428
-1.43905
-1.42293
-1.406
-1.38804
-1.36885
-1.35568
-1.33761
-1.34035
-1.34174
-1.3418
-1.34059
-1.33814
-1.33451
-1.32974
-1.3239
-1.31702
-1.30918
-1.30041
-1.29079
-1.28036
-1.26918
-1.25732
-1.24481
-1.23152
-1.21755
-1.20753
-1.16067
-1.16405
-1.16633
-1.16753
-1.16769
-1.16685
-1.16504
-1.1623
-1.15868
-1.15421
-1.14895
-1.14295
-1.13623
-1.12887
-1.12091
-1.11239
-1.10335
-1.09372
-1.0838
-1.07634
-1.00763
-1.0115
-1.01445
-1.01653
-1.01775
-1.01813
-1.01772
-1.01653
-1.01461
-1.01199
-1.00871
-1.0048
-1.0003
-0.995264
-0.989722
-0.983723
-0.977291
-0.970402
-0.963426
-0.957922
-0.875217
-0.879412
-0.882855
-0.885562
-0.887548
-0.888836
-0.889449
-0.889411
-0.888749
-0.887491
-0.885669
-0.883311
-0.880448
-0.877117
-0.873352
-0.869189
-0.864646
-0.859728
-0.854795
-0.850699
-0.76085
-0.765247
-0.769008
-0.772143
-0.774665
-0.77659
-0.777933
-0.778716
-0.778959
-0.778684
-0.777917
-0.77668
-0.774997
-0.772896
-0.770408
-0.767558
-0.764363
-0.760838
-0.757292
-0.75419
-0.662424
-0.666916
-0.670861
-0.674265
-0.677137
-0.679489
-0.681333
-0.682685
-0.68356
-0.683977
-0.683955
-0.683513
-0.682671
-0.681448
-0.679869
-0.677956
-0.675719
-0.67318
-0.670583
-0.668187
-0.578165
-0.582669
-0.586694
-0.590244
-0.593325
-0.595946
-0.598116
-0.599847
-0.601151
-0.602043
-0.602537
-0.60265
-0.602396
-0.601792
-0.600858
-0.59961
-0.598058
-0.596223
-0.594288
-0.592404
-0.506584
-0.51104
-0.515069
-0.518674
-0.52186
-0.524632
-0.526999
-0.528969
-0.530552
-0.531758
-0.532599
-0.53309
-0.533243
-0.53307
-0.532588
-0.531811
-0.530748
-0.529417
-0.527952
-0.526443
-0.446443
-0.45081
-0.454791
-0.458389
-0.461605
-0.464446
-0.466916
-0.469024
-0.470775
-0.472181
-0.473249
-0.47399
-0.474416
-0.474537
-0.474369
-0.473923
-0.473206
-0.472235
-0.471105
-0.469869
-0.396782
-0.401036
-0.404937
-0.408486
-0.411684
-0.414536
-0.417046
-0.419219
-0.421062
-0.422586
-0.423793
-0.424694
-0.425298
-0.425616
-0.42566
-0.425441
-0.424965
-0.424248
-0.423354
-0.422313
-0.35687
-0.361004
-0.36481
-0.368289
-0.371442
-0.374272
-0.376782
-0.378977
-0.380862
-0.382443
-0.383729
-0.384728
-0.385445
-0.385891
-0.386076
-0.38601
-0.385699
-0.385158
-0.384427
-0.383525
-0.32638
-0.330397
-0.334106
-0.337505
-0.340598
-0.343386
-0.345872
-0.348061
-0.349956
-0.351561
-0.352887
-0.353938
-0.354722
-0.355246
-0.355519
-0.35555
-0.355347
-0.354921
-0.354297
-0.353486
-0.305184
-0.309108
-0.312736
-0.316071
-0.319112
-0.321862
-0.324323
-0.326499
-0.328394
-0.330012
-0.331358
-0.33244
-0.333264
-0.333836
-0.334165
-0.334258
-0.334124
-0.333771
-0.333214
-0.332459
-0.294043
-0.297885
-0.301442
-0.304715
-0.307707
-0.310418
-0.312852
-0.315011
-0.316898
-0.318515
-0.319871
-0.320969
-0.321815
-0.322414
-0.322774
-0.3229
-0.3228
-0.322481
-0.321952
-0.321217
-2.35989
-2.5331
-2.58281
-2.65934
-2.7455
-2.82588
-2.90365
-2.97993
-3.05316
-3.12231
-3.18693
-3.2467
-3.30132
-3.3506
-3.39441
-3.43266
-3.4653
-3.4923
-3.51364
-3.52933
-1.98533
-2.11183
-2.11799
-2.16435
-2.23866
-2.30924
-2.37439
-2.43784
-2.49902
-2.55649
-2.60978
-2.6588
-2.70342
-2.74353
-2.77907
-2.81001
-2.83632
-2.858
-2.87506
-2.88754
-1.67036
-1.80059
-1.81655
-1.85644
-1.92277
-1.98548
-2.03943
-2.0895
-2.13706
-2.18131
-2.22186
-2.25879
-2.29218
-2.32203
-2.34831
-2.37101
-2.39014
-2.40573
-2.41778
-2.42635
-1.4371
-1.56117
-1.58211
-1.61329
-1.66639
-1.7183
-1.76239
-1.80236
-1.84025
-1.87568
-1.90817
-1.93769
-1.96431
-1.98802
-2.00881
-2.02668
-2.04163
-2.05371
-2.06293
-2.06936
-1.25198
-1.35704
-1.37793
-1.40258
-1.44452
-1.4872
-1.5241
-1.55733
-1.58872
-1.61817
-1.64525
-1.66985
-1.69203
-1.7118
-1.72916
-1.74412
-1.7567
-1.76694
-1.77487
-1.78053
-1.09263
-1.1767
-1.197
-1.21864
-1.25292
-1.28834
-1.31958
-1.34772
-1.37414
-1.39892
-1.42178
-1.44261
-1.46144
-1.47832
-1.49325
-1.50624
-1.51731
-1.5265
-1.53382
-1.53933
-0.952525
-1.01875
-1.03804
-1.05785
-1.08643
-1.11583
-1.14217
-1.16604
-1.18841
-1.2094
-1.22885
-1.2467
-1.26295
-1.27763
-1.29075
-1.30232
-1.31236
-1.32089
-1.32792
-1.33349
-0.829437
-0.881448
-0.898994
-0.916886
-0.94084
-0.96526
-0.987438
-1.00774
-1.02681
-1.04476
-1.0615
-1.07698
-1.09119
-1.10415
-1.11587
-1.12636
-1.13562
-1.14366
-1.15051
-1.15617
-0.720383
-0.761271
-0.776732
-0.792632
-0.812831
-0.833275
-0.852076
-0.86948
-0.88592
-0.901472
-0.916068
-0.929671
-0.942276
-0.953887
-0.964506
-0.974135
-0.982776
-0.990436
-0.997125
-1.00285
-0.622975
-0.655381
-0.668973
-0.683086
-0.700317
-0.717676
-0.733827
-0.74894
-0.763306
-0.776968
-0.789877
-0.802
-0.81333
-0.823864
-0.833599
-0.842531
-0.85066
-0.857988
-0.864519
-0.87026
-0.536118
-0.562178
-0.574335
-0.586989
-0.60191
-0.616895
-0.630988
-0.644304
-0.657037
-0.669209
-0.680781
-0.691726
-0.702031
-0.711691
-0.720698
-0.729047
-0.736733
-0.743754
-0.750113
-0.755811
-0.459375
-0.480689
-0.491812
-0.503327
-0.51646
-0.529619
-0.542114
-0.554019
-0.565461
-0.57645
-0.586953
-0.596945
-0.606415
-0.615351
-0.623746
-0.63159
-0.638879
-0.645608
-0.651775
-0.65738
-0.392412
-0.410147
-0.420525
-0.431165
-0.442919
-0.454665
-0.465914
-0.476705
-0.487119
-0.497158
-0.506795
-0.516008
-0.524783
-0.533109
-0.540977
-0.548377
-0.555302
-0.561746
-0.567705
-0.573179
-0.334839
-0.349853
-0.359676
-0.369636
-0.380323
-0.39097
-0.401236
-0.411139
-0.420726
-0.429993
-0.438919
-0.447484
-0.455675
-0.463479
-0.470887
-0.477889
-0.484476
-0.490644
-0.496386
-0.501701
-0.286199
-0.299137
-0.308521
-0.31794
-0.327795
-0.337579
-0.347063
-0.35625
-0.365164
-0.3738
-0.382136
-0.390158
-0.397852
-0.405205
-0.412209
-0.418852
-0.425129
-0.43103
-0.436552
-0.441691
-0.246017
-0.257375
-0.266397
-0.275379
-0.284582
-0.293688
-0.302549
-0.311158
-0.319524
-0.32764
-0.335488
-0.343054
-0.350325
-0.35729
-0.36394
-0.370265
-0.376257
-0.38191
-0.387217
-0.392176
-0.213841
-0.224014
-0.232734
-0.241362
-0.250058
-0.258637
-0.267005
-0.27515
-0.283074
-0.290767
-0.298213
-0.305401
-0.312318
-0.318955
-0.3253
-0.331347
-0.337087
-0.342515
-0.347623
-0.352409
-0.189393
-0.198723
-0.20721
-0.215569
-0.223892
-0.232079
-0.240075
-0.247866
-0.255449
-0.262811
-0.269941
-0.276827
-0.283459
-0.289826
-0.295921
-0.301735
-0.307261
-0.312493
-0.317426
-0.322056
-0.172527
-0.181312
-0.189639
-0.197814
-0.205883
-0.213801
-0.221535
-0.229075
-0.236411
-0.243533
-0.25043
-0.257092
-0.263511
-0.269676
-0.275581
-0.281217
-0.286579
-0.291661
-0.296458
-0.300967
-0.163712
-0.172299
-0.180603
-0.188733
-0.196712
-0.204521
-0.212141
-0.21956
-0.226769
-0.233758
-0.240519
-0.247043
-0.253322
-0.25935
-0.265119
-0.270624
-0.27586
-0.280824
-0.28551
-0.289917
0.811191
0.811109
0.810737
0.810116
0.808916
0.806765
0.80312
0.797233
0.788049
0.774123
0.753371
0.722982
0.678645
0.614829
0.52165
0.387947
0.185835
-0.111585
-0.61318
-1.49988
0.78922
0.788865
0.788045
0.786641
0.784339
0.780733
0.775243
0.767071
0.755104
0.737826
0.713089
0.677991
0.628216
0.558149
0.458242
0.317403
0.11001
-0.187199
-0.663968
-1.38352
0.765721
0.765197
0.763993
0.761882
0.758559
0.753603
0.746415
0.736174
0.72175
0.701612
0.673633
0.634971
0.581503
0.507965
0.405667
0.265239
0.0651056
-0.20623
-0.615228
-1.13202
0.740606
0.739873
0.738218
0.73534
0.730932
0.724565
0.715621
0.703266
0.686363
0.663392
0.632278
0.59029
0.533578
0.457355
0.353956
0.216009
0.0257191
-0.218099
-0.572475
-0.958107
0.713894
0.712938
0.710811
0.707153
0.701652
0.693873
0.683193
0.668768
0.649475
0.623824
0.589823
0.544898
0.485517
0.40744
0.304051
0.169848
-0.0100452
-0.230431
-0.545138
-0.858381
0.685636
0.684467
0.681879
0.677465
0.67091
0.661781
0.649457
0.633108
0.611638
0.583621
0.547186
0.499965
0.438801
0.360054
0.258158
0.129254
-0.0390988
-0.238335
-0.516449
-0.783435
0.655925
0.654553
0.651526
0.646397
0.638851
0.628466
0.614639
0.596565
0.573204
0.543219
0.504899
0.456126
0.394164
0.315998
0.217096
0.0949538
-0.0604658
-0.239412
-0.480705
-0.711731
0.624901
0.623342
0.619906
0.614119
0.605669
0.594156
0.579002
0.559451
0.534533
0.503032
0.463424
0.413874
0.352087
0.275658
0.181047
0.0667866
-0.0747295
-0.234266
-0.44051
-0.640712
0.592769
0.591041
0.587238
0.580869
0.571629
0.559145
0.542883
0.522144
0.496052
0.463529
0.423261
0.373708
0.313016
0.239343
0.150063
0.0444365
-0.0828689
-0.224162
-0.398886
-0.571243
0.559801
0.557927
0.553813
0.546954
0.53706
0.523794
0.506674
0.485073
0.458223
0.425197
0.384898
0.336083
0.277315
0.20725
0.124061
0.0274809
-0.0858858
-0.210166
-0.357419
-0.504207
0.526343
0.524353
0.51999
0.51275
0.502357
0.488521
0.470817
0.448701
0.421518
0.388503
0.348772
0.301363
0.245218
0.179411
0.102777
0.0153459
-0.0847758
-0.193303
-0.317077
-0.440869
0.492824
0.49075
0.486208
0.478703
0.467981
0.453795
0.435789
0.413506
0.386407
0.353882
0.315252
0.269809
0.216819
0.155699
0.0857961
0.00732717
-0.0805405
-0.174712
-0.278724
-0.382539
0.459753
0.457627
0.45298
0.44533
0.434448
0.420135
0.402102
0.379979
0.353342
0.321725
0.284634
0.241578
0.192091
0.135857
0.0725954
0.00264182
-0.0741623
-0.155548
-0.243122
-0.330107
0.427721
0.425576
0.420895
0.413216
0.402335
0.3881
0.370288
0.348612
0.322752
0.292374
0.257138
0.216735
0.170908
0.119538
0.0625968
0.000491145
-0.0665538
-0.136826
-0.21087
-0.284007
0.397402
0.395269
0.390617
0.383011
0.372271
0.358288
0.3409
0.319895
0.295047
0.266128
0.232928
0.19528
0.15308
0.106347
0.0552151
0.000121475
-0.0585158
-0.119368
-0.18241
-0.244369
0.369554
0.367456
0.362886
0.355431
0.344939
0.331337
0.314515
0.294327
0.270621
0.24326
0.212133
0.177175
0.138391
0.0958926
0.0499034
0.000868051
-0.0507179
-0.103797
-0.158046
-0.211158
0.345024
0.342977
0.338521
0.331268
0.321086
0.307934
0.291745
0.272425
0.249882
0.224045
0.194877
0.162385
0.126645
0.0878222
0.0461884
0.00217702
-0.0436991
-0.0905782
-0.137984
-0.184274
0.324766
0.322775
0.318444
0.311405
0.301545
0.288844
0.273268
0.254763
0.233282
0.2088
0.181329
0.150924
0.117703
0.0818628
0.0436924
0.00360802
-0.0378875
-0.0800699
-0.12239
-0.163652
0.309873
0.307931
0.303709
0.296857
0.28727
0.274946
0.259872
0.242022
0.221376
0.197941
0.171758
0.14291
0.111538
0.0778521
0.0421474
0.00482203
-0.0336385
-0.0725993
-0.111478
-0.149344
0.301638
0.299725
0.295569
0.288832
0.279411
0.267312
0.252535
0.235067
0.214903
0.192065
0.166608
0.138629
0.108277
0.0757691
0.0413993
0.00555456
-0.0312919
-0.0685525
-0.105636
-0.141761
1.03584
1.03743
1.04123
1.04762
1.05645
1.06781
1.08176
1.09835
1.11765
1.13967
1.16439
1.19158
1.22104
1.25174
1.28318
1.31121
1.33465
1.33323
1.27578
0.996929
1.02609
1.0276
1.03118
1.03725
1.04564
1.05642
1.06963
1.0853
1.10345
1.12405
1.14701
1.17206
1.1988
1.22623
1.2532
1.27628
1.29137
1.28313
1.20634
0.923904
1.01615
1.01758
1.02094
1.02669
1.03462
1.04482
1.05727
1.07199
1.08897
1.10812
1.12928
1.15211
1.17603
1.20005
1.22233
1.24015
1.24646
1.23071
1.13363
0.846494
1.00603
1.00738
1.01052
1.01594
1.02342
1.03301
1.0447
1.05846
1.07423
1.0919
1.1112
1.13175
1.15274
1.17321
1.1906
1.20288
1.19996
1.17609
1.05778
0.764994
0.995743
0.99701
0.999933
1.00502
1.01204
1.02102
1.03193
1.04471
1.05926
1.07541
1.0928
1.111
1.12896
1.14575
1.15806
1.16449
1.15194
1.11937
0.978926
0.679678
0.985296
0.986483
0.989187
0.99394
1.00049
1.00886
1.01898
1.03076
1.04406
1.05866
1.0741
1.08988
1.10473
1.11769
1.12472
1.12503
1.10247
1.06064
0.897209
0.590746
0.974699
0.975809
0.978294
0.982716
0.988799
0.996545
1.00586
1.01664
1.02866
1.04167
1.05512
1.06841
1.08006
1.08906
1.09065
1.08453
1.05162
0.999974
0.812795
0.498401
0.963962
0.964997
0.967269
0.971358
0.97697
0.98409
0.992597
1.00235
1.01308
1.02447
1.03588
1.04662
1.05498
1.05988
1.05586
1.04304
0.999455
0.937453
0.725881
0.402809
0.953096
0.954059
0.956121
0.959879
0.96502
0.971509
0.979199
0.987908
0.997331
1.00708
1.0164
1.02454
1.02952
1.03019
1.02041
1.00059
0.946076
0.873127
0.6367
0.304068
0.942111
0.943005
0.944865
0.948295
0.952964
0.958819
0.965685
0.973343
0.981436
0.989508
0.996717
1.00217
1.00371
1.00001
0.984335
0.957218
0.891569
0.807023
0.545527
0.202172
0.931017
0.931847
0.933511
0.936617
0.940816
0.946035
0.952071
0.958668
0.965415
0.971786
0.976837
0.979562
0.977572
0.969374
0.947669
0.912949
0.836029
0.739146
0.452692
0.0969637
0.919825
0.920596
0.922074
0.924859
0.92859
0.933172
0.938374
0.943901
0.949285
0.95393
0.956789
0.956722
0.951135
0.938307
0.910452
0.867815
0.779553
0.669476
0.358584
-0.0119143
0.908544
0.909264
0.910565
0.913035
0.916301
0.920247
0.924611
0.929058
0.933067
0.935962
0.936593
0.933678
0.924423
0.906838
0.872721
0.821845
0.722232
0.59797
0.26366
-0.125084
0.897183
0.89786
0.898996
0.901158
0.903963
0.907274
0.910798
0.914159
0.916778
0.917901
0.916271
0.910453
0.897463
0.874993
0.834507
0.775071
0.664151
0.524579
0.168431
-0.243498
0.885754
0.886396
0.88738
0.88924
0.891589
0.894266
0.896948
0.899216
0.900435
0.899763
0.89584
0.887066
0.870272
0.842794
0.795832
0.727519
0.60537
0.449252
0.0734382
-0.368504
0.874265
0.874881
0.875726
0.877291
0.879188
0.881232
0.883071
0.884241
0.884045
0.881558
0.875309
0.863526
0.842862
0.810257
0.75671
0.679215
0.545914
0.371948
-0.020834
-0.501878
0.862728
0.863331
0.864052
0.865333
0.866786
0.868203
0.8692
0.869267
0.867649
0.863329
0.854725
0.839884
0.815284
0.777442
0.717201
0.630256
0.485861
0.292788
-0.113972
-0.645821
0.851156
0.851774
0.852404
0.853423
0.854454
0.855261
0.855434
0.854415
0.851383
0.84523
0.834258
0.816325
0.787731
0.744546
0.677493
0.580885
0.425491
0.212441
-0.205019
-0.802506
0.839555
0.840209
0.840776
0.841553
0.842178
0.842391
0.84175
0.83965
0.835205
0.827206
0.813836
0.792747
0.760057
0.711358
0.637269
0.530686
0.364227
0.130756
-0.293894
-0.974121
0.827866
0.828436
0.828831
0.829245
0.829339
0.828816
0.827204
0.823843
0.817783
0.807714
0.791702
0.767197
0.730129
0.675596
0.594066
0.476871
0.29782
0.0411176
-0.398331
-1.18206
1.18085
1.18357
1.19016
1.20111
1.2164
1.23627
1.26099
1.29093
1.32651
1.36816
1.41638
1.47153
1.53396
1.6032
1.67864
1.75566
1.83098
1.8975
1.88051
1.1226
1.17609
1.17876
1.18529
1.19613
1.21125
1.2309
1.25534
1.28493
1.32008
1.36124
1.40889
1.46336
1.525
1.5931
1.66689
1.74008
1.80738
1.84706
1.84151
1.10099
1.17107
1.17371
1.18019
1.19087
1.20575
1.22507
1.24909
1.27814
1.31265
1.35303
1.39978
1.4532
1.5137
1.58054
1.65358
1.72687
1.79894
1.83937
1.88848
1.23922
1.16578
1.1684
1.1748
1.18534
1.19999
1.21899
1.24261
1.27118
1.30509
1.34477
1.39072
1.44321
1.50275
1.56855
1.64108
1.71434
1.7911
1.83155
1.91817
1.33325
1.16022
1.16281
1.16913
1.17951
1.19393
1.21262
1.23584
1.26392
1.29725
1.33624
1.38139
1.43296
1.49153
1.55622
1.62801
1.70028
1.77956
1.81541
1.91817
1.38111
1.15439
1.15694
1.16318
1.17338
1.18755
1.20592
1.22872
1.25628
1.28899
1.32724
1.37153
1.42212
1.47961
1.54307
1.61391
1.68475
1.76565
1.79684
1.90694
1.41593
1.14829
1.15079
1.15693
1.16696
1.18087
1.19888
1.22124
1.24825
1.2803
1.31776
1.36115
1.41066
1.467
1.52911
1.59885
1.66811
1.75016
1.77839
1.89158
1.44292
1.14191
1.14437
1.1504
1.16024
1.17387
1.19152
1.21341
1.23985
1.27121
1.30784
1.35026
1.39864
1.45373
1.51438
1.58287
1.65043
1.73295
1.75958
1.87155
1.45888
1.13527
1.13768
1.14359
1.15322
1.16656
1.18383
1.20523
1.23107
1.2617
1.29747
1.33886
1.38604
1.4398
1.4989
1.56595
1.63166
1.71381
1.73965
1.8466
1.46393
1.12836
1.13071
1.1365
1.14591
1.15895
1.17581
1.19671
1.22192
1.25179
1.28664
1.32697
1.37288
1.4252
1.48263
1.54803
1.61176
1.69268
1.71828
1.81748
1.45985
1.12118
1.12348
1.12913
1.13832
1.15103
1.16747
1.18784
1.2124
1.24147
1.27537
1.31456
1.35914
1.40993
1.46557
1.52909
1.59071
1.66957
1.69521
1.78481
1.4479
1.11374
1.11598
1.12148
1.13043
1.14282
1.15882
1.17864
1.20251
1.23076
1.26366
1.30166
1.34483
1.39398
1.44772
1.50913
1.56847
1.64451
1.67018
1.74885
1.42885
1.10604
1.10822
1.11357
1.12227
1.1343
1.14985
1.1691
1.19226
1.21965
1.25151
1.28826
1.32995
1.37736
1.42908
1.48812
1.54501
1.61751
1.64294
1.70965
1.40323
1.09809
1.1002
1.10538
1.11382
1.1255
1.14058
1.15923
1.18166
1.20815
1.23892
1.27438
1.31451
1.36006
1.40963
1.46607
1.5203
1.5886
1.6133
1.66719
1.37146
1.08989
1.09193
1.09694
1.10511
1.11642
1.13101
1.14904
1.17071
1.19627
1.22592
1.26001
1.29852
1.3421
1.38939
1.44298
1.49432
1.55779
1.58113
1.62144
1.33386
1.08145
1.08342
1.08824
1.09614
1.10706
1.12115
1.13855
1.15943
1.18402
1.2125
1.24518
1.28198
1.32349
1.36836
1.41885
1.46704
1.52511
1.54634
1.57236
1.29066
1.07277
1.07467
1.0793
1.08691
1.09743
1.111
1.12775
1.14782
1.17142
1.19869
1.22988
1.26491
1.30423
1.34655
1.39369
1.43845
1.49059
1.50891
1.51988
1.24204
1.06386
1.06569
1.07012
1.07743
1.08755
1.10059
1.11666
1.1359
1.15846
1.18448
1.21414
1.24732
1.28434
1.32397
1.36753
1.40856
1.45425
1.46884
1.46397
1.18818
1.05473
1.05648
1.06071
1.06772
1.07742
1.08991
1.10529
1.12367
1.14518
1.1699
1.19797
1.22922
1.26383
1.30063
1.34037
1.37738
1.41613
1.42616
1.40462
1.12923
1.04539
1.04706
1.05107
1.05778
1.06705
1.07898
1.09365
1.11115
1.13157
1.15496
1.18138
1.21064
1.24273
1.27654
1.31225
1.34492
1.37624
1.38092
1.34186
1.06537
1.15658
1.1557
1.15377
1.15059
1.14605
1.14003
1.1324
1.12295
1.11147
1.09771
1.0814
1.06225
1.03996
1.01427
0.984923
0.951717
0.914534
0.873381
0.828316
0.779714
1.16044
1.15963
1.15785
1.1549
1.15067
1.14505
1.13786
1.12891
1.11795
1.10471
1.08889
1.07016
1.0482
1.02268
0.993286
0.959787
0.92201
0.879933
0.833567
0.78335
1.1671
1.16642
1.16491
1.1624
1.15876
1.15387
1.14753
1.13952
1.12956
1.11734
1.1025
1.08464
1.06336
1.03824
1.00888
0.974926
0.93612
0.892361
0.843563
0.790211
1.17554
1.17505
1.17392
1.17203
1.16923
1.16538
1.16027
1.15364
1.14516
1.13448
1.12114
1.10466
1.08453
1.06017
1.03105
0.996653
0.956544
0.910491
0.858252
0.800355
1.18483
1.18456
1.18393
1.18281
1.18108
1.17857
1.17505
1.17022
1.16372
1.1551
1.14385
1.12936
1.11095
1.08789
1.05941
1.02477
0.983277
0.934456
0.877866
0.813932
1.19417
1.19416
1.1941
1.1939
1.19344
1.19254
1.19093
1.18831
1.18426
1.17827
1.16973
1.15791
1.14194
1.12087
1.09364
1.05918
1.01647
0.964579
0.902861
0.831297
1.2029
1.20319
1.20377
1.2046
1.20557
1.20648
1.20708
1.20702
1.20587
1.20305
1.19787
1.18945
1.17675
1.15853
1.1334
1.09982
1.05632
1.00125
0.933853
0.852849
1.21052
1.21113
1.21239
1.21433
1.21685
1.21974
1.22276
1.22555
1.22768
1.22853
1.22733
1.22307
1.21453
1.20017
1.17819
1.14646
1.10294
1.04484
0.97152
0.878923
1.2167
1.21763
1.21959
1.22268
1.2268
1.23177
1.23734
1.2432
1.24889
1.25381
1.25714
1.25778
1.25431
1.24491
1.22732
1.19871
1.15627
1.09557
1.0165
0.909684
1.22122
1.22247
1.22513
1.22936
1.23509
1.24215
1.25034
1.25936
1.2688
1.27808
1.28636
1.29252
1.295
1.29169
1.27988
1.25592
1.216
1.15353
1.06923
0.94523
1.22399
1.22554
1.22887
1.2342
1.2415
1.25062
1.26138
1.27356
1.2868
1.30058
1.3141
1.32626
1.33542
1.33929
1.3347
1.31715
1.28154
1.2186
1.12983
0.985943
1.22502
1.22685
1.2308
1.23718
1.24595
1.25701
1.27024
1.28548
1.30244
1.3207
1.33956
1.35798
1.37438
1.38637
1.39042
1.38122
1.352
1.29059
1.19808
1.03264
1.22437
1.22646
1.23098
1.23831
1.24844
1.26129
1.27681
1.29491
1.31541
1.33798
1.36208
1.3868
1.41072
1.43151
1.44549
1.44668
1.42633
1.36929
1.27351
1.08583
1.22221
1.22451
1.22954
1.23772
1.24905
1.26351
1.28109
1.3018
1.32554
1.35212
1.38117
1.412
1.44341
1.47335
1.49825
1.51183
1.50331
1.45466
1.35589
1.14427
1.21868
1.22117
1.22663
1.23554
1.24793
1.26378
1.28318
1.30618
1.33281
1.36301
1.39657
1.43306
1.47162
1.51061
1.54698
1.57467
1.58142
1.54663
1.44559
1.20454
1.21398
1.21662
1.22244
1.23198
1.24525
1.26229
1.28322
1.30819
1.33731
1.37065
1.40818
1.44971
1.49476
1.54226
1.59001
1.6329
1.6584
1.64425
1.54327
1.26232
1.2083
1.21106
1.21718
1.22723
1.24122
1.25923
1.28144
1.30805
1.33925
1.37523
1.41612
1.46194
1.51259
1.5676
1.62592
1.68413
1.7313
1.74534
1.64937
1.31293
1.20183
1.20469
1.21105
1.22151
1.23607
1.25486
1.2781
1.30603
1.33893
1.37707
1.4207
1.47002
1.52521
1.58633
1.65361
1.72624
1.79815
1.85049
1.76883
1.35288
1.19477
1.19769
1.20426
1.21504
1.23004
1.24944
1.27346
1.30242
1.33662
1.37642
1.42216
1.47413
1.53268
1.59812
1.67186
1.75642
1.85577
1.96184
1.91845
1.39596
1.18723
1.19015
1.19683
1.2078
1.22307
1.24283
1.26735
1.29697
1.33204
1.37297
1.42016
1.47395
1.53471
1.60262
1.67917
1.76772
1.88079
2.03026
2.06601
1.46682
0.746894
0.733546
0.720134
0.706609
0.692943
0.679146
0.66524
0.651242
0.637167
0.623031
0.608852
0.594645
0.580429
0.56622
0.552036
0.537895
0.523813
0.509808
0.495896
0.482095
0.749331
0.735618
0.721865
0.707999
0.693966
0.679772
0.665441
0.650993
0.636444
0.621813
0.607116
0.592374
0.577604
0.562829
0.548066
0.533337
0.518662
0.504061
0.489554
0.47516
0.753657
0.738949
0.72427
0.709519
0.694584
0.679463
0.664187
0.648783
0.633268
0.617662
0.601985
0.586259
0.570505
0.554746
0.539004
0.523301
0.50766
0.492104
0.476654
0.461333
0.760122
0.743853
0.727719
0.711592
0.695273
0.678742
0.662041
0.645203
0.628248
0.611199
0.594077
0.576905
0.55971
0.542515
0.525346
0.508227
0.491185
0.474243
0.457428
0.440763
0.768737
0.750252
0.732053
0.713989
0.695737
0.677243
0.658566
0.639749
0.620818
0.601795
0.582706
0.563576
0.544434
0.525309
0.506228
0.487221
0.468314
0.449538
0.430918
0.412483
0.779875
0.758458
0.737493
0.716851
0.696034
0.674944
0.653657
0.632233
0.610703
0.589091
0.567426
0.545738
0.524062
0.502428
0.480869
0.459419
0.438108
0.41697
0.396035
0.375333
0.794032
0.768884
0.744312
0.720312
0.696173
0.671723
0.647059
0.622264
0.597376
0.572425
0.547443
0.522469
0.497541
0.472697
0.447976
0.423416
0.399055
0.374929
0.351074
0.327526
0.812071
0.782377
0.753155
0.724813
0.696414
0.667668
0.63868
0.609564
0.580375
0.551148
0.521926
0.492755
0.463684
0.43476
0.40603
0.377542
0.34934
0.32147
0.293975
0.266895
0.835496
0.800511
0.765262
0.731264
0.697415
0.663199
0.628693
0.594052
0.559363
0.524677
0.490046
0.455533
0.421199
0.38711
0.353325
0.319907
0.286916
0.254409
0.222441
0.191064
0.867011
0.826153
0.782939
0.741475
0.700655
0.659497
0.617961
0.576275
0.534584
0.492962
0.451479
0.410218
0.369268
0.328718
0.288656
0.249167
0.210338
0.172249
0.134978
0.0985992
0.911047
0.863914
0.810014
0.75871
0.709069
0.659197
0.608821
0.558296
0.507865
0.457628
0.407679
0.358136
0.309131
0.260794
0.213257
0.166649
0.121097
0.0767257
0.0336523
-0.00801291
0.973574
0.919931
0.852011
0.788294
0.727975
0.667609
0.606614
0.545566
0.484821
0.424503
0.364737
0.305695
0.24757
0.190554
0.134843
0.0806293
0.0281038
-0.0225483
-0.0711508
-0.117542
1.06039
1.00035
0.915665
0.838036
0.76611
0.694295
0.621818
0.549535
0.477873
0.40696
0.336966
0.268133
0.200727
0.135018
0.0712771
0.00977725
-0.0492134
-0.105436
-0.158646
-0.208624
1.17388
1.10855
1.00744
0.917403
0.835045
0.75266
0.669624
0.587012
0.50522
0.42439
0.344767
0.26668
0.190478
0.116517
0.0451607
-0.0232305
-0.0883015
-0.149712
-0.207145
-0.260323
1.30889
1.24086
1.12865
1.03115
0.941405
0.850846
0.759428
0.66825
0.577657
0.487884
0.399303
0.312348
0.227469
0.145126
0.0657843
-0.0100918
-0.0820514
-0.149664
-0.212531
-0.270316
1.4489
1.38128
1.26649
1.16709
1.07282
0.976399
0.878471
0.78
0.681376
0.583024
0.485468
0.389269
0.294999
0.203242
0.114583
0.0296011
-0.0511431
-0.127116
-0.197831
-0.262885
1.56534
1.49963
1.38878
1.28986
1.1919
1.09037
0.986346
0.880652
0.773845
0.66655
0.559439
0.4532
0.348533
0.246145
0.146743
0.0510246
-0.0403341
-0.126692
-0.207471
-0.2822
1.61758
1.55015
1.44295
1.34272
1.24015
1.13327
1.02299
0.909998
0.794955
0.678583
0.561651
0.444958
0.329326
0.215597
0.104617
-0.00277558
-0.105763
-0.203575
-0.29552
-0.381052
1.5991
1.52543
1.41409
1.30512
1.19253
1.07568
0.954948
0.830795
0.703822
0.574773
0.444496
0.313919
0.184028
0.0558409
-0.0696051
-0.191283
-0.308196
-0.419411
-0.524115
-0.621677
1.48774
1.38551
1.25042
1.1181
0.983571
0.846183
0.705655
0.56215
0.416127
0.268272
0.119439
-0.029397
-0.177179
-0.3228
-0.465133
-0.603066
-0.735532
-0.861544
-0.980266
-1.09109
0.468419
0.454886
0.441509
0.428304
0.415284
0.402463
0.389853
0.377465
0.365311
0.353401
0.341743
0.330343
0.319211
0.308355
0.29778
0.287491
0.27749
0.267783
0.25837
0.24925
0.460899
0.44679
0.43285
0.419097
0.405547
0.392217
0.379119
0.36627
0.35368
0.34136
0.329322
0.317572
0.306119
0.294974
0.284139
0.273619
0.263418
0.253538
0.243976
0.234719
0.446161
0.431159
0.416346
0.401743
0.387366
0.373232
0.359358
0.345758
0.332445
0.319434
0.306729
0.294342
0.282283
0.270561
0.259178
0.24814
0.237449
0.22711
0.217114
0.207421
0.424272
0.407977
0.3919
0.376063
0.360485
0.345186
0.330181
0.315487
0.301119
0.28709
0.27341
0.260088
0.247136
0.234561
0.222366
0.210556
0.199135
0.188106
0.177452
0.167109
0.394258
0.376268
0.358538
0.34109
0.323946
0.307127
0.29065
0.274533
0.258791
0.243433
0.22848
0.213938
0.199815
0.18612
0.172856
0.160026
0.147636
0.135688
0.124151
0.112956
0.354895
0.334746
0.314914
0.295424
0.276299
0.257561
0.23923
0.221322
0.203855
0.18684
0.170293
0.154222
0.138634
0.123538
0.108934
0.0948282
0.0812241
0.0681179
0.0554457
0.043227
0.304318
0.281478
0.259037
0.237023
0.21546
0.194372
0.173779
0.153697
0.134144
0.115131
0.0966674
0.078762
0.0614197
0.0446461
0.0284399
0.012802
-0.00226408
-0.0167861
-0.0309222
-0.0443059
0.240271
0.214136
0.188522
0.163463
0.138984
0.11511
0.09186
0.0692507
0.0472942
0.0260009
0.00537477
-0.0145803
-0.0338647
-0.0524845
-0.0704482
-0.0877624
-0.104428
-0.120532
-0.136462
-0.150937
0.160329
0.130276
0.100948
0.0723805
0.044605
0.0176467
-0.00847473
-0.033745
-0.058156
-0.0817048
-0.104395
-0.126235
-0.14724
-0.16743
-0.186833
-0.205469
-0.223348
-0.240693
-0.25834
-0.272967
0.0631787
0.0287793
-0.00454481
-0.0367453
-0.0677828
-0.0976276
-0.126259
-0.153667
-0.179849
-0.204816
-0.228587
-0.251195
-0.272683
-0.293103
-0.312521
-0.330987
-0.348534
-0.365696
-0.384017
-0.396054
-0.0481742
-0.0867305
-0.123605
-0.158731
-0.192059
-0.223553
-0.253194
-0.280985
-0.306944
-0.331112
-0.35355
-0.374346
-0.393611
-0.411472
-0.428077
-0.443537
-0.45798
-0.472607
-0.489652
-0.494508
-0.161588
-0.203131
-0.242071
-0.278327
-0.311842
-0.342588
-0.370572
-0.395836
-0.418455
-0.438551
-0.456285
-0.471863
-0.485537
-0.497586
-0.508304
-0.517873
-0.526634
-0.536814
-0.550442
-0.543323
-0.255196
-0.298146
-0.337358
-0.372754
-0.404296
-0.431995
-0.455923
-0.476216
-0.493071
-0.506761
-0.517622
-0.526054
-0.53251
-0.537469
-0.54133
-0.544256
-0.546909
-0.552611
-0.561446
-0.53995
-0.309035
-0.353008
-0.392132
-0.426352
-0.455676
-0.480196
-0.500093
-0.515647
-0.527232
-0.535324
-0.540465
-0.543265
-0.544379
-0.544433
-0.543764
-0.542336
-0.541359
-0.545533
-0.551875
-0.518283
-0.322768
-0.36956
-0.410603
-0.445876
-0.475454
-0.499525
-0.518407
-0.532546
-0.542507
-0.548959
-0.552628
-0.554293
-0.554786
-0.554816
-0.554434
-0.553128
-0.55313
-0.562156
-0.574702
-0.535172
-0.321977
-0.374731
-0.421079
-0.461037
-0.494752
-0.522516
-0.544786
-0.562173
-0.575417
-0.585344
-0.592804
-0.598679
-0.603951
-0.609439
-0.614718
-0.618302
-0.623856
-0.645169
-0.676153
-0.636561
-0.350523
-0.412016
-0.466637
-0.51444
-0.555649
-0.590658
-0.620057
-0.644604
-0.665177
-0.682708
-0.698095
-0.71222
-0.726167
-0.740986
-0.755851
-0.767668
-0.781092
-0.819036
-0.878766
-0.844391
-0.459742
-0.531111
-0.595145
-0.651938
-0.701793
-0.745205
-0.782883
-0.815714
-0.844676
-0.870786
-0.894992
-0.918154
-0.941415
-0.966317
-0.992449
-1.01531
-1.03888
-1.09591
-1.19361
-1.17577
-0.711594
-0.793328
-0.866912
-0.932491
-0.990465
-1.04143
-1.08622
-1.12586
-1.16145
-1.19418
-1.22522
-1.25566
-1.28684
-1.32094
-1.35929
-1.39805
-1.43772
-1.51366
-1.64725
-1.64646
-1.19356
-1.2871
-1.3719
-1.44817
-1.51643
-1.57737
-1.6319
-1.68112
-1.72622
-1.76846
-1.80908
-1.84929
-1.89018
-1.93326
-1.98033
-2.02986
-2.07677
-2.13693
-2.23346
-2.18589
0.227753
0.19751
0.170935
0.148182
0.129161
0.113644
0.101313
0.0917481
0.0844547
0.0789047
0.0745929
0.0710732
0.067979
0.0650315
0.0620395
0.0588919
0.0555432
0.0519979
0.0482938
0.0444884
0.0406474
0.0368362
0.0331148
0.0295344
0.0261357
0.0229489
0.0199943
0.0172833
0.0148192
0.0125991
0.0106143
0.0088519
0.00729578
0.00592673
0.00472411
0.00366359
0.0027241
0.00187078
0.00109465
0.00032493
0.212471
0.182487
0.156819
0.135137
0.117248
0.102959
0.0919401
0.0837134
0.0777096
0.0733483
0.0700936
0.0674844
0.0651502
0.0628185
0.0603123
0.0575392
0.0544738
0.0511399
0.0475924
0.0439034
0.04015
0.0364066
0.0327395
0.029204
0.025844
0.0226916
0.0197681
0.0170856
0.0146477
0.0124515
0.0104885
0.00874591
0.00720765
0.00585457
0.00466622
0.00361839
0.00269054
0.00184748
0.00108186
0.000320181
0.183566
0.154191
0.130402
0.11086
0.0951906
0.0832848
0.0747981
0.0691215
0.0655472
0.063401
0.062096
0.0611483
0.0601863
0.058955
0.0573085
0.0551918
0.0526187
0.0496492
0.0463704
0.0428803
0.0392768
0.0356494
0.0320755
0.0286181
0.0253258
0.0222338
0.0193654
0.0167333
0.0143418
0.0121882
0.0102641
0.0085569
0.00705045
0.00572584
0.00456297
0.00353785
0.00263061
0.00180605
0.00105843
0.000312173
0.141044
0.11305
0.0924315
0.0762847
0.0640439
0.055772
0.051085
0.0491631
0.0490993
0.0500997
0.0515192
0.0528552
0.0537482
0.0539806
0.0534598
0.0521905
0.0502448
0.047735
0.0447923
0.0415504
0.0381339
0.0346525
0.0311971
0.02784
0.0246358
0.0216233
0.0188276
0.0162626
0.0139331
0.0118365
0.00996445
0.00830443
0.00684052
0.00555397
0.00442515
0.00343036
0.0025506
0.00175078
0.0010269
0.000301759
0.0843845
0.0590535
0.0432364
0.0319379
0.0245104
0.0212915
0.0217836
0.024856
0.0293576
0.0343664
0.0391859
0.043312
0.0464236
0.0483708
0.0491433
0.04883
0.0475804
0.045574
0.0429962
0.0400229
0.0368099
0.0334888
0.0301657
0.0269224
0.0238198
0.0208998
0.0181897
0.015704
0.013448
0.011419
0.00960888
0.00800497
0.00659159
0.00535025
0.00426181
0.00330302
0.0024558
0.00168531
0.00098942
0.000289596
0.0129925
-0.00776804
-0.0170555
-0.0219526
-0.0229338
-0.019434
-0.0122444
-0.00289425
0.0072105
0.0170272
0.0258266
0.0331368
0.0387174
0.0425267
0.0446711
0.0453498
0.0448088
0.0433069
0.0410916
0.0383847
0.0353751
0.0322169
0.0290309
0.0259083
0.022915
0.0200963
0.0174805
0.0150828
0.0129085
0.0109549
0.00921366
0.00767225
0.00631512
0.00512407
0.00408054
0.00316174
0.00235062
0.00161268
0.000947728
0.000276232
-0.0723703
-0.0863732
-0.0881623
-0.0852279
-0.0777883
-0.0656393
-0.0501463
-0.0332277
-0.016516
-0.00116793
0.0120847
0.0228573
0.0310474
0.0367705
0.040287
0.0419329
0.0420675
0.0410384
0.0391596
0.0367007
0.033883
0.030882
0.0278319
0.0248317
0.0219518
0.0192394
0.0167236
0.0144197
0.0123327
0.0104597
0.00879213
0.00731754
0.00602051
0.00488317
0.00388754
0.00301136
0.00223866
0.00153539
0.000903261
0.000262121
-0.166949
-0.173266
-0.169007
-0.157225
-0.139065
-0.116263
-0.0909509
-0.0652541
-0.0410177
-0.0195303
-0.00147996
0.0129103
0.0237437
0.0313458
0.0361684
0.0387082
0.0394512
0.0388401
0.0372567
0.0350169
0.0323725
0.029518
0.0265987
0.0237197
0.0209542
0.0183506
0.015938
0.0137314
0.0117352
0.00994598
0.00835512
0.00695
0.00571542
0.0046338
0.00368783
0.00285582
0.00212285
0.00145548
0.00085718
0.00024763
-0.258819
-0.261246
-0.256423
-0.235421
-0.204502
-0.169607
-0.133381
-0.0979421
-0.0654643
-0.0374183
-0.0143885
0.00364294
0.0170514
0.026422
0.0324317
0.0357568
0.0370187
0.0367567
0.0354187
0.0333639
0.0308709
0.0281496
0.0253539
0.0225928
0.019941
0.0174469
0.0151389
0.0130313
0.0111277
0.00942403
0.00791133
0.00657698
0.00540594
0.00438098
0.00348543
0.00269825
0.00200553
0.00137454
0.000810411
0.000233051
-0.329099
-0.340455
-0.343527
-0.313707
-0.269836
-0.223006
-0.175626
-0.129999
-0.0889596
-0.0542272
-0.0262385
-0.00468218
0.011137
0.0221029
0.0291416
0.0331206
0.0347991
0.034811
0.0336658
0.0317607
0.0293964
0.0267944
0.0241143
0.0214669
0.0189269
0.0165417
0.0143385
0.0123302
0.0105196
0.00890186
0.00746765
0.00620427
0.0050969
0.00412865
0.00328351
0.00254111
0.00188853
0.00129388
0.000763684
0.000218613
-0.360075
-0.402735
-0.419391
-0.382405
-0.329111
-0.272813
-0.215252
-0.159854
-0.110551
-0.0693947
-0.0367033
-0.0118827
0.00609673
0.0184359
0.0263203
0.0308104
0.0327998
0.0330105
0.0320069
0.0302178
0.0279606
0.0254648
0.0228923
0.0203541
0.0179233
0.0156454
0.013546
0.0116364
0.00991815
0.00838578
0.00702944
0.00583639
0.00479205
0.00387988
0.0030845
0.00238631
0.00177327
0.00121445
0.000717563
0.00020449
-0.347703
-0.446081
-0.472288
-0.432268
-0.376692
-0.315068
-0.249543
-0.185867
-0.129327
-0.0824343
-0.0455404
-0.0178526
0.00196571
0.0154235
0.0239583
0.0288152
0.0310129
0.0313522
0.0304434
0.0287399
0.0265708
0.0241692
0.0216971
0.0192634
0.0169387
0.014766
0.0127687
0.0109563
0.00932902
0.00788061
0.00660079
0.00547678
0.00449422
0.00363697
0.00289027
0.00223529
0.00166082
0.00113702
0.000672477
0.00019081
-0.308065
-0.475559
-0.496711
-0.460544
-0.409778
-0.346799
-0.276333
-0.206746
-0.14458
-0.0929959
-0.0526085
-0.0225596
-0.00127189
0.013034
0.0220239
0.0271101
0.0294219
0.029827
0.0289723
0.0273286
0.0252311
0.0229136
0.0205352
0.0182016
0.0159798
0.0139097
0.0120122
0.0102948
0.00875643
0.00739
0.00618479
0.00512801
0.00420554
0.00340165
0.00270217
0.0020891
0.00155196
0.00106212
0.000628745
0.000177661
-0.274128
-0.501463
-0.498793
-0.472616
-0.428985
-0.367036
-0.294725
-0.221871
-0.155943
-0.10092
-0.0578789
-0.0260379
-0.00367084
0.0112137
0.0204735
0.0256637
0.0280065
0.0284236
0.0275888
0.0259834
0.0239442
0.021702
0.0194116
0.0171738
0.0150515
0.013081
0.0112805
0.00965554
0.00820351
0.0069166
0.00578368
0.00479194
0.00392752
0.00317515
0.0025212
0.00194851
0.00144727
0.000990134
0.000586597
0.000165104
-0.282636
-0.533638
-0.492018
-0.476145
-0.436522
-0.37669
-0.305091
-0.231315
-0.163426
-0.106249
-0.0614295
-0.0283763
-0.00531331
0.00989549
0.0192569
0.0244411
0.0267445
0.0271292
0.0262867
0.0247024
0.0227106
0.0205367
0.0183293
0.0161833
0.014157
0.0122829
0.0105764
0.00904086
0.00767231
0.00646217
0.00539892
0.00446977
0.00366117
0.00295826
0.00234798
0.001814
0.00134709
0.000921318
0.000546188
0.000153171
-0.358115
-0.575266
-0.487493
-0.475109
-0.434593
-0.377603
-0.308473
-0.235592
-0.167312
-0.109181
-0.0634174
-0.0297048
-0.00630452
0.00899755
0.0183133
0.0233991
0.0256061
0.0259239
0.0250532
0.0234779
0.0215262
0.0194156
0.0172873
0.01523
0.0132968
0.0115161
0.00990065
0.00845155
0.00716355
0.00602734
0.00503106
0.004162
0.00340688
0.00275133
0.00218279
0.00168579
0.00125161
0.00085579
0.000507601
0.000141869
-0.522511
-0.633865
-0.495292
-0.472842
-0.426673
-0.372279
-0.306253
-0.235463
-0.168045
-0.109997
-0.0640383
-0.0301691
-0.00675465
0.00843838
0.0175847
0.0224981
0.0245655
0.0247921
0.0238796
0.0223056
0.0203892
0.0183387
0.0162868
0.0143154
0.0124724
0.0107822
0.00925457
0.00788878
0.00667821
0.00561293
0.00468079
0.00386917
0.0031651
0.0025547
0.0020259
0.00156408
0.00116097
0.000793638
0.0004709
0.0001312
-0.817351
-0.738953
-0.533074
-0.480447
-0.42179
-0.366418
-0.301773
-0.232818
-0.166638
-0.10921
-0.0635238
-0.0298402
-0.00664482
0.00828293
0.0171546
0.0218241
0.0237032
0.023805
0.0228272
0.0212373
0.0193429
0.0173417
0.015357
0.0134632
0.0117029
0.0100962
0.0086502
0.00736193
0.00622356
0.00522451
0.00435229
0.0035944
0.0029381
0.00236999
0.00187845
0.00144963
0.00107568
0.000735155
0.000436255
0.000121222
-1.23246
-0.896953
-0.6036
-0.506673
-0.429498
-0.367737
-0.300591
-0.23118
-0.165043
-0.107717
-0.0621263
-0.0286172
-0.00571253
0.00883888
0.0173144
0.0216269
0.0232222
0.0231231
0.0220212
0.0203705
0.0184633
0.0164836
0.0145436
0.0127089
0.0110157
0.00947941
0.00810367
0.00688326
0.00580878
0.00486888
0.00405057
0.00334128
0.00272844
0.00219898
0.00174163
0.00134321
0.000996216
0.000680604
0.000403819
0.000111995
-1.53179
-0.980171
-0.623617
-0.504093
-0.418518
-0.356715
-0.291103
-0.224025
-0.159863
-0.104061
-0.059594
-0.0269675
-0.00479844
0.00913387
0.0171115
0.0210518
0.0223936
0.0221425
0.0209689
0.0193057
0.0174276
0.0155046
0.013638
0.0118854
0.0102775
0.00882594
0.00753158
0.00638749
0.00538328
0.00450721
0.00374614
0.00308777
0.00251986
0.00202992
0.00160717
0.00123921
0.000918891
0.000627781
0.000372466
0.000102999
-1.35607
-0.82288
-0.477159
-0.384462
-0.317504
-0.278434
-0.234372
-0.186689
-0.137943
-0.0934303
-0.0564559
-0.028274
-0.00834984
0.00474865
0.0126895
0.0169733
0.0187925
0.0190284
0.0183002
0.017027
0.0154854
0.013852
0.0122351
0.0106982
0.0092768
0.00798618
0.00683049
0.00580544
0.00490303
0.00411362
0.00342594
0.00282947
0.00231369
0.00186752
0.00148143
0.0011444
0.000849874
0.000581641
0.000345488
9.46621e-05
-1.27875
-0.801904
-0.450561
-0.365348
-0.298217
-0.261246
-0.21875
-0.173498
-0.127408
-0.0856176
-0.0510703
-0.0248529
-0.00639124
0.00568269
0.0129402
0.016788
0.0183437
0.0184339
0.017639
0.0163511
0.0148282
0.0132339
0.0116677
0.0101867
0.0088226
0.00758796
0.00648522
0.00550907
0.00465106
0.00390142
0.00324892
0.00268326
0.00219434
0.00177145
0.00140552
0.00108598
0.000806563
0.000552044
0.000327872
8.94392e-05
-1.24164
-0.80347
-0.445653
-0.3665
-0.298216
-0.26071
-0.215834
-0.168717
-0.121528
-0.0797084
-0.0458706
-0.0207321
-0.00340391
0.00766105
0.0141092
0.0173552
0.0184909
0.0183055
0.0173426
0.0159628
0.0143993
0.0127983
0.0112466
0.00979264
0.00846242
0.00726458
0.00619908
0.00525896
0.00443487
0.00371654
0.00309247
0.00255224
0.00208599
0.00168315
0.00133497
0.00103108
0.000765502
0.000523712
0.000310876
8.46033e-05
-1.21815
-0.801012
-0.438599
-0.36292
-0.293692
-0.256391
-0.210644
-0.163073
-0.115767
-0.0744374
-0.0414894
-0.0174134
-0.00111015
0.00908252
0.0148529
0.0176087
0.0184124
0.0180176
0.0169347
0.0154969
0.0139168
0.0123257
0.0108001
0.0093812
0.0080904
0.0069332
0.00590756
0.00500525
0.00421627
0.00353006
0.00293494
0.00242049
0.00197715
0.00159451
0.00126419
0.000976043
0.000724361
0.000495351
0.000293866
7.98555e-05
-1.20615
-0.796667
-0.431896
-0.35691
-0.286154
-0.248696
-0.202708
-0.155658
-0.109175
-0.0690091
-0.0373333
-0.0144788
0.000777732
0.0101439
0.0153051
0.0176385
0.0181675
0.0176075
0.0164373
0.0149651
0.0133853
0.0118163
0.0103258
0.00894857
0.00770221
0.00658947
0.00560662
0.00474436
0.00399224
0.00333951
0.00277441
0.00228654
0.00186672
0.00150477
0.00119265
0.000920523
0.000682928
0.00046684
0.000276788
7.51627e-05
-1.20321
-0.791475
-0.426986
-0.35083
-0.278459
-0.240389
-0.19419
-0.147828
-0.102398
-0.0635733
-0.0332722
-0.0116795
0.00252952
0.0110875
0.0156637
0.0175978
0.0178709
0.0171603
0.0159131
0.0144139
0.0128396
0.0112964
0.00984353
0.00850991
0.00730937
0.00624216
0.0053029
0.00448131
0.00376654
0.00314768
0.00261291
0.00215187
0.00175576
0.00141464
0.00112087
0.000864846
0.00064141
0.000438294
0.000259699
7.05455e-05
-1.20734
-0.785736
-0.423624
-0.344734
-0.270888
-0.231933
-0.185616
-0.14003
-0.0957507
-0.0583152
-0.0293947
-0.00904415
0.00414683
0.0119271
0.0159453
0.0175018
0.0175357
0.0166863
0.0153706
0.0138503
0.0122853
0.0107706
0.00935715
0.00806834
0.00691446
0.00589334
0.00499808
0.00421742
0.00354018
0.00295536
0.00245105
0.00201692
0.0016446
0.00132437
0.00104899
0.000809116
0.000599874
0.000409747
0.000242616
6.60064e-05
-1.21693
-0.779807
-0.421541
-0.338525
-0.263324
-0.223246
-0.176944
-0.132256
-0.089258
-0.0532754
-0.0257461
-0.00661435
0.00559565
0.0126366
0.0161305
0.0173366
0.0171517
0.0161785
0.0148048
0.0132705
0.0117199
0.010237
0.00886524
0.00762282
0.00651672
0.00554248
0.00469177
0.00395242
0.00331299
0.00276242
0.00228874
0.00188162
0.00153319
0.00123392
0.000977008
0.000753322
0.000558312
0.000381194
0.000225539
6.15386e-05
-1.23075
-0.77405
-0.420575
-0.332276
-0.255831
-0.214411
-0.168239
-0.124538
-0.0829368
-0.0484635
-0.0223338
-0.00439603
0.0068714
0.0132127
0.0162171
0.0171004
0.0167177
0.0156357
0.0142146
0.0126737
0.0111426
0.00969489
0.00836735
0.007173
0.00611586
0.00518935
0.00438379
0.00368617
0.00308487
0.00256879
0.00212592
0.00174595
0.00142151
0.00114328
0.0009049
0.000697457
0.000516719
0.000352629
0.000208465
5.71354e-05
-1.24789
-0.768798
-0.420602
-0.326094
-0.24851
-0.20557
-0.159625
-0.116964
-0.076836
-0.0439011
-0.019164
-0.00238749
0.00797876
0.0136606
0.0162096
0.016797
0.0162364
0.01506
0.0136015
0.012061
0.010554
0.00914485
0.00786376
0.00671907
0.00571201
0.00483406
0.00407421
0.00341873
0.00285584
0.00237449
0.00196263
0.00160993
0.00130957
0.00105246
0.000832678
0.000641525
0.000475097
0.000324051
0.000191395
5.27904e-05
-1.26776
-0.764351
-0.421542
-0.320095
-0.241449
-0.196849
-0.151211
-0.109615
-0.0710049
-0.0396127
-0.016246
-0.000589723
0.00892041
0.0139842
0.0161118
0.0164294
0.01571
0.0144529
0.0129665
0.011433
0.0099547
0.00858722
0.00735475
0.00626124
0.00530535
0.00447671
0.00376314
0.00315016
0.00262598
0.00217957
0.00179889
0.00147356
0.00119739
0.000961467
0.00076035
0.000585532
0.000433451
0.000295459
0.000174332
4.84972e-05
-1.28995
-0.760981
-0.423371
-0.31441
-0.234737
-0.18836
-0.143088
-0.102556
-0.065484
-0.0356189
-0.0135881
0.000995488
0.00969761
0.0141858
0.015926
0.0159995
0.0151402
0.0138156
0.0123105
0.0107903
0.00934509
0.00802226
0.00684053
0.00579966
0.00489596
0.0041174
0.00345063
0.00288052
0.0023953
0.00198406
0.00163474
0.00133688
0.00108499
0.000870314
0.000687925
0.000529482
0.000391783
0.000266851
0.000157276
4.42489e-05
-1.31428
-0.75894
-0.426113
-0.309186
-0.228474
-0.180217
-0.135342
-0.09585
-0.0603089
-0.0319372
-0.0111972
0.00236694
0.0103117
0.0142675
0.0156543
0.0155092
0.0145282
0.0131491
0.0116341
0.0101334
0.00872548
0.00745021
0.00632125
0.00533443
0.00448394
0.00375619
0.00313675
0.00260986
0.00216386
0.00178799
0.0014702
0.0011999
0.000972375
0.000779009
0.000615408
0.000473381
0.000350095
0.000238225
0.000140228
4.00383e-05
-1.34069
-0.758468
-0.429836
-0.304581
-0.222765
-0.172535
-0.128053
-0.089554
-0.055512
-0.0285835
-0.00907928
0.00352392
0.0107642
0.0142315
0.0152989
0.0149602
0.0138754
0.0124542
0.0109381
0.00946282
0.00809617
0.00687127
0.00579707
0.00486568
0.00406937
0.00339314
0.00282154
0.0023382
0.00193167
0.00159138
0.0013053
0.00106263
0.000859563
0.000687561
0.000542807
0.000417231
0.000308388
0.000209577
0.000123187
3.58576e-05
-1.36924
-0.759797
-0.434649
-0.300765
-0.217726
-0.165427
-0.1213
-0.083723
-0.0511239
-0.0255725
-0.00723937
0.00446596
0.0110566
0.0140798
0.0148616
0.014354
0.013183
0.0117318
0.0102229
0.00877885
0.00745745
0.00628566
0.00526814
0.00439351
0.00365233
0.00302834
0.00250506
0.00206559
0.00169878
0.00139425
0.00114005
0.000925099
0.000746565
0.000595977
0.000470124
0.000361038
0.000266664
0.000180902
0.000106161
3.16994e-05
-1.40007
-0.763161
-0.440692
-0.297913
-0.213475
-0.159006
-0.115159
-0.0784095
-0.0471729
-0.0229177
-0.00568218
0.00519268
0.0111904
0.0138145
0.0143444
0.0136923
0.0124521
0.0109829
0.00948916
0.00808195
0.00680959
0.00569355
0.0047346
0.00391802
0.00323291
0.00266184
0.00218738
0.00179208
0.00146521
0.00119664
0.000974503
0.000787319
0.000633404
0.000504268
0.000397377
0.000304799
0.000224933
0.000152197
8.91637e-05
2.75572e-05
-1.43335
-0.768785
-0.448125
-0.296201
-0.210135
-0.153384
-0.109702
-0.0736634
-0.0436858
-0.0206319
-0.00441204
0.00570379
0.0111668
0.0134372
0.0137489
0.0129763
0.0116837
0.010208
0.00873738
0.00737245
0.0061528
0.0050951
0.00419658
0.00343932
0.00281119
0.00229375
0.00186858
0.00151775
0.00123106
0.000998628
0.000808714
0.000649344
0.000520124
0.000412454
0.000324607
0.00024851
0.000183221
0.000123466
7.21672e-05
2.34267e-05
-1.4693
-0.776882
-0.457115
-0.295802
-0.207824
-0.148666
-0.104995
-0.0695306
-0.0406869
-0.0187266
-0.00343273
0.00599903
0.0109871
0.0129495
0.0130764
0.012207
0.0108786
0.00940785
0.00796793
0.00665063
0.00548725
0.00449043
0.00365415
0.00295745
0.00238719
0.00192406
0.00154867
0.00124259
0.000996277
0.000800166
0.000642678
0.000511157
0.000406708
0.000320553
0.000251769
0.000192225
0.00014149
9.47066e-05
5.45051e-05
1.95659e-05
-1.5082
-0.787702
-0.467851
-0.296893
-0.206662
-0.144953
-0.101104
-0.0660551
-0.0381993
-0.0172126
-0.00274756
0.00607809
0.0106521
0.0123522
0.0123276
0.0113854
0.0100375
0.00858285
0.00718164
0.00591701
0.00481388
0.00388004
0.00310771
0.00247289
0.00196101
0.00155241
0.00122728
0.000966403
0.000760618
0.000601141
0.000475716
0.000372549
0.000292565
0.000228534
0.000178509
0.000135913
9.92532e-05
6.64434e-05
3.63211e-05
1.57869e-05
-1.55039
-0.801498
-0.480533
-0.299653
-0.206769
-0.142346
-0.0980927
-0.0632801
-0.036246
-0.0161007
-0.00236001
0.00594059
0.0101623
0.011646
0.0115032
0.0105116
0.0091606
0.00773349
0.00637915
0.00517236
0.00413346
0.00326471
0.00255784
0.00198601
0.00153284
0.00117877
0.000904204
0.000688895
0.00052372
0.000401181
0.000307433
0.00023312
0.000177319
0.000136054
0.000104529
7.9323e-05
5.62837e-05
3.8503e-05
1.86569e-05
1.176e-05
)
;

boundaryField
{
    inlet
    {
        type            freestreamPressure;
        freestreamValue uniform 0;
        supersonic      false;
        value           nonuniform List<scalar> 
80
(
0.811191
0.78922
0.765721
0.740606
0.713894
0.685636
0.655925
0.624901
0.592769
0.559801
0.526343
0.492824
0.459753
0.427721
0.397402
0.369554
0.345024
0.324766
0.309873
0.301638
1.03584
1.02609
1.01615
1.00603
0.995743
0.985296
0.974699
0.963962
0.953096
0.942111
0.931017
0.919825
0.908544
0.897183
0.885754
0.874265
0.862728
0.851156
0.839555
0.827866
1.18085
1.17609
1.17107
1.16578
1.16022
1.15439
1.14829
1.14191
1.13527
1.12836
1.12118
1.11374
1.10604
1.09809
1.08989
1.08145
1.07277
1.06386
1.05473
1.04539
1.15658
1.16044
1.1671
1.17554
1.18483
1.19417
1.2029
1.21052
1.2167
1.22122
1.22399
1.22502
1.22437
1.22221
1.21868
1.21398
1.2083
1.20183
1.19477
1.18723
)
;
    }
    outlet
    {
        type            freestreamPressure;
        freestreamValue uniform 0;
        supersonic      false;
        value           nonuniform List<scalar> 
80
(
-2.79524e-11
-3.02129e-11
-3.22992e-11
-3.43187e-11
-3.61724e-11
-3.77587e-11
-3.89854e-11
-3.9751e-11
-3.99431e-11
-3.94459e-11
-3.81498e-11
-3.59655e-11
-3.28423e-11
-2.87918e-11
-2.39163e-11
-1.84391e-11
-1.27318e-11
-7.33121e-12
-2.93332e-12
-3.49563e-13
2.6868e-12
1.14999e-12
-4.33817e-13
-1.93044e-12
-3.38403e-12
-4.84275e-12
-6.30668e-12
-7.7752e-12
-9.24781e-12
-1.0724e-11
-1.22034e-11
-1.36852e-11
-1.51688e-11
-1.66534e-11
-1.81386e-11
-1.96236e-11
-2.1105e-11
-2.25746e-11
-2.40415e-11
-2.55875e-11
3.18103e-11
3.02382e-11
2.8761e-11
2.72862e-11
2.58038e-11
2.43225e-11
2.28453e-11
2.1372e-11
1.99024e-11
1.84363e-11
1.69735e-11
1.55134e-11
1.40556e-11
1.25992e-11
1.11434e-11
9.6878e-12
8.23281e-12
6.87076e-12
5.54072e-12
4.11916e-12
4.39045e-13
3.67147e-12
9.127e-12
1.57476e-11
2.26434e-11
2.91518e-11
3.48389e-11
3.94681e-11
4.29562e-11
4.53277e-11
4.66755e-11
4.71298e-11
4.68356e-11
4.59372e-11
4.45681e-11
4.28444e-11
4.08673e-11
3.87463e-11
3.65859e-11
3.42637e-11
)
;
    }
    top
    {
        type            symmetryPlane;
    }
    bottom
    {
        type            symmetryPlane;
    }
    cylinder
    {
        type            zeroGradient;
    }
    frontandback
    {
        type            empty;
    }
}


// ************************************************************************* //
