/*--------------------------------*- C++ -*----------------------------------*\
  =========                 |
  \\      /  F ield         | OpenFOAM: The Open Source CFD Toolbox
   \\    /   O peration     | Website:  https://openfoam.org
    \\  /    A nd           | Version:  6.0
     \\/     M anipulation  |
\*---------------------------------------------------------------------------*/
FoamFile
{
    version     2.0;
    format      ascii;
    class       surfaceScalarField;
    location    "19.5";
    object      phi;
}
// * * * * * * * * * * * * * * * * * * * * * * * * * * * * * * * * * * * * * //

dimensions      [0 3 -1 0 0 0 0];

internalField   nonuniform List<scalar> 
4670
(
0.00111275
-0.211102
0.209989
0.00459095
-0.17435
0.170872
0.00984615
-0.154214
0.148959
0.016238
-0.142113
0.135722
0.0232536
-0.133999
0.126983
0.0305189
-0.127764
0.120499
0.0377834
-0.122382
0.115117
0.044898
-0.117377
0.110262
0.0517902
-0.112503
0.105611
-0.107532
0.100885
0.0584367
0.00131337
-0.212416
0.00510209
-0.178138
0.0106471
-0.159759
0.0172423
-0.148709
0.0243472
-0.141104
0.0315857
-0.135002
0.0387201
-0.129516
0.0456232
-0.12428
0.0522523
-0.119132
-0.113904
0.0586248
0.00149951
-0.213915
0.0055556
-0.182195
0.0113207
-0.165524
0.0180297
-0.155418
0.0251237
-0.148198
0.0322323
-0.142111
0.0391376
-0.136422
0.0457389
-0.130881
0.0520251
-0.125418
-0.119934
0.0580544
0.00166325
-0.215578
0.00593918
-0.18647
0.0118518
-0.171436
0.0185849
-0.162151
0.0255709
-0.155183
0.032454
-0.148994
0.0390418
-0.14301
0.0452635
-0.137103
0.0511399
-0.131295
-0.125562
0.0567686
0.00180601
-0.217384
0.00624985
-0.190914
0.0122356
-0.177422
0.0189052
-0.16882
0.0256925
-0.161971
0.0322641
-0.155566
0.0384581
-0.149204
0.0442341
-0.142879
0.0496434
-0.136704
-0.130739
0.0548203
0.00192729
-0.219312
0.00648667
-0.195474
0.0124731
-0.183409
0.0189983
-0.175346
0.0255069
-0.168479
0.0316947
-0.161754
0.0374325
-0.154941
0.0427094
-0.148156
0.0476034
-0.141598
-0.13542
0.0522844
0.00202828
-0.22134
0.00665259
-0.200098
0.012572
-0.189328
0.0188808
-0.181654
0.0250439
-0.174642
0.0307919
-0.167502
0.0360299
-0.160179
0.0407725
-0.152899
0.0451177
-0.145943
-0.139566
0.0492631
0.00211237
-0.223452
0.00675562
-0.204741
0.0125472
-0.19512
0.0185769
-0.187684
0.0243387
-0.180404
0.0296029
-0.172766
0.0343107
-0.164887
0.0384987
-0.157087
0.0422686
-0.149713
-0.143109
0.045812
0.00218959
-0.225642
0.00681294
-0.209365
0.0124243
-0.200731
0.0181245
-0.193384
0.0234418
-0.185721
0.0281846
-0.177509
0.0323241
-0.169027
0.03591
-0.160673
0.0390383
-0.152842
-0.146004
0.0419331
0.00228587
-0.227928
0.00684498
-0.213924
0.012232
-0.206118
0.0175746
-0.198727
0.0224375
-0.190584
0.0266589
-0.18173
0.030218
-0.172586
0.0331447
-0.163599
0.035512
-0.155209
-0.148189
0.037697
0.247094
0.001799
-0.248893
0.245192
0.0019013
0.243191
0.00200142
0.241105
0.00208596
0.238954
0.00215107
0.236758
0.00219615
0.234537
0.00222116
0.23231
0.00222709
0.230102
0.00220764
0.00217414
0.247379
0.00410804
-0.249688
0.244697
0.00458305
0.241679
0.00501941
0.238356
0.00540929
0.234761
0.00574616
0.230929
0.00602744
0.226898
0.00625288
0.2227
0.00642454
0.218367
0.00654131
0.00661706
0.240762
0.0058558
-0.24251
0.238518
0.00682735
0.235804
0.00773404
0.232645
0.00856764
0.229072
0.0093194
0.225116
0.00998328
0.220811
0.0105579
0.216191
0.0110447
0.211284
0.0114486
0.0117828
0.229043
0.00684609
-0.230034
0.227529
0.00834141
0.225504
0.00975924
0.222984
0.0110875
0.219989
0.0123149
0.216541
0.0134308
0.212667
0.0144327
0.208392
0.0153189
0.203739
0.0161021
0.0167946
0.2153
0.00722221
-0.215676
0.214422
0.00921989
0.213046
0.0111354
0.211181
0.0129524
0.208838
0.0146572
0.206036
0.0162335
0.20279
0.0176785
0.199126
0.0189829
0.195052
0.0201757
0.0212627
0.201483
0.00720905
-0.20147
0.201033
0.00966954
0.200123
0.0120458
0.198757
0.0143181
0.196944
0.0164703
0.194698
0.0184791
0.192033
0.0203434
0.18898
0.0220361
0.185537
0.0236193
0.0250691
0.188627
0.0070055
-0.188423
0.188408
0.00988818
0.18777
0.0126839
0.186718
0.0153702
0.185259
0.017929
0.183411
0.020327
0.181186
0.0225681
0.178633
0.0245895
0.175736
0.0265167
0.0282192
0.17714
0.00675048
-0.176885
0.177007
0.0100211
0.176491
0.0131996
0.1756
0.0162614
0.174342
0.0191872
0.172738
0.0219307
0.170804
0.0245027
0.168619
0.0267747
0.166137
0.0289982
0.030757
0.167049
0.00652297
-0.166822
0.166917
0.0101537
0.166432
0.0136839
0.165606
0.0170878
0.164447
0.0203461
0.16298
0.0233977
0.16122
0.0262628
0.159299
0.0286958
0.157137
0.0311599
0.0326851
0.158195
-0.158034
0.00636249
0.158022
0.0103268
0.157528
0.0141778
0.156727
0.0178889
0.155629
0.0214442
0.154257
0.0247689
0.152616
0.0279044
0.150867
0.0304446
0.148986
0.0330414
0.0334819
0.255465
-0.000318881
-0.255146
0.255612
-0.000147
0.255546
6.63689e-05
0.255251
0.00029497
0.254723
0.000527328
0.253967
0.000756875
0.252989
0.000977864
0.251803
0.00118593
0.250431
0.00137162
0.00153851
0.251333
-0.00221093
-0.249441
0.25284
-0.00165396
0.25395
-0.00104373
0.254642
-0.000397002
0.254902
0.000267393
0.254723
0.000935612
0.254106
0.00159575
0.253054
0.0022379
0.251576
0.00284886
0.00342692
0.235652
-0.00529916
-0.232564
0.238328
-0.00433018
0.240568
-0.00328336
0.242346
-0.00217484
0.243641
-0.00102769
0.244438
0.000138512
0.244727
0.00130668
0.244503
0.00246226
0.243762
0.00358935
0.00467868
0.216241
-0.00909592
-0.212444
0.219653
-0.00774169
0.222642
-0.00627317
0.225183
-0.00471534
0.227252
-0.00309675
0.228832
-0.00144122
0.229908
0.000230023
0.230472
0.00189871
0.230514
0.00354674
0.00515937
0.197591
-0.0132406
-0.193446
0.201378
-0.0115291
0.204765
-0.00965981
0.207724
-0.00767472
0.210237
-0.00560981
0.212289
-0.00349276
0.213867
-0.00134828
0.214963
0.000802933
0.215568
0.00294184
0.00505075
0.181359
-0.0175127
-0.177087
0.185287
-0.0154565
0.188823
-0.0131959
0.191946
-0.0107984
0.194643
-0.00830638
0.196903
-0.00575307
0.198722
-0.00316656
0.200092
-0.000567934
0.20101
0.00202429
0.00459114
0.167842
-0.0218146
-0.16354
0.17178
-0.0193948
0.175318
-0.0167339
0.178447
-0.0139274
0.181156
-0.0110161
0.183446
-0.00804302
0.185319
-0.00503935
0.186775
-0.00202325
0.18781
0.000988937
0.00397797
0.156744
-0.0261586
-0.1524
0.160639
-0.0232903
0.164098
-0.0201923
0.167141
-0.0169709
0.169765
-0.0136403
0.171981
-0.0102581
0.173798
-0.00685639
0.175221
-0.0034463
0.17625
-4.02054e-05
0.0033428
0.147639
-0.030539
-0.143259
0.151443
-0.0270937
0.154763
-0.0235126
0.157661
-0.0198689
0.160147
-0.0161265
0.162237
-0.0123479
0.163945
-0.00856443
0.165278
-0.00477899
0.166236
-0.000998699
0.00275739
0.140054
-0.136379
-0.034214
0.143717
-0.0307568
0.146905
-0.0266999
0.149612
-0.0225765
0.151934
-0.0184485
0.153883
-0.014297
0.155462
-0.0101434
0.156678
-0.00599515
0.157535
-0.00185531
0.00225808
0.0435989
0.0905463
-0.0850476
-0.0490977
0.0380057
0.0973166
-0.0917234
0.0323463
0.10564
-0.0999804
0.0266609
0.116141
-0.110455
0.0210065
0.1296
-0.123946
0.0154675
0.146818
-0.141279
0.0101834
0.168347
-0.163063
0.005417
0.193905
-0.189139
0.00169801
0.221007
-0.217288
0.243617
-0.241919
0.0435655
0.0959977
-0.0490169
0.038006
0.102876
0.0323672
0.111279
0.0266868
0.121821
0.0210212
0.135266
0.0154597
0.15238
0.0101536
0.173653
0.00538359
0.198675
0.00168813
0.224702
0.245305
0.0432671
0.101382
-0.0486518
0.037763
0.10838
0.0321693
0.116872
0.0265216
0.127469
0.0208756
0.140912
0.0153244
0.157931
0.0100297
0.178948
0.00528612
0.203419
0.00163922
0.228349
0.246944
0.0427086
0.106688
-0.0480143
0.0372768
0.113812
0.0317498
0.122399
0.0261608
0.133058
0.0205643
0.146508
0.0150567
0.163439
0.00980826
0.184196
0.00512687
0.2081
0.00156385
0.231912
0.248508
0.0418894
0.11191
-0.0471109
0.0365431
0.119158
0.031103
0.127839
0.0255985
0.138562
0.0200823
0.152025
0.0146528
0.168868
0.0094884
0.189361
0.00490819
0.21268
0.00146558
0.235355
0.249974
0.0407971
0.117047
-0.0459349
0.0355482
0.124407
0.0302167
0.133171
0.0248255
0.143954
0.0194229
0.157427
0.0141086
0.174182
0.00906824
0.194401
0.00463021
0.217118
0.00134524
0.23864
0.251319
0.0393937
0.122096
-0.0444424
0.0342642
0.129537
0.0290736
0.138362
0.023832
0.149195
0.0185806
0.162679
0.0134213
0.179342
0.00854728
0.199275
0.00429434
0.221371
0.0012047
0.24173
0.252523
0.0376291
0.127044
-0.0425774
0.0326512
0.134515
0.027651
0.143362
0.0226052
0.154241
0.0175478
0.167736
0.0125871
0.184303
0.00792448
0.203938
0.00390158
0.225394
0.00104524
0.244586
0.253569
0.0353286
0.131773
-0.0400569
0.0306472
0.139196
0.025946
0.148063
0.0211513
0.159036
0.0163303
0.172557
0.0116118
0.189021
0.00720692
0.208343
0.00346193
0.229139
0.00087904
0.247169
0.254448
0.0323559
-0.0369624
0.0282928
0.023956
0.019452
0.0149218
0.0104968
0.00639535
0.00297083
0.0006985
0.0296827
0.0379425
-0.0330734
-0.0345518
0.0252292
0.0444531
-0.0399996
0.0211907
0.0531628
-0.0491243
0.017407
0.06458
-0.0607963
0.0137884
0.0793502
-0.0757316
0.0102935
0.0982921
-0.0947972
0.00693014
0.122288
-0.118925
0.0038068
0.152074
-0.148951
0.00125319
0.187526
-0.184973
0.227017
-0.225764
0.0320917
0.0428057
-0.036955
0.0274151
0.0491297
0.0229943
0.0575836
0.018826
0.0687483
0.0148618
0.0833144
0.0110642
0.10209
0.00744099
0.125911
0.00410488
0.15541
0.00138666
0.190245
0.228404
0.0343453
0.0476958
-0.0392354
0.0294672
0.0540078
0.0247431
0.0623077
0.0202318
0.0732595
0.0159329
0.0876132
0.0118309
0.106192
0.00794131
0.129801
0.00438051
0.158971
0.00148497
0.19314
0.229889
0.0363629
0.0527136
-0.0413807
0.0313153
0.0590553
0.026354
0.0672691
0.0215572
0.0780563
0.0169585
0.092212
0.0125684
0.110582
0.00841825
0.133951
0.00463437
0.162755
0.00156785
0.196207
0.231457
0.0381549
0.0578754
-0.0433167
0.0329548
0.0642554
0.0277996
0.0724243
0.0227666
0.0830893
0.0179075
0.097071
0.0132556
0.115234
0.00886086
0.138346
0.00486506
0.166751
0.00163897
0.199433
0.233096
0.0397145
0.0631658
-0.0450049
0.0343813
0.0695886
0.029066
0.0777396
0.0238384
0.0883169
0.0187582
0.102151
0.0138753
0.120117
0.00925842
0.142962
0.00506794
0.170941
0.00169762
0.202803
0.234794
0.0410288
0.0685592
-0.0464222
0.0355866
0.0750308
0.0301424
0.0831839
0.0247575
0.0937017
0.019494
0.107415
0.0144132
0.125197
0.00960144
0.147774
0.00523867
0.175304
0.00174337
0.206298
0.236537
0.0420856
0.0740256
-0.047552
0.0365622
0.0805541
0.0310199
0.0887262
0.0255128
0.0992088
0.0201022
0.112825
0.0148581
0.130442
0.00988165
0.152751
0.00537324
0.179812
0.00177558
0.209896
0.238312
0.0428747
0.0795327
-0.0483818
0.0373003
0.0861285
0.0316911
0.0943354
0.0260955
0.104804
0.0205736
0.118347
0.0152012
0.135814
0.0100937
0.157858
0.00547154
0.184434
0.00179892
0.213569
0.240111
0.0433909
-0.0489057
0.0377961
0.0321511
0.0265001
0.0209016
0.0154361
0.0102311
0.00552669
0.00180732
-0.0286237
0.0268078
-0.0312574
-0.025235
0.0243035
-0.0276922
-0.0224372
0.0213191
-0.0241168
-0.0201942
0.0182868
-0.0205298
-0.0185026
0.0154456
-0.0171372
-0.0173408
0.0128905
-0.0140523
-0.0166735
0.0106591
-0.0113263
-0.0164538
0.00875435
-0.00897409
-0.0166272
0.00714864
-0.00697521
0.00578729
-0.0171392
-0.00527533
-0.0362412
0.0230493
-0.0328926
0.020955
-0.0301007
0.0185271
-0.0278822
0.0160684
-0.0262106
0.0137739
-0.0250463
0.0117261
-0.0243425
0.0099553
-0.0240464
0.0084583
-0.0241037
0.00720592
0.00614747
-0.0244639
-0.045567
0.019492
-0.0423691
0.0177571
-0.0396636
0.0158216
-0.0374892
0.0138941
-0.0358218
0.0121065
-0.0346177
0.0105221
-0.0338263
0.00916387
-0.0333943
0.00802632
-0.0332707
0.0070823
0.00628805
-0.0334112
-0.0573866
0.0160823
-0.0543223
0.0146928
-0.0517036
0.0132029
-0.0495553
0.0117457
-0.0478538
0.0104049
-0.0465569
0.00922525
-0.045616
0.00822288
-0.0449815
0.00739187
-0.0446086
0.00670943
0.00614015
-0.0444607
-0.0724498
0.0128005
-0.0694923
0.0117353
-0.0669264
0.010637
-0.0647621
0.00958146
-0.062976
0.00861877
-0.0615296
0.00777882
-0.0603791
0.00707245
-0.0594819
0.00649459
-0.0588001
0.00602769
0.005645
-0.058305
-0.0916165
0.00961977
-0.0887341
0.00885293
-0.0861844
0.0080874
-0.0839666
0.00736359
-0.0820577
0.00670991
-0.0804242
0.00614527
-0.0790285
0.00567679
-0.0778348
0.00530089
-0.0768122
0.00500512
0.00477078
-0.075938
-0.11585
0.00654573
-0.113041
0.00604342
-0.110506
0.00555286
-0.108239
0.00509629
-0.106217
0.00468817
-0.104412
0.00433983
-0.102791
0.00405582
-0.101324
0.0038341
-0.0999852
0.00366614
0.00353972
-0.0987541
-0.14608
0.00367498
-0.143432
0.00339559
-0.141005
0.00312555
-0.138788
0.00287992
-0.136763
0.00266252
-0.134902
0.00247918
-0.133179
0.00233238
-0.131566
0.0022212
-0.130039
0.00213942
0.00207706
-0.128576
-0.182584
0.00128594
-0.180369
0.00118041
-0.178322
0.00107889
-0.176434
0.000992404
-0.174688
0.000916201
-0.173061
0.000852193
-0.17153
0.000801129
-0.170072
0.000762888
-0.168666
0.000733565
0.000698892
-0.167288
-0.224478
-0.223298
-0.222219
-0.221227
-0.22031
-0.219458
-0.218657
-0.217894
-0.217161
-0.216462
-0.0179452
0.00459982
-0.00379383
-0.0190093
0.00347418
-0.00241005
-0.0203195
0.00231484
-0.00100467
-0.0218867
0.00101943
0.000547805
-0.0237425
-0.000501131
0.00235694
-0.0259298
-0.00231429
0.0045016
-0.0284877
-0.00446705
0.00702495
-0.0314425
-0.0069987
0.00995355
-0.0348558
-0.00996772
0.013381
-0.0138288
-0.0384278
0.0174008
-0.0250904
0.00522635
-0.0259539
0.00433769
-0.0270484
0.00340927
-0.0283871
0.00235819
-0.0299992
0.00111094
-0.03192
-0.000393517
-0.0341781
-0.00220893
-0.0367845
-0.00439229
-0.0397146
-0.00703766
-0.0105165
-0.0430268
-0.0337886
0.00560374
-0.034379
0.0049281
-0.0351813
0.00421152
-0.0362099
0.00338681
-0.0374911
0.00239215
-0.0390557
0.00117109
-0.0409322
-0.000332463
-0.0431448
-0.00217965
-0.0457222
-0.00446034
-0.00738917
-0.0488495
-0.0445203
0.00566329
-0.0447682
0.00517601
-0.0452077
0.00465104
-0.0458552
0.00403425
-0.0467369
0.00327385
-0.0478855
0.00231973
-0.0493389
0.00112092
-0.0511435
-0.000375058
-0.0533707
-0.00223311
-0.00455252
-0.0562074
-0.057989
0.00534733
-0.0578366
0.00502364
-0.0578554
0.00466977
-0.0580643
0.00424318
-0.0584924
0.00370191
-0.0591772
0.0030046
-0.0601665
0.0021102
-0.061521
0.000979436
-0.0633258
-0.000428327
-0.00215018
-0.0657281
-0.0752146
0.00462398
-0.0746284
0.00443742
-0.0741903
0.00423165
-0.0739221
0.00397497
-0.0738555
0.0036353
-0.074032
0.00318108
-0.0745038
0.00258206
-0.0753352
0.00181082
-0.0766063
0.000842769
-0.000333159
-0.0784233
-0.0976428
0.00351261
-0.0966368
0.00343147
-0.0957485
0.00334332
-0.0950008
0.00322726
-0.0944258
0.00306034
-0.0940652
0.0028205
-0.09397
0.00248683
-0.0941997
0.00204048
-0.0948217
0.00146485
0.000755605
-0.0959105
-0.127194
0.00213059
-0.125877
0.00211419
-0.124634
0.00210069
-0.123487
0.00208035
-0.122465
0.00203776
-0.121604
0.00195929
-0.120949
0.00183173
-0.120551
0.00164241
-0.120463
0.00137763
0.0010282
-0.120736
-0.165928
0.000771116
-0.164588
0.000774447
-0.163272
0.000784019
-0.161991
0.000799524
-0.160765
0.00081179
-0.15962
0.000814845
-0.158591
0.000802627
-0.157718
0.000768891
-0.157044
0.000703811
0.000584595
-0.1566
-0.215691
-0.214916
-0.214132
-0.213333
-0.212521
-0.211706
-0.210903
-0.210134
-0.209431
-0.208846
-0.000592777
-0.208253
-0.000763579
-0.15643
-4.73649e-05
-0.121452
0.00159472
-0.0975526
0.00406405
-0.0808927
0.00723354
-0.0688976
0.0109939
-0.0599677
0.0152927
-0.0531482
0.0202141
-0.0479483
-0.0443408
0.0261271
-0.000467872
-0.207785
-0.000334421
-0.156563
0.000820722
-0.122607
0.00299377
-0.0997256
0.0060559
-0.0839548
0.00985729
-0.072699
0.0142597
-0.0643702
0.0191434
-0.0580319
0.0243806
-0.0531855
-0.0496558
0.0296956
-0.000330103
-0.207455
0.000131306
-0.157024
0.00174307
-0.124219
0.00444746
-0.10243
0.0080737
-0.087581
0.0124376
-0.0770629
0.0173653
-0.0692979
0.0226872
-0.0633537
0.0282049
-0.0587032
-0.0550857
0.0336348
-0.000185256
-0.20727
0.000628902
-0.157839
0.00271644
-0.126307
0.00595706
-0.105671
0.0101355
-0.0917594
0.0150346
-0.081962
0.0204554
-0.0747187
0.0262091
-0.0691075
0.0320935
-0.0645876
-0.0608555
0.0378632
-2.65499e-05
-0.207244
0.00116052
-0.159026
0.0037379
-0.128884
0.00751724
-0.10945
0.0122381
-0.0964803
0.0176533
-0.0873772
0.0235465
-0.0806119
0.0297243
-0.0752853
0.0359968
-0.07086
-0.0670073
0.0421487
0.000146831
-0.20739
0.00172317
-0.160602
0.00479745
-0.131958
0.0091097
-0.113762
0.0143542
-0.101725
0.0202559
-0.093279
0.0265847
-0.0869407
0.0331481
-0.0818487
0.039771
-0.0774829
-0.0735005
0.0462642
0.000334519
-0.207725
0.00231042
-0.162578
0.00587841
-0.135526
0.0107046
-0.118588
0.0164382
-0.107458
0.022778
-0.0996187
0.0294825
-0.0936452
0.0363616
-0.0887278
0.0432561
-0.0843774
-0.080248
0.0500036
0.000534918
-0.20826
0.00291289
-0.164956
0.00695883
-0.139572
0.0122644
-0.123894
0.0184346
-0.113629
0.0251439
-0.106328
0.0321422
-0.100643
0.0392436
-0.0958292
0.0463062
-0.09144
-0.0871389
0.0531972
0.000747914
-0.209008
0.0035209
-0.167729
0.00801414
-0.144065
0.0137475
-0.129627
0.020284
-0.120165
0.0272769
-0.113321
0.0344704
-0.107837
0.0416863
-0.103045
0.0488025
-0.0985562
-0.0940558
0.0557194
0.000981719
0.00412441
0.00901754
0.0151118
0.0219298
0.0291074
0.036388
0.0436052
0.05066
0.0574895
0.0674365
-0.455222
0.446223
0.0703318
-0.381075
0.37818
0.071837
-0.325144
0.323638
0.0727507
-0.27868
0.277766
0.0730967
-0.240632
0.240286
0.0730838
-0.20784
0.207853
0.0728195
-0.178706
0.17897
0.0723731
-0.152353
0.1528
0.0718439
-0.128492
0.129021
0.0712668
-0.106629
0.107206
0.0706942
-0.0876486
0.0882212
0.0702098
-0.06912
0.0696043
0.0696904
-0.0561383
0.0566577
0.0694857
-0.0386214
0.0388261
0.0690521
-0.0317923
0.0322259
0.0689764
-0.0138559
0.0139316
0.0692145
-0.0027235
0.00248547
0.0684573
0.000922552
-0.000165364
0.0672744
0.053584
-0.0524011
0.049015
-0.0479184
0.0643472
-0.460945
0.066284
-0.383012
0.0677096
-0.326569
0.0689222
-0.279892
0.0696364
-0.241346
0.0699734
-0.208177
0.0700268
-0.178759
0.0698597
-0.152186
0.0695707
-0.128203
0.0691924
-0.106251
0.0687875
-0.0872437
0.0684309
-0.0687634
0.068024
-0.0557314
0.0678961
-0.0384935
0.0675271
-0.0314233
0.0675436
-0.0138725
0.0678017
-0.00298158
0.0670642
0.00166007
0.066001
0.0546472
0.0500016
0.0606682
-0.463559
0.0617691
-0.384113
0.0631987
-0.327999
0.0647371
-0.281431
0.0658382
-0.242447
0.0665405
-0.208879
0.0669278
-0.179147
0.0670574
-0.152316
0.0670263
-0.128172
0.0668657
-0.10609
0.066648
-0.087026
0.0664398
-0.0685552
0.0661672
-0.0554588
0.0661387
-0.038465
0.0658624
-0.031147
0.0659948
-0.0140049
0.0662982
-0.00328493
0.0656204
0.00233785
0.0647161
0.0555515
0.0508415
0.0564952
-0.463285
0.0568703
-0.384488
0.0583485
-0.329477
0.0602208
-0.283303
0.0617226
-0.243949
0.0628065
-0.209963
0.0635452
-0.179885
0.0639898
-0.15276
0.0642349
-0.128417
0.0643101
-0.106165
0.0642978
-0.0870138
0.0642573
-0.0685147
0.0641391
-0.0553406
0.0642309
-0.0385568
0.064073
-0.0309892
0.0643423
-0.0142742
0.0647148
-0.00365739
0.0641343
0.00291833
0.0634245
0.0562614
0.0515011
0.0519693
-0.460434
0.0517098
-0.384229
0.0532175
-0.330985
0.0554032
-0.285489
0.0573118
-0.245858
0.0587936
-0.211445
0.0599022
-0.180994
0.0606809
-0.153539
0.0612203
-0.128957
0.0615493
-0.106494
0.0617597
-0.0872242
0.0619045
-0.0686595
0.0619587
-0.0553947
0.06219
-0.0387882
0.0621737
-0.0309729
0.0625982
-0.0146987
0.0630625
-0.00412165
0.0626147
0.00336614
0.0621314
0.0567447
0.0519496
0.0472092
-0.455359
0.0463181
-0.383338
0.0477984
-0.332465
0.0502836
-0.287974
0.0526173
-0.248191
0.0545204
-0.213348
0.0560208
-0.182494
0.0571539
-0.154672
0.0580063
-0.129809
0.0586064
-0.107094
0.0590558
-0.0876735
0.0594024
-0.0690061
0.0596453
-0.0556376
0.0600337
-0.0391766
0.0601795
-0.0311187
0.060775
-0.0152942
0.0613525
-0.0046991
0.06107
0.00364863
0.0608416
0.0569731
0.0521596
0.0418479
-0.447944
0.0402919
-0.381782
0.0418552
-0.334028
0.0447574
-0.290876
0.0476041
-0.251038
0.0499838
-0.215728
0.0519119
-0.184422
0.053426
-0.156186
0.0546129
-0.130996
0.0555026
-0.107984
0.0562069
-0.0883779
0.0567711
-0.0695703
0.0572175
-0.056084
0.0577789
-0.0397381
0.058105
-0.0314447
0.0588851
-0.0160743
0.0595959
-0.00540988
0.0595085
0.00373602
0.0595596
0.056922
0.0521065
0.0350997
-0.437231
0.0332075
-0.379889
0.0351945
-0.336015
0.0387329
-0.294414
0.0422271
-0.254532
0.0451664
-0.218667
0.0475754
-0.186831
0.0495071
-0.158118
0.0510552
-0.132544
0.0522555
-0.109184
0.0532319
-0.0893542
0.0540292
-0.0703676
0.054693
-0.0567478
0.0554423
-0.0404874
0.0559645
-0.0319669
0.0569408
-0.0170506
0.0578038
-0.00627292
0.0579383
0.00360157
0.0582898
0.0565705
0.0517685
0.0290176
-0.424316
0.0268852
-0.377757
0.0288459
-0.337976
0.0326974
-0.298266
0.0367006
-0.258535
0.0401724
-0.222139
0.0430708
-0.18973
0.045437
-0.160484
0.0473638
-0.134471
0.0488911
-0.110712
0.0501534
-0.0906166
0.0511973
-0.0714115
0.0520905
-0.0576409
0.0530406
-0.0414375
0.0537725
-0.0326988
0.0549543
-0.0182324
0.0559871
-0.00730572
0.056367
0.00322168
0.0570361
0.0559014
0.0511267
0.0292027
-0.415822
0.0245068
-0.373061
0.0246147
-0.338084
0.0275323
-0.301184
0.0314645
-0.262468
0.0352424
-0.225917
0.0385356
-0.193023
0.0412984
-0.163247
0.0435913
-0.136764
0.0454468
-0.112567
0.0469988
-0.0921686
0.0482981
-0.0727109
0.0494287
-0.0587715
0.0505893
-0.0425981
0.0515446
-0.0336541
0.0529353
-0.0196231
0.0541597
-0.00853018
0.0548022
0.00257925
0.0557993
0.0549042
0.0501613
0.240443
-0.355224
-0.30104
0.203221
-0.335839
0.172671
-0.307534
0.150789
-0.279302
0.136465
-0.248144
0.126518
-0.21597
0.119186
-0.185691
0.11367
-0.157731
0.109435
-0.132529
0.10617
-0.109302
0.103641
-0.0896392
0.101802
-0.0708726
0.100398
-0.0573674
0.0996645
-0.0418645
0.0990419
-0.0330314
0.0993109
-0.0198921
0.0996085
-0.00882779
0.0985845
0.00360321
0.0989595
0.0545293
0.0494842
0.27372
-0.292146
-0.336798
0.232142
-0.294261
0.201082
-0.276474
0.177303
-0.255523
0.160319
-0.23116
0.148014
-0.203665
0.138666
-0.176342
0.131497
-0.150562
0.125946
-0.126977
0.121665
-0.105021
0.118315
-0.0862883
0.115861
-0.0684186
0.113958
-0.0554644
0.112855
-0.0407623
0.112004
-0.0321796
0.112093
-0.019982
0.112253
-0.00898732
0.111033
0.00482322
0.11178
0.0537821
0.0484028
0.315431
-0.232448
-0.375129
0.270861
-0.249692
0.237015
-0.242627
0.209322
-0.227831
0.188131
-0.209968
0.172552
-0.188086
0.160716
-0.164506
0.151558
-0.141404
0.144423
-0.119843
0.138914
-0.0995122
0.134576
-0.0819498
0.131366
-0.065209
0.128845
-0.0529437
0.127276
-0.0391928
0.126114
-0.0310173
0.125937
-0.0198059
0.125878
-0.00892789
0.12451
0.00619094
0.125819
0.052473
0.0467856
0.355709
-0.178807
-0.40935
0.309754
-0.203737
0.273694
-0.206567
0.243696
-0.197833
0.21915
-0.185422
0.200226
-0.169163
0.185625
-0.149905
0.174157
-0.129936
0.16511
-0.110796
0.158084
-0.0924858
0.152529
-0.0763946
0.148379
-0.0610593
0.145087
-0.0496515
0.142929
-0.0370347
0.141354
-0.0294425
0.140788
-0.0192401
0.14045
-0.00858948
0.139027
0.00761376
0.141148
0.0503524
0.0444538
0.395293
-0.133149
-0.440952
0.350474
-0.158917
0.312729
-0.168822
0.280908
-0.166012
0.253599
-0.158113
0.231302
-0.146866
0.213643
-0.132246
0.199565
-0.115858
0.188281
-0.0995116
0.179402
-0.0836069
0.172344
-0.069337
0.16701
-0.0557248
0.162748
-0.0453894
0.159845
-0.0341321
0.157713
-0.02731
0.156614
-0.0181416
0.155951
-0.00792592
0.154655
0.00890917
0.157916
0.0470921
0.0411875
0.431668
-0.0954876
-0.469329
0.39068
-0.117929
0.352836
-0.130979
0.319869
-0.133045
0.290756
-0.128999
0.265661
-0.121771
0.244938
-0.111523
0.228052
-0.0989718
0.214262
-0.0857219
0.203196
-0.0725407
0.194313
-0.0604539
0.18749
-0.0489018
0.182009
-0.0399092
0.178156
-0.0302786
0.175263
-0.0244173
0.173478
-0.0163559
0.172469
-0.00691686
0.171605
0.00977309
0.176406
0.0422911
0.0367193
0.466125
-0.0652063
-0.496406
0.430564
-0.0823689
0.394489
-0.0949039
0.361136
-0.0996908
0.330828
-0.0986917
0.303571
-0.0945142
0.279957
-0.0879086
0.260102
-0.0791171
0.243554
-0.0691741
0.229981
-0.0589672
0.218931
-0.0494045
0.210274
-0.0402443
0.203286
-0.0329215
0.198218
-0.0252111
0.194304
-0.0205031
0.191681
-0.013733
0.19034
-0.00557605
0.190347
0.00976655
0.197127
0.0355115
0.030725
0.502675
-0.0407268
-0.527154
0.472395
-0.0520896
0.439141
-0.06165
0.406131
-0.0666804
0.374882
-0.0674423
0.34581
-0.0654428
0.319525
-0.0616232
0.296589
-0.0561807
0.277013
-0.0495991
0.260618
-0.0425714
0.247062
-0.0358489
0.236215
-0.0293968
0.22741
-0.0241164
0.220828
-0.0186295
0.215602
-0.0152772
0.212021
-0.0101522
0.2104
-0.00395417
0.211801
0.00836481
0.220962
0.0263511
0.0228257
0.547982
-0.0199173
-0.568792
0.521485
-0.025592
0.490638
-0.0308034
0.457954
-0.0339961
0.425481
-0.0349695
0.394329
-0.0342911
0.365269
-0.0325633
0.339061
-0.0299722
0.316139
-0.0266774
0.296591
-0.0230235
0.28021
-0.0194675
0.266858
-0.016045
0.255951
-0.0132093
0.247581
-0.0102595
0.240799
-0.00849589
0.236198
-0.00555067
0.234366
-0.00212217
0.237602
0.00512912
0.249422
0.014531
0.0126471
0.612472
-0.632389
0.58688
0.556077
0.522081
0.487111
0.45282
0.420257
0.390285
0.363607
0.340584
0.321116
0.305071
0.291862
0.281603
0.273107
0.267556
0.265434
0.270563
0.285094
0.332887
0.00393434
-0.330459
0.334354
0.00885965
0.334768
0.0137637
0.334045
0.0186119
0.332093
0.0233964
0.328826
0.0280365
0.324037
0.0326928
0.31766
0.0368215
0.308818
0.0418833
0.0412604
0.34982
0.00246162
-0.348347
0.350785
0.00789483
0.351199
0.0133497
0.351023
0.0187875
0.35023
0.0241893
0.348805
0.0294614
0.346821
0.0346771
0.344327
0.0393157
0.34174
0.0444698
0.0462023
0.369612
0.00168024
-0.368831
0.370381
0.00712592
0.371155
0.0125753
0.371955
0.017988
0.372808
0.0233367
0.373704
0.0285654
0.374653
0.0337278
0.375368
0.0386002
0.376005
0.0438337
0.0470777
0.390603
0.00115204
-0.390075
0.391469
0.00625969
0.392681
0.0113633
0.394232
0.0164368
0.396108
0.0214613
0.398264
0.0264091
0.400707
0.0312842
0.40334
0.0359678
0.40648
0.0406932
0.0442081
0.411064
0.000739407
-0.410651
0.412046
0.00527757
0.413604
0.00980578
0.415742
0.0142988
0.418471
0.0187317
0.421803
0.0230777
0.425767
0.0273196
0.430322
0.0314134
0.435575
0.0354398
0.0388315
0.43201
0.000385226
-0.431656
0.433113
0.00417474
0.434975
0.00794362
0.437605
0.0116689
0.441008
0.0153287
0.445183
0.0189027
0.450129
0.0223736
0.455822
0.0257199
0.462314
0.0289484
0.0318163
0.455727
0.000116669
-0.455458
0.456843
0.00305801
0.458813
0.0059736
0.461639
0.00884292
0.465322
0.0116461
0.46986
0.0143646
0.475253
0.0169809
0.481494
0.019479
0.488594
0.0218485
0.0240038
0.485717
-3.67291e-05
-0.485564
0.48678
0.00199556
0.488751
0.00400241
0.491627
0.00596703
0.4954
0.00787334
0.500058
0.0097062
0.505587
0.0114517
0.511969
0.0130974
0.519185
0.0146323
0.0160345
0.527273
-6.50657e-05
-0.527245
0.528268
0.00100075
0.530222
0.00204905
0.533119
0.00306946
0.53694
0.00405204
0.541659
0.00498746
0.547244
0.00586711
0.553658
0.0066833
0.560861
0.00742946
0.00810369
0.589147
-0.589212
0.590148
0.592197
0.595266
0.599319
0.604306
0.610173
0.616856
0.624286
0.279606
-0.0328229
-0.280998
0.288147
-0.0392976
0.295368
-0.0339211
0.301503
-0.0287115
0.307488
-0.0244328
0.313225
-0.0200348
0.318482
-0.0153998
0.323158
-0.0106717
0.327182
-0.005879
-0.00101863
0.318456
-0.0360495
-0.315229
0.32276
-0.0436016
0.327434
-0.0385954
0.331314
-0.0325918
0.334796
-0.0279148
0.338172
-0.0234099
0.341301
-0.0185297
0.34406
-0.0134307
0.346417
-0.00823523
-0.00294907
0.358929
-0.0385076
-0.356471
0.360141
-0.0448137
0.361662
-0.040116
0.363109
-0.0340389
0.36422
-0.0290256
0.365226
-0.0244164
0.366223
-0.0195271
0.367162
-0.0143697
0.368024
-0.00909716
-0.00375546
0.397706
-0.0388048
-0.397409
0.395592
-0.0427
0.393927
-0.0384504
0.392837
-0.0329489
0.39186
-0.028049
0.390975
-0.0235313
0.390326
-0.0188783
0.389959
-0.0140026
0.38987
-0.00900851
-0.00395955
0.431812
-0.0365688
-0.434048
0.42699
-0.0378777
0.422776
-0.0342372
0.419528
-0.0297
0.416852
-0.0253735
0.414577
-0.0212565
0.412774
-0.0170748
0.411512
-0.0127408
0.410805
-0.0083012
-0.00380629
0.461409
-0.0318597
-0.466118
0.455009
-0.0314778
0.44929
-0.0285183
0.444612
-0.0250226
0.440758
-0.0215192
0.437556
-0.0180546
0.435009
-0.0145273
0.433164
-0.010896
0.432044
-0.00718178
-0.0034179
0.490163
-0.0253365
-0.496686
0.483018
-0.0243329
0.476591
-0.0220915
0.471121
-0.0195519
0.466525
-0.016924
0.462715
-0.0142442
0.45968
-0.0114921
0.457446
-0.00866227
0.456035
-0.00577087
-0.00284087
0.523624
-0.0177084
-0.531252
0.516066
-0.0167749
0.509241
-0.0152674
0.503282
-0.0135929
0.498183
-0.0118249
0.493926
-0.00998649
0.490516
-0.00808249
0.487975
-0.00612103
0.48632
-0.00411616
-0.00208473
0.568734
-0.00928737
-0.577155
0.560722
-0.00876216
0.553453
-0.00799883
0.547013
-0.0071525
0.541434
-0.00624587
0.536738
-0.00529092
0.53295
-0.00429474
0.530094
-0.00326487
0.528188
-0.00221041
-0.00114155
0.635574
-0.644861
0.626812
0.618813
0.611661
0.605415
0.600124
0.595829
0.592564
0.590354
0.127372
0.0120876
-0.0125364
0.128816
0.036874
-0.0383179
0.131453
0.062426
-0.0650626
0.135365
0.0905178
-0.0944302
0.141513
0.12025
-0.126398
0.149676
0.156579
-0.164742
0.163857
0.192661
-0.206842
0.180565
0.246491
-0.263199
0.221491
0.278916
-0.319843
0.355487
-0.414993
0.14872
0.0114492
0.150681
0.0349132
0.154248
0.0588594
0.159441
0.0853246
0.167645
0.112046
0.178113
0.146111
0.196857
0.173917
0.217947
0.225401
0.266803
0.23006
0.30706
0.173588
0.0106112
0.176133
0.0323674
0.180777
0.0542159
0.187459
0.0786426
0.198009
0.101496
0.21111
0.13301
0.234186
0.150841
0.260057
0.19953
0.306125
0.183992
0.256715
0.202566
0.00955922
0.205741
0.0291929
0.211525
0.0484322
0.219777
0.07039
0.232595
0.0886784
0.248404
0.117201
0.273694
0.12555
0.303829
0.169396
0.342358
0.145462
0.201665
0.236326
0.00828033
0.240152
0.0253675
0.247014
0.0415695
0.256839
0.0605658
0.271285
0.0742326
0.289852
0.0986331
0.314434
0.100969
0.348407
0.135423
0.379752
0.114117
0.147368
0.275629
0.00679088
0.280081
0.020916
0.287776
0.0338738
0.299043
0.0492987
0.314102
0.0591738
0.334934
0.0778012
0.357399
0.0785039
0.392384
0.100438
0.419868
0.0866323
0.101119
0.321377
0.00515847
0.326337
0.0159559
0.33451
0.0257011
0.346759
0.0370495
0.361724
0.0442092
0.383177
0.0563478
0.404061
0.0576194
0.435955
0.068544
0.461379
0.0612086
0.0658123
0.374668
0.00347051
0.379901
0.0107223
0.388274
0.017328
0.400748
0.0245756
0.415471
0.0294861
0.435686
0.0361333
0.455603
0.0377024
0.482175
0.0419713
0.504964
0.0384196
0.0395249
0.436808
0.00176859
0.442097
0.00543363
0.450576
0.00884919
0.462786
0.0123649
0.477338
0.0149342
0.495714
0.0177577
0.514658
0.0187582
0.536589
0.0200407
0.556466
0.0185421
0.018836
0.509345
0.514779
0.523628
0.535993
0.550927
0.568684
0.587443
0.607483
0.626025
0.0714476
0.0105125
-0.0112482
0.0720762
0.0331457
-0.0337743
0.0725671
0.056672
-0.0571629
0.0728192
0.0819204
-0.0821725
0.072719
0.109802
-0.109702
0.0720172
0.141189
-0.140487
0.0703561
0.178838
-0.177176
0.0671558
0.222604
-0.219404
0.0609302
0.283589
-0.277363
0.354503
-0.34267
0.0713729
0.00984614
0.07188
0.0326386
0.0722094
0.0563426
0.0722579
0.0818719
0.0719442
0.110116
0.0709989
0.142134
0.0691705
0.180666
0.0658723
0.225903
0.0598902
0.289571
0.365376
0.0712509
0.00929725
0.0715886
0.0323009
0.0717075
0.0562237
0.0715021
0.0820774
0.0709247
0.110693
0.0696796
0.143379
0.0676414
0.182704
0.0641846
0.229359
0.0584532
0.295302
0.375178
0.0710828
0.00891335
0.0712045
0.0321792
0.0710654
0.0563627
0.0705577
0.0825851
0.0696662
0.111585
0.0680654
0.14498
0.0657755
0.184994
0.0620891
0.233046
0.056645
0.300747
0.383808
0.0708701
0.00874081
0.070731
0.0323184
0.0702879
0.0568058
0.0694317
0.0834414
0.0681757
0.112841
0.0661654
0.14699
0.0635813
0.187578
0.0595871
0.23704
0.0545079
0.305826
0.391205
0.0706147
0.00882462
0.070172
0.0327611
0.0693805
0.0575973
0.0681321
0.0846897
0.0664609
0.114512
0.0639919
0.149459
0.0610676
0.190502
0.0566872
0.24142
0.0521026
0.31041
0.397373
0.0703183
0.009208
0.0695317
0.0335477
0.0683493
0.0587797
0.0666671
0.0863719
0.0645293
0.11665
0.0615585
0.15243
0.0582406
0.19382
0.0534109
0.24625
0.0495009
0.31432
0.402432
0.0699833
0.00993211
0.0688148
0.0347161
0.0672002
0.0603943
0.065043
0.0885292
0.0623865
0.119306
0.0588772
0.155939
0.0551027
0.197595
0.0497973
0.251556
0.0467943
0.317323
0.406648
0.0696135
0.0110347
0.0680288
0.0363008
0.0659424
0.0624807
0.0632684
0.0912031
0.060038
0.122537
0.0559558
0.160022
0.0516571
0.201893
0.0459328
0.25728
0.0439297
0.319326
0.410521
0.0692257
0.0672087
0.0646267
0.0613996
0.0575383
0.052818
0.0478695
0.0419509
0.0414346
0.0695076
0.0130299
-0.0118296
0.0686127
0.0366975
-0.0358026
0.0679841
0.0606
-0.0599714
0.0675211
0.0852167
-0.0847538
0.067016
0.1106
-0.110095
0.0661048
0.136941
-0.136029
0.0640043
0.163247
-0.161147
0.0595297
0.188441
-0.183967
0.0494561
0.206798
-0.196725
0.210201
-0.195297
0.0699252
0.013823
0.0694155
0.0372072
0.0691244
0.0608911
0.0689549
0.0853863
0.0686953
0.11086
0.0680142
0.137622
0.0661165
0.165145
0.0620113
0.192546
0.0525577
0.216252
0.225804
0.0702855
0.0142637
0.0700961
0.0373965
0.0700815
0.0609057
0.0701428
0.0853249
0.0700692
0.110934
0.0695628
0.138128
0.0678505
0.166857
0.0640581
0.196339
0.0550879
0.225222
0.241657
0.0705994
0.0143954
0.0706838
0.0373121
0.0709013
0.0606882
0.0711508
0.0850755
0.0712206
0.110864
0.0708412
0.138507
0.0692604
0.168438
0.0656767
0.199922
0.0571159
0.233783
0.257392
0.0708666
0.014262
0.0711776
0.0370011
0.0715819
0.0602838
0.0719768
0.0846806
0.0721501
0.11069
0.0718523
0.138805
0.0703562
0.169934
0.0669125
0.203366
0.0587626
0.241933
0.272838
0.0710863
0.0139092
0.0715752
0.0365122
0.0721191
0.0597399
0.0726148
0.084185
0.0728534
0.110452
0.0725987
0.13906
0.0711603
0.171373
0.0678312
0.206695
0.0600782
0.249686
0.287911
0.0712572
0.0133835
0.0718746
0.0358948
0.0725091
0.0591054
0.0730583
0.0836358
0.0733214
0.110189
0.0730708
0.13931
0.0716632
0.17278
0.0684253
0.209933
0.061036
0.257075
0.302525
0.071379
0.0127325
0.0720746
0.0351991
0.0727495
0.0584306
0.0733023
0.0830829
0.0735462
0.109945
0.0732565
0.1396
0.0718461
0.174191
0.0686704
0.213109
0.0616126
0.264133
0.316585
0.0714512
0.0120045
0.0721748
0.0344755
0.0728392
0.0577661
0.0733444
0.0825778
0.0735227
0.109767
0.0731472
0.139976
0.0716954
0.175642
0.0685501
0.216254
0.0617959
0.270887
0.329999
0.071474
0.0721753
0.0727785
0.0731838
0.0732483
0.072737
0.0712031
0.068053
0.0615766
0.505883
0.00146259
0.50153
0.00435289
0.494413
0.0071166
0.484917
0.0094967
0.473578
0.0113383
0.461068
0.0125104
0.448231
0.0128374
0.435946
0.0122847
0.425351
0.0105946
0.00815866
0.417193
0.433453
0.00291302
0.429135
0.00867089
0.422106
0.0141456
0.412669
0.018934
0.40128
0.0227277
0.388544
0.025246
0.375265
0.0261161
0.362341
0.0252087
0.350968
0.0219679
0.0171666
0.34196
0.371315
0.00439703
0.366897
0.0130889
0.359685
0.0213584
0.349886
0.0287325
0.33785
0.0347637
0.324097
0.0389988
0.30939
0.040823
0.294703
0.0398956
0.281389
0.0352827
0.0280733
0.270482
0.318089
0.00587175
0.313689
0.0174893
0.306436
0.0286107
0.296422
0.0387468
0.283841
0.0473453
0.269062
0.0537776
0.252744
0.0571408
0.235911
0.0567283
0.220107
0.0510866
0.0413934
0.206787
0.272536
0.00726969
0.268342
0.0216831
0.261342
0.0356103
0.251493
0.0485956
0.2388
0.0600384
0.223407
0.0691708
0.205765
0.0747828
0.186828
0.0756652
0.168297
0.069618
0.057476
0.152214
0.233561
0.0085323
0.22974
0.0255036
0.223278
0.042073
0.214002
0.0578715
0.201723
0.0723173
0.18631
0.0845835
0.167907
0.0931857
0.147202
0.0963704
0.125913
0.0909068
0.0766896
0.1067
0.200209
0.00962453
0.196867
0.0288455
0.191142
0.0477987
0.182757
0.0662567
0.171355
0.0837185
0.156529
0.0994103
0.138055
0.111659
0.116142
0.118283
0.0922894
0.11476
0.0994593
0.0695197
0.171656
0.0105365
0.168833
0.031669
0.163941
0.0526899
0.156634
0.0735638
0.146438
0.0939151
0.132702
0.113146
0.114844
0.129517
0.0924273
0.1407
0.0664353
0.140752
0.126224
0.0396708
0.147204
0.0112714
0.144893
0.0339808
0.140847
0.0567355
0.134683
0.079728
0.125865
0.102733
0.113575
0.125436
0.09692
0.146172
0.074756
0.162864
0.0471622
0.168345
0.157468
0.0159182
0.126278
0.124456
0.12122
0.116195
0.108832
0.0982389
0.0832647
0.0621619
0.0337826
-0.00404668
0.408008
0.00918435
0.399792
0.00821632
0.392559
0.0072333
0.386342
0.00621651
0.381176
0.00516629
0.377089
0.00408695
0.374105
0.00298344
0.372245
0.00186016
0.371524
0.000721173
-0.000429459
0.371954
0.334649
0.0164953
0.328103
0.0147624
0.322319
0.0130177
0.317331
0.0112043
0.313179
0.00931769
0.309897
0.00736897
0.307511
0.00537023
0.306039
0.00333157
0.305498
0.00126235
-0.000827905
0.305897
0.265023
0.0219541
0.260148
0.0196377
0.255821
0.0173443
0.252076
0.0149493
0.248958
0.0124362
0.246501
0.00982563
0.244732
0.00713936
0.243669
0.0043944
0.243325
0.00160671
-0.00120672
0.243704
0.203025
0.025716
0.19969
0.0229734
0.196716
0.0203183
0.194134
0.0175309
0.191993
0.014577
0.190328
0.0114906
0.189161
0.00830648
0.188505
0.00505108
0.188361
0.00175049
-0.00156614
0.18872
0.149911
0.0280188
0.147909
0.0249755
0.146124
0.0221036
0.144582
0.0190725
0.143329
0.0158296
0.142391
0.0124287
0.141775
0.00892253
0.141474
0.00535265
0.141462
0.00176227
-0.00180039
0.141696
0.105566
0.0291527
0.104643
0.0258987
0.103841
0.022905
0.103179
0.019735
0.102681
0.0163274
0.102346
0.0127642
0.102146
0.00912246
0.102033
0.00546523
0.101938
0.0018575
-0.00163343
0.101771
0.0691961
0.0294763
0.0690173
0.0260774
0.0689094
0.023013
0.0688692
0.0197751
0.0688804
0.0163161
0.0688923
0.0127523
0.0688298
0.00918503
0.0685985
0.00569651
0.0680914
0.0023646
-0.000741613
0.0671996
0.0396564
0.0294908
0.0397242
0.0260096
0.0398526
0.0228846
0.0400154
0.0196124
0.0401344
0.0161971
0.0401062
0.0127805
0.039817
0.00947417
0.0391512
0.00636236
0.0380037
0.00351207
0.000965904
0.0362962
0.015555
0.029854
0.0150375
0.026527
0.0147531
0.023169
0.0146035
0.0197619
0.0144256
0.016375
0.0140573
0.0131489
0.0133581
0.0101734
0.0122189
0.00750158
0.0105722
0.0051587
0.00313773
0.00840042
-0.00545013
-0.00661529
-0.00756311
-0.00833098
-0.00909323
-0.00999662
-0.0111496
-0.0126221
-0.0144386
-0.0165762
0.373544
-0.00158989
0.376295
-0.00275133
0.380206
-0.00391163
0.385273
-0.00506615
0.391483
-0.00620995
0.39882
-0.0073377
0.407264
-0.00844367
0.416785
-0.00952133
0.427348
-0.010563
-0.0115527
0.438901
0.30724
-0.00293329
0.309524
-0.00503553
0.31274
-0.00712777
0.316873
-0.00919849
0.321898
-0.0112354
0.327786
-0.0132255
0.334497
-0.0151549
0.341985
-0.0170089
0.350194
-0.018772
-0.0204245
0.359066
0.244803
-0.00403278
0.246609
-0.00684177
0.249099
-0.00961785
0.25224
-0.0123387
0.255985
-0.014981
0.26028
-0.0175208
0.26506
-0.0199348
0.270251
-0.0221997
0.275776
-0.0242973
-0.0262276
0.281579
0.18956
-0.00487243
0.190841
-0.00812272
0.192509
-0.0112866
0.194498
-0.0143274
0.196728
-0.0172103
0.199111
-0.0199041
0.201559
-0.022383
0.203985
-0.0246253
0.206311
-0.0266241
-0.0284331
0.208517
0.142113
-0.00528975
0.142634
-0.00864309
0.143164
-0.0118173
0.143607
-0.0147703
0.143867
-0.0174704
0.143863
-0.0198999
0.143533
-0.0220531
0.142836
-0.023928
0.141761
-0.0255493
-0.0270638
0.140392
0.10143
-0.00494864
0.10081
-0.00802346
0.0998158
-0.0108231
0.098373
-0.0133274
0.0964412
-0.0155387
0.0940226
-0.0174812
0.0911571
-0.0191876
0.0879022
-0.0206731
0.0843524
-0.0219995
-0.0234585
0.0807471
0.0658249
-0.00357403
0.0638986
-0.00609713
0.0613906
-0.00831509
0.0583202
-0.010257
0.0547596
-0.011978
0.0508294
-0.0135511
0.0466752
-0.0150334
0.0424163
-0.0164143
0.0381901
-0.0177732
-0.0196455
0.0343771
0.0339888
-0.00126659
0.0310964
-0.00320479
0.027688
-0.00490664
0.0238851
-0.00645416
0.0198519
-0.00794486
0.0157802
-0.00947929
0.011861
-0.0111143
0.00821899
-0.0127722
0.00495079
-0.014505
-0.0171293
0.00243461
0.00573565
0.00139817
0.00266711
-0.000136242
-0.000674627
-0.0015649
-0.00412655
-0.00300224
-0.00751022
-0.00456119
-0.0106501
-0.00633938
-0.0133761
-0.00838825
-0.0155271
-0.0106212
-0.0170141
-0.0130181
-0.0163109
-0.0178324
-0.0189719
-0.0215182
-0.0240877
-0.0265422
-0.0287464
-0.0305842
-0.0319475
-0.0326152
-0.0322523
-0.0311625
0.454768
-0.0158667
0.475375
-0.0206074
0.500305
-0.0249299
0.528927
-0.0286222
0.56046
-0.0315333
0.593727
-0.0332666
0.627424
-0.0336969
0.65969
-0.0322661
0.690178
-0.0304876
0.716218
-0.0260399
0.740018
-0.0238009
0.757347
-0.017329
0.772204
-0.0148565
0.78182
-0.00961605
0.786006
-0.00418589
0.788878
-0.00287187
0.784009
0.00486879
0.778487
0.00552199
0.767033
0.0114544
0.00571918
0.373518
-0.0303189
0.392088
-0.0391781
0.414158
-0.047
0.43937
-0.0538339
0.467011
-0.0591736
0.495951
-0.062207
0.524901
-0.0626468
0.552593
-0.0599584
0.578292
-0.0561866
0.600564
-0.0483122
0.620331
-0.0435675
0.635011
-0.0320086
0.647825
-0.0276707
0.655588
-0.0173794
0.660157
-0.0087542
0.663004
-0.00571933
0.659493
0.00837995
0.656234
0.0087808
0.648157
0.0195319
0.010877
0.294411
-0.04315
0.310735
-0.0555026
0.330394
-0.0666585
0.353559
-0.0769993
0.379273
-0.0848877
0.406087
-0.0890205
0.432459
-0.0890191
0.457312
-0.0848121
0.479576
-0.0784502
0.498879
-0.0676154
0.515083
-0.0597708
0.527494
-0.0444198
0.538152
-0.0383293
0.544168
-0.0233954
0.549137
-0.0137228
0.551532
-0.00811392
0.549454
0.0104572
0.548368
0.00986751
0.542861
0.0250388
0.0157882
0.219206
-0.0538387
0.233986
-0.0702832
0.254014
-0.086686
0.278816
-0.101801
0.305955
-0.112027
0.333064
-0.11613
0.358293
-0.114248
0.38077
-0.107289
0.399721
-0.0974014
0.415632
-0.0835264
0.428121
-0.0722602
0.437918
-0.0542167
0.445926
-0.0463367
0.450273
-0.0277428
0.454971
-0.0184212
0.45653
-0.00967228
0.455613
0.0113737
0.456077
0.00940415
0.451922
0.0291932
0.0206278
0.151023
-0.0644694
0.16877
-0.0880301
0.194184
-0.1121
0.223556
-0.131173
0.252725
-0.141196
0.279208
-0.142613
0.30181
-0.13685
0.32048
-0.125959
0.335248
-0.112169
0.347165
-0.0954427
0.356025
-0.0811205
0.363174
-0.0613654
0.368691
-0.0518538
0.371798
-0.03085
0.375825
-0.0224485
0.376696
-0.0105426
0.376733
0.0113367
0.378077
0.00805966
0.37458
0.0326904
0.0252626
0.0965609
-0.0802831
0.122168
-0.113637
0.154126
-0.144059
0.186002
-0.163049
0.214151
-0.169346
0.237393
-0.165854
0.255758
-0.155216
0.270016
-0.140216
0.280786
-0.12294
0.289238
-0.103895
0.295334
-0.0872162
0.300427
-0.0664589
0.304158
-0.0555845
0.306542
-0.0332334
0.309829
-0.0257364
0.310363
-0.0110763
0.311129
0.0105705
0.312823
0.00636644
0.309733
0.0357796
0.0294879
0.0591272
-0.105033
0.0925427
-0.147053
0.127455
-0.178971
0.158125
-0.193719
0.182877
-0.194098
0.201904
-0.184882
0.216117
-0.169428
0.226673
-0.150773
0.234415
-0.130682
0.240377
-0.109857
0.244623
-0.0914617
0.248281
-0.0701172
0.250852
-0.0581555
0.252808
-0.035189
0.255401
-0.0283302
0.255842
-0.0115167
0.25707
0.00934186
0.258752
0.00468495
0.256017
0.0385144
0.0331737
0.0354797
-0.138078
0.0733311
-0.184904
0.107639
-0.213279
0.135282
-0.221361
0.156162
-0.214978
0.171345
-0.200064
0.182201
-0.180285
0.189992
-0.158564
0.195584
-0.136273
0.19982
-0.114093
0.202824
-0.094466
0.20547
-0.0727627
0.207275
-0.0599611
0.208915
-0.0368291
0.2109
-0.0303143
0.211347
-0.0119642
0.212791
0.00789777
0.214264
0.00321162
0.21188
0.040899
0.0362851
0.0208821
-0.176793
0.0598785
-0.2239
0.0920087
-0.245409
0.116222
-0.245575
0.133493
-0.23225
0.145454
-0.212025
0.153695
-0.188526
0.159437
-0.164306
0.163484
-0.14032
0.166498
-0.117107
0.168633
-0.0966005
0.170541
-0.0746707
0.171816
-0.0612366
0.173181
-0.0381938
0.174659
-0.0317921
0.175131
-0.0124361
0.176608
0.00642061
0.1778
0.00201933
0.175758
0.042941
0.038853
0.0116532
-0.219609
0.0502419
-0.262489
0.0796539
-0.274821
0.100389
-0.266309
0.114429
-0.24629
0.123732
-0.221328
0.129939
-0.194733
0.134147
-0.168514
0.137067
-0.14324
0.139192
-0.119232
0.140705
-0.0981134
0.142058
-0.0760237
0.142956
-0.0621353
0.144075
-0.0393128
0.145136
-0.0328524
0.145642
-0.0129423
0.147015
0.00504755
0.147939
0.0010956
0.146227
0.0446527
0.0409521
0.0523387
-0.24582
0.0715412
-0.281692
0.0806958
-0.283976
0.0838184
-0.269432
0.0835828
-0.246055
0.0818175
-0.219562
0.0795983
-0.192513
0.0774424
-0.166359
0.0756039
-0.141402
0.074219
-0.117847
0.07324
-0.0971344
0.072848
-0.0756317
0.072697
-0.0619844
0.0731792
-0.039795
0.0739339
-0.0336071
0.0747043
-0.0137127
0.0763463
0.00340558
0.0778024
-0.000360472
0.0781725
0.0442826
0.0405434
0.0566484
-0.272773
0.074763
-0.299806
0.0829269
-0.292139
0.0853195
-0.271824
0.0847791
-0.245514
0.0829603
-0.217744
0.0807962
-0.190349
0.0787091
-0.164271
0.0769117
-0.139604
0.0755142
-0.116449
0.0744773
-0.0960976
0.0739672
-0.0751215
0.0736565
-0.0616737
0.0739519
-0.0400904
0.0744334
-0.0340886
0.0749578
-0.0142372
0.0763102
0.00205325
0.0773478
-0.00139805
0.0773136
0.0443168
0.0405305
0.0609826
-0.300121
0.0774303
-0.316254
0.0845039
-0.299213
0.0862301
-0.27355
0.0854587
-0.244743
0.083639
-0.215924
0.0815619
-0.188272
0.0795668
-0.162276
0.0778298
-0.137867
0.0764406
-0.11506
0.0753662
-0.0950232
0.0747621
-0.0745174
0.0743184
-0.06123
0.0744522
-0.0402242
0.0746968
-0.0343332
0.075009
-0.0145493
0.0761124
0.000949852
0.0767718
-0.00205747
0.0763879
0.0447006
0.0408529
0.064925
-0.327182
0.079414
-0.330743
0.0854039
-0.305203
0.0865752
-0.274722
0.0856614
-0.243829
0.0838988
-0.214161
0.0819386
-0.186312
0.0800516
-0.160389
0.0783868
-0.136203
0.0770185
-0.113692
0.075922
-0.0939267
0.0752428
-0.0738382
0.0746904
-0.0606775
0.074687
-0.0402209
0.0747269
-0.0343731
0.0748654
-0.0146878
0.075753
6.22909e-05
0.0760782
-0.00238273
0.0754031
0.0453757
0.0414541
0.0681545
-0.353188
0.0805807
-0.343169
0.0855387
-0.310161
0.0862915
-0.275475
0.0853317
-0.242869
0.0836918
-0.212521
0.0818895
-0.18451
0.0801382
-0.158638
0.0785676
-0.134632
0.0772406
-0.112365
0.0761429
-0.0928291
0.0754114
-0.0731067
0.0747766
-0.0600427
0.0746617
-0.0401059
0.0745299
-0.0342413
0.0745326
-0.0146906
0.0752365
-0.000641617
0.0752723
-0.00241849
0.0743639
0.0462841
0.0422785
0.0704812
-0.377405
0.0808823
-0.35357
0.084898
-0.314177
0.0853777
-0.275954
0.0844644
-0.241956
0.0830055
-0.211063
0.081399
-0.182903
0.0798121
-0.157051
0.0783608
-0.133181
0.0771
-0.111104
0.0760266
-0.0917557
0.075269
-0.0723491
0.0745808
-0.0593545
0.0743815
-0.0399067
0.0741125
-0.0339724
0.0740169
-0.0145949
0.0745687
-0.00119347
0.0743601
-0.00220989
0.0732751
0.0473691
0.0432719
0.0718103
-0.399212
0.0803183
-0.362078
0.0835171
-0.317375
0.0838667
-0.276304
0.0830849
-0.241174
0.081855
-0.209833
0.0804753
-0.181524
0.0790779
-0.155654
0.0777701
-0.131873
0.0766005
-0.109934
0.0755776
-0.0907328
0.0748215
-0.071593
0.0741096
-0.0586426
0.0738541
-0.0396511
0.0734831
-0.0336014
0.0733253
-0.0144372
0.073756
-0.00162413
0.0733483
-0.00180224
0.072142
0.0485754
0.0443818
0.0721192
-0.418134
0.0789195
-0.368879
0.0814532
-0.319909
0.0818028
-0.276653
0.0812263
-0.240598
0.0802633
-0.20887
0.0791352
-0.180396
0.0779487
-0.154467
0.0768063
-0.130731
0.0757519
-0.10888
0.0748055
-0.0897864
0.0740783
-0.0708658
0.0733725
-0.0579368
0.0730889
-0.0393675
0.0726511
-0.0331636
0.0724662
-0.0142523
0.0728058
-0.00196368
0.0722442
-0.00124073
0.0709698
0.0498498
0.0455578
0.0714423
-0.433857
0.0767414
-0.374178
0.0787751
-0.321943
0.0792339
-0.277112
0.0789226
-0.240286
0.0782554
-0.208202
0.0773987
-0.179539
0.0764417
-0.15351
0.0754849
-0.129774
0.0745684
-0.107963
0.0737233
-0.0889414
0.0730519
-0.0701944
0.0723811
-0.057266
0.0720971
-0.0390835
0.0716273
-0.0326938
0.0714484
-0.0140734
0.0717261
-0.00224139
0.0710556
-0.000570219
0.0697642
0.0511412
0.0467518
0.0698553
0.0738575
0.075553
0.0762066
0.0762062
0.0758565
0.0752878
0.0745773
0.0738248
0.0730674
0.0723472
0.0717571
0.0711489
0.0708916
0.0704236
0.0702819
0.070526
0.0697904
0.0685305
)
;

boundaryField
{
    inlet
    {
        type            calculated;
        value           nonuniform List<scalar> 
40
(
-0.126923
-0.148082
-0.17275
-0.201514
-0.235047
-0.27414
-0.319744
-0.37298
-0.435106
-0.507576
-0.0707119
-0.0707065
-0.070702
-0.0706989
-0.0706976
-0.0706985
-0.0707017
-0.0707074
-0.070716
-0.0707275
-0.0707079
-0.0707183
-0.0707262
-0.070731
-0.0707333
-0.0707334
-0.0707315
-0.070728
-0.0707232
-0.0707177
-0.507345
-0.434904
-0.372799
-0.319564
-0.273933
-0.234823
-0.201301
-0.172568
-0.147939
-0.126836
)
;
    }
    outlet
    {
        type            calculated;
        value           nonuniform List<scalar> 
40
(
0.0996365
0.112862
0.127437
0.143479
0.161182
0.180874
0.203121
0.228861
0.2596
0.297741
0.0661779
0.0650144
0.0638761
0.0627649
0.0616828
0.0606316
0.0596127
0.0586278
0.0576779
0.0567647
0.0785813
0.0773264
0.0760655
0.0748019
0.0735395
0.0722818
0.0710321
0.0697939
0.0685702
0.0673639
0.761313
0.642999
0.53795
0.447083
0.369945
0.305508
0.252331
0.208769
0.17319
0.144128
)
;
    }
    top
    {
        type            symmetryPlane;
        value           uniform 0;
    }
    bottom
    {
        type            symmetryPlane;
        value           uniform 0;
    }
    cylinder
    {
        type            calculated;
        value           nonuniform List<scalar> 
80
(
-1.12478e-18
-1.04662e-18
1.92416e-18
7.63975e-18
-7.54998e-18
9.2755e-18
-2.19312e-18
-4.84809e-18
-6.57167e-19
1.06217e-17
1.06364e-18
-4.29818e-18
4.76689e-18
-6.4224e-18
-3.5236e-18
-6.72805e-18
-2.35953e-17
-1.87396e-18
1.49339e-17
-2.47098e-17
8.77955e-18
-1.49339e-17
1.87396e-18
9.71748e-18
7.44156e-18
-8.54206e-18
6.4224e-18
-4.76689e-18
4.29818e-18
1.55428e-19
1.12478e-18
1.04662e-18
-1.92416e-18
-7.63975e-18
1.85097e-18
2.64536e-18
1.74077e-17
4.84809e-18
-1.32206e-17
-2.23662e-17
1.06217e-17
1.32206e-17
-4.84809e-18
1.03479e-17
9.2755e-18
-1.85097e-18
7.63975e-18
1.92416e-18
-1.04662e-18
-1.12478e-18
-8.77955e-18
1.05613e-18
-1.87396e-18
-2.04458e-17
7.86324e-18
8.54206e-18
-6.4224e-18
4.76689e-18
-4.29818e-18
-1.55428e-19
1.55428e-19
4.29818e-18
-4.76689e-18
6.4224e-18
-8.54206e-18
7.44156e-18
2.04458e-17
1.87396e-18
-1.05613e-18
8.77955e-18
-1.06217e-17
6.57167e-19
4.84809e-18
2.19312e-18
1.65231e-17
7.54998e-18
-7.63975e-18
-1.92416e-18
1.04662e-18
1.12478e-18
)
;
    }
    frontandback
    {
        type            empty;
        value           nonuniform 0();
    }
}


// ************************************************************************* //
