/*--------------------------------*- C++ -*----------------------------------*\
  =========                 |
  \\      /  F ield         | OpenFOAM: The Open Source CFD Toolbox
   \\    /   O peration     | Website:  https://openfoam.org
    \\  /    A nd           | Version:  6.0
     \\/     M anipulation  |
\*---------------------------------------------------------------------------*/
FoamFile
{
    version     2.0;
    format      ascii;
    class       volScalarField;
    location    "15.995";
    object      p;
}
// * * * * * * * * * * * * * * * * * * * * * * * * * * * * * * * * * * * * * //

dimensions      [0 2 -2 0 0 0 0];

internalField   nonuniform List<scalar> 
2400
(
-6.8249
-4.98011
-3.9801
-3.32487
-2.78338
-2.33467
-1.96606
-1.66025
-1.40381
-1.19103
-7.3749
-5.49068
-4.4438
-3.74261
-3.15891
-2.67303
-2.27255
-1.93968
-1.66012
-1.42825
-7.94218
-6.01456
-4.91736
-4.16734
-3.53913
-3.01441
-2.58098
-2.2204
-1.91739
-1.66655
-8.52085
-6.5466
-5.39575
-4.59409
-3.91927
-3.35429
-2.88707
-2.49839
-2.17191
-1.9026
-9.10482
-7.08115
-5.87358
-5.0177
-4.2944
-3.688
-3.18636
-2.76938
-2.41963
-2.13252
-9.68808
-7.61246
-6.34543
-5.43307
-4.65976
-4.0111
-3.47473
-3.02941
-2.65654
-2.35184
-10.2651
-8.13492
-6.80589
-5.83514
-5.01076
-4.31953
-3.74868
-3.27551
-2.87978
-2.55748
-10.8312
-8.64348
-7.2498
-6.21895
-5.34267
-4.60884
-4.00407
-3.50389
-3.08656
-2.75055
-11.3823
-9.13355
-7.67264
-6.58026
-5.65133
-4.87427
-4.23459
-3.7062
-3.26881
-2.92922
-11.9098
-9.59996
-8.07116
-6.91695
-5.93538
-5.11442
-4.43734
-3.87656
-3.41607
-3.06543
-15.0464
-14.9537
-14.8015
-14.5952
-14.3375
-14.0312
-13.68
-13.2878
-12.8593
-12.3987
-12.236
-12.1809
-12.072
-11.9122
-11.7037
-11.4493
-11.1521
-10.8154
-10.4427
-10.0367
-10.1856
-10.1623
-10.0919
-9.9757
-9.81555
-9.61379
-9.37301
-9.0959
-8.78515
-8.44287
-8.61811
-8.61248
-8.56605
-8.47959
-8.3547
-8.19335
-7.99782
-7.77039
-7.51337
-7.22844
-7.34158
-7.34256
-7.30816
-7.23908
-7.13672
-7.00288
-6.83977
-6.64956
-6.43465
-6.19631
-6.3179
-6.31926
-6.2896
-6.2296
-6.14061
-6.02436
-5.88316
-5.7193
-5.53578
-5.33372
-5.50133
-5.50032
-5.47163
-5.41598
-5.33464
-5.2293
-5.10246
-4.95659
-4.79587
-4.62136
-4.84253
-4.83865
-4.80961
-4.75609
-4.67926
-4.58071
-4.46308
-4.32906
-4.18475
-4.03027
-4.30231
-4.29647
-4.26753
-4.21611
-4.14315
-4.04997
-3.93905
-3.81316
-3.68164
-3.54303
-3.85815
-3.84877
-3.8188
-3.76873
-3.69911
-3.61082
-3.50538
-3.38491
-3.26032
-3.13718
-12.7359
-13.192
-13.6057
-13.9767
-14.2999
-14.57
-14.7838
-14.9391
-15.0348
-15.0705
-9.90161
-10.3352
-10.7336
-11.0933
-11.4097
-11.6789
-11.8978
-12.0643
-12.1769
-12.2344
-7.9223
-8.32112
-8.69093
-9.02696
-9.32528
-9.58274
-9.79681
-9.96546
-10.0872
-10.1608
-6.51806
-6.87758
-7.21242
-7.51768
-7.78987
-8.02652
-8.22559
-8.38539
-8.50463
-8.5824
-5.44589
-5.76788
-6.06808
-6.34165
-6.58556
-6.7979
-6.97712
-7.12194
-7.23137
-7.30474
-4.6266
-4.91653
-5.18597
-5.43027
-5.64737
-5.83595
-5.99482
-6.12304
-6.21994
-6.28501
-3.99158
-4.25681
-4.50118
-4.72004
-4.91338
-5.08067
-5.22096
-5.33361
-5.41813
-5.47413
-3.48262
-3.72766
-3.95314
-4.15147
-4.32498
-4.47437
-4.59909
-4.69867
-4.77266
-4.8207
-3.07665
-3.29524
-3.50287
-3.68544
-3.84275
-3.97675
-4.08829
-4.17717
-4.24274
-4.28455
-2.81874
-3.00178
-3.17273
-3.33565
-3.47469
-3.58932
-3.6837
-3.75863
-3.81312
-3.8464
-0.508235
-0.650631
-0.839801
-1.08357
-1.40904
-1.86048
-2.49641
-3.40066
-4.85236
-7.24176
-0.716102
-0.879042
-1.0882
-1.35582
-1.71022
-2.19655
-2.87458
-3.82874
-5.33541
-7.77221
-0.931497
-1.11583
-1.34568
-1.63814
-2.02267
-2.54523
-3.26678
-4.27214
-5.83441
-8.31812
-1.15366
-1.35983
-1.61076
-1.92878
-2.34434
-2.90413
-3.67022
-4.72771
-6.34641
-8.87793
-1.382
-1.60993
-1.8819
-2.22588
-2.67307
-3.27074
-4.08202
-5.19209
-6.86734
-9.44673
-1.61609
-1.86502
-2.15745
-2.5274
-3.00642
-3.64228
-4.49897
-5.66151
-7.39263
-10.019
-1.85524
-2.12348
-2.43517
-2.83073
-3.34151
-4.01549
-4.91738
-6.13178
-7.91745
-10.5891
-2.09849
-2.383
-2.71198
-3.13263
-3.67497
-4.3867
-5.33315
-6.59825
-8.43663
-11.1516
-2.34185
-2.63821
-2.98281
-3.42899
-4.00292
-4.75178
-5.74174
-7.05589
-8.94475
-11.7009
-2.57984
-2.87669
-3.24069
-3.71603
-4.32159
-5.10647
-6.13842
-7.49919
-9.43538
-12.2313
0.948191
0.932025
0.887077
0.81088
0.685797
0.480303
0.150734
-0.374192
-1.38573
-3.37717
0.871152
0.847083
0.788441
0.700399
0.56282
0.341391
-0.00909724
-0.560969
-1.60405
-3.62267
0.774907
0.742547
0.672415
0.572185
0.420498
0.181269
-0.192229
-0.773454
-1.85049
-3.89766
0.660103
0.619523
0.538497
0.425189
0.25785
-0.000899054
-0.399347
-1.0123
-2.12653
-4.20634
0.53018
0.480236
0.387483
0.259722
0.0749807
-0.205232
-0.630783
-1.27792
-2.43239
-4.54836
0.38652
0.325523
0.219843
0.0762177
-0.127697
-0.431425
-0.886383
-1.57024
-2.76776
-4.92277
0.229955
0.156056
0.0361688
-0.12473
-0.349579
-0.678897
-1.16561
-1.88877
-3.13208
-5.32872
0.0612927
-0.0273203
-0.162712
-0.342299
-0.589833
-0.946797
-1.46759
-2.23262
-3.52443
-5.76518
-0.118596
-0.223629
-0.37579
-0.575459
-0.847384
-1.234
-1.79113
-2.6005
-3.94347
-6.23086
-0.308781
-0.431811
-0.601944
-0.823049
-1.12101
-1.53918
-2.13478
-2.99066
-4.3871
-6.724
1.04004
1.12195
1.1714
1.20324
1.22151
1.22846
1.22624
1.21674
1.2015
1.18176
1.00773
1.08771
1.14322
1.18062
1.20282
1.21237
1.21167
1.20275
1.18734
1.16679
0.974029
1.05193
1.10965
1.14986
1.17442
1.18568
1.18601
1.17748
1.16185
1.14045
0.907089
0.988574
1.05085
1.09533
1.12354
1.13773
1.14015
1.1329
1.11773
1.09599
0.791598
0.880468
0.949967
1.00091
1.03477
1.05367
1.0598
1.05523
1.04174
1.02065
0.59933
0.699363
0.779124
0.839372
0.881565
0.907702
0.919911
0.92023
0.910433
0.891804
0.288027
0.404166
0.498629
0.572358
0.626842
0.664007
0.685921
0.694589
0.691774
0.678697
-0.212468
-0.074011
0.041083
0.133884
0.205978
0.259302
0.295918
0.317803
0.326687
0.323751
-1.19288
-1.02573
-0.884169
-0.766962
-0.672185
-0.597706
-0.541371
-0.501278
-0.475816
-0.46337
-3.1505
-2.95429
-2.78727
-2.64689
-2.53053
-2.43568
-2.36007
-2.30199
-2.26004
-2.23109
1.15832
1.13173
1.102
1.0688
1.0315
0.989353
0.941585
0.888196
0.833896
0.776765
1.14198
1.11355
1.08147
1.04541
1.0047
0.95843
0.905427
0.845166
0.780696
0.704832
1.11414
1.08358
1.04865
1.00894
0.963708
0.911892
0.852097
0.783227
0.705651
0.612446
1.0685
1.03594
0.998134
0.954624
0.90458
0.846841
0.779917
0.702411
0.613
0.505478
0.992746
0.958789
0.918503
0.871406
0.816591
0.75279
0.678419
0.591808
0.490768
0.370039
0.865075
0.831093
0.789471
0.739679
0.680723
0.611215
0.529434
0.433444
0.320671
0.186796
0.655985
0.624612
0.584046
0.533675
0.47239
0.398665
0.310623
0.206106
0.0824157
-0.0640782
0.309596
0.285294
0.250129
0.203307
0.143567
0.0692274
-0.021763
-0.131782
-0.263605
-0.420443
-0.462291
-0.472734
-0.495651
-0.532081
-0.583441
-0.651629
-0.738994
-0.8484
-0.983001
-1.14524
-2.20893
-2.20034
-2.2059
-2.22639
-2.26333
-2.31897
-2.39624
-2.49899
-2.63122
-2.79319
-2.9786
-1.33602
-0.604943
-0.236417
0.0278908
0.223535
0.368873
0.480841
0.566907
0.622369
-3.20008
-1.55733
-0.816968
-0.434097
-0.154488
0.0553476
0.212718
0.333488
0.424029
0.486245
-3.45886
-1.81087
-1.0576
-0.657519
-0.359993
-0.133399
0.0387776
0.172225
0.27426
0.350041
-3.75513
-2.09737
-1.32717
-0.906643
-0.588302
-0.342188
-0.152413
-0.00319117
0.113773
0.204739
-4.0889
-2.417
-1.62584
-1.18154
-0.839476
-0.571215
-0.361415
-0.194158
-0.0603771
0.0463918
-4.46002
-2.76959
-1.95345
-1.48206
-1.11346
-0.820613
-0.588702
-0.401685
-0.24982
-0.126741
-4.86793
-3.1545
-2.30937
-1.80764
-1.40975
-1.09002
-0.834129
-0.625889
-0.454902
-0.314965
-5.31174
-3.57057
-2.69234
-2.15703
-1.72717
-1.37835
-1.09672
-0.865923
-0.67486
-0.517483
-5.7898
-4.0159
-3.10036
-2.52822
-2.06376
-1.68371
-1.37468
-1.12005
-0.90801
-0.732628
-6.29731
-4.48729
-3.53075
-2.91861
-2.41692
-2.00356
-1.6655
-1.38583
-1.15197
-0.958086
-0.658598
-0.223935
-0.0824412
-0.00263285
0.031645
0.0417585
0.0400173
0.031857
0.0218225
0.0108275
0.00145291
-0.00668302
-0.0133915
-0.0150495
-0.0195278
-0.0122809
-0.010332
0.00638595
0.0296254
0.00627865
-0.857567
-0.33376
-0.151982
-0.0516272
-0.00273113
0.016741
0.0213738
0.0177843
0.0111344
0.00272595
-0.0046845
-0.0112899
-0.0168305
-0.0176348
-0.0214575
-0.0138007
-0.0111926
0.00590596
0.0287586
0.00586555
-1.05957
-0.449596
-0.223007
-0.101078
-0.0372206
-0.0080712
0.00303951
0.00403382
0.000740933
-0.00512495
-0.0106205
-0.015739
-0.0201524
-0.0201374
-0.0233251
-0.0152824
-0.0120355
0.00538933
0.0278564
0.00547375
-1.263
-0.571292
-0.295815
-0.15109
-0.0719602
-0.0327904
-0.0150549
-0.00943818
-0.00938624
-0.0127434
-0.0163668
-0.0200378
-0.0233617
-0.0225595
-0.0251308
-0.0167262
-0.0128624
0.00483783
0.026924
0.00510382
-1.46421
-0.69623
-0.369236
-0.201096
-0.106789
-0.0574066
-0.0329253
-0.0226505
-0.0192632
-0.0201414
-0.0219316
-0.0241916
-0.0264618
-0.0249024
-0.026874
-0.0181313
-0.0136733
0.00425324
0.0259627
0.00475521
-1.65654
-0.820912
-0.442214
-0.250638
-0.14151
-0.0818483
-0.0505414
-0.0355924
-0.0288883
-0.0273204
-0.0273173
-0.0282025
-0.0294536
-0.0271661
-0.0285536
-0.0194963
-0.014468
0.00363908
0.0249768
0.00442808
-1.84148
-0.953243
-0.521161
-0.302898
-0.177457
-0.106693
-0.0681652
-0.048393
-0.0383316
-0.0343222
-0.0325495
-0.0320875
-0.0323486
-0.0293575
-0.030176
-0.0208256
-0.0152499
0.00299817
0.0239717
0.0041223
-2.04787
-1.11985
-0.622064
-0.365791
-0.218437
-0.133881
-0.0868109
-0.0616018
-0.047904
-0.0413322
-0.0377428
-0.0359198
-0.0351971
-0.0315087
-0.0317719
-0.0221427
-0.0160375
0.00232802
0.0229578
0.00383866
-2.28081
-1.3129
-0.738842
-0.436598
-0.263989
-0.163668
-0.106781
-0.0754416
-0.0577566
-0.0484455
-0.0429576
-0.039735
-0.0380215
-0.0336334
-0.0333455
-0.0234518
-0.0168324
0.00162615
0.0219313
0.00357832
-2.35735
-1.40134
-0.797452
-0.478021
-0.295832
-0.186648
-0.122974
-0.0870064
-0.0661665
-0.0545829
-0.0474978
-0.0430676
-0.0404792
-0.0355039
-0.0346431
-0.0245465
-0.0174641
0.000947261
0.0208186
0.00333533
-2.18763
-1.35991
-0.78244
-0.480932
-0.308899
-0.200255
-0.134239
-0.0959231
-0.0732016
-0.0599969
-0.0516901
-0.046241
-0.0428079
-0.0373717
-0.0356682
-0.0254515
-0.0178541
0.000104697
0.0190185
0.00300989
-1.9809
-1.31686
-0.793108
-0.505068
-0.340004
-0.230288
-0.158948
-0.115268
-0.0881953
-0.0713662
-0.0602406
-0.0525704
-0.0473584
-0.0408116
-0.0378491
-0.027194
-0.018722
-0.000932868
0.0169463
0.00262712
-1.73227
-1.24131
-0.794098
-0.522563
-0.365412
-0.258514
-0.184169
-0.135758
-0.104436
-0.0838962
-0.0697517
-0.0596449
-0.0524411
-0.0446252
-0.0402628
-0.0290668
-0.0196645
-0.00205811
0.0147067
0.00223109
-1.47793
-1.13833
-0.781506
-0.535779
-0.386491
-0.283846
-0.208549
-0.156242
-0.120893
-0.0967346
-0.0795661
-0.0669643
-0.0576902
-0.0485441
-0.0426601
-0.030905
-0.0205957
-0.00334837
0.0122019
0.00184432
-1.24966
-1.02058
-0.752218
-0.541932
-0.402777
-0.30522
-0.231034
-0.176205
-0.137291
-0.109691
-0.0895533
-0.0744387
-0.0630442
-0.0525009
-0.0450043
-0.0326781
-0.0215241
-0.00479995
0.00948854
0.00148299
-1.05713
-0.903518
-0.7104
-0.540198
-0.414619
-0.322499
-0.250604
-0.194739
-0.153027
-0.12233
-0.099394
-0.0818458
-0.0683521
-0.0563695
-0.047231
-0.0343289
-0.0224381
-0.0063575
0.00667381
0.00114761
-0.906391
-0.800833
-0.6641
-0.531334
-0.42178
-0.335702
-0.266569
-0.210859
-0.167315
-0.134054
-0.108618
-0.0888328
-0.0733627
-0.0599592
-0.0492337
-0.0357739
-0.0233
-0.00793611
0.00390209
0.000829812
-0.796483
-0.71966
-0.621051
-0.518199
-0.424514
-0.345001
-0.278712
-0.22381
-0.17934
-0.144185
-0.116679
-0.0949737
-0.077768
-0.0630547
-0.0509005
-0.0369395
-0.0240597
-0.00942073
0.00137036
0.000523982
-0.723305
-0.662728
-0.587398
-0.505072
-0.424198
-0.350756
-0.287055
-0.233096
-0.18832
-0.151971
-0.122951
-0.0997731
-0.0812085
-0.0654282
-0.0521306
-0.0377803
-0.0246536
-0.0106627
-0.000663181
0.00024536
-0.684708
-0.631729
-0.567907
-0.496468
-0.423103
-0.353599
-0.291604
-0.23829
-0.193473
-0.15654
-0.126668
-0.102626
-0.0832463
-0.0668192
-0.0528174
-0.0382678
-0.0249935
-0.0114667
-0.00188152
5.71401e-05
-3.26605
-3.23897
-3.19557
-3.13623
-3.0609
-2.96993
-2.86224
-2.73994
-2.60109
-2.49367
-2.62225
-2.59286
-2.55349
-2.50528
-2.44908
-2.38662
-2.31918
-2.25295
-2.18808
-2.15229
-2.11988
-2.09756
-2.0709
-2.04122
-2.00944
-1.97657
-1.94239
-1.90777
-1.86838
-1.83865
-1.72314
-1.70814
-1.6907
-1.67125
-1.6499
-1.62661
-1.60104
-1.57404
-1.54578
-1.52625
-1.41473
-1.40409
-1.39152
-1.37726
-1.36159
-1.34486
-1.32743
-1.30995
-1.29253
-1.27861
-1.18248
-1.17509
-1.16625
-1.15614
-1.14498
-1.13295
-1.12018
-1.1068
-1.09294
-1.08006
-1.01261
-1.00723
-1.00055
-0.992695
-0.983775
-0.973921
-0.963266
-0.951957
-0.940152
-0.928442
-0.892996
-0.888779
-0.883381
-0.876879
-0.869364
-0.860931
-0.851682
-0.841718
-0.831134
-0.820199
-0.814798
-0.811213
-0.806528
-0.800797
-0.794086
-0.786467
-0.778018
-0.768821
-0.758955
-0.748564
-0.774212
-0.770949
-0.766642
-0.761328
-0.75505
-0.747855
-0.739798
-0.730939
-0.721338
-0.711059
-2.65415
-2.82228
-2.88056
-2.98203
-3.08024
-3.15186
-3.20493
-3.24421
-3.26847
-3.27601
-2.35773
-2.48305
-2.45927
-2.48977
-2.55271
-2.59908
-2.62542
-2.64045
-2.64597
-2.64022
-2.01055
-2.10542
-2.06109
-2.05803
-2.09777
-2.13208
-2.14691
-2.1498
-2.14619
-2.13637
-1.67719
-1.75165
-1.71397
-1.69849
-1.71905
-1.74189
-1.75098
-1.74977
-1.74392
-1.73511
-1.39269
-1.44679
-1.42372
-1.40876
-1.41711
-1.4302
-1.43597
-1.4347
-1.42994
-1.4233
-1.16295
-1.19783
-1.18786
-1.17991
-1.18401
-1.19148
-1.19549
-1.19536
-1.19265
-1.18832
-0.987932
-1.0095
-1.00854
-1.00759
-1.01151
-1.0166
-1.01976
-1.02047
-1.01929
-1.01664
-0.86494
-0.879124
-0.882957
-0.885985
-0.890249
-0.894328
-0.897022
-0.898089
-0.897694
-0.895979
-0.787004
-0.797373
-0.802972
-0.807416
-0.811619
-0.815129
-0.817506
-0.818629
-0.81853
-0.817246
-0.747512
-0.756284
-0.762328
-0.767069
-0.771084
-0.774275
-0.776454
-0.777538
-0.77752
-0.776408
-0.0476266
-0.0545578
-0.0701245
-0.0998221
-0.146579
-0.228741
-0.353566
-0.592244
-0.959617
-1.83955
-0.0907752
-0.0990213
-0.116798
-0.15002
-0.201655
-0.290582
-0.422134
-0.668183
-1.02819
-1.76594
-0.13825
-0.147292
-0.166493
-0.201748
-0.255439
-0.34547
-0.473644
-0.699263
-1.01178
-1.5407
-0.189539
-0.199115
-0.219407
-0.255584
-0.309877
-0.396018
-0.516322
-0.702631
-0.961307
-1.32109
-0.243445
-0.253143
-0.273974
-0.309596
-0.362898
-0.440702
-0.549871
-0.694228
-0.901187
-1.14749
-0.297976
-0.307289
-0.327784
-0.361264
-0.411274
-0.478333
-0.572368
-0.682653
-0.839283
-1.00969
-0.350272
-0.358815
-0.377931
-0.408095
-0.452444
-0.508676
-0.584995
-0.669858
-0.781726
-0.897682
-0.396765
-0.404369
-0.421281
-0.447542
-0.485006
-0.531429
-0.590846
-0.656039
-0.733628
-0.811403
-0.433379
-0.440053
-0.454564
-0.47703
-0.508122
-0.546391
-0.592654
-0.643138
-0.698448
-0.752627
-0.455236
-0.461241
-0.474025
-0.493846
-0.520795
-0.553873
-0.592531
-0.634503
-0.678545
-0.721315
0.207086
0.207155
0.207764
0.206869
0.203568
0.192941
0.168716
0.11951
0.00801742
-0.195568
0.181594
0.180986
0.179924
0.176228
0.168739
0.151719
0.117592
0.0533627
-0.0862076
-0.333932
0.15615
0.154875
0.152168
0.145663
0.134
0.110444
0.0664066
-0.0134788
-0.181632
-0.475405
0.13083
0.128906
0.124597
0.115293
0.0994898
0.0692542
0.0153827
-0.0809011
-0.277732
-0.619831
0.105703
0.103159
0.0973043
0.0852265
0.0653344
0.02828
-0.0352789
-0.148853
-0.373911
-0.767523
0.080835
0.0777077
0.0703773
0.055567
0.0316427
-0.0123551
-0.0854144
-0.217328
-0.469495
-0.919498
0.0562874
0.0526336
0.0439107
0.0264273
-0.00147537
-0.0525158
-0.134903
-0.28632
-0.563788
-1.07762
0.0321206
0.0280326
0.0180315
-0.00203758
-0.0338707
-0.092029
-0.183677
-0.355783
-0.656178
-1.24525
0.00836299
0.00392502
-0.00724271
-0.0298058
-0.0655539
-0.130885
-0.231953
-0.425924
-0.746748
-1.42426
-0.0150657
-0.0200451
-0.0325304
-0.0576541
-0.0974677
-0.169817
-0.28054
-0.496639
-0.839826
-1.63225
0.448666
0.454328
0.469387
0.493643
0.528398
0.574227
0.635137
0.709343
0.811091
0.895716
0.426459
0.431544
0.445329
0.467177
0.498305
0.538717
0.592219
0.655178
0.742246
0.813463
0.403769
0.408499
0.421138
0.440712
0.468283
0.503245
0.548859
0.599905
0.669853
0.726929
0.38054
0.384869
0.39631
0.413646
0.437791
0.467612
0.505766
0.546018
0.59889
0.636189
0.356798
0.360636
0.370752
0.385743
0.406353
0.430957
0.461461
0.490837
0.524981
0.537077
0.332599
0.335886
0.344568
0.357095
0.373996
0.393154
0.415474
0.433217
0.44657
0.429846
0.308007
0.3107
0.317865
0.327832
0.340877
0.354386
0.368026
0.373444
0.364373
0.315782
0.283087
0.285153
0.290736
0.298068
0.30714
0.314835
0.31941
0.311959
0.279094
0.195622
0.25791
0.259325
0.263274
0.267908
0.272915
0.274647
0.269849
0.249013
0.191068
0.0698997
0.232551
0.233297
0.235582
0.237469
0.238342
0.233966
0.219544
0.184792
0.100582
-0.060748
0.833218
0.837981
0.847724
0.862319
0.880889
0.902028
0.924151
0.945556
0.964738
0.980006
0.815493
0.821017
0.832366
0.849407
0.871245
0.896419
0.923257
0.949773
0.974274
0.994352
0.785448
0.792068
0.805739
0.82641
0.85325
0.884803
0.919338
0.954468
0.988183
1.01671
0.746737
0.754443
0.770477
0.794978
0.827317
0.866208
0.910033
0.95608
1.00199
1.04188
0.702487
0.711037
0.728997
0.756779
0.79408
0.839994
0.893317
0.95131
1.01147
1.06511
0.655498
0.664521
0.683695
0.713717
0.75468
0.806224
0.867895
0.937383
1.01263
1.0816
0.608141
0.617235
0.636832
0.66784
0.710742
0.765777
0.833492
0.912406
1.00188
1.08625
0.562248
0.571079
0.590411
0.621196
0.664243
0.720284
0.790955
0.875694
0.976479
1.07355
0.519061
0.527399
0.546009
0.575641
0.617319
0.672015
0.742314
0.828122
0.935112
1.03834
0.479206
0.486588
0.503909
0.531467
0.570454
0.621772
0.688751
0.770711
0.877161
0.976795
0.986858
0.988906
0.990193
0.991059
0.991562
0.991654
0.991302
0.9905
0.989246
0.987542
1.00449
1.00699
1.00796
1.00856
1.00894
1.00892
1.00842
1.00744
1.00598
1.00406
1.03298
1.03639
1.03686
1.03702
1.03719
1.03698
1.03622
1.03492
1.03311
1.03079
1.06702
1.07185
1.07181
1.07151
1.07144
1.07097
1.06982
1.06804
1.06569
1.06277
1.10217
1.10917
1.10893
1.10832
1.10808
1.10729
1.10562
1.10317
1.10003
1.09625
1.13448
1.1448
1.14509
1.14461
1.14439
1.14325
1.14088
1.13747
1.13321
1.12818
1.15997
1.17535
1.17761
1.17818
1.17836
1.1769
1.17363
1.1689
1.16297
1.15603
1.17396
1.19703
1.20374
1.20697
1.20833
1.20676
1.20243
1.19592
1.18768
1.17803
1.17064
1.20335
1.2178
1.22639
1.23068
1.23008
1.22516
1.21674
1.20552
1.19208
1.15349
1.20414
1.23093
1.24579
1.25216
1.2509
1.24337
1.2309
1.21453
1.19501
0.985386
0.982781
0.979729
0.976233
0.9723
0.967935
0.963147
0.957943
0.952335
0.946355
1.00166
0.998792
0.995467
0.991692
0.987478
0.98284
0.977796
0.972356
0.966537
0.960491
1.02798
1.02467
1.02088
1.01661
1.01189
1.00674
1.00117
0.99519
0.988784
0.982369
1.05931
1.05531
1.0508
1.04578
1.04029
1.03434
1.02796
1.0211
1.01365
1.00648
1.09186
1.08689
1.08138
1.07535
1.06882
1.06181
1.05433
1.04619
1.03706
1.02854
1.12245
1.1161
1.10919
1.10173
1.09373
1.08516
1.07596
1.06559
1.05338
1.04256
1.14823
1.13969
1.13048
1.12058
1.10994
1.09849
1.08597
1.0712
1.053
1.03847
1.16725
1.15551
1.14286
1.12921
1.11433
1.09803
1.07973
1.05687
1.02728
1.00544
1.17682
1.16
1.14163
1.12141
1.09887
1.07353
1.04457
1.00815
0.960741
0.927727
1.17277
1.14795
1.12026
1.08912
1.05369
1.01323
0.967191
0.913279
0.84978
0.808162
0.930948
0.897143
0.852861
0.798033
0.733384
0.659756
0.579606
0.495421
0.411816
0.331735
0.259132
0.195905
0.143129
0.102502
0.0702634
0.0508723
0.037396
0.0256838
0.0273669
0.0210831
0.945927
0.908038
0.857872
0.797444
0.727859
0.64996
0.566624
0.480722
0.396934
0.317764
0.246806
0.185581
0.134769
0.0961416
0.0650991
0.0475854
0.0345098
0.0239413
0.0290845
0.0212414
0.9696
0.924249
0.864274
0.79499
0.717447
0.632753
0.544693
0.456606
0.372969
0.295565
0.227409
0.169456
0.121758
0.0862023
0.0571594
0.0425574
0.0298988
0.0215218
0.0314755
0.021117
0.996902
0.940688
0.868473
0.788492
0.7011
0.60853
0.515716
0.426077
0.343486
0.268804
0.204418
0.150549
0.106621
0.0746183
0.0481194
0.0368055
0.0245524
0.0190366
0.0338425
0.0204852
1.02276
0.951771
0.866214
0.774463
0.676474
0.576567
0.480378
0.390756
0.310637
0.239831
0.180096
0.130841
0.0910253
0.0627549
0.0390257
0.0308597
0.0192082
0.0167546
0.0357252
0.0193756
1.04006
0.950692
0.85231
0.748833
0.641444
0.536686
0.439835
0.35255
0.276613
0.210802
0.156321
0.111877
0.0762011
0.0515669
0.0305133
0.0250738
0.0142908
0.0147845
0.0369243
0.0179733
1.03936
0.930312
0.821628
0.70887
0.596093
0.490763
0.396692
0.314112
0.243746
0.183581
0.134478
0.0946702
0.0628756
0.0415648
0.0228998
0.0196937
0.00999041
0.0131502
0.0374686
0.0164815
1.00929
0.883908
0.77051
0.654389
0.542487
0.441469
0.353382
0.277329
0.213353
0.159008
0.115077
0.0795385
0.0512412
0.0328644
0.016258
0.0148477
0.00633613
0.0118182
0.0375099
0.0150511
0.939618
0.807421
0.699404
0.588268
0.483764
0.391198
0.311418
0.242985
0.185728
0.137093
0.0980036
0.0663427
0.0411655
0.0253604
0.0105208
0.0105766
0.00326888
0.0107278
0.0372218
0.0137625
0.833997
0.705438
0.618782
0.519902
0.427032
0.344838
0.273924
0.212954
0.161926
0.118402
0.0835384
0.0552191
0.0327162
0.0190841
0.00571531
0.00695896
0.000816563
0.00987278
0.0366795
0.0125861
0.73979
0.622824
0.565508
0.47846
0.394497
0.319095
0.253382
0.19656
0.148852
0.108083
0.0754188
0.0489049
0.0278718
0.0154074
0.00286094
0.00468493
-0.000477335
0.00942807
0.0358752
0.0116022
0.673834
0.557419
0.513906
0.434301
0.357923
0.289859
0.230317
0.178557
0.134905
0.0974031
0.0673153
0.0428413
0.0233929
0.012147
0.000486001
0.00291794
-0.00154994
0.0091913
0.0354167
0.0109546
0.58568
0.483127
0.454173
0.386301
0.319143
0.25923
0.206216
0.1597
0.120239
0.0861262
0.0587363
0.0364125
0.0186552
0.00870338
-0.00198769
0.00110453
-0.00264902
0.00899584
0.0349834
0.010349
0.481008
0.406855
0.391554
0.338404
0.281478
0.22998
0.183449
0.14198
0.106486
0.0755484
0.0506716
0.0303453
0.0141612
0.00541136
-0.00437943
-0.000673957
-0.0037057
0.00877538
0.0344929
0.00976694
0.359597
0.32836
0.32644
0.290176
0.244362
0.201442
0.161408
0.124909
0.0932838
0.0654163
0.0429546
0.0245376
0.00985149
0.00224013
-0.00670308
-0.00242094
-0.00472596
0.00852497
0.0339417
0.0092049
0.221687
0.247006
0.259539
0.241583
0.2077
0.173434
0.139878
0.108276
0.0804434
0.0555745
0.0354635
0.0189007
0.00566502
-0.000849759
-0.00897776
-0.00414275
-0.00571941
0.00824802
0.033339
0.00866398
0.0684525
0.162131
0.19164
0.192785
0.171569
0.146005
0.118884
0.0920994
0.0679752
0.0460271
0.028198
0.0134329
0.0015997
-0.00386001
-0.0112023
-0.0058371
-0.00668809
0.00794289
0.0326878
0.00814454
-0.0983581
0.0730736
0.123318
0.143909
0.135974
0.119167
0.0984325
0.076389
0.055891
0.0367855
0.0211681
0.00814223
-0.00233812
-0.00678579
-0.0133719
-0.00750016
-0.00763227
0.00760617
0.0319883
0.0076462
-0.276673
-0.0207287
0.0548734
0.0950361
0.100856
0.0928874
0.0784975
0.0611289
0.0441817
0.0278454
0.0143716
0.00302854
-0.00614791
-0.00962572
-0.0154839
-0.0091296
-0.00855348
0.00723561
0.0312437
0.00716926
-0.464231
-0.119664
-0.013648
0.0462017
0.0661206
0.0671093
0.059041
0.0462946
0.0328316
0.0191966
0.00780241
-0.00191172
-0.00983145
-0.01238
-0.0175361
-0.0107234
-0.00945273
0.00682899
0.0304546
0.00671328
)
;

boundaryField
{
    inlet
    {
        type            freestreamPressure;
        freestreamValue uniform 0;
        supersonic      false;
        value           nonuniform List<scalar> 
40
(
-0.0476266
-0.0907752
-0.13825
-0.189539
-0.243445
-0.297976
-0.350272
-0.396765
-0.433379
-0.455236
0.207086
0.181594
0.15615
0.13083
0.105703
0.080835
0.0562874
0.0321206
0.00836299
-0.0150657
0.448666
0.426459
0.403769
0.38054
0.356798
0.332599
0.308007
0.283087
0.25791
0.232551
0.833218
0.815493
0.785448
0.746737
0.702487
0.655498
0.608141
0.562248
0.519061
0.479206
)
;
    }
    outlet
    {
        type            freestreamPressure;
        freestreamValue uniform 0;
        supersonic      false;
        value           nonuniform List<scalar> 
40
(
4.06105e-07
2.30496e-07
1.02581e-07
2.85923e-08
1.46016e-09
3.63461e-09
1.29363e-08
1.28954e-08
4.5195e-09
1.76179e-10
3.33247e-06
2.86239e-06
2.43454e-06
2.04963e-06
1.70764e-06
1.40766e-06
1.14787e-06
9.25982e-07
7.39051e-07
5.82664e-07
9.41041e-06
8.76741e-06
8.12983e-06
7.48494e-06
6.83784e-06
6.19747e-06
5.57143e-06
4.9662e-06
4.38821e-06
3.8418e-06
4.05007e-07
3.0684e-06
6.71368e-06
1.00465e-05
1.22696e-05
1.32143e-05
1.3148e-05
1.24547e-05
1.14553e-05
1.03452e-05
)
;
    }
    top
    {
        type            symmetryPlane;
    }
    bottom
    {
        type            symmetryPlane;
    }
    cylinder
    {
        type            zeroGradient;
    }
    frontandback
    {
        type            empty;
    }
}


// ************************************************************************* //
