/*--------------------------------*- C++ -*----------------------------------*\
  =========                 |
  \\      /  F ield         | OpenFOAM: The Open Source CFD Toolbox
   \\    /   O peration     | Website:  https://openfoam.org
    \\  /    A nd           | Version:  6.0
     \\/     M anipulation  |
\*---------------------------------------------------------------------------*/
FoamFile
{
    version     2.0;
    format      ascii;
    class       volVectorField;
    location    "4.76";
    object      U;
}
// * * * * * * * * * * * * * * * * * * * * * * * * * * * * * * * * * * * * * //

dimensions      [0 1 -1 0 0 0 0];

internalField   nonuniform List<vector> 
2400
(
(0.017661 -0.425333 -1.29781e-20)
(0.00581439 -0.318066 5.78955e-21)
(-0.00212509 -0.239264 -6.46043e-21)
(-0.0070092 -0.181714 -4.22219e-21)
(-0.00903784 -0.139818 -7.30695e-21)
(-0.0084387 -0.109313 1.01338e-20)
(-0.00574788 -0.0870188 4.10941e-21)
(-0.00154267 -0.0705812 3.89834e-21)
(0.00364571 -0.0582656 -9.06596e-21)
(0.0087435 -0.0488236 -7.2225e-22)
(0.0507983 -0.419622 1.45815e-20)
(0.0315427 -0.3121 -1.48196e-21)
(0.0198006 -0.234951 3.08693e-21)
(0.0136243 -0.179946 3.97699e-20)
(0.0120959 -0.14085 -3.04181e-20)
(0.0144839 -0.112993 -1.51904e-21)
(0.0198746 -0.0929316 -3.95682e-22)
(0.0274214 -0.078128 -4.13372e-21)
(0.036416 -0.0666905 -7.20646e-21)
(0.0454384 -0.057315 -2.86301e-21)
(0.0832991 -0.412005 2.73995e-20)
(0.0570474 -0.305927 2.77486e-20)
(0.0424711 -0.231642 -8.0143e-20)
(0.0362269 -0.180053 2.65483e-20)
(0.0365304 -0.144389 4.41661e-20)
(0.0420739 -0.119644 -2.54713e-20)
(0.0515283 -0.102167 -2.22712e-20)
(0.0637619 -0.0892421 2.0879e-20)
(0.077887 -0.0787844 -4.77181e-20)
(0.0920326 -0.0694141 5.08071e-20)
(0.115185 -0.402644 -9.58101e-20)
(0.0827142 -0.299858 4.79176e-20)
(0.0665318 -0.229658 -4.76242e-20)
(0.0616188 -0.182282 2.43983e-20)
(0.0651819 -0.150577 -2.83104e-20)
(0.0752687 -0.129312 4.56053e-20)
(0.0901035 -0.1147 2.47536e-20)
(0.108263 -0.103875 -7.53181e-20)
(0.128686 -0.0945087 -7.41247e-20)
(0.148943 -0.0851083 8.71087e-20)
(0.146508 -0.391684 3.79373e-21)
(0.109057 -0.294097 -1.87498e-20)
(0.0928388 -0.229117 -8.55816e-21)
(0.0908879 -0.186589 -1.04437e-20)
(0.0992711 -0.159171 -7.09374e-20)
(0.115332 -0.141552 1.14875e-20)
(0.136823 -0.129925 -7.89785e-21)
(0.162035 -0.121326 8.31093e-20)
(0.189755 -0.113151 -5.86937e-20)
(0.216896 -0.10375 -4.27942e-20)
(0.177377 -0.379266 9.3621e-20)
(0.136723 -0.288749 -9.61113e-21)
(0.122431 -0.229945 1.46144e-19)
(0.125335 -0.19264 -1.88653e-20)
(0.140247 -0.169529 9.21709e-20)
(0.163756 -0.155403 -1.06352e-20)
(0.193126 -0.146589 -8.17053e-22)
(0.226372 -0.140136 6.82865e-20)
(0.262182 -0.133175 -3.83739e-20)
(0.296751 -0.123886 7.42938e-20)
(0.207967 -0.365522 -3.54765e-20)
(0.166478 -0.283821 1.26183e-20)
(0.156474 -0.231884 -3.74683e-20)
(0.166375 -0.199833 -4.75113e-20)
(0.189653 -0.180659 -5.1484e-21)
(0.222101 -0.169444 1.575e-19)
(0.260475 -0.162842 -5.66394e-20)
(0.302532 -0.158108 2.87173e-20)
(0.346961 -0.152221 -9.89703e-20)
(0.389263 -0.14324 -6.34498e-20)
(0.238527 -0.350565 1.71153e-19)
(0.199171 -0.279205 -1.93571e-20)
(0.196168 -0.234489 -2.04508e-19)
(0.215389 -0.207344 1.1573e-20)
(0.248917 -0.191305 5.04145e-20)
(0.291721 -0.181919 -7.55688e-20)
(0.340026 -0.176362 -1.02977e-19)
(0.391339 -0.172363 1.57348e-19)
(0.444531 -0.166996 -1.31846e-20)
(0.49468 -0.15843 -1.47069e-19)
(0.269378 -0.334465 -1.43649e-19)
(0.235668 -0.274639 8.49382e-20)
(0.242621 -0.237135 1.35104e-19)
(0.273546 -0.214196 3.71499e-20)
(0.319146 -0.200114 -1.4597e-19)
(0.373547 -0.190982 9.75877e-20)
(0.43238 -0.18457 6.1329e-20)
(0.4928 -0.179215 1.31255e-19)
(0.554007 -0.172362 -7.97553e-20)
(0.611559 -0.163219 -1.19002e-19)
(0.300878 -0.317167 4.88664e-20)
(0.276737 -0.269637 -2.02655e-20)
(0.296662 -0.239013 -6.2601e-22)
(0.3416 -0.219385 4.23422e-20)
(0.401007 -0.205995 3.63304e-20)
(0.468298 -0.195475 -2.56665e-20)
(0.538607 -0.185977 -5.25158e-20)
(0.60858 -0.176112 8.41334e-20)
(0.677005 -0.163849 -7.26903e-20)
(0.740332 -0.151237 6.65224e-20)
(0.626029 -0.00955307 4.21676e-21)
(0.599389 -0.0560349 1.22184e-20)
(0.569446 -0.0986269 -4.0866e-20)
(0.537158 -0.137255 3.60247e-20)
(0.503379 -0.171995 1.34967e-20)
(0.468857 -0.203066 1.69461e-19)
(0.434204 -0.230796 -6.47456e-20)
(0.399871 -0.25559 -8.75709e-20)
(0.36617 -0.277919 9.12111e-20)
(0.333243 -0.298296 -1.5791e-19)
(0.853555 0.016643 1.50231e-20)
(0.800933 -0.0432244 -4.87977e-21)
(0.742277 -0.0955751 -4.10362e-20)
(0.679741 -0.139985 1.08253e-19)
(0.615385 -0.176443 -3.63573e-20)
(0.551119 -0.205333 2.74665e-19)
(0.488579 -0.227376 -1.69355e-19)
(0.429098 -0.243577 2.43058e-19)
(0.373633 -0.255147 -1.66016e-19)
(0.322779 -0.263422 -8.5113e-20)
(1.04729 0.0651219 -2.9883e-20)
(0.984637 -0.00426936 4.50826e-21)
(0.912556 -0.0653112 -1.30638e-19)
(0.833657 -0.116981 1.00543e-19)
(0.750657 -0.158787 -1.02506e-19)
(0.666234 -0.190782 -1.92218e-19)
(0.582871 -0.213552 -6.25983e-20)
(0.502709 -0.228158 -5.38924e-20)
(0.427486 -0.236084 1.69198e-19)
(0.358499 -0.239105 8.74029e-20)
(1.20197 0.113509 1.3686e-20)
(1.13943 0.0389058 -2.4021e-20)
(1.06433 -0.0280668 -3.27976e-20)
(0.979196 -0.0858289 -1.28655e-19)
(0.886886 -0.133311 7.48686e-20)
(0.79043 -0.170031 2.18306e-19)
(0.692839 -0.196136 9.40726e-20)
(0.596898 -0.212427 1.82337e-20)
(0.505044 -0.220349 5.01337e-20)
(0.419321 -0.221911 -1.96341e-21)
(1.31848 0.154029 -1.61664e-20)
(1.26222 0.0780009 -6.37886e-20)
(1.19108 0.00811843 8.43503e-21)
(1.10709 -0.053648 1.11227e-19)
(1.01282 -0.105722 1.14796e-19)
(0.911257 -0.147046 -7.6024e-20)
(0.805562 -0.177197 -1.41973e-19)
(0.698869 -0.196513 -6.88712e-20)
(0.59406 -0.206189 8.0892e-20)
(0.493781 -0.208371 1.10459e-19)
(1.40114 0.185044 3.35916e-21)
(1.35444 0.110476 5.42466e-20)
(1.29153 0.0403099 -1.27475e-19)
(1.21374 -0.0232964 1.60011e-19)
(1.12308 -0.0784076 9.47822e-20)
(1.02211 -0.123456 1.72926e-19)
(0.913798 -0.157414 -3.69466e-20)
(0.801251 -0.180026 -9.93912e-20)
(0.687413 -0.192072 2.35594e-19)
(0.575044 -0.195799 -1.91703e-19)
(1.45571 0.206703 8.32328e-21)
(1.41971 0.135521 -6.53339e-20)
(1.36716 0.06706 -4.08694e-20)
(1.29864 0.00348074 -8.74655e-20)
(1.21544 -0.0530952 -1.24491e-20)
(1.11948 -0.100711 -1.29617e-19)
(1.01324 -0.137755 -8.05495e-20)
(0.899452 -0.163277 -1.67738e-20)
(0.780612 -0.177457 -1.46462e-19)
(0.658641 -0.182621 2.08753e-19)
(1.48807 0.220161 -7.38281e-21)
(1.46247 0.153413 5.45927e-20)
(1.42082 0.0879518 -2.45129e-20)
(1.36303 0.0257911 5.45844e-20)
(1.28964 -0.0309283 1.34752e-19)
(1.20187 -0.0800035 2.20456e-19)
(1.10153 -0.119291 -6.33614e-20)
(0.990786 -0.147019 -2.18915e-19)
(0.871188 -0.162378 5.97237e-20)
(0.742235 -0.167513 -3.44169e-19)
(1.50339 0.227151 1.07675e-20)
(1.48705 0.16511 -1.28428e-20)
(1.45576 0.103211 -1.32467e-19)
(1.40891 0.0432147 4.05741e-20)
(1.34638 -0.0128664 -9.44794e-20)
(1.26872 -0.0627429 -3.94478e-20)
(1.17713 -0.103841 -3.15952e-20)
(1.07324 -0.1334 9.10135e-20)
(0.957652 -0.148769 1.04954e-19)
(0.825655 -0.150143 6.44789e-20)
(1.50568 0.229317 -2.6217e-20)
(1.49708 0.172096 4.70851e-20)
(1.475 0.114021 2.19416e-20)
(1.43846 0.0565227 6.72982e-20)
(1.38684 0.00134907 -7.82973e-21)
(1.32013 -0.0493138 -5.10528e-21)
(1.23901 -0.0926981 -1.76266e-19)
(1.14496 -0.125211 2.25848e-19)
(1.03881 -0.141886 -1.40253e-19)
(0.910379 -0.137053 2.95209e-20)
(0.541611 0.503003 -5.9391e-20)
(0.582057 0.463555 6.83211e-20)
(0.616181 0.418606 1.09983e-21)
(0.643298 0.369108 -1.68148e-19)
(0.662881 0.316142 1.24983e-19)
(0.67467 0.260896 -9.38149e-20)
(0.678684 0.204591 -2.29179e-20)
(0.675209 0.148411 -2.18992e-20)
(0.664787 0.093438 3.63394e-20)
(0.648167 0.0405741 2.52455e-21)
(0.760826 0.680477 8.84789e-20)
(0.82249 0.638024 2.34607e-20)
(0.874871 0.585331 -1.20971e-19)
(0.916398 0.523927 -1.47875e-19)
(0.945792 0.455592 1.16866e-19)
(0.962193 0.382337 -1.05074e-19)
(0.965226 0.306319 1.25595e-19)
(0.955022 0.229734 -3.28299e-20)
(0.932226 0.1547 -1.10645e-19)
(0.897958 0.0831303 -8.36256e-21)
(0.897247 0.76165 -6.69846e-21)
(0.971137 0.725118 1.79721e-21)
(1.03573 0.676126 7.97817e-20)
(1.08889 0.616135 8.12235e-20)
(1.1288 0.546915 1.86718e-19)
(1.15404 0.470541 6.71163e-20)
(1.16368 0.389327 -4.52798e-20)
(1.15735 0.305733 -9.98844e-20)
(1.13523 0.222259 8.11517e-20)
(1.09813 0.141319 5.60463e-21)
(0.979915 0.78084 2.42255e-20)
(1.05976 0.75248 -5.646e-20)
(1.13156 0.711165 -2.74932e-20)
(1.19291 0.658042 -1.54847e-19)
(1.24169 0.594578 -9.43009e-20)
(1.2761 0.522572 1.82185e-19)
(1.29477 0.444108 1.23915e-19)
(1.29677 0.361498 -1.04401e-19)
(1.28175 0.277204 4.86996e-21)
(1.24991 0.19373 -4.68776e-21)
(1.02836 0.763431 -6.6308e-20)
(1.1099 0.74267 1.08802e-19)
(1.185 0.709517 -2.83492e-20)
(1.25118 0.664738 8.43347e-20)
(1.30624 0.609415 -5.89309e-20)
(1.34822 0.544972 -1.09666e-19)
(1.3755 0.473127 5.87146e-20)
(1.38678 0.395858 -6.20243e-20)
(1.38121 0.315358 -6.20279e-20)
(1.35841 0.233956 2.7272e-20)
(1.05599 0.726732 -1.18664e-20)
(1.1366 0.712074 2.00886e-20)
(1.21223 0.686178 -1.9533e-20)
(1.2804 0.649388 -1.60725e-19)
(1.33901 0.602423 9.22453e-20)
(1.3862 0.546357 1.83721e-20)
(1.42029 0.48254 -1.01206e-19)
(1.43984 0.412579 -3.74025e-20)
(1.44366 0.338308 3.50087e-20)
(1.43092 0.261749 -9.91728e-21)
(1.07165 0.681649 -1.81552e-20)
(1.15016 0.671553 4.77308e-21)
(1.22454 0.651632 2.65149e-20)
(1.29247 0.621736 9.12943e-20)
(1.35221 0.582293 2.3023e-20)
(1.40217 0.534118 5.82602e-20)
(1.44081 0.478268 1.23616e-19)
(1.4667 0.416024 -5.29891e-20)
(1.47852 0.348874 4.9704e-20)
(1.47516 0.278493 -1.8713e-20)
(1.08099 0.634687 -1.45667e-20)
(1.15705 0.628259 2.13796e-20)
(1.22906 0.613214 2.10699e-20)
(1.29508 0.588914 -4.70648e-20)
(1.35399 0.555701 -3.06893e-20)
(1.4046 0.514272 -6.42935e-20)
(1.44564 0.465502 8.99254e-21)
(1.47578 0.410433 -1.51557e-20)
(1.49371 0.350261 -1.05885e-19)
(1.49819 0.28634 1.49195e-20)
(1.08819 0.590217 -2.46384e-21)
(1.16114 0.587251 -1.74799e-20)
(1.22959 0.576104 -1.68101e-20)
(1.29234 0.556034 1.06084e-20)
(1.34896 0.527584 -4.66461e-21)
(1.39867 0.4915 5.70687e-20)
(1.4404 0.448558 2.57262e-20)
(1.47297 0.399628 4.15435e-20)
(1.49516 0.34568 5.09662e-20)
(1.50571 0.287793 -2.19495e-20)
(1.09955 0.54972 -4.73368e-21)
(1.16746 0.548111 2.69822e-20)
(1.23027 0.539341 -6.94903e-20)
(1.28808 0.522245 -4.17387e-21)
(1.34098 0.497516 8.71376e-20)
(1.38836 0.465913 4.28896e-21)
(1.42922 0.42809 5.15577e-20)
(1.46254 0.384733 -1.1391e-19)
(1.48718 0.336593 -1.38338e-21)
(1.50197 0.28449 1.16769e-20)
(0.599338 0.197678 -8.07359e-21)
(0.55856 0.213229 2.8593e-21)
(0.511813 0.231795 9.41038e-22)
(0.458316 0.254529 -1.52637e-20)
(0.397129 0.282919 6.77916e-21)
(0.327728 0.318488 2.01789e-20)
(0.250521 0.362135 -1.8811e-20)
(0.167768 0.412723 -4.83558e-21)
(0.0877132 0.464452 -5.84545e-21)
(0.0325184 0.502357 -2.1457e-20)
(0.622303 0.25531 -2.21828e-20)
(0.58343 0.275725 4.67072e-20)
(0.538618 0.299608 -4.30431e-20)
(0.487415 0.32785 -7.29984e-21)
(0.42893 0.361465 1.21523e-20)
(0.362618 0.401003 -1.4339e-20)
(0.288768 0.445597 -4.0712e-20)
(0.20926 0.49116 4.72971e-20)
(0.131385 0.527076 -8.38048e-23)
(0.0752299 0.530639 2.16486e-20)
(0.65282 0.310069 -7.3667e-20)
(0.616575 0.335115 7.82697e-20)
(0.574396 0.364085 2.73868e-20)
(0.526241 0.397546 1.51892e-21)
(0.471222 0.436034 1.75514e-20)
(0.40864 0.479136 6.98528e-21)
(0.338434 0.524243 -1.15621e-20)
(0.2617 0.564406 -2.54086e-20)
(0.184044 0.584446 -1.87504e-20)
(0.122107 0.554528 2.73673e-20)
(0.69052 0.360958 -6.07079e-20)
(0.657538 0.39029 5.68365e-20)
(0.618626 0.423984 4.58223e-20)
(0.574214 0.462208 -3.12751e-20)
(0.523348 0.505021 -1.15752e-19)
(0.46505 0.551067 3.73791e-20)
(0.398687 0.596065 -2.70237e-20)
(0.324191 0.630383 7.40977e-20)
(0.244825 0.634713 6.5039e-20)
(0.172562 0.573052 -5.79162e-20)
(0.734883 0.407082 -4.32496e-20)
(0.705683 0.440249 1.97044e-20)
(0.670586 0.478174 -5.4425e-20)
(0.630516 0.52054 4.28996e-20)
(0.584379 0.566935 -2.03092e-20)
(0.530791 0.615103 -1.71977e-20)
(0.468335 0.659196 -1.73989e-20)
(0.395451 0.687166 -2.46581e-21)
(0.312495 0.676179 -2.53083e-20)
(0.225787 0.585347 -1.50491e-20)
(0.785224 0.447675 1.07434e-19)
(0.760183 0.48413 2.20681e-20)
(0.729341 0.525662 -7.31748e-20)
(0.694096 0.571383 6.83174e-20)
(0.653122 0.620435 3.17731e-20)
(0.604501 0.669718 5.07087e-20)
(0.545852 0.711968 -2.822e-21)
(0.473841 0.733058 3.06025e-20)
(0.385496 0.70738 8.09204e-21)
(0.280801 0.590713 2.93496e-20)
(0.840656 0.482136 -1.14335e-19)
(0.820001 0.521234 1.31498e-19)
(0.793735 0.565607 -6.31069e-20)
(0.763672 0.613733 -3.6116e-20)
(0.72813 0.664353 1.2602e-22)
(0.684544 0.713594 -4.80058e-20)
(0.629409 0.752952 3.27719e-20)
(0.557412 0.76664 3.48796e-20)
(0.462 0.727145 5.19687e-21)
(0.336483 0.588633 -2.12237e-20)
(0.900036 0.510126 -8.55429e-21)
(0.88384 0.551047 -5.00074e-20)
(0.862369 0.597315 2.12537e-20)
(0.837734 0.64674 -3.32718e-21)
(0.807732 0.697704 -1.69655e-20)
(0.769039 0.745637 6.97233e-21)
(0.716917 0.781004 -2.24857e-21)
(0.643962 0.786827 -1.04712e-20)
(0.539966 0.734632 1.29394e-20)
(0.391625 0.578811 -9.79438e-21)
(0.96192 0.531771 1.55306e-20)
(0.950138 0.573462 5.18061e-21)
(0.933701 0.620392 -3.30863e-20)
(0.914672 0.66979 2.28533e-20)
(0.89012 0.719734 -7.27456e-21)
(0.855938 0.765018 -5.93744e-21)
(0.806105 0.795298 -1.20766e-20)
(0.731113 0.792899 -1.58758e-21)
(0.61724 0.729386 -6.23933e-20)
(0.444998 0.56119 3.77824e-20)
(1.02291 0.544716 -1.57293e-20)
(1.01525 0.586318 1.13745e-20)
(1.005 0.633249 7.29795e-22)
(0.99223 0.681801 -3.59675e-21)
(0.973115 0.729646 -1.54353e-20)
(0.942962 0.77109 -7.53246e-21)
(0.894545 0.795317 9.64854e-21)
(0.816392 0.78452 4.18616e-20)
(0.691636 0.711308 5.36916e-20)
(0.495425 0.535923 7.33216e-21)
(0.770303 -0.314409 1.38569e-19)
(0.741309 -0.336078 -8.66062e-20)
(0.704368 -0.355889 3.29219e-20)
(0.658833 -0.368756 -7.50763e-20)
(0.599936 -0.369945 -4.92627e-20)
(0.521619 -0.351901 -7.6405e-20)
(0.416266 -0.303671 -9.29227e-20)
(0.27433 -0.210843 -4.26148e-20)
(0.0845457 -0.0551391 -5.91591e-20)
(-0.167379 0.186333 2.94281e-20)
(0.727649 -0.280911 -8.29804e-20)
(0.697484 -0.301122 -6.88814e-20)
(0.658659 -0.320036 1.18967e-19)
(0.611412 -0.333109 5.85533e-20)
(0.551991 -0.335505 8.71308e-20)
(0.475079 -0.319641 -1.46944e-19)
(0.374047 -0.274429 5.07063e-20)
(0.240771 -0.184981 1.04039e-19)
(0.0663779 -0.0318781 7.0999e-20)
(-0.158766 0.210085 -7.58779e-20)
(0.687719 -0.241131 3.89867e-20)
(0.65558 -0.259295 -1.59004e-20)
(0.615105 -0.276578 1.68582e-19)
(0.566267 -0.288877 -1.01743e-19)
(0.506039 -0.291409 -8.29743e-20)
(0.429961 -0.276778 4.78932e-20)
(0.332534 -0.234096 -6.93415e-22)
(0.207264 -0.148525 -2.08829e-19)
(0.0480211 -0.000365593 -8.54559e-21)
(-0.149575 0.236505 6.6721e-20)
(0.65283 -0.197012 2.57987e-19)
(0.618315 -0.212357 -1.20753e-19)
(0.575948 -0.226939 4.05425e-20)
(0.525362 -0.237202 -6.95067e-20)
(0.464041 -0.238599 1.81872e-19)
(0.388338 -0.22408 -9.63334e-21)
(0.293904 -0.183242 -3.43549e-20)
(0.175958 -0.101812 5.39015e-21)
(0.0312757 0.0393023 1.72069e-20)
(-0.138977 0.265588 -8.68797e-20)
(0.62378 -0.148467 -2.22752e-19)
(0.586876 -0.160426 -2.48955e-21)
(0.542579 -0.171531 9.07221e-20)
(0.49024 -0.178758 -4.37629e-21)
(0.427732 -0.177909 -1.04916e-20)
(0.352151 -0.162441 1.19692e-19)
(0.260252 -0.122717 -2.24414e-20)
(0.148953 -0.0455462 2.76098e-20)
(0.0179274 0.0866375 5.31842e-21)
(-0.126161 0.297111 1.15819e-19)
(0.601186 -0.0958856 8.19987e-21)
(0.562148 -0.103989 -1.30593e-19)
(0.516118 -0.111012 1.17825e-19)
(0.462218 -0.114393 -1.03826e-20)
(0.398641 -0.110348 1.99645e-20)
(0.32314 -0.0929755 -1.00969e-19)
(0.233496 -0.053668 -1.51305e-20)
(0.128206 0.0192009 -7.64712e-21)
(0.00965862 0.140799 -5.29733e-20)
(-0.110361 0.330646 -2.51877e-20)
(0.585579 -0.0399944 1.14603e-19)
(0.544849 -0.0438312 -1.09254e-19)
(0.497465 -0.0462758 -5.1973e-21)
(0.44238 -0.0451518 -1.30092e-19)
(0.378052 -0.0371173 7.10681e-20)
(0.302801 -0.0170231 -4.5044e-20)
(0.215304 0.0224863 3.78711e-20)
(0.115444 0.091039 -7.28027e-20)
(0.00797356 0.200617 -6.82048e-20)
(-0.090897 0.365587 -4.89145e-20)
(0.577368 0.0183262 7.17056e-20)
(0.535532 0.0190924 -7.28052e-20)
(0.487312 0.0216123 3.23142e-20)
(0.431576 0.0277544 2.2808e-20)
(0.366992 0.0404023 -4.21921e-20)
(0.292346 0.0638726 7.25759e-20)
(0.207049 0.10408 4.42999e-20)
(0.112105 0.168298 -1.34772e-19)
(0.0141314 0.26465 2.26997e-20)
(-0.0672103 0.401167 5.89561e-20)
(0.57684 0.0780894 7.5883e-20)
(0.534589 0.0836963 -1.15248e-20)
(0.486156 0.0914537 -6.64275e-21)
(0.430419 0.102975 -5.41979e-22)
(0.366215 0.120682 2.83364e-20)
(0.292681 0.147995 -8.3706e-20)
(0.209773 0.189247 6.90482e-20)
(0.119289 0.249071 5.40301e-21)
(0.0290995 0.331225 -2.52906e-21)
(-0.0388943 0.436503 4.29838e-20)
(0.584153 0.138236 -2.19888e-20)
(0.542245 0.14881 -2.32521e-21)
(0.494293 0.161958 6.11924e-21)
(0.439287 0.179063 6.80576e-21)
(0.376197 0.202082 1.72016e-20)
(0.304391 0.233501 -1.24226e-20)
(0.224162 0.275965 -7.31847e-21)
(0.137734 0.331277 -1.13963e-20)
(0.0535291 0.398492 1.05496e-20)
(-0.00569734 0.470616 -7.74062e-21)
(0.830033 -0.348017 1.37335e-19)
(0.879964 -0.370409 -5.06098e-20)
(0.925891 -0.387421 1.32138e-20)
(0.968017 -0.397151 5.44464e-20)
(1.00647 -0.399768 2.80396e-20)
(1.04035 -0.395678 2.32537e-21)
(1.06831 -0.385083 3.15002e-21)
(1.08882 -0.368188 -2.00035e-21)
(1.10019 -0.34532 -1.15151e-21)
(1.10071 -0.31699 9.6633e-22)
(0.793942 -0.365883 6.33653e-20)
(0.845993 -0.387869 5.12505e-20)
(0.894818 -0.403374 4.76513e-20)
(0.939149 -0.411098 -1.40365e-20)
(0.978313 -0.411027 -1.23448e-20)
(1.01131 -0.403502 -1.02492e-20)
(1.03676 -0.388868 1.97522e-21)
(1.05312 -0.367585 1.95905e-21)
(1.05875 -0.340303 1.68583e-21)
(1.0521 -0.307918 -1.91323e-21)
(0.755474 -0.383321 -1.86406e-19)
(0.807539 -0.402931 1.87e-20)
(0.856875 -0.415276 -9.03756e-20)
(0.901245 -0.419567 -1.41858e-20)
(0.939276 -0.415671 4.56934e-20)
(0.969648 -0.403897 1.43215e-20)
(0.990884 -0.384758 -1.07522e-21)
(1.00146 -0.358984 -1.3004e-21)
(0.999928 -0.327566 -6.74382e-21)
(0.985082 -0.291779 1.34448e-21)
(0.709155 -0.394715 -4.92874e-20)
(0.759816 -0.411714 -7.17445e-20)
(0.807581 -0.420307 -6.86968e-21)
(0.849879 -0.420259 -2.31426e-20)
(0.884821 -0.41166 -2.39199e-20)
(0.910762 -0.394995 -2.24156e-21)
(0.926157 -0.371042 -3.06134e-21)
(0.929608 -0.340865 2.19514e-22)
(0.919984 -0.305822 6.88747e-21)
(0.896568 -0.267557 -1.59324e-21)
(0.64899 -0.3939 -1.06808e-19)
(0.6971 -0.4078 1.11889e-19)
(0.741515 -0.41222 6.17261e-21)
(0.779678 -0.407418 -5.22323e-21)
(0.809482 -0.393868 1.28608e-20)
(0.829167 -0.372394 4.44663e-21)
(0.837265 -0.344136 -4.7479e-21)
(0.832653 -0.310531 8.24236e-21)
(0.81465 -0.273297 -1.30725e-21)
(0.783133 -0.234375 -6.65199e-22)
(0.5679 -0.373018 1.53602e-19)
(0.61184 -0.383345 -8.50589e-20)
(0.65099 -0.383553 -2.57933e-20)
(0.68297 -0.374326 -6.01241e-21)
(0.705746 -0.356569 -1.01365e-20)
(0.717691 -0.33151 4.58406e-21)
(0.717614 -0.300673 -4.81327e-21)
(0.704816 -0.265846 -3.28471e-21)
(0.679166 -0.229017 2.23678e-21)
(0.641166 -0.192285 2.92998e-21)
(0.457117 -0.321559 2.50352e-20)
(0.49445 -0.328546 1.54208e-20)
(0.526069 -0.325504 3.07504e-21)
(0.549884 -0.313477 -9.39274e-21)
(0.564155 -0.293772 2.90826e-20)
(0.567607 -0.267977 8.93848e-22)
(0.559486 -0.237921 1.89103e-22)
(0.539612 -0.205604 7.98676e-22)
(0.508417 -0.173109 3.12281e-21)
(0.466946 -0.142477 -2.23307e-21)
(0.305804 -0.226123 7.24458e-20)
(0.333189 -0.231434 5.15168e-20)
(0.354628 -0.22785 -8.66907e-20)
(0.368455 -0.216675 -1.61711e-20)
(0.37339 -0.199456 -2.75844e-20)
(0.368646 -0.17796 -1.6046e-21)
(0.353975 -0.154095 -7.75468e-21)
(0.329689 -0.129822 1.01499e-20)
(0.296659 -0.107043 -1.15465e-22)
(0.256251 -0.0874857 4.74788e-21)
(0.100731 -0.0703871 -1.32409e-20)
(0.113458 -0.0782248 -8.61423e-20)
(0.121399 -0.0797636 6.48082e-20)
(0.123466 -0.0762815 -2.13919e-20)
(0.118944 -0.0692174 2.72688e-20)
(0.107552 -0.0601254 -1.43804e-21)
(0.08946 -0.0505933 -6.3302e-21)
(0.0652764 -0.0421494 3.90531e-22)
(0.0360047 -0.0361709 -4.25504e-22)
(0.00295994 -0.033809 -2.42755e-21)
(-0.176254 0.164965 -1.32661e-20)
(-0.185667 0.145954 4.52092e-20)
(-0.196214 0.128653 -1.8747e-20)
(-0.208227 0.112422 5.56922e-21)
(-0.221833 0.096605 -5.4942e-21)
(-0.236949 0.0805423 -6.84607e-22)
(-0.253291 0.0636035 1.05466e-21)
(-0.270393 0.0452347 4.9475e-21)
(-0.287649 0.0249952 -2.34745e-21)
(-0.304371 0.00256791 -8.38338e-22)
(1.08872 -0.283967 1.55087e-21)
(1.06287 -0.247414 -7.62623e-21)
(1.02242 -0.208932 4.21509e-20)
(0.967429 -0.170599 -3.0635e-20)
(0.898993 -0.134912 3.58702e-21)
(0.819219 -0.104625 -3.13569e-20)
(0.73091 -0.0824835 1.5676e-19)
(0.63674 -0.070826 8.25606e-21)
(0.535293 -0.0716332 -4.69776e-20)
(0.414855 -0.0814711 1.05487e-19)
(1.03185 -0.271624 5.18254e-21)
(0.997166 -0.23302 -1.55286e-20)
(0.947972 -0.194066 -1.57323e-20)
(0.885078 -0.157039 -1.16868e-20)
(0.810257 -0.124386 -3.37312e-20)
(0.726062 -0.0984962 -8.81227e-22)
(0.635325 -0.0813812 -1.02134e-20)
(0.540144 -0.0742111 2.93857e-20)
(0.439285 -0.0768441 9.3535e-20)
(0.32693 -0.0828001 -2.02619e-20)
(0.956087 -0.253203 -3.5227e-21)
(0.912789 -0.213766 3.13194e-20)
(0.855835 -0.175628 8.20679e-21)
(0.786746 -0.141062 -1.7436e-21)
(0.707847 -0.11226 3.67873e-20)
(0.621985 -0.0910608 1.60101e-20)
(0.531987 -0.0786136 3.11478e-20)
(0.439833 -0.074913 -3.34329e-20)
(0.345395 -0.0782084 -6.71262e-20)
(0.247301 -0.0820058 -1.57664e-19)
(0.859145 -0.227961 4.34689e-21)
(0.808285 -0.189171 -1.38076e-20)
(0.745353 -0.153375 2.01683e-20)
(0.672471 -0.122665 -4.59235e-20)
(0.592354 -0.0988155 -2.72111e-20)
(0.507983 -0.083033 -1.28385e-20)
(0.422125 -0.0756634 -6.53851e-20)
(0.336788 -0.0758606 -3.01932e-20)
(0.252782 -0.0812351 3.59304e-21)
(0.170965 -0.0865873 4.89475e-20)
(0.73856 -0.195849 2.16947e-21)
(0.682189 -0.159891 -2.52752e-23)
(0.61599 -0.128529 1.3335e-20)
(0.542491 -0.103502 4.1115e-20)
(0.464578 -0.0860593 -6.97558e-21)
(0.385174 -0.0767645 -6.09948e-20)
(0.306865 -0.0752972 1.02806e-19)
(0.231572 -0.0802903 -3.13598e-20)
(0.160515 -0.0892181 -2.36566e-20)
(0.0951409 -0.0980819 -1.11164e-20)
(0.591893 -0.157739 -5.96948e-21)
(0.533149 -0.127385 6.33726e-21)
(0.46729 -0.102906 2.09601e-20)
(0.396993 -0.0855604 -2.01761e-20)
(0.325061 -0.0760303 4.01751e-20)
(0.254154 -0.0743011 -4.88913e-21)
(0.186524 -0.0795634 3.86041e-21)
(0.123855 -0.0901788 2.59196e-20)
(0.0673358 -0.103722 2.02919e-20)
(0.0182197 -0.11708 6.5172e-21)
(0.416722 -0.115586 8.85508e-22)
(0.359842 -0.0940625 -1.20199e-21)
(0.298753 -0.0791096 2.99772e-20)
(0.235994 -0.0714426 -3.58993e-20)
(0.174036 -0.0712149 -6.85016e-20)
(0.115095 -0.0779644 3.3051e-20)
(0.0609735 -0.0905957 -1.75287e-20)
(0.0129967 -0.107413 1.87509e-20)
(-0.0279055 -0.126228 5.27641e-20)
(-0.060904 -0.144576 -5.71588e-20)
(0.210156 -0.0726009 -9.42029e-22)
(0.160431 -0.0634592 -1.87563e-20)
(0.109289 -0.0607181 2.6621e-20)
(0.0588441 -0.0645843 1.64674e-20)
(0.0110286 -0.074798 -5.02396e-20)
(-0.0325137 -0.0906365 -3.95229e-20)
(-0.0705015 -0.110939 -2.78801e-21)
(-0.102019 -0.134156 6.23741e-21)
(-0.126454 -0.158445 7.86634e-21)
(-0.143375 -0.181872 -2.2379e-20)
(-0.0323823 -0.0359227 1.59259e-21)
(-0.0683905 -0.0429054 2.59536e-20)
(-0.103442 -0.0549258 1.07147e-20)
(-0.136095 -0.0718158 -3.52142e-20)
(-0.165117 -0.0930975 3.49263e-20)
(-0.189524 -0.118025 -4.581e-20)
(-0.20858 -0.145611 6.01544e-20)
(-0.221784 -0.174662 -7.23585e-20)
(-0.228821 -0.203827 -3.83288e-20)
(-0.229518 -0.231719 -1.02967e-19)
(-0.319808 -0.0222653 -4.54283e-22)
(-0.333239 -0.0491626 -7.56178e-21)
(-0.34404 -0.0780436 5.61064e-21)
(-0.351681 -0.108621 6.69088e-21)
(-0.355767 -0.140489 -1.51271e-20)
(-0.356026 -0.173166 1.49064e-20)
(-0.352293 -0.206109 -1.82528e-20)
(-0.344475 -0.238712 1.40974e-20)
(-0.332539 -0.27033 -3.57839e-20)
(-0.316483 -0.30031 3.95481e-20)
(-0.296232 -0.327997 5.64476e-20)
(-0.22388 -0.257098 -4.2597e-20)
(-0.152506 -0.202833 -4.44714e-20)
(-0.0850439 -0.160445 5.98264e-20)
(-0.0213629 -0.127519 -5.47194e-21)
(0.0393142 -0.102614 7.12056e-20)
(0.0973525 -0.0843312 7.96777e-21)
(0.15314 -0.0716769 -6.3462e-20)
(0.208148 -0.0646231 1.16184e-19)
(0.261626 -0.05976 -1.62332e-20)
(-0.272469 -0.352499 -5.95663e-20)
(-0.212457 -0.278993 1.6431e-19)
(-0.154036 -0.2205 -6.7596e-21)
(-0.0997394 -0.173433 -5.46504e-20)
(-0.0492894 -0.135614 4.3361e-20)
(-0.00178003 -0.1055 -9.86847e-20)
(0.0433852 -0.0815551 1.13515e-19)
(0.0870006 -0.0626646 -9.51676e-20)
(0.130739 -0.0489823 1.75768e-20)
(0.172932 -0.0397461 7.39102e-20)
(-0.245631 -0.373718 3.41014e-20)
(-0.196053 -0.297026 -1.03729e-19)
(-0.148879 -0.234549 3.59068e-20)
(-0.105982 -0.183548 -2.00314e-20)
(-0.0668188 -0.142034 3.7087e-20)
(-0.0303219 -0.108487 -2.77901e-20)
(0.00427137 -0.0815173 -2.632e-20)
(0.0378053 -0.0602411 3.54916e-20)
(0.0714185 -0.0448233 -8.2283e-20)
(0.103082 -0.034989 1.23222e-19)
(-0.216249 -0.391499 -7.31607e-20)
(-0.175671 -0.311035 7.99337e-21)
(-0.138316 -0.244858 3.77802e-20)
(-0.105308 -0.190709 5.16375e-20)
(-0.0758404 -0.14666 -7.89532e-20)
(-0.0487656 -0.111164 6.54955e-21)
(-0.0233008 -0.0828929 -4.39093e-20)
(0.00127316 -0.0610171 -9.15161e-20)
(0.0256834 -0.0454686 1.74382e-19)
(0.0482075 -0.0357937 6.62659e-20)
(-0.184903 -0.405779 5.13064e-20)
(-0.152356 -0.321043 1.18935e-20)
(-0.123664 -0.251469 4.63843e-20)
(-0.0992343 -0.194884 -5.67836e-21)
(-0.078049 -0.149234 6.16578e-20)
(-0.0589481 -0.112808 3.03858e-20)
(-0.0412015 -0.0841763 7.71562e-20)
(-0.0242436 -0.0623592 -7.82599e-20)
(-0.0076163 -0.0469328 -7.94065e-21)
(0.00735856 -0.0372365 -8.7225e-20)
(-0.152158 -0.416603 3.44361e-20)
(-0.127081 -0.327262 -4.06436e-20)
(-0.106126 -0.254634 -9.05839e-21)
(-0.0891166 -0.196252 -1.60424e-20)
(-0.0749095 -0.149738 -1.75662e-20)
(-0.0623955 -0.113096 -2.22562e-20)
(-0.0509439 -0.0846737 3.65421e-20)
(-0.040143 -0.0632526 -4.85407e-20)
(-0.0297259 -0.0480625 4.37969e-20)
(-0.0206824 -0.0382754 5.63584e-21)
(-0.118522 -0.424099 -6.0021e-20)
(-0.10068 -0.330065 -3.06106e-20)
(-0.0867087 -0.254807 5.3304e-20)
(-0.0760603 -0.195231 -1.98948e-20)
(-0.0675757 -0.148474 2.94261e-20)
(-0.0602613 -0.112152 -8.91837e-20)
(-0.0536257 -0.0843254 6.83177e-20)
(-0.0474134 -0.0635204 -2.54933e-20)
(-0.0415164 -0.0486805 4.58423e-20)
(-0.0367058 -0.0388487 -5.56517e-20)
(-0.08443 -0.428468 2.7719e-20)
(-0.0738141 -0.329959 -1.21231e-20)
(-0.0661863 -0.252613 -1.86515e-20)
(-0.0608934 -0.192462 -7.52655e-21)
(-0.0568899 -0.146029 4.21113e-21)
(-0.0533674 -0.110482 1.24625e-20)
(-0.050016 -0.0835664 -3.06988e-20)
(-0.0467507 -0.0635609 1.88478e-20)
(-0.0436151 -0.049188 5.74109e-20)
(-0.0412837 -0.0393905 -5.57436e-20)
(-0.0502306 -0.429963 2.11686e-20)
(-0.0469562 -0.32753 6.10377e-23)
(-0.0450909 -0.248786 2.93292e-20)
(-0.0441737 -0.188729 -2.53243e-20)
(-0.0434153 -0.143191 7.91401e-21)
(-0.0422676 -0.108859 -8.8731e-21)
(-0.0406506 -0.0831572 -4.96061e-21)
(-0.0386729 -0.0641364 -2.90189e-20)
(-0.0365328 -0.0503461 3.16743e-20)
(-0.0349274 -0.0406512 3.29731e-20)
(-0.016164 -0.428859 -3.72713e-21)
(-0.0203797 -0.323382 -3.23375e-21)
(-0.0237143 -0.24409 -2.89615e-21)
(-0.0261987 -0.184873 -1.11737e-20)
(-0.0274532 -0.140835 1.21083e-20)
(-0.0272731 -0.108176 4.39665e-21)
(-0.0258606 -0.0840063 -9.49074e-21)
(-0.0235448 -0.0661692 5.73799e-22)
(-0.0206866 -0.0530686 -5.7384e-21)
(-0.0181181 -0.0435075 -3.63264e-22)
(0.0188125 -0.0262233 -1.20089e-21)
(0.0446607 -0.0639551 -1.18099e-21)
(0.118961 -0.109247 2.57345e-21)
(0.193274 -0.148517 -1.59655e-21)
(0.280164 -0.165963 -3.18778e-22)
(0.368561 -0.156185 -6.49039e-22)
(0.463339 -0.124738 1.55355e-22)
(0.563324 -0.0818265 -6.98974e-23)
(0.664495 -0.039197 -6.63411e-24)
(0.758621 -0.00584767 -2.0607e-23)
(0.838036 0.0144052 4.34742e-23)
(0.898579 0.0227865 -1.01344e-23)
(0.940454 0.023235 1.02724e-23)
(0.966949 0.0198128 1.32811e-23)
(0.982483 0.0153318 -2.15669e-24)
(0.991049 0.0111537 1.46559e-24)
(0.995552 0.00781972 -6.50229e-25)
(0.997877 0.00518074 -2.00878e-25)
(0.998971 0.00353218 1.3105e-25)
(0.99959 0.00169959 2.4712e-25)
(0.0655685 -0.0331388 5.65417e-21)
(0.0988491 -0.0797306 4.22986e-21)
(0.179138 -0.127857 -3.94458e-21)
(0.253067 -0.167864 1.83373e-21)
(0.333667 -0.184914 -3.18288e-21)
(0.412011 -0.174572 -3.52783e-22)
(0.494809 -0.14278 -2.61359e-22)
(0.583248 -0.0991629 -7.97537e-23)
(0.675155 -0.054864 9.98825e-23)
(0.763138 -0.0188019 9.24245e-24)
(0.839212 0.00470477 -9.25699e-24)
(0.898321 0.0162079 -8.73085e-23)
(0.939786 0.0191714 7.94679e-23)
(0.966299 0.017504 5.10364e-24)
(0.981971 0.0141092 -6.12221e-24)
(0.99068 0.0105415 -2.49539e-24)
(0.995295 0.00752437 3.28495e-24)
(0.997704 0.00504358 -2.18544e-24)
(0.99885 0.00346854 -2.7956e-25)
(0.999519 0.00167738 -5.62564e-25)
(0.124546 -0.0432463 -2.00147e-20)
(0.165361 -0.0964427 2.82416e-21)
(0.250846 -0.146034 1.87029e-20)
(0.322981 -0.1857 -8.64598e-21)
(0.395832 -0.201814 -3.0156e-22)
(0.46309 -0.190814 -2.94571e-21)
(0.533043 -0.158868 -2.99506e-22)
(0.60894 -0.114951 -4.51326e-22)
(0.690331 -0.0694765 -8.17759e-23)
(0.770836 -0.0311428 1.99634e-23)
(0.842404 -0.00468886 1.77491e-23)
(0.899222 0.00976377 -8.38779e-24)
(0.939727 0.0151606 -6.96989e-23)
(0.965946 0.0152141 2.53482e-23)
(0.981598 0.0128925 6.11389e-24)
(0.990374 0.00993021 -7.40749e-24)
(0.995066 0.00722794 4.85603e-25)
(0.997544 0.0049047 1.1581e-24)
(0.998735 0.00340283 8.83738e-25)
(0.999451 0.00165401 -8.1416e-25)
(0.195261 -0.0567131 -5.5122e-21)
(0.242924 -0.113771 2.1387e-20)
(0.331785 -0.163312 -1.01503e-20)
(0.400333 -0.201611 -4.69591e-21)
(0.464016 -0.216376 3.56908e-21)
(0.519452 -0.20472 -2.61006e-22)
(0.576173 -0.172837 1.0301e-21)
(0.63908 -0.129011 1.96372e-22)
(0.70921 -0.0828455 1.68145e-22)
(0.781282 -0.0427042 -1.08977e-22)
(0.847408 -0.0136537 2.28549e-22)
(0.901193 0.00353012 -3.64555e-23)
(0.940245 0.0112441 -1.30213e-25)
(0.965881 0.0129634 -3.84299e-23)
(0.981361 0.0116909 -5.92038e-24)
(0.99013 0.0093239 4.59784e-24)
(0.994866 0.00693225 2.31725e-24)
(0.997397 0.00476493 1.94298e-24)
(0.998626 0.00333545 -1.19004e-24)
(0.999386 0.00162959 1.71662e-24)
(0.277466 -0.0733852 -2.454e-21)
(0.330362 -0.13121 -1.33161e-21)
(0.419644 -0.179129 -2.75957e-21)
(0.482442 -0.215196 7.62509e-21)
(0.535613 -0.228379 5.63035e-21)
(0.578773 -0.216194 3.9849e-21)
(0.622286 -0.184633 -1.65438e-21)
(0.672244 -0.141264 2.2564e-22)
(0.730853 -0.0948609 -5.1341e-23)
(0.793927 -0.0533708 -1.48458e-22)
(0.853937 -0.0220964 1.69453e-23)
(0.904102 -0.00243064 1.57035e-22)
(0.941282 0.00745769 -1.8364e-23)
(0.966081 0.0107705 -6.29189e-23)
(0.981251 0.0105132 -1.71686e-23)
(0.989945 0.00872649 6.32794e-24)
(0.994693 0.00663902 -8.69239e-24)
(0.997262 0.00462502 -1.01973e-24)
(0.998523 0.0032667 8.03529e-26)
(0.999323 0.00160421 1.11538e-25)
(0.371022 -0.0927038 -2.46918e-20)
(0.426494 -0.148015 -3.52943e-21)
(0.512126 -0.192807 1.67357e-20)
(0.566732 -0.226037 -1.91753e-20)
(0.608214 -0.23764 -1.37392e-20)
(0.638925 -0.225193 -1.16067e-20)
(0.669604 -0.19426 2.05779e-21)
(0.707049 -0.151699 1.32838e-22)
(0.754299 -0.105474 -2.61899e-22)
(0.808181 -0.0630725 1.36219e-22)
(0.861671 -0.0299506 5.78209e-23)
(0.907792 -0.00807014 -1.51365e-22)
(0.942768 0.00383088 3.82793e-23)
(0.966516 0.00865077 1.69208e-23)
(0.981257 0.00936692 1.1724e-23)
(0.989815 0.00814145 -7.02344e-24)
(0.994545 0.00634983 5.0173e-25)
(0.997138 0.00448568 -6.76841e-25)
(0.998426 0.00319693 1.25023e-25)
(0.999262 0.00157799 -5.56809e-25)
(0.475663 -0.113772 2.18723e-20)
(0.529917 -0.163309 1.17524e-20)
(0.606909 -0.203683 -7.53113e-21)
(0.650796 -0.233804 2.7292e-20)
(0.679696 -0.244084 -9.53591e-21)
(0.698087 -0.231774 1.14012e-21)
(0.716582 -0.201818 4.81283e-21)
(0.74225 -0.160389 -1.19717e-21)
(0.778636 -0.114705 -5.50884e-22)
(0.823451 -0.0717874 1.01868e-22)
(0.870271 -0.0371791 1.11402e-22)
(0.912088 -0.0133552 -1.58624e-22)
(0.944623 0.000386201 6.37101e-23)
(0.967153 0.00661737 -1.31645e-22)
(0.981365 0.00825877 -7.91693e-24)
(0.989734 0.00757198 1.61757e-23)
(0.994421 0.00606618 1.25673e-24)
(0.997026 0.00434759 8.79521e-25)
(0.998334 0.00312644 1.0075e-25)
(0.999204 0.00155104 4.07427e-25)
(0.590711 -0.13578 4.04413e-20)
(0.638734 -0.176658 1.51464e-20)
(0.7016 -0.211615 -1.13143e-20)
(0.732446 -0.238699 2.40989e-21)
(0.748294 -0.248136 -1.1282e-20)
(0.754808 -0.236421 4.77709e-21)
(0.761991 -0.207739 -4.80159e-21)
(0.776816 -0.167652 9.55361e-22)
(0.803065 -0.122744 1.30544e-22)
(0.839194 -0.0796053 -6.73176e-23)
(0.879408 -0.0438101 1.3253e-23)
(0.916816 -0.0182863 1.06854e-23)
(0.946763 -0.00286904 6.65749e-23)
(0.967953 0.00467744 9.53993e-24)
(0.981559 0.00719381 4.09933e-23)
(0.989696 0.0070212 3.94713e-24)
(0.994318 0.00578982 -5.87627e-25)
(0.996923 0.00421165 -3.41944e-25)
(0.998246 0.00305565 -2.47036e-25)
(0.999148 0.00152349 -4.90292e-25)
(0.714564 -0.157492 -9.02966e-21)
(0.750258 -0.187978 5.2401e-20)
(0.793748 -0.217005 -1.58399e-20)
(0.809785 -0.241474 -1.84757e-20)
(0.812648 -0.250662 1.62735e-21)
(0.808054 -0.239957 3.15589e-21)
(0.804956 -0.212719 -2.67779e-21)
(0.809979 -0.174022 1.60148e-22)
(0.826955 -0.129963 -4.61567e-22)
(0.854947 -0.0867541 -3.59505e-22)
(0.88879 -0.0499676 7.82635e-23)
(0.921813 -0.0229227 -9.51166e-23)
(0.949105 -0.00595874 3.85885e-23)
(0.96888 0.00282366 -4.37957e-25)
(0.981822 0.00617121 -4.08125e-23)
(0.989693 0.00649009 3.39611e-24)
(0.994232 0.00552184 2.85069e-24)
(0.996829 0.00407858 5.6976e-28)
(0.998164 0.00298495 -3.28525e-25)
(0.999093 0.00149551 -1.82425e-25)
(0.844378 -0.17235 -5.87179e-21)
(0.860677 -0.193176 5.4095e-20)
(0.880904 -0.217662 -6.27332e-21)
(0.8813 -0.240455 -1.95408e-20)
(0.871841 -0.250107 1.26049e-20)
(0.85719 -0.241047 1.45266e-20)
(0.844943 -0.215761 -6.43716e-21)
(0.841236 -0.178864 4.89864e-21)
(0.849852 -0.136013 -1.71435e-21)
(0.870354 -0.0930741 1.96156e-22)
(0.898177 -0.0555934 -1.3056e-22)
(0.926939 -0.0272521 7.63847e-23)
(0.951578 -0.00888735 9.58779e-23)
(0.969898 0.00104729 -4.67142e-23)
(0.98214 0.0051827 -1.93655e-24)
(0.98972 0.00597248 3.02629e-24)
(0.994162 0.00525828 -8.08814e-25)
(0.996742 0.00394628 -8.70934e-26)
(0.998085 0.00291348 1.16929e-25)
(0.99904 0.00146672 8.67879e-26)
(1.01648 -0.167477 0)
(0.993672 -0.180942 0)
(0.984072 -0.205454 0)
(0.965815 -0.227831 0)
(0.942421 -0.239195 0)
(0.916506 -0.233645 0)
(0.893909 -0.212568 0)
(0.880148 -0.17973 0)
(0.878934 -0.140035 0)
(0.890397 -0.0988053 0)
(0.910733 -0.0614865 0)
(0.934008 -0.0321947 0)
(0.955105 -0.0124423 0)
(0.97141 -0.0012197 0)
(0.982645 0.00386343 0)
(0.989791 0.00525278 0)
(0.994079 0.00487847 0)
(0.996627 0.00375102 0)
(0.997978 0.00280709 0)
(0.998967 0.00142361 0)
(1.1963 -0.13418 0)
(1.14971 -0.160449 0)
(1.11147 -0.191294 0)
(1.07213 -0.21511 0)
(1.03203 -0.226254 0)
(0.99237 -0.22176 0)
(0.957361 -0.203334 0)
(0.931554 -0.174362 0)
(0.91826 -0.138788 0)
(0.918144 -0.100867 0)
(0.928488 -0.0653406 0)
(0.944202 -0.0363357 0)
(0.960299 -0.0159157 0)
(0.973705 -0.00370767 0)
(0.983463 0.00226603 0)
(0.989955 0.00430322 0)
(0.993998 0.00433938 0)
(0.996486 0.0034592 0)
(0.99784 0.00264426 0)
(0.998872 0.00135549 0)
(1.31951 -0.0940874 0)
(1.26678 -0.131251 0)
(1.21523 -0.166979 0)
(1.16403 -0.193335 0)
(1.11292 -0.206136 0)
(1.06316 -0.204192 0)
(1.01844 -0.189435 0)
(0.982684 -0.165002 0)
(0.958754 -0.134159 0)
(0.947716 -0.100288 0)
(0.948025 -0.0673999 0)
(0.955755 -0.0394578 0)
(0.966366 -0.0189327 0)
(0.976491 -0.00606323 0)
(0.984524 0.000655892 0)
(0.990221 0.00329724 0)
(0.993953 0.00374407 0)
(0.99635 0.00312539 0)
(0.997695 0.00245151 0)
(0.998768 0.00127253 0)
(1.37333 -0.0565982 0)
(1.3285 -0.099171 0)
(1.2776 -0.135734 0)
(1.22541 -0.163118 0)
(1.17196 -0.178139 0)
(1.11875 -0.179855 0)
(1.06948 -0.169854 0)
(1.02785 -0.150835 0)
(0.996484 -0.125488 0)
(0.976718 -0.096496 0)
(0.968138 -0.0671738 0)
(0.968205 -0.0411836 0)
(0.973207 -0.0212413 0)
(0.979794 -0.00814024 0)
(0.985877 -0.00089311 0)
(0.99063 0.00226693 0)
(0.993964 0.00310365 0)
(0.996228 0.00275133 0)
(0.99755 0.00222664 0)
(0.998658 0.00117267 0)
(1.37044 -0.0282219 0)
(1.33938 -0.0702124 0)
(1.29735 -0.104257 0)
(1.25168 -0.130165 0)
(1.2032 -0.146115 0)
(1.15319 -0.150997 0)
(1.10504 -0.145663 0)
(1.06233 -0.132125 0)
(1.02759 -0.112497 0)
(1.00238 -0.0888836 0)
(0.987157 -0.0639456 0)
(0.980746 -0.0408772 0)
(0.980536 -0.0223882 0)
(0.983569 -0.0096707 0)
(0.987551 -0.00224812 0)
(0.991216 0.00126641 0)
(0.994057 0.0024341 0)
(0.996137 0.00233796 0)
(0.99741 0.00196592 0)
(0.998543 0.0010528 0)
(1.33628 -0.0100814 0)
(1.31772 -0.0466222 0)
(1.28683 -0.0760401 0)
(1.25057 -0.0986042 0)
(1.21054 -0.113752 0)
(1.16769 -0.120497 0)
(1.12466 -0.118948 0)
(1.08464 -0.110281 0)
(1.05009 -0.0960101 0)
(1.02273 -0.0777658 0)
(1.00356 -0.0576385 0)
(0.992451 -0.038252 0)
(0.987917 -0.0220545 0)
(0.987669 -0.0104077 0)
(0.989528 -0.00325783 0)
(0.991998 0.000371713 0)
(0.994253 0.00176595 0)
(0.99609 0.00189352 0)
(0.997286 0.00166852 0)
(0.998427 0.000910778 0)
(1.29175 0.000194546 0)
(1.28198 -0.0283004 0)
(1.26127 -0.0519178 0)
(1.23439 -0.0702538 0)
(1.2032 -0.0833222 0)
(1.16854 -0.0905245 0)
(1.13223 -0.0915308 0)
(1.09682 -0.086764 0)
(1.06463 -0.0771459 0)
(1.03745 -0.0638927 0)
(1.01661 -0.0486124 0)
(1.00261 -0.0333391 0)
(0.994875 -0.0200856 0)
(0.991851 -0.0101545 0)
(0.991712 -0.00376649 0)
(0.992953 -0.000322931 0)
(0.994554 0.00114452 0)
(0.996097 0.0014345 0)
(0.997186 0.00133745 0)
(0.998315 0.000745849 0)
(1.24895 0.00460389 0)
(1.24467 -0.0151425 0)
(1.23198 -0.0322492 0)
(1.21324 -0.0458591 0)
(1.18985 -0.0559869 0)
(1.16263 -0.0623572 0)
(1.13285 -0.0645548 0)
(1.10241 -0.0625271 0)
(1.07336 -0.0566984 0)
(1.04752 -0.0478886 0)
(1.02641 -0.0372621 0)
(1.01089 -0.026277 0)
(1.00098 -0.0164212 0)
(0.995791 -0.0087619 0)
(0.993918 -0.0036283 0)
(0.993996 -0.000716818 0)
(0.994933 0.000623646 0)
(0.996154 0.000983133 0)
(0.997115 0.000978761 0)
(0.998214 0.000558527 0)
(1.21463 0.00474974 0)
(1.21349 -0.00669812 0)
(1.20639 -0.017017 0)
(1.19384 -0.0254721 0)
(1.17652 -0.0319712 0)
(1.15513 -0.0363953 0)
(1.13061 -0.0384504 0)
(1.10441 -0.0379434 0)
(1.07828 -0.0349888 0)
(1.05403 -0.0300368 0)
(1.03326 -0.0237992 0)
(1.01706 -0.0171605 0)
(1.0058 -0.0110362 0)
(0.999073 -0.00613164 0)
(0.995856 -0.00273231 0)
(0.994968 -0.000725318 0)
(0.995321 0.000252287 0)
(0.99624 0.000561159 0)
(0.997075 0.000599185 0)
(0.998132 0.000349835 0)
(1.19409 0.00195891 0)
(1.19446 -0.00178134 0)
(1.19038 -0.00522643 0)
(1.18141 -0.00810324 0)
(1.16769 -0.0103543 0)
(1.14974 -0.0119437 0)
(1.12837 -0.0127708 0)
(1.10479 -0.0127447 0)
(1.08057 -0.0118743 0)
(1.05744 -0.0102981 0)
(1.03706 -0.0082546 0)
(1.02063 -0.0060385 0)
(1.00871 -0.00395618 0)
(1.00113 -0.00225465 0)
(0.997114 -0.00104863 0)
(0.995626 -0.000317625 0)
(0.995598 5.10898e-05 0)
(0.996314 0.000178014 0)
(0.99706 0.000201497 0)
(0.998083 0.000119776 0)
(1.49365 0.226444 3.30705e-21)
(1.49499 0.179761 -3.59283e-21)
(1.48611 0.131026 -3.89003e-20)
(1.46585 0.0810769 -6.77495e-21)
(1.43321 0.0310376 2.56518e-20)
(1.38766 -0.0175409 2.69325e-20)
(1.32941 -0.0624917 7.45556e-20)
(1.26022 -0.100758 -4.67839e-20)
(1.18455 -0.127873 6.18709e-21)
(1.08365 -0.138781 -3.06223e-20)
(1.45655 0.206644 -7.01132e-22)
(1.46574 0.174614 -9.42432e-21)
(1.46932 0.140945 2.78083e-20)
(1.46645 0.105828 2.36949e-20)
(1.45623 0.0695275 3.22989e-20)
(1.43776 0.0324476 5.41593e-20)
(1.41018 -0.00480232 2.98431e-20)
(1.37261 -0.0412704 -9.01095e-21)
(1.32672 -0.0756317 -6.21732e-20)
(1.25179 -0.107321 7.58574e-20)
(1.41021 0.181286 1.7193e-21)
(1.42199 0.158781 -3.03164e-21)
(1.43118 0.135376 1.01124e-20)
(1.43725 0.110969 9.37896e-22)
(1.43949 0.0854077 -5.67214e-21)
(1.43697 0.0585372 -4.6339e-20)
(1.42867 0.0302624 2.17095e-20)
(1.41328 0.000666069 -1.83464e-20)
(1.39227 -0.029759 8.60948e-20)
(1.35164 -0.062548 6.2165e-20)
(1.36373 0.153415 4.57174e-21)
(1.37457 0.137069 2.41848e-21)
(1.38427 0.120255 -4.18299e-21)
(1.39261 0.102887 -1.70182e-20)
(1.39929 0.0848443 2.96404e-21)
(1.40389 0.0659865 6.86882e-21)
(1.40593 0.0461777 -1.99709e-20)
(1.40466 0.0252994 2.38508e-21)
(1.40055 0.00341043 -4.17483e-20)
(1.38634 -0.0218872 -5.862e-20)
(1.31984 0.126327 -2.29358e-21)
(1.32895 0.114387 4.78589e-22)
(1.33751 0.102219 1.91869e-21)
(1.3455 0.0898006 1.03032e-20)
(1.35285 0.0770855 1.17034e-22)
(1.35943 0.0640007 -1.31163e-20)
(1.36504 0.0504426 -2.74954e-21)
(1.36933 0.0362712 2.06031e-20)
(1.37228 0.0213913 1.27829e-21)
(1.37153 0.00409425 1.90284e-20)
(1.279 0.100664 -3.6681e-22)
(1.28644 0.0920981 -9.57367e-22)
(1.29355 0.0833984 -1.15284e-21)
(1.30034 0.0745579 5.13385e-21)
(1.30679 0.0655595 4.24054e-21)
(1.31288 0.0563749 1.07047e-20)
(1.31856 0.0469634 2.10535e-20)
(1.32374 0.0372708 -2.89773e-20)
(1.32839 0.0272329 2.42334e-20)
(1.33214 0.0159492 -6.84758e-21)
(1.24177 0.0765165 1.45921e-21)
(1.24775 0.0705866 -3.25967e-22)
(1.25349 0.0645723 -2.35077e-21)
(1.25898 0.0584717 -4.79302e-21)
(1.26423 0.0522799 -1.88414e-20)
(1.26923 0.0459893 4.42053e-21)
(1.27398 0.0395887 -9.04369e-21)
(1.27847 0.0330621 5.88164e-21)
(1.28268 0.0263726 -1.50258e-21)
(1.2867 0.0191046 -8.66626e-21)
(1.20957 0.053838 -2.95822e-22)
(1.21437 0.0500004 -2.49359e-21)
(1.21894 0.0461136 1.03989e-21)
(1.22329 0.0421761 -1.36552e-21)
(1.2274 0.0381853 -4.43513e-22)
(1.23129 0.0341377 -2.72788e-21)
(1.23495 0.0300287 -7.64141e-22)
(1.23838 0.0258529 -3.95822e-21)
(1.24158 0.0215929 4.74925e-21)
(1.24464 0.01708 -3.56189e-21)
(1.18441 0.0322639 4.68635e-22)
(1.18834 0.030122 -9.55406e-22)
(1.19204 0.0279535 2.11116e-21)
(1.1955 0.0257568 -5.53677e-21)
(1.19873 0.0235299 4.1608e-21)
(1.20171 0.0212704 4.84766e-22)
(1.20446 0.0189761 -1.01692e-21)
(1.20696 0.0166441 1.72108e-21)
(1.20923 0.0142681 -1.14161e-21)
(1.21129 0.0117904 2.72253e-22)
(1.1694 0.0107072 -6.23037e-22)
(1.1728 0.0100403 6.21761e-22)
(1.17597 0.00936616 7.86999e-22)
(1.17891 0.00868221 -6.24738e-22)
(1.1816 0.00798608 -4.31253e-21)
(1.18405 0.00727554 1.06142e-21)
(1.18625 0.00654849 6.68048e-22)
(1.18821 0.00580351 2.82156e-21)
(1.18992 0.00503854 -6.9522e-21)
(1.19138 0.00424151 -2.20959e-21)
(1.14179 0.473747 6.3318e-21)
(1.19351 0.471372 -3.79666e-21)
(1.24284 0.464283 1.22868e-20)
(1.28877 0.451531 -2.80034e-20)
(1.33224 0.433154 -2.13382e-20)
(1.37256 0.409562 -9.94541e-21)
(1.40871 0.38113 1.0008e-20)
(1.43981 0.348205 3.4508e-20)
(1.46498 0.311163 3.29659e-21)
(1.48328 0.270421 -6.10454e-21)
(1.17015 0.408429 -1.17199e-20)
(1.21143 0.399801 1.3552e-20)
(1.24977 0.388209 4.45072e-21)
(1.2845 0.373894 -1.24069e-20)
(1.31727 0.35695 -3.42306e-20)
(1.34814 0.337482 1.00076e-20)
(1.37653 0.315628 -1.52041e-20)
(1.40197 0.291503 -2.52337e-20)
(1.42408 0.265216 5.60033e-21)
(1.44245 0.236888 2.43611e-21)
(1.19162 0.343727 -1.45624e-20)
(1.22268 0.334939 -2.44439e-20)
(1.25035 0.323818 1.72318e-21)
(1.27542 0.310776 2.62153e-20)
(1.29917 0.296094 3.0145e-20)
(1.32176 0.279897 -2.48803e-20)
(1.34292 0.26233 9.59518e-21)
(1.36243 0.243555 -7.27604e-21)
(1.38023 0.223719 -3.39733e-21)
(1.39621 0.202937 7.66751e-22)
(1.20137 0.283519 1.38538e-20)
(1.22411 0.274924 1.55554e-20)
(1.24341 0.26482 -1.01336e-21)
(1.26119 0.253524 -1.76557e-20)
(1.27838 0.241273 -5.07054e-21)
(1.29493 0.228179 -6.07982e-22)
(1.31059 0.214337 1.35889e-20)
(1.32529 0.199855 8.27249e-22)
(1.33905 0.184829 -1.86795e-21)
(1.35187 0.169335 -2.68931e-21)
(1.19905 0.227727 -9.75136e-21)
(1.21529 0.219936 4.95595e-21)
(1.22874 0.211329 -1.14029e-20)
(1.24141 0.202124 -4.09662e-21)
(1.254 0.192412 4.43563e-22)
(1.26632 0.182245 7.03915e-21)
(1.27812 0.171674 -7.51442e-21)
(1.28936 0.160752 4.45436e-21)
(1.30005 0.149529 -3.49691e-21)
(1.31021 0.138044 2.2861e-21)
(1.18766 0.176143 -4.70281e-23)
(1.1992 0.169793 -6.86483e-21)
(1.20887 0.163046 7.38441e-21)
(1.21821 0.15603 2.34005e-21)
(1.22764 0.148755 1.71488e-21)
(1.23698 0.141227 -4.01533e-21)
(1.24604 0.13347 2.26802e-21)
(1.25476 0.125514 -8.80546e-21)
(1.26316 0.117382 4.1616e-21)
(1.27124 0.109094 -7.76324e-22)
(1.171 0.129802 4.20089e-21)
(1.17941 0.125125 3.17845e-21)
(1.18673 0.120247 -3.18544e-21)
(1.19393 0.115237 3.45168e-21)
(1.20122 0.110082 -1.29688e-21)
(1.20848 0.104777 6.48375e-21)
(1.21556 0.0993377 8.39723e-22)
(1.22244 0.0937802 -8.38695e-22)
(1.22911 0.0881183 -1.39475e-21)
(1.23556 0.0823614 1.09405e-21)
(1.15264 0.0887985 -7.98626e-22)
(1.15913 0.0856679 7.19527e-22)
(1.16506 0.0824288 2.75544e-21)
(1.17091 0.0791154 -3.94898e-21)
(1.17681 0.0757182 6.55603e-21)
(1.18266 0.0722354 -1.42683e-21)
(1.18839 0.0686756 -2.09377e-21)
(1.19395 0.0650494 4.39019e-21)
(1.19935 0.0613647 -1.20661e-21)
(1.20456 0.0576264 1.31991e-22)
(1.13613 0.0520146 1.39844e-21)
(1.14157 0.0502155 -1.49907e-21)
(1.14673 0.0483643 -1.3652e-21)
(1.15181 0.0464769 -5.74947e-22)
(1.15687 0.0445486 1.01628e-21)
(1.16184 0.0425793 1.53771e-21)
(1.1667 0.0405735 -4.21597e-21)
(1.1714 0.0385364 2.68187e-21)
(1.17593 0.0364714 -1.20016e-21)
(1.18027 0.0343802 -9.62556e-24)
(1.12547 0.0171841 -8.71312e-22)
(1.13053 0.0165666 -1.70024e-21)
(1.13539 0.0159344 -4.14059e-21)
(1.14013 0.0152947 -4.82105e-22)
(1.14478 0.0146482 3.81286e-21)
(1.14931 0.0139964 -1.55808e-21)
(1.1537 0.0133415 2.78224e-22)
(1.15791 0.0126853 5.34873e-22)
(1.16194 0.012028 4.72589e-22)
(1.16578 0.0113691 -5.58014e-22)
(0.999971 0.00848486 0)
(0.998608 0.0258075 0)
(0.99645 0.0446104 0)
(0.992383 0.0661762 0)
(0.988788 0.0919506 0)
(0.982227 0.125584 0)
(0.981372 0.167557 0)
(0.97724 0.232798 0)
(1.00174 0.304919 0)
(1.04249 0.46995 0)
(1.00001 0.00870336 0)
(0.999231 0.0264453 0)
(0.998173 0.0455863 0)
(0.995927 0.0674114 0)
(0.995089 0.0930811 0)
(0.992604 0.126237 0)
(0.998109 0.165623 0)
(1.0025 0.227311 0)
(1.04051 0.282714 0)
(1.08508 0.423902 0)
(1.00005 0.00880168 0)
(0.99989 0.0267229 0)
(1.00005 0.045911 0)
(0.999881 0.0676434 0)
(1.0019 0.092595 0)
(1.00385 0.124455 0)
(1.01457 0.15958 0)
(1.02709 0.21505 0)
(1.06839 0.252335 0)
(1.12018 0.361352 0)
(1.00008 0.00871612 0)
(1.00059 0.0264608 0)
(1.002 0.0452813 0)
(1.00405 0.0664145 0)
(1.00877 0.0899481 0)
(1.01518 0.119608 0)
(1.0294 0.14957 0)
(1.04893 0.197227 0)
(1.08769 0.221006 0)
(1.144 0.301688 0)
(1.00011 0.00836831 0)
(1.0013 0.0254034 0)
(1.0039 0.0432579 0)
(1.00808 0.0630893 0)
(1.0151 0.0843857 0)
(1.0254 0.110796 0)
(1.04166 0.135199 0)
(1.06589 0.173862 0)
(1.10071 0.188936 0)
(1.15543 0.244903 0)
(1.00013 0.00769215 0)
(1.00193 0.0233403 0)
(1.00557 0.039521 0)
(1.01155 0.0572386 0)
(1.02035 0.0755688 0)
(1.03334 0.0977236 0)
(1.05064 0.116772 0)
(1.07646 0.145773 0)
(1.10747 0.155486 0)
(1.15569 0.190668 0)
(1.00016 0.00664238 0)
(1.00241 0.0201324 0)
(1.00686 0.0338977 0)
(1.01405 0.0486884 0)
(1.02404 0.0635136 0)
(1.03828 0.0807152 0)
(1.05583 0.0948992 0)
(1.08059 0.114692 0)
(1.10785 0.120947 0)
(1.14761 0.140788 0)
(1.00018 0.00520205 0)
(1.00271 0.0157374 0)
(1.00764 0.0263664 0)
(1.01544 0.0375344 0)
(1.02599 0.0484698 0)
(1.04028 0.0605208 0)
(1.05732 0.0702821 0)
(1.07958 0.0824336 0)
(1.10331 0.0862214 0)
(1.13486 0.0962498 0)
(1.00019 0.00337835 0)
(1.00283 0.0101994 0)
(1.00796 0.0170232 0)
(1.01587 0.0240427 0)
(1.02644 0.0308041 0)
(1.04012 0.0379013 0)
(1.05621 0.0436006 0)
(1.0758 0.0499826 0)
(1.09662 0.0519356 0)
(1.12162 0.0563031 0)
(1.00019 0.00118634 0)
(1.00285 0.00357694 0)
(1.00799 0.00595752 0)
(1.0158 0.00837406 0)
(1.02618 0.0106796 0)
(1.03924 0.0130276 0)
(1.05451 0.0149002 0)
(1.07228 0.0168672 0)
(1.09133 0.0174402 0)
(1.11246 0.0186287 0)
(0.999884 0.00457923 -4.61161e-22)
(0.996936 0.0137904 7.81644e-22)
(0.991063 0.023388 -1.06239e-21)
(0.980996 0.0337839 1.35105e-21)
(0.967019 0.0452634 7.14241e-23)
(0.945751 0.0586193 7.00623e-22)
(0.916636 0.0747092 -2.09892e-22)
(0.872669 0.0946413 -1.28153e-21)
(0.807852 0.123144 3.41807e-21)
(0.704983 0.158437 -1.21534e-21)
(0.999876 0.00500404 1.00579e-21)
(0.997003 0.0151072 -2.94218e-21)
(0.991339 0.0257247 5.62294e-22)
(0.981611 0.0374434 -6.48063e-21)
(0.968193 0.0505741 2.60813e-21)
(0.947757 0.0665182 1.02186e-21)
(0.919921 0.0859794 -1.30496e-20)
(0.878203 0.112107 5.06426e-21)
(0.816407 0.149621 -5.64898e-21)
(0.721183 0.203675 1.33308e-20)
(0.999868 0.00542371 -1.43437e-21)
(0.997077 0.0164098 8.89385e-21)
(0.991651 0.0280341 -4.35455e-21)
(0.982303 0.0410501 -1.22897e-21)
(0.969542 0.0557953 -3.88096e-21)
(0.950058 0.0742696 -6.77e-21)
(0.923824 0.0969593 8.88339e-21)
(0.884844 0.129142 1.24509e-20)
(0.82711 0.175092 -2.96489e-20)
(0.742412 0.246928 1.32317e-20)
(0.999861 0.00583742 5.05094e-21)
(0.997162 0.0176945 -9.61361e-21)
(0.992 0.0303098 6.11195e-21)
(0.983073 0.0445903 1.17185e-20)
(0.971068 0.0609106 -3.86791e-21)
(0.952649 0.0818365 1.09248e-20)
(0.928348 0.107592 -1.07922e-20)
(0.892539 0.145646 -9.48368e-21)
(0.839972 0.199259 7.05363e-21)
(0.768538 0.287592 1.33107e-20)
(0.999856 0.0062443 -1.25554e-21)
(0.99726 0.018957 1.06849e-21)
(0.99239 0.0325451 -2.09797e-21)
(0.983929 0.0480495 -2.67393e-21)
(0.972772 0.0659043 -5.65535e-21)
(0.955531 0.0891806 -8.60097e-21)
(0.933499 0.117832 1.13962e-20)
(0.901226 0.161519 -5.28721e-21)
(0.855032 0.221821 -7.78796e-21)
(0.79936 0.325153 8.77124e-21)
(0.999855 0.00664333 2.91089e-23)
(0.997374 0.0201925 4.58017e-21)
(0.992824 0.0347314 1.09249e-22)
(0.984879 0.0514113 -2.35494e-21)
(0.974661 0.0707575 -1.19287e-20)
(0.958712 0.0962573 2.83837e-20)
(0.939282 0.127636 -1.59073e-20)
(0.910849 0.17664 6.61017e-21)
(0.872371 0.242473 9.51722e-21)
(0.834578 0.359221 -3.27047e-20)
(0.999858 0.00703364 -7.17474e-21)
(0.997509 0.0213973 -2.57441e-21)
(0.99331 0.0368626 -4.29096e-21)
(0.985932 0.0546654 -2.75208e-21)
(0.976741 0.0754602 -8.30744e-21)
(0.962208 0.103035 1.26956e-20)
(0.945703 0.136988 -9.54869e-21)
(0.921368 0.190887 -6.56342e-21)
(0.892108 0.260973 -3.31834e-20)
(0.873729 0.389646 5.10235e-20)
(0.999867 0.00741592 5.36539e-21)
(0.997671 0.0225757 5.2e-21)
(0.993857 0.0389521 4.99861e-21)
(0.987106 0.0578378 7.15108e-21)
(0.979027 0.0800623 6.4306e-22)
(0.966049 0.109576 -1.54502e-20)
(0.952772 0.146015 7.8917e-21)
(0.932787 0.204275 4.18669e-20)
(0.914391 0.277351 -7.85169e-21)
(0.916028 0.41671 5.42423e-21)
(0.999884 0.00779067 -2.06124e-21)
(0.997874 0.0237328 4.59259e-21)
(0.994487 0.0410175 4.99395e-21)
(0.988431 0.0609676 8.85612e-22)
(0.981557 0.084636 5.99359e-21)
(0.970295 0.115991 -1.88452e-20)
(0.960524 0.154914 2.53725e-20)
(0.945177 0.21683 -3.07129e-20)
(0.939325 0.291757 -3.60221e-21)
(0.960041 0.440098 9.62721e-21)
(0.999915 0.00813656 3.10779e-21)
(0.998142 0.0247876 -1.05422e-21)
(0.995233 0.0428909 -1.63241e-21)
(0.989956 0.0637734 -1.3857e-20)
(0.984393 0.0887168 2.14258e-21)
(0.975038 0.121589 1.35242e-20)
(0.969025 0.16264 1.14492e-20)
(0.958643 0.227002 -4.13419e-20)
(0.966674 0.302249 1.08981e-20)
(1.00313 0.455838 1.57448e-20)
(0.99986 0.000268625 -4.68659e-22)
(0.996673 0.000724732 -2.70646e-22)
(0.990422 8.6321e-05 -2.18884e-21)
(0.979829 -0.00243767 1.05599e-20)
(0.965996 -0.00815983 1.30287e-21)
(0.944973 -0.0198162 -1.14536e-20)
(0.921291 -0.0394976 -2.44341e-20)
(0.884822 -0.0782469 6.54841e-20)
(0.854396 -0.135278 -6.60708e-21)
(0.817185 -0.260725 -5.88145e-20)
(0.999866 0.00068606 -8.75995e-22)
(0.99662 0.00195414 -2.18779e-21)
(0.990205 0.00226897 -4.0997e-21)
(0.979309 0.000900632 7.33486e-21)
(0.96488 -0.00318323 -1.33988e-20)
(0.942865 -0.0126818 1.66197e-20)
(0.916918 -0.0289544 -4.39015e-20)
(0.877059 -0.0632365 4.06829e-20)
(0.836459 -0.113903 6.99507e-22)
(0.78691 -0.230106 -1.23689e-20)
(0.999874 0.00111228 4.497e-21)
(0.996607 0.00322541 1.06931e-20)
(0.990102 0.00455142 -6.70182e-21)
(0.979028 0.00442719 1.48754e-21)
(0.96419 0.00210493 -4.4504e-22)
(0.941492 -0.00500848 2.48841e-20)
(0.913765 -0.0175833 2.1018e-20)
(0.871257 -0.0465745 -3.80797e-20)
(0.822246 -0.0899165 1.31643e-20)
(0.759082 -0.194433 -7.26371e-21)
(0.999883 0.00154175 -6.14212e-21)
(0.996618 0.00451173 -1.05604e-20)
(0.990076 0.00685025 -3.87097e-21)
(0.978918 0.00797102 1.6291e-21)
(0.963814 0.0073705 1.27944e-20)
(0.940683 0.00263141 -2.11025e-20)
(0.911583 -0.00638041 -1.00337e-20)
(0.867036 -0.0298812 -1.08272e-20)
(0.811357 -0.0656422 4.5402e-20)
(0.735138 -0.156669 -9.48432e-20)
(0.99989 0.00197464 2.38817e-21)
(0.996643 0.00581463 -2.24373e-21)
(0.990105 0.00917572 1.17816e-20)
(0.978937 0.0115656 -3.82096e-23)
(0.963688 0.012688 1.11472e-20)
(0.940331 0.0103855 -3.20902e-20)
(0.910227 0.00492867 2.91122e-20)
(0.864179 -0.0127906 7.31043e-21)
(0.803445 -0.0403958 -1.25976e-20)
(0.715743 -0.116336 5.09522e-20)
(0.999895 0.00241002 -2.45018e-21)
(0.996678 0.00713247 -5.00084e-22)
(0.990177 0.0115288 -2.69804e-21)
(0.979066 0.0152201 -1.08018e-20)
(0.963778 0.018083 9.48032e-21)
(0.940381 0.0183039 8.82392e-21)
(0.909625 0.016451 -4.49238e-21)
(0.86259 0.00479005 -2.37251e-20)
(0.798247 -0.0140602 9.565e-21)
(0.701194 -0.0734878 -1.62191e-20)
(0.999898 0.00284649 2.43392e-21)
(0.99672 0.00846065 -5.31837e-21)
(0.990288 0.0138999 1.26179e-21)
(0.979289 0.0189173 3.10717e-21)
(0.964067 0.0235281 1.57903e-20)
(0.940799 0.0263374 -6.30707e-22)
(0.909729 0.0281186 4.07909e-21)
(0.862221 0.0226954 1.25031e-20)
(0.795566 0.0130541 -3.1892e-22)
(0.691657 -0.0286267 -4.45059e-21)
(0.999898 0.00328275 -1.75545e-21)
(0.996767 0.00979459 6.01768e-21)
(0.990432 0.0162791 1.05122e-21)
(0.979599 0.0226381 -7.12403e-21)
(0.96454 0.0289925 -1.45196e-21)
(0.941559 0.0344294 -5.87888e-21)
(0.910502 0.0398486 -7.02925e-21)
(0.863052 0.0407594 8.54047e-21)
(0.795263 0.0406215 2.7808e-20)
(0.687232 0.0176541 -2.25146e-20)
(0.999896 0.00371764 6.51623e-22)
(0.996819 0.0111302 -2.9631e-21)
(0.99061 0.0186584 1.25317e-21)
(0.979989 0.0263662 -8.62786e-22)
(0.965192 0.0344512 -1.1255e-20)
(0.942644 0.0425345 2.20857e-21)
(0.911921 0.0515707 7.48138e-21)
(0.865075 0.0588511 -1.40944e-20)
(0.797246 0.0683503 7.18997e-21)
(0.687975 0.0647174 -1.6701e-20)
(0.999891 0.00415013 -6.6356e-22)
(0.996875 0.0124634 3.12706e-22)
(0.99082 0.0210303 -1.51125e-22)
(0.980455 0.0300865 1.02567e-21)
(0.966019 0.039882 1.15591e-21)
(0.944044 0.0506111 -6.97745e-22)
(0.913968 0.063215 1.20543e-22)
(0.868285 0.0768507 2.94774e-21)
(0.801456 0.0959542 -3.61914e-21)
(0.693898 0.11188 3.60953e-21)
(1.00011 -0.000684601 0)
(1.00169 -0.00208509 0)
(1.00476 -0.00356019 0)
(1.00948 -0.00520131 0)
(1.01599 -0.00696475 0)
(1.02455 -0.00901835 0)
(1.03526 -0.0110136 0)
(1.04846 -0.0134618 0)
(1.064 -0.0150864 0)
(1.08213 -0.0177717 0)
(1.0001 -0.00187217 0)
(1.00145 -0.00570751 0)
(1.0041 -0.00977405 0)
(1.00827 -0.0143658 0)
(1.01417 -0.0193768 0)
(1.0222 -0.0253582 0)
(1.03255 -0.0312662 0)
(1.04585 -0.0387565 0)
(1.06195 -0.0438351 0)
(1.08165 -0.0524409 0)
(1.00007 -0.00267045 0)
(1.001 -0.00816087 0)
(1.00289 -0.0140664 0)
(1.00598 -0.0209147 0)
(1.01064 -0.0286071 0)
(1.01738 -0.0381713 0)
(1.02678 -0.0478966 0)
(1.03962 -0.0609164 0)
(1.05644 -0.069965 0)
(1.07808 -0.0862808 0)
(1.00003 -0.00306022 0)
(1.00039 -0.00937964 0)
(1.00121 -0.0163238 0)
(1.00269 -0.0246518 0)
(1.00545 -0.0343927 0)
(1.00993 -0.0470761 0)
(1.01751 -0.0605533 0)
(1.02863 -0.079667 0)
(1.04592 -0.0935493 0)
(1.06869 -0.12021 0)
(0.999992 -0.00307766 0)
(0.999675 -0.00945897 0)
(0.99923 -0.0166718 0)
(0.998673 -0.0256562 0)
(0.998985 -0.0367164 0)
(1.00015 -0.0517845 0)
(1.00492 -0.0688011 0)
(1.01244 -0.0941435 0)
(1.02952 -0.113973 0)
(1.05138 -0.153926 0)
(0.999953 -0.00279257 0)
(0.99893 -0.0086018 0)
(0.997145 -0.015412 0)
(0.994324 -0.0242705 0)
(0.991832 -0.0358516 0)
(0.98883 -0.0523436 0)
(0.989829 -0.0724099 0)
(0.991549 -0.103445 0)
(1.00731 -0.130443 0)
(1.02503 -0.186183 0)
(0.999919 -0.00229008 0)
(0.998229 -0.00706479 0)
(0.995145 -0.012949 0)
(0.990071 -0.0210247 0)
(0.984642 -0.0323223 0)
(0.977034 -0.0491987 0)
(0.973403 -0.071438 0)
(0.967429 -0.107096 0)
(0.980333 -0.142218 0)
(0.989675 -0.215328 0)
(0.99989 -0.00165477 0)
(0.997623 -0.00510557 0)
(0.993374 -0.00970794 0)
(0.986268 -0.0165073 0)
(0.978007 -0.0267995 0)
(0.965883 -0.0430661 0)
(0.956932 -0.0662659 0)
(0.94229 -0.105184 0)
(0.95004 -0.1489 0)
(0.946856 -0.241145 0)
(0.999869 -0.000962173 0)
(0.997145 -0.00295571 0)
(0.99194 -0.00608835 0)
(0.983173 -0.0113042 0)
(0.972419 -0.020069 0)
(0.95633 -0.0349241 0)
(0.941731 -0.0578823 0)
(0.918458 -0.0985217 0)
(0.917139 -0.150937 0)
(0.899493 -0.26531 0)
(0.999859 -0.000272216 0)
(0.996818 -0.000833999 0)
(0.990916 -0.00250569 0)
(0.980939 -0.00611477 0)
(0.968217 -0.013182 0)
(0.948979 -0.0262932 0)
(0.928982 -0.0481116 0)
(0.897757 -0.0888783 0)
(0.881786 -0.147965 0)
(0.852502 -0.280715 0)
(1.09473 -0.0175834 -2.49248e-21)
(1.09993 -0.0174792 -5.91949e-21)
(1.10519 -0.0173531 -1.03671e-20)
(1.11048 -0.0172155 6.29448e-22)
(1.11582 -0.0170723 4.49626e-21)
(1.1212 -0.0169265 -3.2604e-21)
(1.1266 -0.0167804 -4.08279e-22)
(1.132 -0.0166356 5.5348e-22)
(1.13739 -0.0164932 3.95698e-22)
(1.14275 -0.0163531 -3.99521e-22)
(1.09549 -0.0521615 3.64733e-22)
(1.1012 -0.0519782 -8.68933e-22)
(1.10699 -0.0517243 8.39089e-23)
(1.11281 -0.0514242 -7.82444e-22)
(1.1187 -0.0510914 3.33558e-21)
(1.12469 -0.0507297 1.84669e-21)
(1.13074 -0.0503412 -3.58901e-21)
(1.13682 -0.0499287 1.35109e-21)
(1.14291 -0.0494954 -5.86398e-22)
(1.149 -0.0490438 2.39884e-22)
(1.09435 -0.0862359 -3.1929e-21)
(1.10128 -0.0860802 3.47447e-21)
(1.10828 -0.0857723 -1.37603e-21)
(1.11523 -0.0853633 -7.35787e-22)
(1.12224 -0.0848842 -1.33254e-21)
(1.12937 -0.0843418 7.42922e-22)
(1.1366 -0.083738 -7.42265e-22)
(1.14388 -0.0830779 7.39449e-22)
(1.1512 -0.0823682 -1.19592e-21)
(1.15851 -0.0816145 -1.41532e-22)
(1.08865 -0.121009 -7.04337e-21)
(1.09762 -0.121089 -9.7503e-22)
(1.10664 -0.120881 9.03415e-21)
(1.11538 -0.120484 5.09117e-22)
(1.12411 -0.119959 2.62403e-21)
(1.13297 -0.119315 -5.63419e-21)
(1.14195 -0.118551 -2.0801e-21)
(1.151 -0.117676 -5.26876e-22)
(1.16007 -0.116701 -8.40698e-23)
(1.16914 -0.115636 4.37248e-22)
(1.07624 -0.156627 -4.46185e-21)
(1.08818 -0.157307 1.38456e-20)
(1.1002 -0.157472 -1.50045e-20)
(1.11152 -0.157292 -2.81753e-21)
(1.12264 -0.156884 4.9908e-21)
(1.13389 -0.156264 2.99009e-21)
(1.14527 -0.155426 1.77744e-21)
(1.15668 -0.154384 -2.55751e-22)
(1.16808 -0.15316 -1.00126e-22)
(1.17944 -0.15177 -1.15842e-22)
(1.05558 -0.192505 1.53891e-20)
(1.07152 -0.194411 1.29396e-22)
(1.08769 -0.195424 1.3661e-20)
(1.10249 -0.195831 6.25003e-21)
(1.11677 -0.195831 -4.49718e-21)
(1.13116 -0.195443 -3.92388e-22)
(1.14566 -0.194664 2.61469e-21)
(1.16012 -0.19352 4.43073e-22)
(1.17444 -0.192043 1.32814e-22)
(1.1886 -0.190246 -1.20896e-22)
(1.0259 -0.227603 -4.34815e-20)
(1.04687 -0.231618 -2.14853e-20)
(1.06847 -0.234196 2.93523e-21)
(1.08776 -0.235792 1.40673e-20)
(1.1061 -0.236675 2.4802e-21)
(1.12453 -0.236839 1.14397e-21)
(1.14298 -0.236284 -3.51524e-21)
(1.16115 -0.235051 -4.07111e-22)
(1.17887 -0.233151 2.11504e-22)
(1.19599 -0.230536 6.93566e-23)
(0.987559 -0.26189 4.56408e-20)
(1.0145 -0.268902 4.3561e-20)
(1.04267 -0.273888 -6.90095e-21)
(1.06732 -0.277455 -1.67787e-20)
(1.09069 -0.27974 -1.30198e-20)
(1.11408 -0.280653 4.99348e-21)
(1.13713 -0.280204 7.73755e-22)
(1.15925 -0.278395 7.77909e-22)
(1.18002 -0.275139 -2.01767e-22)
(1.19896 -0.27027 -1.40489e-22)
(0.942778 -0.295253 5.68397e-20)
(0.976337 -0.305437 -3.11077e-20)
(1.01116 -0.313569 -9.49495e-21)
(1.04159 -0.319747 1.03001e-20)
(1.07073 -0.323561 1.52904e-20)
(1.09942 -0.324864 -1.73481e-21)
(1.12664 -0.323626 3.02778e-21)
(1.15139 -0.319693 5.61462e-22)
(1.17278 -0.312823 2.67772e-22)
(1.18974 -0.302754 4.11774e-23)
(0.895508 -0.319497 -9.31068e-20)
(0.934107 -0.334744 -1.31686e-20)
(0.973147 -0.349128 2.61551e-20)
(1.00875 -0.359841 -4.68973e-20)
(1.04306 -0.365751 -7.58909e-21)
(1.07539 -0.366779 -5.21468e-21)
(1.10421 -0.362876 4.60746e-22)
(1.12811 -0.353894 -1.26609e-21)
(1.14561 -0.339721 -9.96819e-22)
(1.15507 -0.320349 1.08018e-21)
(1.14806 -0.0162148 -3.1881e-22)
(1.1533 -0.0160763 2.74883e-22)
(1.15847 -0.0159352 2.66626e-22)
(1.16356 -0.0157887 8.63929e-23)
(1.16854 -0.0156333 -3.05113e-22)
(1.17341 -0.0154653 1.2415e-21)
(1.17815 -0.015281 -2.30933e-22)
(1.18277 -0.0150759 3.12151e-22)
(1.18724 -0.0148436 -5.32002e-22)
(1.19155 -0.0145529 -1.03341e-22)
(1.15505 -0.0485751 7.27535e-24)
(1.16105 -0.0480894 -5.06934e-22)
(1.16699 -0.0475855 1.03175e-21)
(1.17284 -0.0470615 -1.50887e-21)
(1.1786 -0.0465145 -1.24759e-21)
(1.18424 -0.0459407 4.62357e-22)
(1.18975 -0.0453354 -7.38707e-23)
(1.19513 -0.0446922 -1.3316e-22)
(1.20036 -0.0439945 -5.03243e-23)
(1.20544 -0.0431291 -2.22202e-22)
(1.16582 -0.0808211 6.78292e-23)
(1.17309 -0.0799892 -3.18395e-22)
(1.18031 -0.0791188 8.83914e-22)
(1.18746 -0.0782082 -3.98588e-22)
(1.19453 -0.077253 -2.75964e-22)
(1.20149 -0.0762468 -1.58059e-22)
(1.20834 -0.0751797 4.88739e-22)
(1.21504 -0.0740372 -5.6264e-22)
(1.22154 -0.0727832 -2.4141e-22)
(1.22786 -0.0711725 -8.48046e-23)
(1.17819 -0.114489 2.28309e-22)
(1.18722 -0.113263 -2.61434e-22)
(1.1962 -0.111958 -4.97289e-22)
(1.20509 -0.110566 2.27485e-23)
(1.21388 -0.109074 -6.59048e-22)
(1.22252 -0.10746 -1.31141e-22)
(1.23094 -0.105688 -2.60687e-21)
(1.23906 -0.103709 3.18036e-21)
(1.24669 -0.101436 -1.92562e-21)
(1.25357 -0.0984001 -3.8837e-21)
(1.19075 -0.150223 -3.04933e-23)
(1.20198 -0.148515 2.68719e-23)
(1.21307 -0.146626 2.83859e-22)
(1.22395 -0.144519 -3.00942e-22)
(1.23449 -0.14213 4.74797e-22)
(1.24453 -0.139365 -1.01046e-21)
(1.25382 -0.136103 5.25691e-21)
(1.26206 -0.132202 -5.87729e-21)
(1.26884 -0.127473 7.00807e-21)
(1.27248 -0.121114 -2.51338e-21)
(1.20253 -0.188114 -4.26805e-23)
(1.21612 -0.185594 1.76772e-22)
(1.22918 -0.182597 -7.44223e-22)
(1.24142 -0.178982 2.05042e-21)
(1.25246 -0.17456 -4.50485e-21)
(1.26177 -0.169098 -8.5569e-22)
(1.26868 -0.162344 -2.25869e-21)
(1.27249 -0.154051 1.24608e-20)
(1.27254 -0.143957 -4.38158e-21)
(1.26357 -0.131029 1.15812e-20)
(1.21225 -0.2271 1.44181e-22)
(1.22726 -0.222658 2.52298e-22)
(1.24042 -0.21696 -4.12189e-22)
(1.25101 -0.209704 -4.823e-21)
(1.2581 -0.200567 -1.12062e-21)
(1.26064 -0.189261 2.89801e-21)
(1.25755 -0.175598 -8.3585e-21)
(1.2479 -0.159543 4.19314e-21)
(1.23098 -0.141053 -2.56132e-20)
(1.19649 -0.119615 -3.18406e-20)
(1.21538 -0.263552 -5.25463e-23)
(1.22834 -0.254677 8.72814e-22)
(1.23672 -0.243306 2.45937e-21)
(1.23918 -0.229117 -4.80429e-21)
(1.23431 -0.2119 -3.79593e-21)
(1.22073 -0.19166 -2.36106e-20)
(1.19732 -0.168738 4.31845e-21)
(1.16382 -0.143829 -1.14947e-21)
(1.11962 -0.117575 5.03375e-20)
(1.05174 -0.0906408 3.25054e-20)
(1.20098 -0.289245 -4.04738e-22)
(1.20505 -0.272117 -1.49757e-21)
(1.20048 -0.251341 9.47521e-21)
(1.18584 -0.227133 7.17876e-21)
(1.16 -0.20007 1.11677e-20)
(1.1223 -0.171175 2.70456e-20)
(1.07281 -0.141971 1.36444e-20)
(1.01297 -0.114281 -1.27981e-20)
(0.941761 -0.0891556 -3.08695e-20)
(0.846198 -0.0652473 5.33906e-20)
(1.15473 -0.295924 -1.02711e-21)
(1.1429 -0.26687 3.82492e-21)
(1.11816 -0.234005 -1.09443e-20)
(1.07963 -0.198669 -1.07102e-21)
(1.02726 -0.162811 -1.05083e-20)
(0.96208 -0.128972 -1.42711e-20)
(0.886399 -0.10015 -7.0623e-20)
(0.804263 -0.0794303 3.58398e-20)
(0.716793 -0.0687783 -7.87327e-21)
(0.612702 -0.0623867 -8.32963e-20)
(1.20146 -0.0130138 0)
(1.21497 -0.00996902 0)
(1.22571 -0.00649913 0)
(1.23245 -0.0027593 0)
(1.23404 0.00117354 0)
(1.22931 0.00514999 0)
(1.21735 0.00882221 0)
(1.19812 0.0117042 0)
(1.17288 0.0133724 0)
(1.14401 0.0136546 0)
(1.11432 0.012687 0)
(1.08648 0.010826 0)
(1.06244 0.00852924 0)
(1.04319 0.00623844 0)
(1.02882 0.00427119 0)
(1.01867 0.00276201 0)
(1.01188 0.001713 0)
(1.00738 0.00101085 0)
(1.00476 0.000607396 0)
(1.00263 0.000271328 0)
(1.21686 -0.0383632 0)
(1.23123 -0.0290058 0)
(1.24163 -0.0185074 0)
(1.24726 -0.00730585 0)
(1.24717 0.00439956 0)
(1.24019 0.0161788 0)
(1.22537 0.0269807 0)
(1.20291 0.0353175 0)
(1.17454 0.0399241 0)
(1.14305 0.04035 0)
(1.11159 0.0370875 0)
(1.08291 0.0312824 0)
(1.05886 0.0243535 0)
(1.04017 0.0176122 0)
(1.02656 0.0119427 0)
(1.01714 0.00766836 0)
(1.01092 0.00473695 0)
(1.00681 0.00279116 0)
(1.00442 0.00167924 0)
(1.00246 0.000750455 0)
(1.24175 -0.0625379 0)
(1.25691 -0.0461571 0)
(1.26603 -0.02824 0)
(1.26922 -0.00944138 0)
(1.26592 0.00993549 0)
(1.25494 0.0292151 0)
(1.23535 0.0466118 0)
(1.20776 0.0595873 0)
(1.17461 0.0661205 0)
(1.1394 0.0656979 0)
(1.10567 0.0593754 0)
(1.07624 0.0492243 0)
(1.05266 0.037667 0)
(1.03517 0.0268079 0)
(1.02295 0.0179373 0)
(1.01476 0.0114085 0)
(1.00944 0.00701225 0)
(1.00594 0.00412636 0)
(1.0039 0.00248814 0)
(1.00221 0.00111313 0)
(1.26931 -0.0848803 0)
(1.28296 -0.0607013 0)
(1.28815 -0.0348505 0)
(1.28635 -0.00836754 0)
(1.27781 0.0183747 0)
(1.26159 0.0446403 0)
(1.2368 0.067887 0)
(1.20436 0.0844832 0)
(1.1673 0.0917933 0)
(1.12961 0.0894782 0)
(1.09501 0.0793537 0)
(1.06619 0.0645318 0)
(1.04428 0.0484465 0)
(1.02887 0.0338804 0)
(1.01862 0.0223489 0)
(1.01199 0.0140783 0)
(1.00776 0.00861515 0)
(1.00497 0.00506809 0)
(1.00332 0.00306615 0)
(1.00192 0.00137426 0)
(1.2856 -0.101779 0)
(1.29165 -0.069454 0)
(1.28773 -0.0356198 0)
(1.27692 -0.00251355 0)
(1.26133 0.0299394 0)
(1.24067 0.06149 0)
(1.21366 0.089001 0)
(1.18078 0.107854 0)
(1.14473 0.114921 0)
(1.10918 0.110096 0)
(1.0776 0.0959651 0)
(1.05231 0.0766592 0)
(1.03399 0.0565376 0)
(1.02177 0.0389062 0)
(1.01403 0.0253412 0)
(1.00916 0.0158376 0)
(1.00608 0.00966587 0)
(1.004 0.00569296 0)
(1.00274 0.00345973 0)
(1.00163 0.00155471 0)
(1.26383 -0.105994 0)
(1.25385 -0.0660564 0)
(1.23544 -0.0260749 0)
(1.2132 0.00990301 0)
(1.19242 0.0440273 0)
(1.17295 0.0772505 0)
(1.1519 0.106282 0)
(1.12782 0.12581 0)
(1.10165 0.132148 0)
(1.07575 0.125104 0)
(1.05283 0.107723 0)
(1.03487 0.0849214 0)
(1.02233 0.0617938 0)
(1.01436 0.0420109 0)
(1.0095 0.0271175 0)
(1.00648 0.0168665 0)
(1.00451 0.0102913 0)
(1.0031 0.00607842 0)
(1.0022 0.00371474 0)
(1.00135 0.00167477 0)
(1.17145 -0.0909036 0)
(1.14268 -0.0461413 0)
(1.11082 -0.00583473 0)
(1.08178 0.0262366 0)
(1.06431 0.0564506 0)
(1.05648 0.0870692 0)
(1.0525 0.115032 0)
(1.04792 0.134411 0)
(1.04091 0.140573 0)
(1.03194 0.132665 0)
(1.02283 0.113702 0)
(1.01536 0.089053 0)
(1.01024 0.0643227 0)
(1.00714 0.0434386 0)
(1.00529 0.0279162 0)
(1.00406 0.0173431 0)
(1.00312 0.0106064 0)
(1.0023 0.00629169 0)
(1.00172 0.00387004 0)
(1.0011 0.00175141 0)
(0.995591 -0.0593872 0)
(0.959255 -0.0155747 0)
(0.92505 0.0163045 0)
(0.90107 0.038036 0)
(0.898349 0.0603504 0)
(0.91172 0.08592 0)
(0.932918 0.112046 0)
(0.954605 0.131904 0)
(0.972162 0.139453 0)
(0.984121 0.132692 0)
(0.991442 0.114214 0)
(0.995868 0.089539 0)
(0.99869 0.0646135 0)
(1.00051 0.0435844 0)
(1.00154 0.028012 0)
(1.00194 0.0174396 0)
(1.00191 0.0107123 0)
(1.00161 0.00638873 0)
(1.00131 0.00395686 0)
(1.00088 0.00179796 0)
(0.763938 -0.0241059 0)
(0.739094 0.0119028 0)
(0.717143 0.0294982 0)
(0.709305 0.0389757 0)
(0.728138 0.052493 0)
(0.766329 0.0726693 0)
(0.814635 0.0975598 0)
(0.863461 0.119287 0)
(0.90588 0.130135 0)
(0.938734 0.126608 0)
(0.962202 0.110555 0)
(0.978077 0.0874257 0)
(0.988357 0.0634169 0)
(0.994679 0.0429323 0)
(0.998289 0.0276921 0)
(1.00011 0.0173166 0)
(1.00087 0.010696 0)
(1.00102 0.00641549 0)
(1.00095 0.00399983 0)
(1.00068 0.00182474 0)
(0.529127 0.00245784 0)
(0.526491 0.0271678 0)
(0.526093 0.0324611 0)
(0.53826 0.032 0)
(0.578669 0.0374682 0)
(0.639867 0.0526756 0)
(0.712546 0.0767708 0)
(0.785214 0.100972 0)
(0.849172 0.115991 0)
(0.899981 0.11677 0)
(0.937255 0.104238 0)
(0.96289 0.0836027 0)
(0.979525 0.0612138 0)
(0.989695 0.0417276 0)
(0.995508 0.0270792 0)
(0.998555 0.0170373 0)
(0.999976 0.0105922 0)
(1.00051 0.00639189 0)
(1.00064 0.0040114 0)
(1.00052 0.00183759 0)
(0.367516 0.00515327 6.34711e-21)
(0.384446 0.0328325 -3.76749e-20)
(0.401661 0.0331214 3.37433e-21)
(0.427633 0.0271656 1.27571e-20)
(0.482338 0.0276518 -1.15231e-20)
(0.558618 0.0401767 -1.36197e-20)
(0.647171 0.0637023 1.84912e-21)
(0.735142 0.088735 2.01208e-21)
(0.812744 0.105358 -9.59891e-23)
(0.874843 0.108092 -2.87456e-22)
(0.920833 0.0976057 2.66156e-22)
(0.952719 0.078906 -1.32874e-22)
(0.973513 0.0581594 -6.11684e-23)
(0.986258 0.03991 -2.95328e-23)
(0.993574 0.0260893 8.51833e-24)
(0.997465 0.0165449 -2.98487e-23)
(0.999351 0.0103709 1.66303e-23)
(1.00015 0.00630569 -2.54365e-24)
(1.00042 0.00398834 -2.40964e-24)
(1.0004 0.00183551 4.3e-25)
(0.258263 0.000560646 6.26127e-21)
(0.278653 0.0301715 -3.88706e-20)
(0.308299 0.0271002 1.36912e-20)
(0.344948 0.0174747 1.73948e-20)
(0.410871 0.0153804 -5.41756e-22)
(0.498479 0.0270497 -1.35961e-21)
(0.598678 0.0510746 3.09971e-21)
(0.697862 0.0774278 2.05556e-21)
(0.785574 0.0957893 -1.30363e-21)
(0.856129 0.100408 5.20453e-22)
(0.908675 0.0917846 -2.74969e-22)
(0.945256 0.074793 6.92521e-23)
(0.969151 0.055479 -8.29695e-23)
(0.983795 0.0383079 4.57449e-23)
(0.992203 0.0252106 9.90994e-24)
(0.996698 0.0161025 -4.23634e-25)
(0.998914 0.0101668 -2.01511e-24)
(0.999894 0.00622212 7.00697e-24)
(1.00026 0.00396145 -6.21885e-26)
(1.00031 0.00183031 -7.32536e-25)
(0.167133 -0.0075869 -3.10727e-20)
(0.185649 0.0237632 -1.18869e-20)
(0.224296 0.0178695 6.10752e-21)
(0.27001 0.00504383 -6.59592e-22)
(0.345778 0.000760509 1.10626e-20)
(0.442963 0.0119018 -5.86711e-21)
(0.553011 0.0366762 4.66638e-21)
(0.661991 0.0646275 -3.23016e-21)
(0.758958 0.0850411 1.27115e-21)
(0.837571 0.0918633 -2.56863e-24)
(0.89654 0.0853823 9.80107e-23)
(0.937794 0.0703167 8.14387e-23)
(0.964798 0.0525861 -5.85859e-23)
(0.981345 0.0365876 5.73117e-23)
(0.990844 0.0242683 5.26292e-23)
(0.995939 0.0156263 5.50348e-25)
(0.99848 0.00994452 -1.77259e-23)
(0.999643 0.00612877 -1.14483e-23)
(1.00011 0.00392901 5.534e-25)
(1.00023 0.00182278 -1.18749e-24)
(0.0932551 -0.0137611 -1.28625e-20)
(0.10795 0.0161743 -7.91452e-21)
(0.152648 0.00669757 -1.28715e-20)
(0.205702 -0.00952533 -5.03103e-21)
(0.289563 -0.0161304 5.36335e-21)
(0.394177 -0.00555379 1.76354e-22)
(0.511845 0.0200672 -4.879e-21)
(0.628761 0.0499055 3.111e-21)
(0.733723 0.0727943 -6.03022e-22)
(0.819678 0.0822767 -1.14711e-22)
(0.88472 0.0783363 -8.54324e-23)
(0.93049 0.0654866 1.87073e-22)
(0.96053 0.0495188 -1.49058e-22)
(0.978945 0.0347879 -2.80707e-24)
(0.989513 0.0232908 -6.00339e-23)
(0.995195 0.0151334 -1.34033e-24)
(0.998053 0.0097132 1.60056e-23)
(0.999395 0.0060299 1.16129e-23)
(0.999953 0.00389267 -9.09007e-25)
(1.00014 0.00181343 1.33017e-24)
(0.0359035 -0.0172796 1.85089e-20)
(0.0469224 0.00769225 4.35801e-21)
(0.0957104 -0.0063838 -1.50638e-20)
(0.154573 -0.0263153 1.51056e-20)
(0.244574 -0.0352886 1.02063e-20)
(0.35419 -0.0252419 1.08055e-20)
(0.476892 0.00132325 -2.503e-21)
(0.599478 0.0332862 -5.74533e-22)
(0.710776 0.0590221 -4.38354e-23)
(0.803028 0.0715962 -1.1417e-23)
(0.87355 0.0705926 -1.95688e-22)
(0.923522 0.0602595 2.5176e-22)
(0.956438 0.0462475 -1.19314e-22)
(0.976635 0.0328916 1.11517e-22)
(0.988228 0.0222692 6.01148e-23)
(0.994473 0.01462 -2.7223e-23)
(0.997637 0.00947132 -1.2461e-25)
(0.999153 0.00592499 -9.21088e-24)
(0.999801 0.00385229 4.74874e-24)
(1.00006 0.00180227 -9.18394e-25)
(-0.00534824 -0.0189033 -2.95956e-21)
(0.00335823 -0.00173845 -1.43848e-20)
(0.0552866 -0.0211431 1.46719e-20)
(0.118721 -0.0449804 -5.43707e-21)
(0.212844 -0.0562336 -4.05002e-21)
(0.324877 -0.046617 -6.15779e-21)
(0.449772 -0.0190554 9.41127e-22)
(0.57543 0.0151443 3.06002e-22)
(0.691041 0.0439561 -5.17034e-23)
(0.788216 0.0599396 -1.07724e-23)
(0.863381 0.0621981 -1.70227e-23)
(0.91708 0.0546468 -2.20471e-22)
(0.952614 0.0427706 1.00473e-22)
(0.97446 0.0308942 8.97128e-23)
(0.987008 0.0212002 -3.37761e-23)
(0.993783 0.0140842 -2.74225e-23)
(0.997236 0.00921806 -4.06296e-24)
(0.998916 0.00581375 -4.73134e-25)
(0.999652 0.00380782 -1.90766e-24)
(0.999975 0.00178927 3.21774e-25)
(-0.0307315 -0.0193723 1.19087e-20)
(-0.0223942 -0.0121024 -1.62767e-20)
(0.0325832 -0.0372256 8.06403e-21)
(0.0996311 -0.0649987 5.19901e-21)
(0.195883 -0.0783361 -1.65378e-21)
(0.30772 -0.0690267 2.60321e-21)
(0.431855 -0.0404822 -3.15482e-22)
(0.557768 -0.00406789 -9.12911e-23)
(0.675379 0.0278978 -2.66993e-22)
(0.775819 0.0474827 1.83688e-22)
(0.854559 0.0532441 -1.49106e-22)
(0.911353 0.0486915 8.27666e-24)
(0.949154 0.0391069 -1.3326e-23)
(0.972462 0.028804 2.54496e-23)
(0.985873 0.0200875 -2.93759e-23)
(0.993132 0.0135277 2.18012e-23)
(0.996852 0.00895421 -3.16158e-24)
(0.998688 0.00569657 6.36194e-24)
(0.999507 0.00375942 -2.54361e-24)
(0.999894 0.00177451 2.32103e-24)
(-0.0404913 -0.0194762 1.60582e-20)
(-0.0304267 -0.0234258 -4.66032e-21)
(0.0281308 -0.0543263 -1.63111e-20)
(0.098038 -0.0858542 7.59183e-21)
(0.194513 -0.100962 1.00293e-21)
(0.303644 -0.0918128 1.4578e-21)
(0.424109 -0.0623549 4.97843e-22)
(0.547394 -0.02387 -2.78199e-22)
(0.664518 0.0111815 8.72572e-23)
(0.766349 0.0344311 -8.96742e-23)
(0.8474 0.0438444 -1.76122e-23)
(0.906514 0.0424517 6.81007e-23)
(0.946143 0.0352844 1.67031e-23)
(0.970682 0.0266338 -1.08588e-22)
(0.98484 0.0189368 5.40571e-23)
(0.992527 0.0129532 -7.17706e-24)
(0.99649 0.00868098 -2.04849e-24)
(0.998469 0.00557399 4.90645e-24)
(0.999366 0.00370734 2.16635e-24)
(0.999815 0.00175807 -1.04507e-24)
(-0.0350378 -0.0200897 -6.74215e-21)
(-0.0212666 -0.0357927 -3.73297e-21)
(0.0417383 -0.0721931 3.74549e-21)
(0.113845 -0.107048 -3.28024e-21)
(0.208756 -0.123492 2.64656e-21)
(0.31288 -0.114326 1.1421e-21)
(0.426976 -0.0840642 1.36303e-22)
(0.544854 -0.0437576 3.21038e-22)
(0.65897 -0.00582562 -1.1064e-22)
(0.760194 0.0210206 3.70235e-23)
(0.842158 0.0341347 -6.17676e-23)
(0.902709 0.0359982 6.29518e-23)
(0.943655 0.0313371 -3.79011e-23)
(0.969154 0.024399 5.19959e-23)
(0.983924 0.017755 -2.43811e-24)
(0.991976 0.0123636 5.02259e-25)
(0.996151 0.00839978 2.81068e-24)
(0.99826 0.00544673 -4.07312e-24)
(0.999229 0.00365193 -8.59607e-25)
(0.999738 0.00174003 -6.83694e-25)
(-0.0150022 -0.0220804 1.14182e-21)
(0.00416739 -0.0492904 3.56663e-22)
(0.0725144 -0.0905875 -2.26524e-21)
(0.146137 -0.128093 1.5671e-21)
(0.237821 -0.145336 -2.97478e-22)
(0.334925 -0.13596 4.80604e-22)
(0.440306 -0.105029 -1.49334e-22)
(0.550278 -0.0632292 -1.40157e-23)
(0.658985 -0.0227411 6.07321e-24)
(0.757603 0.00750802 1.94977e-23)
(0.839014 0.024268 1.41751e-23)
(0.900046 0.0294134 -1.53617e-23)
(0.941749 0.0273057 -8.76539e-24)
(0.967905 0.0221184 7.22409e-24)
(0.983136 0.0165503 1.14674e-24)
(0.991482 0.0117624 1.37463e-24)
(0.995838 0.00811209 9.47729e-25)
(0.998063 0.00531536 -4.16054e-25)
(0.999097 0.00359341 3.58112e-25)
(0.999663 0.00172049 2.81401e-25)
)
;

boundaryField
{
    inlet
    {
        type            freestream;
        freestreamValue uniform (1 0 0);
        value           uniform (1 0 0);
    }
    outlet
    {
        type            freestream;
        freestreamValue uniform (1 0 0);
        value           nonuniform List<vector> 
40
(
(0.998967 0.00142361 0)
(0.998872 0.00135549 0)
(0.998768 0.00127253 0)
(0.998658 0.00117267 0)
(0.998543 0.0010528 0)
(0.998427 0.000910778 0)
(0.998315 0.000745849 0)
(0.998214 0.000558527 0)
(0.998132 0.000349835 0)
(0.998083 0.000119776 0)
(0.99959 0.00169959 2.4712e-25)
(0.999519 0.00167738 -5.62564e-25)
(0.999451 0.00165401 -8.1416e-25)
(0.999386 0.00162959 1.71662e-24)
(0.999323 0.00160421 1.11538e-25)
(0.999262 0.00157799 -5.56809e-25)
(0.999204 0.00155104 4.07427e-25)
(0.999148 0.00152349 -4.90292e-25)
(0.999093 0.00149551 -1.82425e-25)
(0.99904 0.00146672 8.67879e-26)
(1.0004 0.00183551 4.3e-25)
(1.00031 0.00183031 -7.32536e-25)
(1.00023 0.00182278 -1.18749e-24)
(1.00014 0.00181343 1.33017e-24)
(1.00006 0.00180227 -9.18394e-25)
(0.999975 0.00178927 3.21774e-25)
(0.999894 0.00177451 2.32103e-24)
(0.999815 0.00175807 -1.04507e-24)
(0.999738 0.00174003 -6.83694e-25)
(0.999663 0.00172049 2.81401e-25)
(1.00263 0.000271328 0)
(1.00246 0.000750455 0)
(1.00221 0.00111313 0)
(1.00192 0.00137426 0)
(1.00163 0.00155471 0)
(1.00135 0.00167477 0)
(1.0011 0.00175141 0)
(1.00088 0.00179796 0)
(1.00068 0.00182474 0)
(1.00052 0.00183759 0)
)
;
    }
    top
    {
        type            symmetryPlane;
    }
    bottom
    {
        type            symmetryPlane;
    }
    cylinder
    {
        type            rotatingWallVelocity;
        origin          (0 0 0);
        axis            (0 0 1);
        omega           constant -1;
        value           nonuniform List<vector> 
80
(
(0.019816 -0.499213 4.33076e-25)
(0.0588591 -0.496114 3.04002e-24)
(0.0975394 -0.48997 -8.93124e-26)
(0.13562 -0.480821 1.77911e-24)
(0.172869 -0.468721 -9.5477e-24)
(0.209058 -0.453746 3.29352e-24)
(0.243965 -0.435985 4.05625e-23)
(0.277377 -0.415548 1.40054e-22)
(0.30909 -0.39256 -8.79813e-23)
(0.338909 -0.367161 -8.99035e-23)
(0.499213 -0.019816 -4.33076e-25)
(0.496114 -0.0588591 -3.04002e-24)
(0.48997 -0.0975394 8.93124e-26)
(0.480821 -0.13562 1.84427e-24)
(0.468721 -0.172869 -2.77228e-23)
(0.453746 -0.209058 -3.29352e-24)
(0.435985 -0.243965 -4.05625e-23)
(0.415548 -0.277377 2.83102e-23)
(0.39256 -0.30909 -1.22366e-22)
(0.367161 -0.338909 8.99035e-23)
(0.367161 0.338909 8.99035e-23)
(0.39256 0.30909 -1.22366e-22)
(0.415548 0.277377 2.83102e-23)
(0.435985 0.243965 -4.05625e-23)
(0.453746 0.209058 -3.29352e-24)
(0.468721 0.172869 -2.77228e-23)
(0.480821 0.13562 1.84427e-24)
(0.48997 0.0975394 8.93124e-26)
(0.496114 0.0588591 -3.04002e-24)
(0.499213 0.019816 -4.33076e-25)
(0.019816 0.499213 4.33076e-25)
(0.0588591 0.496114 3.04002e-24)
(0.0975394 0.48997 -8.93124e-26)
(0.13562 0.480821 1.77911e-24)
(0.172869 0.468721 -9.5477e-24)
(0.209058 0.453746 3.29352e-24)
(0.243965 0.435985 4.05625e-23)
(0.277377 0.415548 -2.83102e-23)
(0.30909 0.39256 -8.79813e-23)
(0.338909 0.367161 -8.99035e-23)
(-0.338909 0.367161 -8.99035e-23)
(-0.30909 0.39256 -8.79813e-23)
(-0.277377 0.415548 1.40054e-22)
(-0.243965 0.435985 4.05625e-23)
(-0.209058 0.453746 3.29352e-24)
(-0.172869 0.468721 -9.5477e-24)
(-0.13562 0.480821 1.77911e-24)
(-0.0975394 0.48997 -8.93124e-26)
(-0.0588591 0.496114 3.04002e-24)
(-0.019816 0.499213 4.33076e-25)
(-0.367161 0.338909 8.99035e-23)
(-0.39256 0.30909 -1.22366e-22)
(-0.415548 0.277377 2.83102e-23)
(-0.435985 0.243965 -4.05625e-23)
(-0.453746 0.209058 -3.29352e-24)
(-0.468721 0.172869 -2.77228e-23)
(-0.480821 0.13562 1.84427e-24)
(-0.48997 0.0975394 8.93124e-26)
(-0.496114 0.0588591 -3.04002e-24)
(-0.499213 0.019816 -4.33076e-25)
(-0.499213 -0.019816 -4.33076e-25)
(-0.496114 -0.0588591 -3.04002e-24)
(-0.48997 -0.0975394 8.93124e-26)
(-0.480821 -0.13562 -1.77911e-24)
(-0.468721 -0.172869 -2.77228e-23)
(-0.453746 -0.209058 -3.29352e-24)
(-0.435985 -0.243965 -4.05625e-23)
(-0.415548 -0.277377 2.83102e-23)
(-0.39256 -0.30909 -1.22366e-22)
(-0.367161 -0.338909 8.99035e-23)
(-0.338909 -0.367161 -8.99035e-23)
(-0.30909 -0.39256 -8.79813e-23)
(-0.277377 -0.415548 -2.83102e-23)
(-0.243965 -0.435985 4.05625e-23)
(-0.209058 -0.453746 3.29352e-24)
(-0.172869 -0.468721 -9.5477e-24)
(-0.13562 -0.480821 1.77911e-24)
(-0.0975394 -0.48997 -8.93124e-26)
(-0.0588591 -0.496114 3.04002e-24)
(-0.019816 -0.499213 4.33076e-25)
)
;
    }
    frontandback
    {
        type            empty;
    }
}


// ************************************************************************* //
