/*--------------------------------*- C++ -*----------------------------------*\
  =========                 |
  \\      /  F ield         | OpenFOAM: The Open Source CFD Toolbox
   \\    /   O peration     | Website:  https://openfoam.org
    \\  /    A nd           | Version:  6.0
     \\/     M anipulation  |
\*---------------------------------------------------------------------------*/
FoamFile
{
    version     2.0;
    format      ascii;
    class       volScalarField;
    location    "20.75";
    object      p;
}
// * * * * * * * * * * * * * * * * * * * * * * * * * * * * * * * * * * * * * //

dimensions      [0 2 -2 0 0 0 0];

internalField   nonuniform List<scalar> 
9600
(
-0.389586
-0.382203
-0.37714
-0.37313
-0.369457
-0.366036
-0.36279
-0.359648
-0.356571
-0.353538
-0.350542
-0.347581
-0.34466
-0.341783
-0.338958
-0.336195
-0.333494
-0.33081
-0.328139
-0.326011
-0.395385
-0.387824
-0.38264
-0.378486
-0.37463
-0.370996
-0.367513
-0.364119
-0.36078
-0.357483
-0.354222
-0.351004
-0.347833
-0.344719
-0.341671
-0.338701
-0.335814
-0.332948
-0.330088
-0.327929
-0.402245
-0.394389
-0.388992
-0.384624
-0.380525
-0.376622
-0.372852
-0.369158
-0.365512
-0.361906
-0.358341
-0.354826
-0.351369
-0.347982
-0.344679
-0.341476
-0.338378
-0.335305
-0.332226
-0.33006
-0.410071
-0.401891
-0.396226
-0.391583
-0.38718
-0.382952
-0.378841
-0.374796
-0.370795
-0.366836
-0.362923
-0.359068
-0.355285
-0.351589
-0.347996
-0.344528
-0.341192
-0.337885
-0.334555
-0.332407
-0.418924
-0.410364
-0.404369
-0.39939
-0.394624
-0.390012
-0.385505
-0.381058
-0.376653
-0.372292
-0.367986
-0.363748
-0.359598
-0.355553
-0.351632
-0.347864
-0.344261
-0.340688
-0.337073
-0.334966
-0.428854
-0.419842
-0.413452
-0.408074
-0.402883
-0.397829
-0.392871
-0.387968
-0.383109
-0.378299
-0.373551
-0.368886
-0.364324
-0.359886
-0.355596
-0.351492
-0.347586
-0.343714
-0.339776
-0.337731
-0.439902
-0.43036
-0.423507
-0.417665
-0.411987
-0.406431
-0.400965
-0.395552
-0.390187
-0.384877
-0.379641
-0.3745
-0.36948
-0.364604
-0.359901
-0.355417
-0.351171
-0.34696
-0.342657
-0.340694
-0.452106
-0.44195
-0.434562
-0.428192
-0.421961
-0.415843
-0.409811
-0.403834
-0.39791
-0.392051
-0.386277
-0.380613
-0.375086
-0.369724
-0.36456
-0.35965
-0.35502
-0.350424
-0.345706
-0.343844
-0.465502
-0.454646
-0.446649
-0.43968
-0.432832
-0.426089
-0.419433
-0.412839
-0.406306
-0.399848
-0.393488
-0.387252
-0.381169
-0.37527
-0.369594
-0.364206
-0.359141
-0.354108
-0.348917
-0.347166
-0.480126
-0.468476
-0.459792
-0.452156
-0.444623
-0.437193
-0.429858
-0.422593
-0.415401
-0.408297
-0.401303
-0.394447
-0.387759
-0.381271
-0.375027
-0.369105
-0.363547
-0.358014
-0.352283
-0.350645
-0.496011
-0.483468
-0.474017
-0.465641
-0.457357
-0.449181
-0.44111
-0.433124
-0.425225
-0.41743
-0.409759
-0.402237
-0.394895
-0.387766
-0.380896
-0.374376
-0.368258
-0.36215
-0.355794
-0.354258
-0.513185
-0.499646
-0.489345
-0.480156
-0.471056
-0.462073
-0.453214
-0.444459
-0.435812
-0.427284
-0.418895
-0.410666
-0.402624
-0.3948
-0.387244
-0.380055
-0.373298
-0.366525
-0.359439
-0.35797
-0.53167
-0.517027
-0.50579
-0.495717
-0.485735
-0.475889
-0.466193
-0.456627
-0.447192
-0.437898
-0.428755
-0.419782
-0.410999
-0.402431
-0.394125
-0.386191
-0.378702
-0.37115
-0.363198
-0.361728
-0.551481
-0.53562
-0.523361
-0.512334
-0.501408
-0.490647
-0.480069
-0.469655
-0.459401
-0.449311
-0.43939
-0.429644
-0.420085
-0.410727
-0.401609
-0.392846
-0.384516
-0.376042
-0.367043
-0.365446
-0.57262
-0.555424
-0.542058
-0.530008
-0.518081
-0.506356
-0.494859
-0.483567
-0.472471
-0.461567
-0.45085
-0.440315
-0.429956
-0.419772
-0.409785
-0.400102
-0.3908
-0.381218
-0.370915
-0.368972
-0.595076
-0.576426
-0.561868
-0.548732
-0.535752
-0.523023
-0.510575
-0.498383
-0.48643
-0.474705
-0.463191
-0.451865
-0.440703
-0.429676
-0.418776
-0.408088
-0.397665
-0.386731
-0.374752
-0.372084
-0.618825
-0.598596
-0.582765
-0.568486
-0.554407
-0.540641
-0.52722
-0.514114
-0.501303
-0.488765
-0.47647
-0.464378
-0.452439
-0.44059
-0.428778
-0.417041
-0.405378
-0.392846
-0.3787
-0.374657
-0.643849
-0.62189
-0.604707
-0.589236
-0.574023
-0.559193
-0.544785
-0.530763
-0.517103
-0.503775
-0.490738
-0.477935
-0.465289
-0.452694
-0.440034
-0.427274
-0.414325
-0.399954
-0.382818
-0.375982
-0.670132
-0.646244
-0.627626
-0.610926
-0.594555
-0.578647
-0.563246
-0.548316
-0.533828
-0.519752
-0.50604
-0.492623
-0.479399
-0.466212
-0.452853
-0.439139
-0.424729
-0.407651
-0.385006
-0.371495
-0.697297
-0.671469
-0.651423
-0.633487
-0.615947
-0.598954
-0.58256
-0.566732
-0.551447
-0.536679
-0.522392
-0.508532
-0.49501
-0.481678
-0.468305
-0.454592
-0.439808
-0.420968
-0.393105
-0.370222
-1.17204
-1.16659
-1.15738
-1.14495
-1.12955
-1.11143
-1.09088
-1.06817
-1.04361
-1.01746
-0.990018
-0.96154
-0.932284
-0.902493
-0.87239
-0.842187
-0.812075
-0.782216
-0.75274
-0.724041
-1.12152
-1.11613
-1.10725
-1.09528
-1.08048
-1.06311
-1.04345
-1.02178
-0.998384
-0.97353
-0.947483
-0.920499
-0.892821
-0.86468
-0.83629
-0.807855
-0.779562
-0.751583
-0.72408
-0.697286
-1.07937
-1.07432
-1.06596
-1.0546
-1.0405
-1.02393
-1.00517
-0.984481
-0.962146
-0.938427
-0.913583
-0.887861
-0.861498
-0.834717
-0.807727
-0.780724
-0.753888
-0.727387
-0.701381
-0.676029
-1.03942
-1.03501
-1.02739
-1.01684
-1.00362
-0.987993
-0.970222
-0.950578
-0.929329
-0.906736
-0.883055
-0.858528
-0.833388
-0.807854
-0.782132
-0.756411
-0.730868
-0.705663
-0.680948
-0.65686
-0.99887
-0.995337
-0.988674
-0.979142
-0.966982
-0.952447
-0.935802
-0.917309
-0.897232
-0.875829
-0.85335
-0.830035
-0.806116
-0.781808
-0.757314
-0.732824
-0.70851
-0.684529
-0.661027
-0.638132
-0.958271
-0.955804
-0.950271
-0.941912
-0.930955
-0.917646
-0.90224
-0.884992
-0.866161
-0.845999
-0.824754
-0.802663
-0.779955
-0.756845
-0.733534
-0.710212
-0.68705
-0.664208
-0.641826
-0.620036
-0.918001
-0.916723
-0.912437
-0.905364
-0.895718
-0.883734
-0.869655
-0.853728
-0.836204
-0.81733
-0.797348
-0.776493
-0.754988
-0.733049
-0.710877
-0.688661
-0.666576
-0.644782
-0.623425
-0.60264
-0.878275
-0.878247
-0.875273
-0.869552
-0.861286
-0.850694
-0.838006
-0.823459
-0.807294
-0.789749
-0.771059
-0.751453
-0.731152
-0.710368
-0.6893
-0.668138
-0.647058
-0.626228
-0.605799
-0.585916
-0.839322
-0.840553
-0.838907
-0.834563
-0.827708
-0.818542
-0.807284
-0.794156
-0.779386
-0.763203
-0.745832
-0.727495
-0.708405
-0.688767
-0.668778
-0.648626
-0.628489
-0.60854
-0.588939
-0.569848
-0.801364
-0.803818
-0.803476
-0.800497
-0.795047
-0.787314
-0.777498
-0.765807
-0.752455
-0.737659
-0.721631
-0.704581
-0.686713
-0.668224
-0.649301
-0.630126
-0.610876
-0.591727
-0.572853
-0.554431
-0.764586
-0.768197
-0.769103
-0.767442
-0.763366
-0.757043
-0.748658
-0.738403
-0.726477
-0.713081
-0.698414
-0.682673
-0.666047
-0.648717
-0.630859
-0.612642
-0.594234
-0.57581
-0.557551
-0.539656
-0.729134
-0.733813
-0.735887
-0.735476
-0.732716
-0.727759
-0.720772
-0.711933
-0.701425
-0.689433
-0.676141
-0.66173
-0.64637
-0.630225
-0.613448
-0.596187
-0.578592
-0.560821
-0.543062
-0.525522
-0.695117
-0.700761
-0.703907
-0.704659
-0.703139
-0.699483
-0.693845
-0.686386
-0.677273
-0.666678
-0.654768
-0.641706
-0.627644
-0.612721
-0.597061
-0.580781
-0.563992
-0.54682
-0.529436
-0.512038
-0.662606
-0.669104
-0.673217
-0.675034
-0.674665
-0.672233
-0.667877
-0.661746
-0.653994
-0.644778
-0.63425
-0.622556
-0.609828
-0.596178
-0.581696
-0.566453
-0.5505
-0.533899
-0.516769
-0.499237
-0.63164
-0.638881
-0.64385
-0.646628
-0.647312
-0.646015
-0.642864
-0.637997
-0.631557
-0.623689
-0.614535
-0.604224
-0.592871
-0.58056
-0.567345
-0.553237
-0.538209
-0.522203
-0.505236
-0.487224
-0.602231
-0.610103
-0.615817
-0.619445
-0.621076
-0.620814
-0.618779
-0.615098
-0.609907
-0.603343
-0.595539
-0.586616
-0.576674
-0.565776
-0.553941
-0.54112
-0.527178
-0.511886
-0.495082
-0.476235
-0.574375
-0.58277
-0.589118
-0.593484
-0.595952
-0.596619
-0.595597
-0.593009
-0.588986
-0.583659
-0.57716
-0.569606
-0.561092
-0.551671
-0.541338
-0.529993
-0.517383
-0.503046
-0.486556
-0.466534
-0.548044
-0.556893
-0.563802
-0.56883
-0.572055
-0.57357
-0.573483
-0.571915
-0.568994
-0.564853
-0.559624
-0.55343
-0.54637
-0.538503
-0.529822
-0.520204
-0.509297
-0.496356
-0.480491
-0.458371
-0.523153
-0.532436
-0.539881
-0.545547
-0.54951
-0.551861
-0.552709
-0.552174
-0.550388
-0.547489
-0.543617
-0.538906
-0.533472
-0.527397
-0.520702
-0.513303
-0.504854
-0.494414
-0.480427
-0.45486
-0.499598
-0.508936
-0.516554
-0.522508
-0.526873
-0.529742
-0.531224
-0.531444
-0.530541
-0.528665
-0.525975
-0.522631
-0.518786
-0.514578
-0.510118
-0.505477
-0.50055
-0.49474
-0.487538
-0.467231
-0.410922
-0.481639
-0.550075
-0.616417
-0.680258
-0.741215
-0.798965
-0.853216
-0.903705
-0.950203
-0.992516
-1.03049
-1.06401
-1.093
-1.11742
-1.13727
-1.15261
-1.16348
-1.16999
-1.17249
-0.396005
-0.464064
-0.530032
-0.593833
-0.655115
-0.713546
-0.768829
-0.820694
-0.868895
-0.913221
-0.953492
-0.989567
-1.02134
-1.04876
-1.07178
-1.09042
-1.10474
-1.11483
-1.12078
-1.12286
-0.373872
-0.43987
-0.503965
-0.565941
-0.625468
-0.682232
-0.735945
-0.786346
-0.833195
-0.876286
-0.915446
-0.950538
-0.98146
-1.00815
-1.03059
-1.04878
-1.06279
-1.07269
-1.0786
-1.08071
-0.345774
-0.40989
-0.47228
-0.532673
-0.590746
-0.646189
-0.698719
-0.748076
-0.794023
-0.836354
-0.874894
-0.909505
-0.940083
-0.966561
-0.988911
-1.00714
-1.0213
-1.03146
-1.03774
-1.04028
-0.313871
-0.376042
-0.436667
-0.495453
-0.552081
-0.606246
-0.657669
-0.706088
-0.751269
-0.793004
-0.831115
-0.865458
-0.895924
-0.922439
-0.944966
-0.963504
-0.978089
-0.988789
-0.995698
-0.99896
-0.280268
-0.340424
-0.399215
-0.45634
-0.511486
-0.564358
-0.614678
-0.662187
-0.706649
-0.747855
-0.785624
-0.819806
-0.850285
-0.876979
-0.89984
-0.918856
-0.934048
-0.945473
-0.953211
-0.957388
-0.246571
-0.304653
-0.361543
-0.416943
-0.470553
-0.522083
-0.571262
-0.617832
-0.661559
-0.702232
-0.739667
-0.77371
-0.804239
-0.831161
-0.85442
-0.873989
-0.889878
-0.902128
-0.910806
-0.916018
-0.213912
-0.269875
-0.324809
-0.378426
-0.430439
-0.480568
-0.528544
-0.574115
-0.617049
-0.657135
-0.694188
-0.728051
-0.758596
-0.785724
-0.809368
-0.829491
-0.846089
-0.859188
-0.86884
-0.875134
-0.183024
-0.236848
-0.289795
-0.341591
-0.391961
-0.440633
-0.487346
-0.531851
-0.573919
-0.613341
-0.649935
-0.683541
-0.714027
-0.741291
-0.765258
-0.78588
-0.803141
-0.817055
-0.827659
-0.835023
-0.154326
-0.206017
-0.256973
-0.306936
-0.35564
-0.402821
-0.448222
-0.4916
-0.532731
-0.571411
-0.607457
-0.640714
-0.671049
-0.698354
-0.72255
-0.743583
-0.761426
-0.77608
-0.78757
-0.795949
-0.128008
-0.177592
-0.22658
-0.274723
-0.321762
-0.367439
-0.411499
-0.453706
-0.493841
-0.531705
-0.567122
-0.599937
-0.630021
-0.657264
-0.681585
-0.702922
-0.721243
-0.736538
-0.74882
-0.75813
-0.104096
-0.151613
-0.198679
-0.245041
-0.29044
-0.334621
-0.377332
-0.418341
-0.457437
-0.494427
-0.529141
-0.561432
-0.59117
-0.61825
-0.642588
-0.66412
-0.682807
-0.698631
-0.711597
-0.721733
-0.0825093
-0.128008
-0.173215
-0.217855
-0.261661
-0.304374
-0.345746
-0.385549
-0.423579
-0.459653
-0.493608
-0.525303
-0.554614
-0.581439
-0.605693
-0.627312
-0.646253
-0.662493
-0.676029
-0.686878
-0.0630995
-0.106622
-0.150055
-0.193051
-0.235326
-0.276617
-0.316676
-0.35528
-0.392234
-0.427365
-0.46052
-0.491565
-0.520382
-0.546873
-0.570955
-0.592564
-0.611655
-0.6282
-0.642192
-0.653641
-0.0456759
-0.0872645
-0.129028
-0.170475
-0.211296
-0.251223
-0.290007
-0.327432
-0.363314
-0.397491
-0.429821
-0.460176
-0.488446
-0.514538
-0.538372
-0.559886
-0.579032
-0.595782
-0.610123
-0.62206
-0.0300155
-0.069767
-0.110009
-0.150012
-0.189462
-0.228089
-0.26564
-0.301912
-0.336733
-0.369953
-0.40144
-0.431076
-0.458759
-0.484398
-0.507919
-0.529261
-0.548377
-0.565238
-0.579827
-0.592147
-0.0158252
-0.053882
-0.0928053
-0.131481
-0.169642
-0.207033
-0.243399
-0.278549
-0.312328
-0.344599
-0.37524
-0.404143
-0.431211
-0.45636
-0.479519
-0.500628
-0.519644
-0.536534
-0.551282
-0.563887
-0.00248411
-0.0386123
-0.0764309
-0.113949
-0.15096
-0.187228
-0.222505
-0.256618
-0.28943
-0.320816
-0.350665
-0.378877
-0.405362
-0.43004
-0.452843
-0.473716
-0.492613
-0.509504
-0.524371
-0.537211
0.0110558
-0.022663
-0.0597229
-0.0964324
-0.13259
-0.167963
-0.202332
-0.235562
-0.267538
-0.298152
-0.327305
-0.354905
-0.38087
-0.405127
-0.427611
-0.44827
-0.467061
-0.483955
-0.498934
-0.511995
0.0218286
-0.0125255
-0.0497531
-0.0857947
-0.121096
-0.155478
-0.188748
-0.220842
-0.25169
-0.281206
-0.309308
-0.33592
-0.360971
-0.3844
-0.406152
-0.42618
-0.444449
-0.460933
-0.475618
-0.488501
0.543773
0.554284
0.565165
0.576319
0.587723
0.599351
0.611152
0.623063
0.635008
0.646898
0.658638
0.670138
0.681329
0.692198
0.702845
0.713561
0.724791
0.737204
0.754114
0.781115
0.532336
0.542247
0.552704
0.563383
0.57425
0.585293
0.596461
0.607681
0.618869
0.629929
0.640759
0.651261
0.661361
0.671045
0.680422
0.689806
0.699684
0.710807
0.726618
0.752928
0.518986
0.528152
0.538094
0.548203
0.558423
0.568764
0.579173
0.589568
0.599857
0.609936
0.619696
0.629032
0.637868
0.646194
0.654129
0.662016
0.670395
0.680102
0.694711
0.720195
0.503754
0.512032
0.521372
0.530816
0.540283
0.549807
0.559335
0.568774
0.578025
0.586975
0.595509
0.603517
0.610923
0.617721
0.624049
0.63028
0.637011
0.645169
0.658423
0.682838
0.486675
0.493931
0.502585
0.511272
0.51988
0.528476
0.537004
0.54536
0.553437
0.561116
0.568274
0.574798
0.580613
0.585722
0.590282
0.594704
0.599646
0.606125
0.617886
0.64103
0.467792
0.4739
0.481787
0.489629
0.497278
0.504838
0.51225
0.519403
0.526177
0.532447
0.538085
0.542976
0.547047
0.550314
0.552957
0.555426
0.558444
0.563124
0.573266
0.594966
0.447153
0.451996
0.459043
0.465953
0.472548
0.478969
0.485158
0.490992
0.49634
0.501072
0.505055
0.508173
0.510357
0.511639
0.512224
0.512608
0.51358
0.51635
0.524759
0.544852
0.424809
0.428282
0.434421
0.440321
0.445771
0.450957
0.455822
0.460228
0.464037
0.46711
0.469313
0.470527
0.470694
0.469859
0.468261
0.466439
0.465256
0.466018
0.472588
0.490923
0.400815
0.402827
0.407999
0.412814
0.417036
0.420899
0.424347
0.427227
0.429391
0.430697
0.431004
0.430198
0.428229
0.425161
0.421267
0.417135
0.413702
0.412368
0.417005
0.433439
0.375226
0.375703
0.379857
0.383521
0.38644
0.388903
0.39085
0.392115
0.392541
0.39198
0.39029
0.387361
0.383151
0.37775
0.371464
0.364933
0.359169
0.355669
0.358288
0.372688
0.3481
0.346985
0.350082
0.352538
0.354091
0.355085
0.355459
0.355032
0.353638
0.351126
0.347351
0.342208
0.335671
0.327851
0.319094
0.310094
0.301935
0.29621
0.296741
0.308981
0.319492
0.316751
0.318765
0.319968
0.320102
0.319572
0.318314
0.31613
0.312849
0.308313
0.302381
0.294952
0.286015
0.275709
0.264421
0.252897
0.242298
0.234306
0.232688
0.242653
0.289462
0.285084
0.286005
0.285923
0.284599
0.282504
0.279567
0.275576
0.270353
0.263738
0.255589
0.245817
0.234428
0.221588
0.207727
0.193645
0.180576
0.170289
0.166476
0.174062
0.25807
0.252074
0.25191
0.250526
0.247722
0.244035
0.239387
0.233553
0.226347
0.21761
0.207204
0.195049
0.18117
0.165767
0.14931
0.132655
0.117105
0.104511
0.0984668
0.103581
0.225384
0.217823
0.216603
0.213919
0.209629
0.204339
0.197962
0.19026
0.181045
0.170158
0.157467
0.142905
0.126519
0.108541
0.0894843
0.0702597
0.0522361
0.0373368
0.0290404
0.0316045
0.19147
0.182446
0.180229
0.176271
0.170507
0.163615
0.155502
0.14592
0.134679
0.121625
0.106635
0.0896574
0.0707627
0.0502168
0.0285771
0.00680456
-0.0136695
-0.0308562
-0.0414137
-0.0414629
0.156408
0.146078
0.14297
0.137788
0.130577
0.122095
0.112244
0.100773
0.0874966
0.0722686
0.0549784
0.035591
0.0142027
-0.00888598
-0.033075
-0.0573556
-0.0802404
-0.0996847
-0.1125
-0.115205
0.120362
0.108997
0.105159
0.0987912
0.0901374
0.080059
0.0684595
0.0550855
0.0397637
0.0223596
0.00277637
-0.0190019
-0.0428526
-0.0684411
-0.0951265
-0.121857
-0.147097
-0.168756
-0.183811
-0.189179
0.0827461
0.0712726
0.0671588
0.0596595
0.0495338
0.0378231
0.0244368
0.00913126
-0.00825034
-0.0278294
-0.0496884
-0.0738242
-0.100088
-0.128113
-0.157221
-0.186323
-0.213844
-0.23766
-0.254922
-0.26292
0.0418657
0.0324191
0.0286651
0.0203287
0.00892216
-0.00438064
-0.0195802
-0.0368437
-0.0562941
-0.0780373
-0.102142
-0.128585
-0.157195
-0.187575
-0.219014
-0.250397
-0.280124
-0.306059
-0.32559
-0.336422
0.374138
0.376304
0.384974
0.391028
0.395209
0.398725
0.401849
0.40465
0.407232
0.409728
0.412297
0.41514
0.418507
0.422699
0.428038
0.43481
0.443153
0.452845
0.462857
0.470436
0.404094
0.404056
0.410757
0.416472
0.421069
0.425325
0.429367
0.433188
0.436847
0.440447
0.444124
0.448063
0.4525
0.457726
0.464061
0.471807
0.481125
0.491846
0.503253
0.513238
0.428662
0.428677
0.434865
0.44083
0.446068
0.451112
0.456051
0.460857
0.465561
0.470242
0.475016
0.480047
0.485554
0.491814
0.49914
0.507844
0.518111
0.52982
0.54257
0.554863
0.450172
0.45113
0.457559
0.464023
0.469967
0.475816
0.481644
0.487415
0.493143
0.498887
0.504744
0.510858
0.51743
0.524718
0.533028
0.542676
0.553864
0.566515
0.580515
0.594907
0.46981
0.471891
0.478791
0.485852
0.492537
0.499206
0.50592
0.512642
0.519374
0.52616
0.533079
0.540257
0.547875
0.556172
0.565441
0.576
0.588066
0.601598
0.616756
0.633105
0.487701
0.490944
0.498413
0.506131
0.513588
0.521086
0.528682
0.536338
0.54405
0.55185
0.559803
0.568015
0.576648
0.58592
0.596111
0.607535
0.62042
0.634763
0.650986
0.66917
0.503909
0.508308
0.516377
0.524766
0.532993
0.541311
0.549768
0.55833
0.566989
0.575765
0.58471
0.593914
0.603517
0.613718
0.62478
0.63701
0.650646
0.665717
0.682906
0.7028
0.518454
0.523971
0.532636
0.541679
0.550651
0.559757
0.569039
0.578466
0.588024
0.597725
0.607609
0.617747
0.628261
0.63933
0.651195
0.66416
0.678466
0.694177
0.712224
0.733698
0.531322
0.5379
0.547137
0.556795
0.566469
0.576316
0.586372
0.596606
0.607002
0.617564
0.628317
0.639319
0.650671
0.662529
0.675119
0.688733
0.703618
0.719869
0.738661
0.761576
0.542487
0.550054
0.559823
0.570046
0.580362
0.590889
0.601652
0.612624
0.623783
0.635127
0.646668
0.658448
0.670549
0.683106
0.696325
0.71049
0.72585
0.742533
0.76195
0.78616
0.551917
0.560384
0.570635
0.58136
0.59225
0.603382
0.614776
0.626403
0.638239
0.650273
0.662506
0.674964
0.687711
0.700861
0.714602
0.729205
0.744926
0.761926
0.781841
0.807192
0.559575
0.568842
0.579515
0.590672
0.602056
0.613712
0.625648
0.637838
0.650252
0.662872
0.675689
0.688713
0.70199
0.715614
0.729753
0.744672
0.760629
0.777821
0.798102
0.824435
0.565425
0.575379
0.586406
0.597921
0.609712
0.621799
0.634181
0.646831
0.659716
0.672808
0.686088
0.699554
0.713231
0.727196
0.741601
0.7567
0.772759
0.790012
0.810522
0.837672
0.569431
0.57995
0.591258
0.603047
0.615154
0.627573
0.640298
0.653297
0.666535
0.679976
0.69359
0.707361
0.721299
0.735462
0.749986
0.76512
0.781138
0.798315
0.818913
0.846712
0.571561
0.582513
0.594024
0.606001
0.618325
0.630973
0.643929
0.65716
0.670626
0.684284
0.698093
0.712025
0.726073
0.74028
0.754768
0.769783
0.78561
0.802568
0.82311
0.851386
0.571785
0.583034
0.594663
0.606739
0.619179
0.631946
0.645018
0.658358
0.671921
0.685656
0.699514
0.713453
0.727454
0.741542
0.755831
0.770564
0.786043
0.802635
0.822975
0.851557
0.570081
0.581482
0.593143
0.605226
0.617676
0.63045
0.643518
0.656839
0.670362
0.684031
0.697785
0.711571
0.725358
0.739159
0.753077
0.76736
0.78233
0.798405
0.818395
0.847114
0.566433
0.577838
0.589442
0.601436
0.61379
0.626455
0.639395
0.652565
0.665909
0.679362
0.692855
0.706323
0.719725
0.733062
0.746434
0.760093
0.774386
0.789792
0.809286
0.837987
0.56083
0.57209
0.583544
0.595355
0.607502
0.61994
0.632627
0.645512
0.658534
0.671619
0.684689
0.697671
0.710511
0.723205
0.735849
0.748707
0.762153
0.776733
0.795591
0.824144
0.553273
0.564234
0.575447
0.586977
0.598808
0.6109
0.623206
0.635672
0.648226
0.660789
0.673275
0.685599
0.697701
0.709571
0.721306
0.733181
0.745606
0.759193
0.777232
0.805407
0.361422
0.34319
0.318929
0.293573
0.267688
0.241617
0.215613
0.189772
0.164173
0.138897
0.114023
0.0896212
0.0657574
0.0424911
0.0198753
-0.0020444
-0.0232303
-0.0436535
-0.0632939
-0.0821398
0.361362
0.342704
0.319048
0.293654
0.267557
0.241141
0.214653
0.188253
0.162062
0.136185
0.110714
0.085731
0.0613127
0.0375263
0.0144315
-0.00792042
-0.0294874
-0.0502367
-0.070145
-0.089197
0.364679
0.342741
0.31797
0.291958
0.265317
0.238333
0.211253
0.18426
0.157496
0.131077
0.105107
0.0796777
0.0548698
0.0307564
0.00740098
-0.0151425
-0.0368296
-0.0576265
-0.077509
-0.0964611
0.367739
0.343559
0.317686
0.290867
0.263486
0.235793
0.208024
0.180369
0.152977
0.125978
0.0994814
0.0735866
0.0483803
0.0239389
0.000328327
-0.0223959
-0.0441893
-0.0650183
-0.08486
-0.103701
0.370126
0.344396
0.317493
0.289799
0.261612
0.233165
0.20468
0.176346
0.14832
0.120738
0.0937186
0.0673674
0.0417755
0.0170229
-0.00682265
-0.0297049
-0.0515796
-0.072415
-0.0921902
-0.110895
0.372181
0.345069
0.317088
0.288459
0.259422
0.230192
0.200977
0.171963
0.143312
0.115167
0.0876507
0.0608747
0.0349341
0.00991138
-0.0141245
-0.0371175
-0.0590249
-0.0798175
-0.0994778
-0.118
0.37398
0.345567
0.31648
0.286875
0.256955
0.226919
0.196964
0.167274
0.138012
0.109325
0.0813424
0.0541778
0.0279296
0.00268145
-0.0214977
-0.0445532
-0.0664452
-0.0871485
-0.10665
-0.12495
0.375541
0.3459
0.315711
0.285112
0.25429
0.223436
0.192739
0.16238
0.132526
0.103324
0.0749075
0.0473919
0.0208771
-0.0045535
-0.0288322
-0.0519073
-0.0737431
-0.0943196
-0.113629
-0.13168
0.376932
0.346116
0.314837
0.283243
0.251516
0.219842
0.188411
0.157399
0.126975
0.0972879
0.0684714
0.0406422
0.0138998
-0.0116741
-0.0360146
-0.0590742
-0.0808229
-0.101247
-0.120346
-0.138137
0.378264
0.346311
0.313964
0.281384
0.248758
0.216276
0.184124
0.15248
0.121512
0.0913688
0.0621846
0.0340751
0.00713769
-0.0185488
-0.042924
-0.0659461
-0.0875915
-0.107854
-0.126741
-0.144278
0.37969
0.346635
0.313247
0.279701
0.246194
0.21292
0.180066
0.147812
0.116323
0.0857496
0.0562227
0.0278563
0.000744266
-0.025039
-0.0494389
-0.0724201
-0.0939667
-0.114081
-0.132776
-0.15009
0.381414
0.347293
0.312896
0.27841
0.244045
0.209999
0.176463
0.143616
0.111624
0.0806336
0.0507751
0.0221582
-0.00512779
-0.031014
-0.0554523
-0.0784147
-0.0998931
-0.119897
-0.138449
-0.155596
0.383692
0.348543
0.313172
0.277775
0.242573
0.207772
0.173566
0.140133
0.107638
0.0762266
0.046025
0.0171387
-0.0103483
-0.0363731
-0.0608944
-0.0838915
-0.105364
-0.125329
-0.143813
-0.160876
0.386825
0.350685
0.314371
0.278085
0.24206
0.206508
0.171625
0.137591
0.10457
0.0727035
0.0421155
0.0129065
-0.0148445
-0.0410808
-0.065767
-0.0888891
-0.110453
-0.130482
-0.149008
-0.166099
0.391129
0.354025
0.316784
0.279613
0.242755
0.206429
0.170834
0.136151
0.102541
0.0701466
0.0390864
0.00945793
-0.0186644
-0.0452284
-0.0702038
-0.0935813
-0.115372
-0.135602
-0.154306
-0.171562
0.396871
0.358802
0.32062
0.282531
0.244793
0.207629
0.171241
0.135812
0.101503
0.0684542
0.0367846
0.00658859
-0.0220616
-0.0491167
-0.074549
-0.0983519
-0.120539
-0.141138
-0.160182
-0.177757
0.404157
0.365087
0.325906
0.286824
0.24811
0.209995
0.172683
0.13636
0.101189
0.0673114
0.0348464
0.00388932
-0.0254876
-0.0532348
-0.0793246
-0.10375
-0.126525
-0.147675
-0.167232
-0.185281
0.412735
0.372571
0.332276
0.292069
0.252231
0.213
0.174583
0.137171
0.100932
0.0660097
0.0325281
0.000586197
-0.0297401
-0.0583979
-0.0853565
-0.110606
-0.134157
-0.156033
-0.176261
-0.194922
0.421433
0.379784
0.337964
0.296238
0.254882
0.214137
0.174216
0.135317
0.0976152
0.0612645
0.0263961
-0.00688245
-0.0384872
-0.0683581
-0.0964585
-0.122774
-0.147311
-0.170095
-0.191157
-0.21055
0.427394
0.383298
0.339025
0.294943
0.251275
0.208248
0.166083
0.12499
0.085156
0.0467508
0.00991955
-0.0252161
-0.0585596
-0.09004
-0.119612
-0.147258
-0.172984
-0.196834
-0.218884
-0.239114
-0.100208
-0.117484
-0.133996
-0.149779
-0.164869
-0.179313
-0.193164
-0.206479
-0.219316
-0.231734
-0.24379
-0.255539
-0.267038
-0.278346
-0.28953
-0.300673
-0.311688
-0.32216
-0.332081
-0.327801
-0.107413
-0.124766
-0.141287
-0.157005
-0.171955
-0.186178
-0.199722
-0.212636
-0.224973
-0.236782
-0.248111
-0.259005
-0.269501
-0.279624
-0.289373
-0.298684
-0.307249
-0.314259
-0.318346
-0.309909
-0.114509
-0.131616
-0.147821
-0.163153
-0.177648
-0.19135
-0.204308
-0.216574
-0.228203
-0.239247
-0.249753
-0.259765
-0.269309
-0.278392
-0.286971
-0.294911
-0.301839
-0.307021
-0.309491
-0.304578
-0.121575
-0.138439
-0.154339
-0.16931
-0.183392
-0.196632
-0.209083
-0.220802
-0.231845
-0.242269
-0.25212
-0.26144
-0.270251
-0.27855
-0.286281
-0.293301
-0.299287
-0.303687
-0.30584
-0.303357
-0.128574
-0.145176
-0.160758
-0.175362
-0.18903
-0.201816
-0.213778
-0.224976
-0.235471
-0.245322
-0.25458
-0.263285
-0.271461
-0.279103
-0.286161
-0.292514
-0.297912
-0.301965
-0.304199
-0.303333
-0.135441
-0.151743
-0.166974
-0.181182
-0.194418
-0.206739
-0.218209
-0.228895
-0.238863
-0.248174
-0.256884
-0.265038
-0.272662
-0.279759
-0.286292
-0.292168
-0.297208
-0.301147
-0.303669
-0.304119
-0.14212
-0.158092
-0.172951
-0.186753
-0.199552
-0.211415
-0.222412
-0.232614
-0.242092
-0.250915
-0.259142
-0.266822
-0.273989
-0.280654
-0.286794
-0.292346
-0.297187
-0.30114
-0.304001
-0.305455
-0.14856
-0.164192
-0.178676
-0.192076
-0.204455
-0.215884
-0.226442
-0.236204
-0.245247
-0.253643
-0.261459
-0.268747
-0.275548
-0.281879
-0.287735
-0.293072
-0.297807
-0.301822
-0.304985
-0.307145
-0.154724
-0.170021
-0.184142
-0.197164
-0.209154
-0.220191
-0.230357
-0.239734
-0.248405
-0.256444
-0.263922
-0.270896
-0.277411
-0.283491
-0.28914
-0.294332
-0.299009
-0.30309
-0.306484
-0.309119
-0.16059
-0.175576
-0.189369
-0.202053
-0.213702
-0.224401
-0.234237
-0.243296
-0.251663
-0.259417
-0.26663
-0.273362
-0.279659
-0.285553
-0.291051
-0.296138
-0.300775
-0.304901
-0.308451
-0.311389
-0.166166
-0.180887
-0.194404
-0.20681
-0.218185
-0.228616
-0.238193
-0.247008
-0.255145
-0.262686
-0.269702
-0.276255
-0.282394
-0.288149
-0.293533
-0.298536
-0.303129
-0.307268
-0.310901
-0.314008
-0.1715
-0.186025
-0.199341
-0.211548
-0.222728
-0.232972
-0.242373
-0.251022
-0.259005
-0.266403
-0.273287
-0.279718
-0.285743
-0.291393
-0.296683
-0.301606
-0.306141
-0.310252
-0.313899
-0.317071
-0.176699
-0.19112
-0.204329
-0.216432
-0.227512
-0.23766
-0.246972
-0.255536
-0.26344
-0.270761
-0.277569
-0.283924
-0.289869
-0.295437
-0.300639
-0.305474
-0.309926
-0.313965
-0.317561
-0.320709
-0.181955
-0.196385
-0.209598
-0.221705
-0.232787
-0.242936
-0.252247
-0.260807
-0.268701
-0.276005
-0.282785
-0.289097
-0.294986
-0.300479
-0.30559
-0.310319
-0.314654
-0.318575
-0.322056
-0.325099
-0.187587
-0.202155
-0.215495
-0.227719
-0.23891
-0.249156
-0.25855
-0.267179
-0.275124
-0.282457
-0.289244
-0.295537
-0.301377
-0.306791
-0.311795
-0.31639
-0.320568
-0.324317
-0.327616
-0.330476
-0.194097
-0.208939
-0.22253
-0.234985
-0.246383
-0.256812
-0.266361
-0.275116
-0.283156
-0.29055
-0.29736
-0.303638
-0.309422
-0.314739
-0.319605
-0.324025
-0.327997
-0.331512
-0.334556
-0.337148
-0.202078
-0.217321
-0.231277
-0.24406
-0.255746
-0.266421
-0.276174
-0.285089
-0.293243
-0.300706
-0.307536
-0.313783
-0.319485
-0.32467
-0.329355
-0.333548
-0.337253
-0.340466
-0.343178
-0.345407
-0.212277
-0.228019
-0.242421
-0.255593
-0.267608
-0.278554
-0.288521
-0.297592
-0.305846
-0.313351
-0.320166
-0.326341
-0.331913
-0.336912
-0.341356
-0.345258
-0.348625
-0.351461
-0.353761
-0.355532
-0.228427
-0.244707
-0.259572
-0.273106
-0.285393
-0.296531
-0.306613
-0.315729
-0.32396
-0.331378
-0.338043
-0.344006
-0.349305
-0.35397
-0.358022
-0.361478
-0.364351
-0.36666
-0.368421
-0.369571
-0.257115
-0.273888
-0.289113
-0.302821
-0.315145
-0.326206
-0.336116
-0.344974
-0.352872
-0.359888
-0.366088
-0.371524
-0.376235
-0.38025
-0.383592
-0.38628
-0.388341
-0.389835
-0.390849
-0.391159
-0.389667
-0.37002
-0.356892
-0.347279
-0.339395
-0.332993
-0.327792
-0.323491
-0.319853
-0.316689
-0.313838
-0.311155
-0.30849
-0.305655
-0.302394
-0.298388
-0.292935
-0.283362
-0.265138
-0.24923
-0.388869
-0.370205
-0.357765
-0.348644
-0.341143
-0.335022
-0.33001
-0.325814
-0.322199
-0.318972
-0.315965
-0.31302
-0.309974
-0.306632
-0.302766
-0.298172
-0.2925
-0.284044
-0.2703
-0.262417
-0.387836
-0.370092
-0.358297
-0.349654
-0.34253
-0.336692
-0.331876
-0.327801
-0.324239
-0.321002
-0.31793
-0.314874
-0.311692
-0.308234
-0.304351
-0.299962
-0.294933
-0.288245
-0.278873
-0.276522
-0.386426
-0.369668
-0.358531
-0.350361
-0.343612
-0.338059
-0.333448
-0.329511
-0.326032
-0.322835
-0.319772
-0.316713
-0.313542
-0.310148
-0.306442
-0.302408
-0.298001
-0.292491
-0.285367
-0.284968
-0.384759
-0.368998
-0.358513
-0.350811
-0.344435
-0.339167
-0.33477
-0.330988
-0.327621
-0.324507
-0.321513
-0.318532
-0.315471
-0.312256
-0.308838
-0.305246
-0.301487
-0.296997
-0.291425
-0.291778
-0.382944
-0.368152
-0.358304
-0.351061
-0.345051
-0.34007
-0.335892
-0.33228
-0.329046
-0.326046
-0.323164
-0.32031
-0.317413
-0.314424
-0.311322
-0.308155
-0.304951
-0.301255
-0.296779
-0.297386
-0.381066
-0.367203
-0.35797
-0.351172
-0.34552
-0.340822
-0.336865
-0.33343
-0.330343
-0.327476
-0.324728
-0.322022
-0.319307
-0.316548
-0.313739
-0.310931
-0.308157
-0.305034
-0.301317
-0.301896
-0.379207
-0.366224
-0.357577
-0.351206
-0.3459
-0.341477
-0.337738
-0.334479
-0.331545
-0.328816
-0.326207
-0.323653
-0.321114
-0.318565
-0.316006
-0.313484
-0.311028
-0.308312
-0.305129
-0.305528
-0.377443
-0.365285
-0.357193
-0.351227
-0.34625
-0.342089
-0.338559
-0.335471
-0.332682
-0.330088
-0.327611
-0.325198
-0.322815
-0.320443
-0.318084
-0.315779
-0.313547
-0.311117
-0.308313
-0.308458
-0.375851
-0.36446
-0.356886
-0.351299
-0.346629
-0.342712
-0.339375
-0.336445
-0.333791
-0.331317
-0.328957
-0.326664
-0.324408
-0.322176
-0.319968
-0.317817
-0.315736
-0.3135
-0.310964
-0.310826
-0.374503
-0.363818
-0.356722
-0.351486
-0.347096
-0.343401
-0.340238
-0.337447
-0.334907
-0.332535
-0.330269
-0.328069
-0.32591
-0.323778
-0.321675
-0.319625
-0.317636
-0.315525
-0.313177
-0.31275
-0.373473
-0.363431
-0.35677
-0.351849
-0.347711
-0.344211
-0.341197
-0.338521
-0.336073
-0.333778
-0.33158
-0.329444
-0.327348
-0.32528
-0.323241
-0.321247
-0.319304
-0.317263
-0.315042
-0.314336
-0.372833
-0.363367
-0.357095
-0.352454
-0.348534
-0.345197
-0.342304
-0.339716
-0.337333
-0.335087
-0.332928
-0.330826
-0.32876
-0.326722
-0.324708
-0.322733
-0.320799
-0.318789
-0.316645
-0.315679
-0.372657
-0.363696
-0.357763
-0.353362
-0.349623
-0.346417
-0.343613
-0.341083
-0.338735
-0.336507
-0.334358
-0.332258
-0.330192
-0.328149
-0.32613
-0.324142
-0.322185
-0.320173
-0.318067
-0.316863
-0.373018
-0.364487
-0.358841
-0.354635
-0.351038
-0.347926
-0.345177
-0.342671
-0.340327
-0.338087
-0.335916
-0.333788
-0.33169
-0.329613
-0.327557
-0.325529
-0.323526
-0.321483
-0.319381
-0.317966
-0.37399
-0.365807
-0.360389
-0.356333
-0.352836
-0.34978
-0.347049
-0.344534
-0.342159
-0.339875
-0.33765
-0.335463
-0.333303
-0.331164
-0.329045
-0.326951
-0.32488
-0.322782
-0.320654
-0.319054
-0.375645
-0.367719
-0.362468
-0.358514
-0.355073
-0.352031
-0.34928
-0.346719
-0.34428
-0.341918
-0.339608
-0.337331
-0.33508
-0.33285
-0.330642
-0.328459
-0.3263
-0.324127
-0.321943
-0.320186
-0.378069
-0.370285
-0.365134
-0.361232
-0.3578
-0.354731
-0.351921
-0.349277
-0.346737
-0.344263
-0.341834
-0.339437
-0.337065
-0.334717
-0.332394
-0.3301
-0.327835
-0.325565
-0.323299
-0.321411
-0.381357
-0.37356
-0.36843
-0.36453
-0.361064
-0.357924
-0.355015
-0.352249
-0.349572
-0.346951
-0.34437
-0.34182
-0.339298
-0.336804
-0.334341
-0.331914
-0.329523
-0.327137
-0.324763
-0.32277
-0.385404
-0.37754
-0.372399
-0.368462
-0.364919
-0.361665
-0.358613
-0.355684
-0.352829
-0.350024
-0.347256
-0.344519
-0.341815
-0.339146
-0.336516
-0.333934
-0.331399
-0.328875
-0.326367
-0.324294
-0.322208
-0.296452
-0.283669
-0.261035
-0.242951
-0.222406
-0.203635
-0.185035
-0.167724
-0.151384
-0.136294
-0.122375
-0.109672
-0.0981301
-0.0877202
-0.0783814
-0.0700549
-0.0626706
-0.0561566
-0.0504365
-0.0454329
-0.0410681
-0.0372661
-0.0339505
-0.0310477
-0.0284706
-0.0261427
-0.023938
-0.0218076
-0.0195657
-0.0173479
-0.0148412
-0.0126995
-0.0100836
-0.00869118
-0.00604529
-0.00595485
-0.00224546
-0.00395912
0.00311195
-0.325222
-0.29742
-0.284922
-0.261821
-0.243679
-0.223017
-0.204184
-0.185527
-0.168162
-0.151766
-0.136615
-0.12263
-0.109857
-0.0982437
-0.0877638
-0.0783604
-0.0699784
-0.0625521
-0.0560129
-0.0502877
-0.0453007
-0.0409744
-0.0372307
-0.0339892
-0.0311688
-0.0286742
-0.0264173
-0.0242634
-0.0221519
-0.0198947
-0.0176224
-0.015027
-0.0127734
-0.0100208
-0.00851836
-0.00574585
-0.00564087
-0.00190285
-0.0037353
0.00321173
-0.328926
-0.298524
-0.286446
-0.262784
-0.244575
-0.223777
-0.204867
-0.186143
-0.168712
-0.152252
-0.13703
-0.122972
-0.110121
-0.0984302
-0.0878745
-0.078401
-0.0699585
-0.0624851
-0.055916
-0.0501806
-0.045205
-0.040912
-0.0372212
-0.0340482
-0.0313048
-0.0288875
-0.0266968
-0.0245896
-0.0224941
-0.0202198
-0.0178926
-0.01521
-0.0128464
-0.00996071
-0.00834979
-0.00545356
-0.00533229
-0.00156728
-0.00351353
0.0033041
-0.333321
-0.299767
-0.288227
-0.263921
-0.24563
-0.224682
-0.20568
-0.18688
-0.169374
-0.15284
-0.13754
-0.1234
-0.110465
-0.0986908
-0.0880538
-0.0785053
-0.0699974
-0.0624722
-0.055868
-0.0501173
-0.0451477
-0.0408822
-0.0372383
-0.0341278
-0.0314553
-0.0291096
-0.0269798
-0.024915
-0.0228322
-0.0205393
-0.0181572
-0.0153893
-0.0129184
-0.0099037
-0.00818637
-0.00516996
-0.00503079
-0.00124061
-0.00329524
0.00338859
-0.3384
-0.30116
-0.290248
-0.26523
-0.246837
-0.225727
-0.206619
-0.187736
-0.170143
-0.153529
-0.138143
-0.123916
-0.110891
-0.0990267
-0.0883033
-0.0786748
-0.0700969
-0.0625149
-0.0558707
-0.0500993
-0.0451299
-0.0408857
-0.0372824
-0.0342279
-0.03162
-0.0293398
-0.0272656
-0.0252388
-0.0231657
-0.0208528
-0.0184162
-0.0155651
-0.0129895
-0.00985014
-0.00802849
-0.00489548
-0.00473658
-0.000923092
-0.0030803
0.00346517
-0.344153
-0.302715
-0.292486
-0.266707
-0.248184
-0.226907
-0.20768
-0.188705
-0.17102
-0.154317
-0.138839
-0.124518
-0.111397
-0.099439
-0.0886244
-0.0789114
-0.0702587
-0.0626152
-0.0559258
-0.0501281
-0.0451529
-0.0409235
-0.037354
-0.0343485
-0.0317983
-0.0295773
-0.0275531
-0.0255598
-0.0234935
-0.0211594
-0.0186687
-0.0157369
-0.0130598
-0.0098004
-0.00787689
-0.00463125
-0.0044509
-0.000616097
-0.00286972
0.00353353
-0.350564
-0.304452
-0.294918
-0.268351
-0.249664
-0.228217
-0.208857
-0.189787
-0.172001
-0.155205
-0.139627
-0.125208
-0.111986
-0.0999287
-0.0890184
-0.0792163
-0.0704843
-0.0627745
-0.0560346
-0.0502049
-0.0452174
-0.0409962
-0.0374532
-0.0344895
-0.0319899
-0.0298214
-0.0278414
-0.0258772
-0.0238147
-0.0214585
-0.0189146
-0.0159047
-0.0131295
-0.00975485
-0.00773209
-0.00437799
-0.0041744
-0.000320352
-0.00266386
0.00359356
-0.357611
-0.3064
-0.297518
-0.270162
-0.251267
-0.229652
-0.210148
-0.190979
-0.173085
-0.15619
-0.140509
-0.125985
-0.112658
-0.100497
-0.0894863
-0.0795909
-0.070775
-0.0629939
-0.0561983
-0.0503305
-0.0453244
-0.0411041
-0.0375803
-0.0346507
-0.0321943
-0.0300714
-0.0281297
-0.0261901
-0.0241287
-0.0217496
-0.0191534
-0.0160683
-0.0131986
-0.00971386
-0.00759463
-0.00413646
-0.00390783
-3.67141e-05
-0.00246327
0.00364511
-0.36526
-0.308603
-0.300261
-0.272141
-0.252989
-0.231209
-0.21155
-0.192277
-0.174271
-0.157273
-0.141482
-0.12685
-0.113413
-0.101144
-0.0900291
-0.080036
-0.0711317
-0.0632745
-0.0564175
-0.0505057
-0.0454742
-0.0412476
-0.0377352
-0.0348319
-0.032411
-0.0303268
-0.0284174
-0.0264979
-0.0244349
-0.0220322
-0.019385
-0.0162279
-0.0132675
-0.00967778
-0.00746502
-0.00390734
-0.00365188
0.000234049
-0.00226842
0.0036881
-0.373463
-0.311113
-0.303122
-0.274292
-0.254824
-0.232886
-0.21306
-0.193681
-0.175557
-0.158452
-0.142547
-0.127802
-0.114252
-0.10187
-0.0906473
-0.0805523
-0.0715552
-0.0636168
-0.056693
-0.0507309
-0.045667
-0.0414267
-0.0379178
-0.0350328
-0.0326396
-0.0305868
-0.0287038
-0.0268
-0.0247329
-0.0223061
-0.0196093
-0.0163835
-0.0133363
-0.00964695
-0.0073437
-0.00369122
-0.00340713
0.000491264
-0.00207973
0.00372246
-0.382148
-0.314001
-0.306079
-0.276616
-0.256771
-0.23468
-0.214677
-0.195189
-0.176942
-0.159726
-0.143704
-0.128842
-0.115174
-0.102677
-0.0913412
-0.0811402
-0.0720456
-0.0640211
-0.0570248
-0.0510061
-0.045903
-0.0416412
-0.0381278
-0.035253
-0.0328796
-0.0308511
-0.0289884
-0.0270959
-0.0250224
-0.0225712
-0.0198265
-0.0165353
-0.0134053
-0.00962167
-0.00723108
-0.00348861
-0.00317411
0.000734357
-0.00189755
0.00374817
-0.391212
-0.317353
-0.309116
-0.279118
-0.258831
-0.236591
-0.2164
-0.196798
-0.178426
-0.161094
-0.144952
-0.12997
-0.116179
-0.103563
-0.0921109
-0.0817996
-0.072603
-0.0644874
-0.057413
-0.0513313
-0.0461817
-0.041891
-0.038365
-0.035492
-0.0331305
-0.0311191
-0.0292709
-0.0273854
-0.0253032
-0.0228274
-0.0200364
-0.0166834
-0.0134747
-0.00960224
-0.0071275
-0.00329993
-0.00295324
0.000962841
-0.00172217
0.00376524
-0.400506
-0.32127
-0.312229
-0.281804
-0.261009
-0.238619
-0.218231
-0.198511
-0.180008
-0.162557
-0.14629
-0.131184
-0.117269
-0.104528
-0.0929564
-0.0825307
-0.0732275
-0.0650155
-0.0578572
-0.0517061
-0.0465031
-0.0421756
-0.0386288
-0.0357495
-0.033392
-0.0313905
-0.0295509
-0.0276684
-0.0255753
-0.0230749
-0.0202395
-0.0168281
-0.0135449
-0.00958894
-0.00703329
-0.00312552
-0.0027449
0.00117631
-0.00155384
0.0037737
-0.409807
-0.325861
-0.315426
-0.28468
-0.263313
-0.240769
-0.220171
-0.200326
-0.181689
-0.164115
-0.14772
-0.132486
-0.118442
-0.105574
-0.0938779
-0.0833333
-0.0739188
-0.0656053
-0.0583573
-0.0521303
-0.0468667
-0.0424947
-0.0389191
-0.0360252
-0.0336637
-0.0316651
-0.0298283
-0.0279446
-0.0258387
-0.0233137
-0.0204359
-0.0169697
-0.0136162
-0.00958197
-0.00694867
-0.00296562
-0.00254936
0.00137448
-0.00139273
0.00377363
-0.418773
-0.331212
-0.318721
-0.287742
-0.265748
-0.243037
-0.222219
-0.202242
-0.183466
-0.165765
-0.149238
-0.133873
-0.119695
-0.106697
-0.0948723
-0.0842048
-0.0746744
-0.0662543
-0.058911
-0.0526019
-0.0472708
-0.0428468
-0.0392345
-0.0363182
-0.0339451
-0.0319426
-0.0301031
-0.0282145
-0.0260938
-0.0235444
-0.0206261
-0.0171085
-0.0136886
-0.00958139
-0.00687359
-0.00282014
-0.0023666
0.00155726
-0.00123887
0.00376512
-0.426921
-0.337365
-0.322117
-0.290961
-0.268296
-0.245406
-0.224358
-0.20424
-0.185321
-0.16749
-0.150829
-0.13533
-0.121018
-0.107886
-0.0959304
-0.0851366
-0.0754867
-0.0669559
-0.0595125
-0.0531159
-0.0477112
-0.0432286
-0.0395726
-0.0366267
-0.0342352
-0.0322224
-0.0303753
-0.0284781
-0.0263411
-0.0237675
-0.0208104
-0.0172448
-0.0137624
-0.00958706
-0.00680784
-0.00268882
-0.00219641
0.00172473
-0.0010922
0.00374827
-0.433819
-0.34445
-0.325725
-0.294364
-0.270983
-0.247888
-0.226596
-0.206328
-0.187262
-0.169296
-0.152498
-0.136863
-0.122414
-0.109145
-0.0970561
-0.0861328
-0.0763596
-0.0677135
-0.0601649
-0.0536749
-0.0481899
-0.0436415
-0.039934
-0.0369505
-0.0345328
-0.0325031
-0.0306428
-0.0287336
-0.0265787
-0.0239816
-0.0209882
-0.0173785
-0.0138382
-0.00960012
-0.00675298
-0.00257315
-0.00204032
0.00187608
-0.000953414
0.00372335
-0.438955
-0.352909
-0.330003
-0.298252
-0.274048
-0.25068
-0.229105
-0.208655
-0.18942
-0.171304
-0.154356
-0.138573
-0.123974
-0.110558
-0.0983235
-0.0872598
-0.077352
-0.0685793
-0.0609134
-0.0543172
-0.0487386
-0.0441103
-0.040337
-0.0373017
-0.0348447
-0.0327864
-0.0309039
-0.0289767
-0.0268021
-0.0241825
-0.0211575
-0.0175097
-0.0139187
-0.00962475
-0.00671484
-0.00247888
-0.00190386
0.00200822
-0.000824935
0.00369074
-0.439027
-0.362298
-0.335132
-0.302791
-0.27763
-0.253901
-0.231991
-0.211316
-0.191885
-0.173594
-0.156474
-0.140522
-0.125755
-0.112172
-0.0997749
-0.0885531
-0.0784939
-0.069578
-0.0617789
-0.0550611
-0.0493737
-0.0446505
-0.0407969
-0.0376959
-0.0351865
-0.0330879
-0.0311737
-0.0292217
-0.0270232
-0.0243801
-0.0213245
-0.0176416
-0.0140038
-0.00965875
-0.00668951
-0.00240186
-0.00178296
0.00212311
-0.000704394
0.00365017
-0.424907
-0.367607
-0.338446
-0.305929
-0.280098
-0.256178
-0.234049
-0.213235
-0.193678
-0.175273
-0.158036
-0.141964
-0.127072
-0.113363
-0.100839
-0.0894938
-0.0793172
-0.0702927
-0.0623961
-0.0555943
-0.0498378
-0.0450613
-0.0411697
-0.0380447
-0.0355214
-0.0334155
-0.0314934
-0.0295295
-0.0273068
-0.0246299
-0.0215227
-0.0177829
-0.0140721
-0.00966062
-0.00661645
-0.0022804
-0.00161768
0.00225451
-0.000563661
0.0035987
-0.389675
-0.3643
-0.337702
-0.30602
-0.280148
-0.256436
-0.234343
-0.21356
-0.194006
-0.175593
-0.158331
-0.14222
-0.127278
-0.11351
-0.100924
-0.0895164
-0.0792839
-0.0702154
-0.0622926
-0.0554873
-0.0497545
-0.0450311
-0.0412205
-0.0381999
-0.035793
-0.0338021
-0.0319719
-0.0300649
-0.0278412
-0.0251159
-0.021896
-0.0180245
-0.0141392
-0.00958292
-0.00637937
-0.00196768
-0.0012413
0.00251492
-0.00030086
0.00350846
-0.375053
-0.360718
-0.335339
-0.304152
-0.278452
-0.255201
-0.233443
-0.212985
-0.193729
-0.175585
-0.158547
-0.14262
-0.127819
-0.114154
-0.101636
-0.0902694
-0.0800534
-0.0709828
-0.0630438
-0.0562126
-0.0504477
-0.0456887
-0.0418406
-0.0387813
-0.0363334
-0.0342984
-0.0324178
-0.0304551
-0.0281658
-0.0253739
-0.0220752
-0.0181368
-0.0141639
-0.00955337
-0.00625538
-0.0018221
-0.00101793
0.00265411
-0.000106924
0.00337594
-0.369716
-0.354877
-0.330425
-0.300401
-0.275301
-0.252742
-0.23155
-0.211599
-0.1928
-0.175062
-0.158372
-0.142737
-0.128173
-0.114696
-0.102319
-0.0910523
-0.0809017
-0.0718661
-0.0639365
-0.0570928
-0.0512969
-0.0464913
-0.0425836
-0.0394538
-0.0369266
-0.0348065
-0.032837
-0.0307877
-0.0284143
-0.0255509
-0.0221838
-0.0181995
-0.0141682
-0.00953603
-0.00617084
-0.00174195
-0.000862602
0.00272797
4.22433e-05
0.00322026
-0.363987
-0.346517
-0.323372
-0.295355
-0.271243
-0.249566
-0.229122
-0.209807
-0.191563
-0.174309
-0.158032
-0.142742
-0.128459
-0.115204
-0.102996
-0.0918531
-0.081785
-0.0727968
-0.0648844
-0.0580324
-0.0522066
-0.0473529
-0.0433818
-0.0401758
-0.0375623
-0.035349
-0.0332824
-0.0311381
-0.0286731
-0.0257326
-0.0222929
-0.018263
-0.014174
-0.00952862
-0.00609865
-0.00169075
-0.000730481
0.00275755
0.000174329
0.00303452
-0.355317
-0.33609
-0.314279
-0.288852
-0.266167
-0.245592
-0.226095
-0.207573
-0.190005
-0.173333
-0.157548
-0.142668
-0.12872
-0.115731
-0.103728
-0.0927337
-0.0827667
-0.0738379
-0.0659486
-0.0590884
-0.0532277
-0.0483163
-0.0442684
-0.0409703
-0.0382528
-0.0359285
-0.0337481
-0.0314949
-0.0289283
-0.0259055
-0.0223932
-0.0183234
-0.0141843
-0.00954089
-0.00605346
-0.00168768
-0.000639028
0.00272658
0.00028101
0.00281727
-0.342992
-0.323623
-0.30315
-0.28066
-0.259874
-0.240669
-0.222333
-0.204784
-0.188036
-0.172063
-0.156868
-0.142479
-0.128932
-0.116263
-0.104509
-0.0936984
-0.0838578
-0.0750048
-0.0671471
-0.0602798
-0.0543784
-0.0493974
-0.0452558
-0.0418444
-0.0389998
-0.0365409
-0.0342256
-0.0318462
-0.0291674
-0.0260586
-0.0224771
-0.0183779
-0.0142022
-0.00958076
-0.00604794
-0.00174795
-0.000603688
0.00262295
0.000353897
0.00257032
-0.326862
-0.309027
-0.290166
-0.270765
-0.252286
-0.234732
-0.217767
-0.201374
-0.185599
-0.170449
-0.155947
-0.142136
-0.129063
-0.116776
-0.105318
-0.0947292
-0.0850434
-0.0762855
-0.0684702
-0.0615986
-0.0556519
-0.0505903
-0.0463384
-0.0427934
-0.039799
-0.0371827
-0.034712
-0.0321905
-0.02939
-0.0261928
-0.0225473
-0.0184305
-0.0142333
-0.00965468
-0.00608976
-0.00187901
-0.000631885
0.00244134
0.000389314
0.0022974
-0.307449
-0.292454
-0.27568
-0.259358
-0.243444
-0.227793
-0.212388
-0.197319
-0.182661
-0.168456
-0.154752
-0.141607
-0.129083
-0.117238
-0.106128
-0.0958021
-0.0863016
-0.0776604
-0.0699002
-0.063029
-0.0570346
-0.0518832
-0.0475067
-0.0438095
-0.040645
-0.0378508
-0.0352067
-0.0325292
-0.0295994
-0.0263129
-0.0226096
-0.0184873
-0.0142842
-0.00976869
-0.00618514
-0.00208554
-0.000728302
0.00217988
0.000385481
0.00200433
-0.28582
-0.274346
-0.260129
-0.246769
-0.2335
-0.21993
-0.206236
-0.192627
-0.179213
-0.166065
-0.153255
-0.140861
-0.128958
-0.117619
-0.106909
-0.0968867
-0.0876042
-0.0791031
-0.0714131
-0.0645495
-0.0585073
-0.05326
-0.0487474
-0.044883
-0.0415311
-0.0385418
-0.0357093
-0.0328644
-0.0298
-0.0264244
-0.0226704
-0.0185548
-0.0143613
-0.00992803
-0.00633915
-0.00236996
-0.000895736
0.00184013
0.000341748
0.00169918
-0.263213
-0.255335
-0.243975
-0.233399
-0.222701
-0.211289
-0.199405
-0.187349
-0.175274
-0.163275
-0.151443
-0.139874
-0.12866
-0.117884
-0.107623
-0.0979464
-0.0889149
-0.0805792
-0.0729769
-0.0661311
-0.0600447
-0.054699
-0.0500431
-0.0460007
-0.0424489
-0.0392516
-0.0362195
-0.0331993
-0.029997
-0.0265342
-0.0227368
-0.0186395
-0.0144702
-0.0101361
-0.0065544
-0.00273098
-0.00113393
0.00142812
0.000258956
0.00139208
-0.240749
-0.236119
-0.22767
-0.219663
-0.211356
-0.202075
-0.192032
-0.181576
-0.170897
-0.160108
-0.149316
-0.138633
-0.128163
-0.118001
-0.108234
-0.0989414
-0.0901931
-0.0820482
-0.0745528
-0.0677379
-0.0616146
-0.0561729
-0.0513719
-0.0471465
-0.043388
-0.0399754
-0.0367374
-0.0335378
-0.0301969
-0.0266498
-0.0228162
-0.0187471
-0.014615
-0.0103933
-0.00682993
-0.00316253
-0.00143862
0.000954903
0.000139656
0.00109436
-0.219282
-0.217348
-0.211635
-0.20595
-0.199798
-0.19253
-0.184293
-0.175434
-0.166165
-0.156614
-0.1469
-0.137142
-0.127456
-0.117946
-0.108709
-0.0998333
-0.0913968
-0.0834671
-0.0760984
-0.0693298
-0.0631807
-0.0576502
-0.0527082
-0.0483013
-0.0443358
-0.0407071
-0.0372626
-0.0338837
-0.0304064
-0.0267786
-0.0229151
-0.0188818
-0.0147968
-0.0106964
-0.0071604
-0.00365321
-0.00180116
0.000436471
-1.19205e-05
0.00081737
-0.199386
-0.199552
-0.196251
-0.192612
-0.188353
-0.182919
-0.176392
-0.169076
-0.16119
-0.152871
-0.14424
-0.135423
-0.126541
-0.117707
-0.109025
-0.10059
-0.0924882
-0.0847948
-0.0775716
-0.0708656
-0.0647047
-0.0590972
-0.0540237
-0.0494434
-0.0452779
-0.0414388
-0.037793
-0.0342397
-0.0306304
-0.0269263
-0.0230381
-0.019045
-0.0150135
-0.0110379
-0.00753572
-0.00418624
-0.00220848
-0.000107
-0.000189956
0.000570913
-0.181405
-0.183134
-0.181851
-0.179964
-0.17733
-0.173514
-0.168549
-0.16268
-0.156111
-0.14898
-0.141408
-0.133521
-0.125442
-0.117289
-0.109171
-0.10119
-0.0934373
-0.0859955
-0.0789335
-0.0723058
-0.0661485
-0.0604791
-0.0552889
-0.0505492
-0.0461969
-0.0421598
-0.0383238
-0.0346051
-0.0308712
-0.0270957
-0.0231865
-0.0192346
-0.015259
-0.0114058
-0.00794121
-0.00474012
-0.00264362
-0.000652547
-0.000387121
0.000361757
-0.16554
-0.168387
-0.168724
-0.168288
-0.167016
-0.164586
-0.161
-0.156442
-0.151089
-0.145069
-0.138501
-0.131505
-0.124204
-0.116716
-0.109155
-0.101626
-0.0942254
-0.0870424
-0.080152
-0.0736155
-0.0674769
-0.0617622
-0.0564733
-0.0515931
-0.0470729
-0.0428558
-0.0388457
-0.0349752
-0.0311265
-0.0272852
-0.0233573
-0.0194443
-0.0155233
-0.0117841
-0.00835833
-0.00529002
-0.00308656
-0.00117629
-0.000594572
0.00019264
-0.151912
-0.155529
-0.157122
-0.157848
-0.157683
-0.156401
-0.15399
-0.150579
-0.146307
-0.141291
-0.13564
-0.129468
-0.122893
-0.116032
-0.109
-0.101904
-0.0948463
-0.0879188
-0.0812026
-0.0747652
-0.0686579
-0.0629145
-0.0575465
-0.0525478
-0.0478827
-0.0435084
-0.0393449
-0.0353395
-0.0313885
-0.0274876
-0.0235428
-0.0196636
-0.0157925
-0.0121538
-0.00876586
-0.00580962
-0.00351531
-0.00165545
-0.000801913
6.21983e-05
-0.140617
-0.14474
-0.14727
-0.148893
-0.149593
-0.149227
-0.147776
-0.145322
-0.141971
-0.137821
-0.132971
-0.127525
-0.121597
-0.1153
-0.108747
-0.102048
-0.0953061
-0.0886179
-0.0820686
-0.0757313
-0.0696633
-0.0639056
-0.0584782
-0.0533844
-0.0486001
-0.0440946
-0.0398021
-0.0356821
-0.0316436
-0.0276907
-0.0237305
-0.0198782
-0.0160499
-0.0124943
-0.00914101
-0.00627297
-0.00390689
-0.00207
-0.000997226
-3.39644e-05
-0.131761
-0.136201
-0.139395
-0.141673
-0.143016
-0.143339
-0.142626
-0.140925
-0.138309
-0.134859
-0.130662
-0.125816
-0.120426
-0.114601
-0.108453
-0.102091
-0.0956209
-0.0891406
-0.0827391
-0.0764937
-0.0704668
-0.0647055
-0.0592367
-0.0540714
-0.0491953
-0.0445871
-0.0401927
-0.0359816
-0.0318727
-0.027877
-0.0239036
-0.0200707
-0.0162763
-0.0127839
-0.0094605
-0.00665568
-0.00423822
-0.00240292
-0.00116742
-0.000101334
-0.12552
-0.130136
-0.13376
-0.136471
-0.138246
-0.139039
-0.138836
-0.137664
-0.135572
-0.132626
-0.128905
-0.124498
-0.119505
-0.114031
-0.108186
-0.102078
-0.0958134
-0.0894918
-0.0832047
-0.0770324
-0.0710411
-0.065282
-0.0597874
-0.054574
-0.0496343
-0.0449542
-0.0404879
-0.0362116
-0.0320526
-0.0280252
-0.0240421
-0.0202208
-0.0164515
-0.0130004
-0.00970151
-0.00693415
-0.00448713
-0.00263859
-0.0012985
-0.000144415
-0.122147
-0.12685
-0.130693
-0.133631
-0.135632
-0.136672
-0.136741
-0.135852
-0.134044
-0.131373
-0.127912
-0.123748
-0.118975
-0.113696
-0.10802
-0.102055
-0.0959057
-0.089674
-0.0834523
-0.0773224
-0.0713526
-0.0655965
-0.0600893
-0.0548507
-0.0498775
-0.0451587
-0.040654
-0.0363422
-0.0321567
-0.0281107
-0.024124
-0.020306
-0.0165539
-0.0131193
-0.00984048
-0.0070836
-0.00463075
-0.0027618
-0.00137399
-0.000165649
-0.46316
-0.470956
-0.477172
-0.48184
-0.485012
-0.486757
-0.487165
-0.486347
-0.484441
-0.481611
-0.478053
-0.473996
-0.469709
-0.465506
-0.461772
-0.458998
-0.457621
-0.458528
-0.468372
-0.491934
-0.417975
-0.426332
-0.433496
-0.439504
-0.444405
-0.448265
-0.451163
-0.453196
-0.454475
-0.455131
-0.45531
-0.455178
-0.454917
-0.45473
-0.454855
-0.455552
-0.45694
-0.459611
-0.467673
-0.477796
-0.377129
-0.385455
-0.392909
-0.399515
-0.405307
-0.410326
-0.414622
-0.418252
-0.421283
-0.42379
-0.425859
-0.427584
-0.429072
-0.430443
-0.431844
-0.433426
-0.435235
-0.437701
-0.443849
-0.450914
-0.339828
-0.347821
-0.355152
-0.36184
-0.367905
-0.373375
-0.378284
-0.382669
-0.386578
-0.390065
-0.393193
-0.396038
-0.398686
-0.401241
-0.403825
-0.406565
-0.409506
-0.412986
-0.41918
-0.425566
-0.305945
-0.313555
-0.320666
-0.327291
-0.333445
-0.339149
-0.344427
-0.349308
-0.353823
-0.358013
-0.361923
-0.365604
-0.369118
-0.37253
-0.375922
-0.379372
-0.382897
-0.386735
-0.39241
-0.397982
-0.275281
-0.282452
-0.289245
-0.295669
-0.301734
-0.307454
-0.312846
-0.317927
-0.32272
-0.327248
-0.331542
-0.335634
-0.339564
-0.343375
-0.347123
-0.35086
-0.354602
-0.358525
-0.363668
-0.368646
-0.247531
-0.254227
-0.260632
-0.266752
-0.272595
-0.278168
-0.283481
-0.288547
-0.293379
-0.297993
-0.302408
-0.306645
-0.310729
-0.314691
-0.318564
-0.322384
-0.326162
-0.330018
-0.33461
-0.339002
-0.222466
-0.228672
-0.234653
-0.24041
-0.245949
-0.251274
-0.25639
-0.261306
-0.266028
-0.270567
-0.274934
-0.279141
-0.283203
-0.287139
-0.290968
-0.294711
-0.298377
-0.302041
-0.306089
-0.309941
-0.199885
-0.205604
-0.211144
-0.216507
-0.221693
-0.226707
-0.23155
-0.236226
-0.240739
-0.245095
-0.2493
-0.253361
-0.257286
-0.261084
-0.264767
-0.268346
-0.271826
-0.275251
-0.278824
-0.282232
-0.179617
-0.184862
-0.189964
-0.194921
-0.199734
-0.204403
-0.208931
-0.213317
-0.217564
-0.221675
-0.225651
-0.229498
-0.233218
-0.236817
-0.240299
-0.243672
-0.246936
-0.250114
-0.253299
-0.256366
-0.161511
-0.166307
-0.170985
-0.175543
-0.179981
-0.184298
-0.188494
-0.192568
-0.196522
-0.200356
-0.20407
-0.207667
-0.211149
-0.214516
-0.217772
-0.220919
-0.223958
-0.226898
-0.229772
-0.232579
-0.145433
-0.149812
-0.154092
-0.158271
-0.162347
-0.166319
-0.170186
-0.173947
-0.177602
-0.18115
-0.184592
-0.187927
-0.191157
-0.194281
-0.197302
-0.200219
-0.203034
-0.205746
-0.208365
-0.210956
-0.131264
-0.135263
-0.139178
-0.143005
-0.146742
-0.150389
-0.153943
-0.157403
-0.160769
-0.164039
-0.167213
-0.17029
-0.173271
-0.176155
-0.178942
-0.181634
-0.184231
-0.186728
-0.189127
-0.191521
-0.118903
-0.122562
-0.126147
-0.129656
-0.133085
-0.136433
-0.139699
-0.14288
-0.145976
-0.148985
-0.151907
-0.15474
-0.157485
-0.160141
-0.162708
-0.165186
-0.167576
-0.169871
-0.172073
-0.174279
-0.108264
-0.111624
-0.114919
-0.118145
-0.1213
-0.124382
-0.127389
-0.130319
-0.133171
-0.135944
-0.138637
-0.141248
-0.143778
-0.146225
-0.14859
-0.150873
-0.153074
-0.155187
-0.157212
-0.15924
-0.0992881
-0.102392
-0.105436
-0.108418
-0.111335
-0.114185
-0.116967
-0.119678
-0.122317
-0.124883
-0.127374
-0.129791
-0.132131
-0.134395
-0.136583
-0.138693
-0.140727
-0.14268
-0.144553
-0.146418
-0.0919339
-0.0948242
-0.0976595
-0.100437
-0.103155
-0.105812
-0.108404
-0.110931
-0.113392
-0.115784
-0.118107
-0.12036
-0.122542
-0.124652
-0.126691
-0.128659
-0.130554
-0.132374
-0.13412
-0.135845
-0.0862286
-0.0889467
-0.0916134
-0.0942265
-0.0967837
-0.0992832
-0.101723
-0.104102
-0.106419
-0.108672
-0.11086
-0.112983
-0.11504
-0.11703
-0.118953
-0.120808
-0.122596
-0.124315
-0.125966
-0.12758
-0.0822035
-0.0847988
-0.0873453
-0.0898411
-0.0922841
-0.0946726
-0.097005
-0.0992797
-0.101496
-0.103651
-0.105746
-0.107779
-0.109749
-0.111655
-0.113499
-0.115278
-0.116994
-0.118645
-0.120232
-0.12177
-0.0800699
-0.0825781
-0.0850398
-0.0874532
-0.0898169
-0.0921295
-0.0943896
-0.0965961
-0.0987478
-0.100844
-0.102883
-0.104865
-0.10679
-0.108655
-0.110462
-0.112209
-0.113896
-0.115524
-0.117092
-0.118605
0.0135012
-0.0279281
-0.0661644
-0.0992366
-0.131041
-0.161966
-0.191677
-0.220159
-0.247426
-0.273431
-0.298115
-0.321429
-0.343324
-0.363755
-0.382684
-0.400074
-0.415896
-0.430128
-0.442754
-0.453764
-0.00205542
-0.0354079
-0.0677898
-0.0955899
-0.122322
-0.148754
-0.174384
-0.199026
-0.222681
-0.245323
-0.266904
-0.287383
-0.306727
-0.324906
-0.341896
-0.357673
-0.372221
-0.385528
-0.397588
-0.408402
-0.017095
-0.0468935
-0.0746325
-0.0985067
-0.1213
-0.143737
-0.165458
-0.186297
-0.20628
-0.225424
-0.243715
-0.261135
-0.277671
-0.293312
-0.308046
-0.321864
-0.334761
-0.346734
-0.357782
-0.367911
-0.0292148
-0.0552846
-0.0783262
-0.0983217
-0.117577
-0.136546
-0.154939
-0.172627
-0.18963
-0.205967
-0.221629
-0.236606
-0.250888
-0.264472
-0.277351
-0.289524
-0.30099
-0.311748
-0.321804
-0.331161
-0.0379823
-0.0603529
-0.0793323
-0.0959897
-0.112237
-0.128284
-0.143868
-0.158899
-0.173396
-0.187373
-0.200826
-0.21375
-0.226138
-0.23799
-0.249304
-0.260079
-0.270316
-0.280017
-0.289185
-0.297826
-0.043439
-0.0625185
-0.0781959
-0.0921324
-0.105891
-0.119515
-0.132766
-0.145584
-0.15799
-0.169998
-0.181603
-0.192803
-0.203595
-0.213978
-0.223952
-0.233517
-0.242675
-0.251427
-0.259776
-0.267726
-0.0463453
-0.0625695
-0.0755637
-0.087262
-0.0989365
-0.110532
-0.121832
-0.1328
-0.143459
-0.153819
-0.163875
-0.173626
-0.18307
-0.192205
-0.201031
-0.209548
-0.217756
-0.225656
-0.233251
-0.240542
-0.0473417
-0.0610848
-0.0718999
-0.0817624
-0.0916992
-0.101601
-0.111279
-0.120706
-0.129906
-0.138886
-0.147641
-0.156169
-0.164466
-0.172533
-0.180367
-0.187967
-0.195334
-0.202467
-0.209366
-0.216032
-0.0468891
-0.0584971
-0.0675568
-0.0759282
-0.0844271
-0.0929233
-0.101254
-0.109401
-0.117383
-0.125206
-0.132865
-0.140356
-0.147677
-0.154824
-0.161797
-0.168593
-0.175211
-0.18165
-0.187909
-0.193988
-0.0453833
-0.0551832
-0.0628382
-0.0700044
-0.077319
-0.0846514
-0.0918654
-0.0989474
-0.105913
-0.112764
-0.119498
-0.126108
-0.132591
-0.138946
-0.145169
-0.151258
-0.157211
-0.163024
-0.168698
-0.174229
-0.0431653
-0.0514546
-0.0579885
-0.064181
-0.0705221
-0.0768925
-0.0831812
-0.0893772
-0.0954922
-0.101527
-0.107477
-0.113338
-0.119105
-0.124776
-0.130346
-0.135814
-0.141176
-0.146429
-0.151571
-0.156599
-0.0405131
-0.0475532
-0.0531936
-0.0585997
-0.0641424
-0.0697194
-0.0752422
-0.0807018
-0.0861061
-0.0914549
-0.0967432
-0.101966
-0.10712
-0.112201
-0.117205
-0.122128
-0.126969
-0.131722
-0.136386
-0.140957
-0.0376487
-0.0436646
-0.0485947
-0.0533669
-0.058257
-0.0631817
-0.0680724
-0.0729211
-0.0777327
-0.0825059
-0.087236
-0.0919181
-0.0965482
-0.101122
-0.105636
-0.110087
-0.11447
-0.118783
-0.123022
-0.127183
-0.0347511
-0.0399342
-0.0443016
-0.0485648
-0.0529244
-0.0573159
-0.0616873
-0.0660315
-0.070351
-0.0746439
-0.0789055
-0.0831312
-0.0873169
-0.0914586
-0.0955524
-0.0995945
-0.103581
-0.107509
-0.111374
-0.115173
-0.0319638
-0.0364764
-0.0404006
-0.044258
-0.04819
-0.0521492
-0.0560974
-0.0600283
-0.0639426
-0.0678378
-0.0717095
-0.0755535
-0.0793657
-0.0831421
-0.0868789
-0.0905723
-0.0942186
-0.0978143
-0.101356
-0.10484
-0.0294077
-0.0333893
-0.0369689
-0.0405073
-0.0441
-0.047714
-0.0513224
-0.0549197
-0.058505
-0.0620757
-0.0656277
-0.0691571
-0.0726598
-0.0761322
-0.0795706
-0.0829713
-0.0863307
-0.0896453
-0.0929119
-0.0961273
-0.0271765
-0.0307479
-0.0340652
-0.0373589
-0.040689
-0.0440341
-0.0473761
-0.0507101
-0.0540346
-0.0573466
-0.0606425
-0.0639185
-0.0671711
-0.0703966
-0.0735917
-0.0767527
-0.0798764
-0.0829595
-0.0859988
-0.0889913
-0.0253732
-0.0286483
-0.0317786
-0.0348958
-0.0380345
-0.0411818
-0.044326
-0.0474631
-0.0505908
-0.0537063
-0.0568062
-0.059887
-0.0629455
-0.0659784
-0.0689824
-0.0719544
-0.0748913
-0.07779
-0.0806476
-0.0834614
-0.024052
-0.0271334
-0.0301436
-0.0331459
-0.0361576
-0.0391718
-0.0421813
-0.0451829
-0.0481742
-0.0511523
-0.0541143
-0.0570573
-0.0599781
-0.0628738
-0.0657416
-0.0685785
-0.0713817
-0.0741484
-0.076876
-0.0795618
-0.0233715
-0.0263848
-0.029361
-0.0323274
-0.0352927
-0.0382531
-0.0412038
-0.044142
-0.0470651
-0.0499708
-0.0528563
-0.0557193
-0.058557
-0.0613671
-0.0641472
-0.0668948
-0.0696078
-0.0722839
-0.0749209
-0.0775169
0.219118
0.219365
0.21994
0.220907
0.22224
0.223932
0.225966
0.228308
0.230899
0.233639
0.236361
0.238794
0.240498
0.240776
0.23851
0.231892
0.218241
0.192401
0.149585
0.0646365
0.215198
0.215396
0.215868
0.216659
0.217742
0.219099
0.220699
0.22249
0.224391
0.226272
0.227925
0.229035
0.229104
0.22737
0.222666
0.213134
0.196222
0.166895
0.121906
0.0411005
0.210914
0.211075
0.211453
0.21207
0.212901
0.213918
0.215079
0.216319
0.217535
0.218574
0.219205
0.219081
0.217681
0.214227
0.207583
0.19597
0.177156
0.146666
0.102846
0.0308049
0.206231
0.206345
0.206607
0.207028
0.207577
0.208219
0.2089
0.209539
0.210016
0.210158
0.20971
0.208302
0.2054
0.200227
0.191699
0.178172
0.157722
0.126631
0.0837267
0.0186802
0.201135
0.201196
0.201334
0.201543
0.201794
0.202041
0.20222
0.202236
0.201955
0.201186
0.199657
0.196986
0.192638
0.185859
0.175637
0.160503
0.138807
0.107615
0.0657426
0.00694454
0.195618
0.195624
0.195632
0.195625
0.195568
0.195411
0.19508
0.19447
0.193435
0.191772
0.189203
0.185345
0.179679
0.171497
0.15988
0.143566
0.12116
0.090489
0.0503422
-0.00234549
0.189678
0.189628
0.189504
0.189276
0.188908
0.188344
0.187504
0.186275
0.184505
0.181986
0.178442
0.1735
0.166674
0.157322
0.144637
0.127574
0.104987
0.0753778
0.0375837
-0.00930792
0.183328
0.183219
0.182962
0.182514
0.181836
0.18087
0.179531
0.177703
0.175233
0.171914
0.16748
0.161583
0.153779
0.143505
0.130077
0.112663
0.0903549
0.0621994
0.0271463
-0.0144201
0.17659
0.176423
0.176036
0.175372
0.174392
0.173037
0.171221
0.168829
0.16571
0.161667
0.156451
0.149747
0.141163
0.130223
0.116367
0.0989595
0.0773116
0.0508739
0.0187621
-0.0179713
0.169507
0.169285
0.168772
0.167902
0.166635
0.164914
0.162656
0.159748
0.156048
0.151373
0.1455
0.13815
0.128993
0.117639
0.103647
0.0865539
0.0658619
0.0413035
0.0121858
-0.0201939
0.162145
0.16187
0.161239
0.160178
0.158646
0.156592
0.153935
0.150573
0.146372
0.141172
0.134777
0.126951
0.117424
0.10589
0.0920182
0.0754872
0.0559596
0.0333511
0.00715625
-0.0213369
0.154589
0.154266
0.153528
0.152296
0.150529
0.148181
0.145181
0.141434
0.136825
0.131213
0.124434
0.116297
0.106591
0.0950852
0.0815432
0.065757
0.0475172
0.0268493
0.00341084
-0.0216489
0.146956
0.14659
0.145761
0.14438
0.142413
0.139818
0.136534
0.13248
0.127556
0.121647
0.11462
0.106327
0.096609
0.0853022
0.0722484
0.0573251
0.0404196
0.0216169
0.000704148
-0.0213579
0.13939
0.138989
0.138082
0.136581
0.13445
0.131659
0.128155
0.123872
0.118728
0.112631
0.10548
0.0971643
0.0875712
0.0765924
0.0641312
0.0501276
0.0345372
0.0174716
-0.00118431
-0.020664
0.132068
0.131639
0.130672
0.129077
0.126822
0.123884
0.120224
0.115787
0.110509
0.104322
0.0971508
0.0889191
0.0795526
0.0689861
0.0571695
0.044086
0.0297368
0.0142407
-0.00244727
-0.0197375
0.125201
0.12475
0.12374
0.122078
0.119736
0.1167
0.11294
0.108414
0.103077
0.0968783
0.0897672
0.0816947
0.0726171
0.0625018
0.0513318
0.039119
0.0258933
0.0117694
-0.00324856
-0.0187205
0.119035
0.118571
0.117531
0.115826
0.11343
0.110336
0.106523
0.101963
0.0966222
0.0904675
0.0834675
0.0755944
0.0668275
0.0571575
0.0465901
0.0351548
0.0228983
0.00992628
-0.00372346
-0.0177289
0.113858
0.113385
0.112328
0.110599
0.108175
0.105054
0.101224
0.0966646
0.0913547
0.0852736
0.0784041
0.0707342
0.0622592
0.0529857
0.0429339
0.0321434
0.0206697
0.00860878
-0.00397992
-0.0168633
0.11
0.109522
0.108458
0.106718
0.104283
0.101155
0.0973263
0.0927855
0.0875179
0.0815119
0.07476
0.0672604
0.0590189
0.0500516
0.0403871
0.0300704
0.0191608
0.00774654
-0.004099
-0.0161983
0.107849
0.107369
0.106301
0.104558
0.102121
0.0989926
0.095171
0.0906467
0.0854098
0.079453
0.0727741
0.0653764
0.0572708
0.048478
0.0390307
0.0289757
0.0183738
0.00730823
-0.00414229
-0.0158348
0.253125
0.253561
0.254702
0.256619
0.25932
0.262869
0.267337
0.272821
0.279442
0.287357
0.296749
0.307874
0.320995
0.336558
0.354879
0.376823
0.402545
0.433824
0.47004
0.513581
0.251937
0.252365
0.253484
0.25537
0.258027
0.261519
0.265915
0.27131
0.277819
0.285596
0.294816
0.305727
0.318576
0.333801
0.351666
0.37306
0.397944
0.428311
0.462744
0.504798
0.250691
0.251111
0.252207
0.25406
0.256672
0.260105
0.264425
0.269724
0.276114
0.283743
0.292776
0.303455
0.316004
0.330853
0.348207
0.368971
0.392887
0.422176
0.454481
0.494711
0.24939
0.249801
0.250873
0.252692
0.255256
0.258627
0.262867
0.268066
0.274329
0.281799
0.290632
0.301059
0.313282
0.327716
0.344504
0.364558
0.387381
0.415425
0.445264
0.48334
0.248034
0.248436
0.249484
0.251267
0.253782
0.257087
0.261244
0.266336
0.272466
0.279767
0.288387
0.298542
0.310413
0.324395
0.340562
0.359826
0.381433
0.408065
0.435111
0.470708
0.246623
0.247017
0.24804
0.249787
0.252251
0.255488
0.259557
0.264538
0.270526
0.277649
0.286042
0.295908
0.307401
0.320892
0.336388
0.354779
0.375055
0.400101
0.424044
0.456839
0.24516
0.245546
0.246544
0.248253
0.250664
0.253831
0.257809
0.262673
0.268514
0.275449
0.283602
0.29316
0.30425
0.317212
0.331985
0.349423
0.368257
0.391539
0.412089
0.44176
0.243646
0.244023
0.244996
0.246668
0.249024
0.252119
0.256002
0.260745
0.266431
0.273169
0.28107
0.290301
0.300964
0.31336
0.327362
0.343763
0.361053
0.382385
0.39928
0.425496
0.242082
0.242451
0.2434
0.245032
0.247333
0.250353
0.254138
0.258756
0.264281
0.270813
0.278448
0.287335
0.297547
0.309341
0.322524
0.337805
0.353456
0.372644
0.385653
0.408069
0.240469
0.240832
0.241756
0.243349
0.245594
0.248537
0.252221
0.256708
0.262066
0.268383
0.275742
0.284268
0.294005
0.30516
0.317479
0.331557
0.345482
0.362321
0.371255
0.389491
0.23881
0.239167
0.240066
0.241621
0.243808
0.246672
0.250253
0.254605
0.25979
0.265884
0.272954
0.281102
0.290342
0.300823
0.312234
0.325026
0.337145
0.351419
0.356135
0.369768
0.237105
0.237457
0.238334
0.239849
0.241978
0.244762
0.248236
0.25245
0.257456
0.263319
0.27009
0.277843
0.286564
0.296337
0.306796
0.318221
0.328461
0.339943
0.340352
0.348889
0.235357
0.235705
0.236561
0.238037
0.240107
0.242809
0.246174
0.250246
0.255067
0.260691
0.267152
0.274497
0.282676
0.291709
0.301173
0.311152
0.319444
0.327901
0.323968
0.326826
0.233567
0.233913
0.234748
0.236186
0.238196
0.240816
0.24407
0.247996
0.252628
0.258006
0.264147
0.271067
0.278685
0.286945
0.295373
0.303832
0.310107
0.315304
0.307047
0.30353
0.231737
0.232082
0.232899
0.234298
0.236249
0.238784
0.241925
0.245702
0.25014
0.255265
0.261075
0.267556
0.274592
0.28205
0.289398
0.296266
0.300452
0.30216
0.289642
0.278916
0.229868
0.230215
0.231015
0.232376
0.234267
0.236716
0.239741
0.243365
0.247603
0.252466
0.257934
0.26396
0.270391
0.277015
0.283238
0.288446
0.290463
0.288468
0.271779
0.252862
0.227962
0.228314
0.2291
0.230424
0.232256
0.234619
0.237527
0.240996
0.24503
0.249626
0.254743
0.260303
0.266109
0.271873
0.276929
0.280422
0.280187
0.274317
0.253561
0.22533
0.226023
0.226386
0.227164
0.228458
0.230236
0.23252
0.235318
0.238639
0.242478
0.246817
0.251594
0.256697
0.261889
0.266799
0.270684
0.272449
0.269906
0.260055
0.235315
0.196459
0.224052
0.22443
0.225206
0.226473
0.228203
0.230413
0.233106
0.236286
0.239939
0.244029
0.248476
0.253133
0.257719
0.261778
0.264479
0.264486
0.25952
0.24553
0.216631
0.165178
0.222036
0.222403
0.223146
0.224347
0.225981
0.228058
0.230578
0.233532
0.236894
0.24061
0.244571
0.24859
0.252331
0.255248
0.2564
0.254226
0.246291
0.227699
0.193831
0.127385
0.264375
0.264908
0.26622
0.268394
0.271438
0.275414
0.28039
0.28645
0.293695
0.30223
0.312172
0.323617
0.336645
0.351198
0.367166
0.383786
0.400499
0.413286
0.422531
0.409214
0.264363
0.264893
0.266213
0.268398
0.27146
0.275461
0.280473
0.286585
0.293902
0.302543
0.312639
0.324312
0.337681
0.352745
0.369503
0.387309
0.405885
0.42156
0.434611
0.431195
0.264296
0.264821
0.266139
0.26832
0.271377
0.275374
0.280381
0.286489
0.293809
0.302463
0.312593
0.324334
0.337836
0.353135
0.370315
0.388837
0.408649
0.426568
0.442647
0.447444
0.264175
0.264696
0.266013
0.268192
0.271247
0.275242
0.28025
0.286365
0.293698
0.30238
0.312563
0.324397
0.33806
0.35363
0.371264
0.390536
0.411561
0.431685
0.450629
0.462205
0.263999
0.264517
0.265833
0.268011
0.271065
0.27506
0.280071
0.286194
0.293544
0.30226
0.312502
0.324438
0.338272
0.354121
0.37221
0.392233
0.414426
0.436674
0.458377
0.475747
0.263766
0.264282
0.265596
0.267771
0.270822
0.274814
0.279825
0.28595
0.293312
0.302052
0.312342
0.324363
0.338343
0.35444
0.372936
0.393645
0.416896
0.441098
0.465434
0.487846
0.263477
0.263988
0.2653
0.267471
0.270516
0.274502
0.279507
0.28563
0.292995
0.301749
0.312072
0.32416
0.338262
0.35457
0.37342
0.394743
0.418941
0.44491
0.471753
0.498557
0.263128
0.263637
0.264945
0.267109
0.270146
0.274123
0.279118
0.285233
0.292594
0.301353
0.311698
0.323836
0.338035
0.354523
0.373678
0.395546
0.420589
0.448137
0.477347
0.507963
0.262721
0.263226
0.26453
0.266686
0.269712
0.273677
0.278658
0.284759
0.292109
0.300864
0.311218
0.323389
0.337662
0.354298
0.373709
0.396051
0.421839
0.450772
0.482182
0.516099
0.262254
0.262756
0.264054
0.2662
0.269213
0.273162
0.278125
0.284207
0.291539
0.30028
0.31063
0.322817
0.33714
0.353889
0.373506
0.396249
0.422679
0.452803
0.486216
0.522976
0.261727
0.262225
0.263516
0.265651
0.268648
0.272578
0.277519
0.283576
0.290882
0.2996
0.309932
0.322118
0.336465
0.353293
0.373064
0.396132
0.423099
0.45422
0.489411
0.528599
0.26114
0.261634
0.262916
0.265037
0.268017
0.271924
0.276837
0.282864
0.290137
0.298822
0.309123
0.321289
0.335634
0.352505
0.37238
0.395693
0.423088
0.455018
0.491735
0.532962
0.260492
0.260981
0.262253
0.264359
0.267318
0.271199
0.276081
0.282072
0.289304
0.297945
0.308202
0.32033
0.334647
0.351524
0.371448
0.394929
0.422638
0.455192
0.493157
0.536055
0.259783
0.260267
0.261527
0.263617
0.266552
0.270403
0.27525
0.281198
0.288381
0.296968
0.307167
0.319238
0.333501
0.350348
0.370267
0.393836
0.421741
0.454739
0.493655
0.537864
0.259013
0.259491
0.260739
0.262809
0.265719
0.269537
0.274343
0.280243
0.28737
0.295892
0.306019
0.318013
0.332195
0.348973
0.368834
0.39241
0.420391
0.453654
0.493206
0.538373
0.258182
0.258655
0.259888
0.261937
0.264818
0.2686
0.273361
0.279206
0.286269
0.294716
0.304756
0.316655
0.330728
0.3474
0.367146
0.39065
0.418581
0.451935
0.491795
0.537569
0.25729
0.257757
0.258974
0.261
0.26385
0.267592
0.272304
0.278089
0.285079
0.293441
0.30338
0.315163
0.329101
0.345628
0.365203
0.388554
0.416307
0.449581
0.489411
0.535439
0.256338
0.256798
0.257998
0.26
0.262816
0.266515
0.271172
0.276891
0.2838
0.292066
0.30189
0.313538
0.327313
0.343657
0.363004
0.386122
0.413567
0.446592
0.486046
0.531977
0.255326
0.255779
0.25696
0.258935
0.261716
0.265368
0.269966
0.275613
0.282434
0.290593
0.300287
0.311781
0.325365
0.341487
0.36055
0.383356
0.410359
0.442967
0.481695
0.527177
0.254255
0.2547
0.255862
0.257808
0.26055
0.264152
0.268687
0.274256
0.280981
0.289023
0.298573
0.309892
0.323259
0.33912
0.35784
0.380255
0.406684
0.43871
0.476358
0.521043
0.220126
0.219826
0.219159
0.218068
0.216531
0.214536
0.212065
0.209092
0.205585
0.201512
0.196841
0.191537
0.185572
0.178917
0.171551
0.163462
0.154648
0.14512
0.134895
0.124032
0.221466
0.221178
0.220535
0.219481
0.217993
0.216059
0.213656
0.210757
0.207326
0.203326
0.19872
0.193469
0.187536
0.180888
0.173497
0.165344
0.15642
0.146735
0.1363
0.125185
0.223831
0.223563
0.222965
0.22198
0.220586
0.218767
0.216496
0.21374
0.210456
0.206602
0.202129
0.19699
0.191134
0.184516
0.177095
0.168839
0.159728
0.149762
0.13894
0.12734
0.226929
0.226691
0.226155
0.225271
0.224014
0.222362
0.220286
0.217742
0.214683
0.211053
0.206792
0.201836
0.196121
0.189579
0.182152
0.173785
0.164441
0.154103
0.142757
0.130486
0.230503
0.230302
0.229848
0.229094
0.228015
0.226584
0.224764
0.222506
0.219751
0.216433
0.212475
0.207795
0.202304
0.195914
0.188533
0.180083
0.170493
0.159726
0.147746
0.134627
0.234333
0.234176
0.233821
0.233225
0.232362
0.231203
0.229701
0.227803
0.225438
0.222525
0.218973
0.214677
0.20952
0.203382
0.196137
0.187665
0.177857
0.166635
0.153941
0.139817
0.238235
0.238129
0.237887
0.237475
0.236864
0.236022
0.234898
0.23343
0.23154
0.229133
0.226099
0.222308
0.217615
0.211859
0.204871
0.196478
0.186521
0.174858
0.161404
0.146128
0.242063
0.242013
0.241896
0.241687
0.24136
0.240875
0.240181
0.23921
0.237876
0.236072
0.233671
0.230518
0.226434
0.221217
0.214641
0.20647
0.196474
0.184426
0.170208
0.153645
0.245702
0.245711
0.245729
0.24574
0.245718
0.245624
0.245403
0.244986
0.244282
0.243174
0.241519
0.239139
0.235822
0.231317
0.22534
0.217571
0.207698
0.195369
0.180431
0.162462
0.24907
0.249142
0.249298
0.249539
0.249839
0.250157
0.250443
0.250625
0.250612
0.250281
0.249478
0.248004
0.245615
0.242012
0.236843
0.229695
0.220156
0.207701
0.192148
0.172669
0.252113
0.252246
0.252544
0.25302
0.253648
0.254392
0.255203
0.256017
0.256741
0.257254
0.257394
0.256948
0.255644
0.253135
0.249004
0.242729
0.233785
0.221417
0.205427
0.184351
0.2548
0.254993
0.255431
0.256139
0.257095
0.258267
0.259612
0.261073
0.262565
0.263969
0.265125
0.265812
0.265737
0.264513
0.261657
0.256531
0.248489
0.236481
0.220317
0.197585
0.257116
0.257367
0.257941
0.258876
0.260153
0.261745
0.26362
0.265729
0.268
0.270324
0.272547
0.274449
0.275727
0.275963
0.274618
0.270934
0.264141
0.252822
0.236845
0.212425
0.259067
0.259372
0.260075
0.261226
0.262809
0.264806
0.267196
0.269942
0.272986
0.276237
0.279554
0.282728
0.285458
0.287307
0.287693
0.285743
0.280575
0.270328
0.254998
0.228899
0.260666
0.26102
0.261844
0.263197
0.265069
0.267449
0.270328
0.273687
0.277484
0.281648
0.286062
0.290537
0.294786
0.298369
0.300683
0.300753
0.297598
0.288863
0.274739
0.247036
0.261936
0.262335
0.263269
0.264809
0.266947
0.269682
0.27302
0.276956
0.281472
0.286521
0.292013
0.297789
0.303593
0.308999
0.313406
0.315761
0.315012
0.308288
0.296049
0.266952
0.262904
0.263343
0.264378
0.266088
0.268467
0.271527
0.275287
0.279761
0.284952
0.290841
0.297373
0.304428
0.311791
0.319072
0.325697
0.33057
0.332591
0.328407
0.318753
0.288628
0.263602
0.264076
0.265201
0.267063
0.269659
0.273012
0.277155
0.282121
0.287934
0.294608
0.302122
0.310402
0.319286
0.328432
0.337319
0.34484
0.349862
0.348626
0.341882
0.310871
0.26406
0.264564
0.265769
0.267764
0.27055
0.274162
0.278644
0.284046
0.290416
0.297795
0.306202
0.315608
0.325907
0.336819
0.347887
0.358027
0.366078
0.368038
0.364061
0.332074
0.264311
0.264837
0.266108
0.268212
0.271154
0.274981
0.279748
0.285523
0.292376
0.30038
0.309595
0.320046
0.331701
0.344367
0.357705
0.370729
0.382411
0.388699
0.38935
0.360486
0.116767
0.113812
0.110846
0.107857
0.104838
0.101789
0.0987124
0.0956117
0.0924886
0.0893451
0.0861832
0.0830051
0.0798131
0.0766094
0.0733962
0.0701759
0.0669507
0.0637229
0.0604949
0.0572689
0.117742
0.114735
0.111717
0.108678
0.105603
0.102491
0.0993447
0.0961682
0.0929632
0.0897319
0.0864766
0.0831999
0.0799044
0.0765927
0.0732676
0.0699318
0.0665881
0.0632395
0.0598888
0.0565389
0.119517
0.116346
0.11317
0.109984
0.10676
0.103494
0.100189
0.0968502
0.0934798
0.0900803
0.0866542
0.0832043
0.0797335
0.0762447
0.072741
0.0692253
0.0657008
0.0621707
0.058638
0.0551059
0.12215
0.11873
0.115307
0.111895
0.108448
0.104953
0.101414
0.0978391
0.0942296
0.0905883
0.0869179
0.0832214
0.0795019
0.0757624
0.0720064
0.0682369
0.0644574
0.0606713
0.056882
0.0530928
0.125646
0.121882
0.118116
0.114394
0.110643
0.106839
0.102988
0.0990983
0.095173
0.0912145
0.0872255
0.0832091
0.0791686
0.0751071
0.0710282
0.0669352
0.0628316
0.0587209
0.0546068
0.0504928
0.130092
0.125892
0.121679
0.117558
0.11342
0.109226
0.104981
0.100696
0.0963758
0.0920223
0.0876378
0.0832255
0.0787887
0.0743308
0.0698552
0.0653652
0.0608646
0.0563567
0.0518454
0.0473342
0.135575
0.130839
0.126064
0.121445
0.116832
0.112158
0.107431
0.102665
0.0978651
0.0930333
0.0881716
0.083283
0.0783707
0.073438
0.0684883
0.0635249
0.0585513
0.0535709
0.0485875
0.0436044
0.142209
0.136829
0.13136
0.126136
0.120951
0.115702
0.110396
0.105056
0.0996854
0.0942862
0.0888598
0.0834089
0.0779367
0.0724461
0.0669404
0.0614226
0.0558959
0.0503637
0.0448292
0.0392958
0.15011
0.143969
0.13766
0.131712
0.125848
0.119918
0.11393
0.107913
0.101873
0.0958097
0.0897242
0.0836188
0.0774963
0.0713593
0.0652106
0.0590528
0.0528889
0.0467217
0.040554
0.0343886
0.159404
0.152376
0.145062
0.138258
0.131598
0.124872
0.118087
0.111281
0.104463
0.0976307
0.0907838
0.0839243
0.0770546
0.0701767
0.0632928
0.056405
0.0495156
0.0426268
0.0357407
0.0288595
0.170224
0.162175
0.15367
0.145861
0.138279
0.130628
0.122918
0.1152
0.107485
0.0997691
0.0920494
0.0843279
0.0766063
0.0688863
0.0611692
0.0534565
0.0457495
0.0380497
0.0303582
0.0226763
0.182712
0.173499
0.163595
0.154619
0.145971
0.137252
0.128477
0.11971
0.110967
0.102239
0.0935241
0.0848224
0.0761355
0.0674644
0.0588095
0.0501715
0.0415509
0.0329481
0.0243632
0.0157961
0.197022
0.186499
0.174962
0.164637
0.154764
0.144819
0.134819
0.12485
0.114931
0.105051
0.0952038
0.0853913
0.0756144
0.0658734
0.0561681
0.0464983
0.0368636
0.0272634
0.0176967
0.00816199
0.213312
0.201336
0.187909
0.176034
0.164762
0.153412
0.142008
0.130666
0.119405
0.108212
0.09708
0.0860104
0.0750047
0.0640628
0.0531843
0.0423683
0.0316138
0.0209194
0.0102831
-0.000297857
0.231744
0.218167
0.202572
0.188935
0.176075
0.163122
0.150117
0.137208
0.12442
0.111733
0.0991425
0.0866509
0.0742606
0.0619721
0.0497852
0.0376994
0.0257136
0.0138261
0.00203431
-0.00966507
0.252534
0.237185
0.219109
0.20348
0.188826
0.174053
0.159226
0.144538
0.130014
0.115632
0.101387
0.0872869
0.0733361
0.0595374
0.0458923
0.0324023
0.0190675
0.00588746
-0.00713961
-0.0200167
0.275955
0.258675
0.237769
0.219893
0.203205
0.18635
0.169447
0.152733
0.136231
0.119917
0.103792
0.0878699
0.0721603
0.0566698
0.0414042
0.0263684
0.0115662
-0.0030005
-0.017331
-0.0314269
0.301846
0.282506
0.258435
0.238148
0.219221
0.200039
0.18083
0.161867
0.143155
0.124677
0.106447
0.0884867
0.0708134
0.0534413
0.0363839
0.0196531
0.00325865
-0.0127921
-0.0284945
-0.0438473
0.331021
0.309209
0.28192
0.259257
0.237814
0.216006
0.194224
0.172704
0.15144
0.130443
0.109755
0.0894167
0.0694615
0.0499219
0.0308275
0.0122053
-0.00592171
-0.0235342
-0.0406178
-0.0571643
0.362598
0.336081
0.306159
0.280488
0.255537
0.230546
0.205852
0.181505
0.157488
0.133839
0.110612
0.087857
0.0656246
0.0439636
0.0229205
0.00253889
-0.0171414
-0.0360854
-0.0542635
-0.071654
0.0540472
0.050832
0.0476255
0.0444299
0.0412475
0.0380802
0.0349301
0.0317994
0.0286899
0.0256036
0.0225424
0.0195081
0.0165025
0.0135272
0.010584
0.00767442
0.00480017
0.00196275
-0.000837447
-0.00360085
0.0531927
0.049853
0.0465228
0.0432048
0.0399018
0.0366165
0.0333516
0.0301096
0.026893
0.0237042
0.0205456
0.0174193
0.0143274
0.0112718
0.00825456
0.0052773
0.00234176
-0.000550526
-0.00339925
-0.00620567
0.0515777
0.0480564
0.044545
0.0410468
0.0375646
0.0341015
0.0306603
0.0272437
0.0238546
0.0204954
0.0171688
0.013877
0.0106225
0.00740716
0.00423325
0.00110266
-0.00198276
-0.00502127
-0.00801253
-0.0109587
0.0493074
0.0455289
0.0417608
0.0380064
0.0342691
0.0305519
0.0268582
0.0231908
0.0195528
0.015947
0.0123761
0.0088428
0.0053495
0.00189853
-0.00150782
-0.00486744
-0.00817837
-0.011439
-0.0146492
-0.0178071
0.0463825
0.0422794
0.038187
0.0341089
0.0300484
0.026009
0.0219938
0.0180062
0.0140492
0.0101258
0.00623879
0.00239102
-0.00141492
-0.00517659
-0.00889153
-0.0125574
-0.0161722
-0.0197351
-0.0232462
-0.0266914
0.0428268
0.0383267
0.0338374
0.0293626
0.0249058
0.0204704
0.0160598
0.0116771
0.00732555
0.00300823
-0.00127195
-0.00551212
-0.00970958
-0.0138617
-0.017966
-0.0220199
-0.026021
-0.0299705
-0.0338701
-0.0376771
0.0386253
0.0336536
0.0286928
0.0237463
0.0188178
0.0139103
0.00902734
0.0041719
-0.000652879
-0.005444
-0.0101986
-0.0149139
-0.0195871
-0.0242158
-0.0287972
-0.0333285
-0.0378073
-0.0422385
-0.0466295
-0.050881
0.0337668
0.0282452
0.0227343
0.0172374
0.0117575
0.00629781
0.000861124
-0.00454967
-0.0099318
-0.0152826
-0.0205996
-0.0258802
-0.031122
-0.0363229
-0.0414804
-0.0465914
-0.0516532
-0.056679
-0.0616917
-0.0664884
0.0282285
0.022076
0.0159341
0.00980522
0.00369208
-0.00240297
-0.00847765
-0.0145298
-0.0205574
-0.0265585
-0.0325313
-0.0384743
-0.044386
-0.050265
-0.0561101
-0.0619184
-0.0676868
-0.0734437
-0.0792511
-0.0847258
0.0219853
0.0151197
0.00826457
0.00142174
-0.00540722
-0.012221
-0.0190184
-0.0257985
-0.0325606
-0.0393042
-0.046029
-0.0527352
-0.0594232
-0.0660937
-0.0727481
-0.0793845
-0.085999
-0.0926464
-0.0994706
-0.105797
0.015005
0.00734472
-0.000303882
-0.00794027
-0.0155643
-0.0231763
-0.0307767
-0.0383664
-0.0459469
-0.05352
-0.0610878
-0.0686534
-0.0762201
-0.0837926
-0.0913766
-0.0989721
-0.106574
-0.114275
-0.12237
-0.12975
0.00724662
-0.0012863
-0.00980359
-0.0183064
-0.0267965
-0.0352763
-0.0437485
-0.0522167
-0.060685
-0.0691584
-0.0776426
-0.0861444
-0.0946716
-0.103234
-0.111844
-0.120503
-0.129202
-0.138089
-0.147694
-0.156306
-0.0013423
-0.010819
-0.0202708
-0.0297008
-0.0391131
-0.0485124
-0.0579044
-0.0672957
-0.0766937
-0.0861072
-0.0955463
-0.105022
-0.114548
-0.12414
-0.133816
-0.143582
-0.153417
-0.163542
-0.174815
-0.184748
-0.0108265
-0.0213072
-0.0317445
-0.0421434
-0.0525103
-0.0628527
-0.073179
-0.083499
-0.0938239
-0.104167
-0.114542
-0.124966
-0.135457
-0.146038
-0.156737
-0.167561
-0.178471
-0.189775
-0.202755
-0.213951
-0.0212764
-0.0328051
-0.044257
-0.0556394
-0.0669607
-0.0782308
-0.0894611
-0.100665
-0.111856
-0.123052
-0.134273
-0.145539
-0.156876
-0.168314
-0.179891
-0.191617
-0.203433
-0.215749
-0.230348
-0.242623
-0.0327487
-0.0453405
-0.0577992
-0.0701335
-0.0823538
-0.0944729
-0.106506
-0.11847
-0.130385
-0.142274
-0.154165
-0.166086
-0.178073
-0.190165
-0.202417
-0.214843
-0.227357
-0.240485
-0.256556
-0.269687
-0.0452926
-0.0589311
-0.0723498
-0.0855583
-0.0985683
-0.111395
-0.124055
-0.136572
-0.148972
-0.161286
-0.173551
-0.185812
-0.198118
-0.210534
-0.223139
-0.23597
-0.248918
-0.26264
-0.280076
-0.294063
-0.058855
-0.0735188
-0.0878484
-0.101857
-0.11556
-0.128979
-0.142137
-0.155063
-0.16779
-0.180357
-0.19281
-0.205201
-0.217592
-0.23006
-0.242708
-0.255584
-0.268546
-0.28237
-0.30076
-0.315628
-0.0731762
-0.0886513
-0.103605
-0.118059
-0.132046
-0.145606
-0.158787
-0.171648
-0.184252
-0.196673
-0.208989
-0.221285
-0.233651
-0.246192
-0.259044
-0.272296
-0.285784
-0.300394
-0.320986
-0.33889
-0.0882513
-0.104039
-0.119031
-0.133251
-0.146738
-0.159545
-0.171745
-0.183425
-0.194687
-0.205647
-0.216429
-0.227163
-0.237984
-0.249034
-0.260496
-0.272598
-0.285373
-0.299696
-0.322701
-0.353488
-0.0102277
-0.0202403
-0.029806
-0.0387943
-0.0470818
-0.0545549
-0.0611145
-0.0666836
-0.071211
-0.0746723
-0.0770692
-0.0784281
-0.0787986
-0.0782494
-0.076864
-0.0747362
-0.0719655
-0.0686532
-0.0648992
-0.0608008
-0.0564515
-0.0519417
-0.0473603
-0.0427946
-0.0383348
-0.0340688
-0.0300914
-0.0264827
-0.0233329
-0.0206858
-0.0185886
-0.017002
-0.0158384
-0.0149625
-0.0140077
-0.0129579
-0.0110369
-0.00907334
-0.00554499
-0.00309958
-0.0130646
-0.0232248
-0.0328356
-0.0418301
-0.0500849
-0.0574721
-0.0638906
-0.0692718
-0.0735766
-0.0767915
-0.0789288
-0.0800249
-0.0801388
-0.0793468
-0.0777387
-0.0754118
-0.0724673
-0.0690063
-0.0651273
-0.0609246
-0.0564885
-0.051906
-0.0472628
-0.042644
-0.0381388
-0.0338347
-0.0298287
-0.0262022
-0.0230504
-0.0204181
-0.0183583
-0.0168291
-0.0157415
-0.0149528
-0.0140758
-0.0130946
-0.0111881
-0.00923151
-0.0056129
-0.00318424
-0.0183248
-0.0287651
-0.038447
-0.0474409
-0.0556212
-0.0628323
-0.0689718
-0.0739901
-0.0778711
-0.0806223
-0.0822754
-0.0828855
-0.0825284
-0.0812946
-0.0792835
-0.076599
-0.0733443
-0.0696198
-0.0655201
-0.0611343
-0.0565462
-0.0518363
-0.0470848
-0.0423724
-0.0377866
-0.0334145
-0.0293567
-0.0256977
-0.0225412
-0.0199353
-0.0179413
-0.0165158
-0.0155639
-0.0149325
-0.0141986
-0.0133349
-0.0114722
-0.00949892
-0.0057756
-0.00329127
-0.0258748
-0.0366673
-0.0464077
-0.05536
-0.0633912
-0.0703076
-0.0760109
-0.0804829
-0.083741
-0.0858224
-0.0867862
-0.0867135
-0.0857029
-0.0838628
-0.081305
-0.07814
-0.0744729
-0.0704012
-0.0660134
-0.0613901
-0.0566055
-0.051731
-0.0468389
-0.0420042
-0.0373119
-0.0328491
-0.0287212
-0.0250175
-0.0218528
-0.0192809
-0.0173738
-0.0160868
-0.0153174
-0.0148984
-0.0143592
-0.0136535
-0.0118579
-0.00984955
-0.00601463
-0.00339533
-0.0356415
-0.0468188
-0.0565656
-0.0653992
-0.073169
-0.0796372
-0.0847213
-0.0884487
-0.0908804
-0.0920911
-0.0921745
-0.0912438
-0.0894243
-0.0868443
-0.0836284
-0.0798928
-0.0757423
-0.0712685
-0.0665507
-0.0616577
-0.0566514
-0.051591
-0.0465394
-0.0415645
-0.0367487
-0.0321791
-0.0279674
-0.0242089
-0.021032
-0.0184975
-0.0166905
-0.0155655
-0.015011
-0.0148439
-0.0145366
-0.0140191
-0.0123113
-0.0102512
-0.00631177
-0.00347705
-0.0476345
-0.0591686
-0.0688254
-0.0774201
-0.0847687
-0.0905924
-0.0948444
-0.0976119
-0.0990076
-0.0991505
-0.0981757
-0.0962328
-0.0934755
-0.0900519
-0.0860976
-0.0817319
-0.0770557
-0.0721514
-0.0670851
-0.0619104
-0.056674
-0.0514211
-0.0462031
-0.0410803
-0.0361324
-0.0314469
-0.0271426
-0.023322
-0.0201284
-0.0176304
-0.0159284
-0.014976
-0.014653
-0.0147595
-0.0147066
-0.014396
-0.0127948
-0.0106688
-0.00664992
-0.00351971
-0.0618681
-0.073663
-0.083099
-0.091289
-0.0980001
-0.102938
-0.106117
-0.107696
-0.107843
-0.106729
-0.104536
-0.101451
-0.0976554
-0.0933154
-0.0885734
-0.0835477
-0.0783308
-0.0729914
-0.0675788
-0.0621282
-0.0566684
-0.0512288
-0.0458487
-0.04058
-0.0354997
-0.0306962
-0.0262958
-0.0224085
-0.0191934
-0.0167272
-0.0151264
-0.0143441
-0.0142533
-0.0146365
-0.0148447
-0.0147481
-0.0132697
-0.0110683
-0.00701033
-0.00351125
-0.0782969
-0.0901901
-0.0992688
-0.106839
-0.11263
-0.116398
-0.118248
-0.118404
-0.117095
-0.114552
-0.111004
-0.106678
-0.101778
-0.0964818
-0.0909344
-0.0852473
-0.0794995
-0.0737418
-0.0680028
-0.0622968
-0.0566327
-0.0510232
-0.0454946
-0.0400907
-0.0348854
-0.0299688
-0.025474
-0.021519
-0.0182781
-0.0158355
-0.014325
-0.0136979
-0.0138245
-0.0144695
-0.0149306
-0.0150434
-0.0137002
-0.0114197
-0.00737313
-0.00344524
-0.09671
-0.108513
-0.117144
-0.123823
-0.128343
-0.130633
-0.130893
-0.129401
-0.12645
-0.122336
-0.117337
-0.11171
-0.105676
-0.0994194
-0.0930802
-0.0867569
-0.0805099
-0.074368
-0.0683364
-0.0624065
-0.0565666
-0.0508121
-0.0451563
-0.039635
-0.0343194
-0.0293005
-0.0247187
-0.0206985
-0.0174288
-0.0149998
-0.0135628
-0.0130663
-0.0133828
-0.0142587
-0.0149513
-0.0152572
-0.0140577
-0.0116993
-0.00771905
-0.00332078
-0.116617
-0.128214
-0.136415
-0.141862
-0.144712
-0.145223
-0.143657
-0.140321
-0.135584
-0.129806
-0.123308
-0.116365
-0.109211
-0.102026
-0.094937
-0.088025
-0.0813274
-0.0748479
-0.0685667
-0.0624516
-0.0564701
-0.0506006
-0.0448442
-0.0392287
-0.0338228
-0.0287182
-0.0240613
-0.0199822
-0.0166828
-0.0142573
-0.012874
-0.0124767
-0.0129462
-0.0140099
-0.0149022
-0.0153749
-0.0143228
-0.011891
-0.00803106
-0.00314151
-0.137184
-0.148694
-0.156612
-0.160418
-0.161202
-0.159689
-0.15611
-0.15079
-0.144186
-0.136716
-0.128727
-0.120506
-0.112285
-0.104234
-0.0964623
-0.0890258
-0.0819368
-0.0751729
-0.0686889
-0.0624297
-0.0563428
-0.0503906
-0.0445626
-0.0388794
-0.033407
-0.0282372
-0.0235215
-0.0193936
-0.0160664
-0.0136355
-0.0122852
-0.0119526
-0.012533
-0.0137331
-0.0147862
-0.0153913
-0.0144853
-0.0119863
-0.00829555
-0.00291434
-0.157303
-0.169253
-0.177108
-0.178816
-0.177228
-0.17354
-0.167834
-0.160471
-0.152001
-0.14288
-0.133466
-0.124049
-0.114851
-0.106021
-0.0976469
-0.0897583
-0.0823408
-0.0753463
-0.0687055
-0.0623416
-0.0561841
-0.0501807
-0.0443105
-0.0385872
-0.033074
-0.0278622
-0.023107
-0.0189434
-0.0155934
-0.0131507
-0.0118145
-0.0115117
-0.0121594
-0.0134408
-0.0146118
-0.0153093
-0.014544
-0.0119839
-0.00850304
-0.0026481
-0.175832
-0.189234
-0.197167
-0.19634
-0.192246
-0.186345
-0.178487
-0.169115
-0.15886
-0.148193
-0.137471
-0.126975
-0.116909
-0.1074
-0.0985103
-0.0902426
-0.0825571
-0.0753815
-0.0686248
-0.0621909
-0.0559935
-0.0499674
-0.0440824
-0.0383458
-0.032818
-0.0275885
-0.0228149
-0.0186314
-0.0152665
-0.0128086
-0.0114701
-0.0111648
-0.0118375
-0.0131454
-0.0143906
-0.0151381
-0.0145042
-0.0118879
-0.00864838
-0.00235237
-0.191931
-0.208163
-0.216053
-0.212373
-0.205848
-0.197794
-0.187848
-0.17659
-0.164698
-0.152636
-0.140752
-0.129313
-0.1185
-0.108415
-0.0990927
-0.0905132
-0.0826128
-0.075298
-0.0684589
-0.0619834
-0.0557713
-0.0497466
-0.043871
-0.0381456
-0.0326281
-0.0274051
-0.0226351
-0.018449
-0.0150791
-0.0126056
-0.0112519
-0.0109157
-0.0115748
-0.0128576
-0.0141351
-0.0148901
-0.0143757
-0.0117068
-0.00873042
-0.00203657
-0.205357
-0.225808
-0.233149
-0.226522
-0.21781
-0.207727
-0.195839
-0.182881
-0.169541
-0.15626
-0.143376
-0.131133
-0.119689
-0.109122
-0.0994435
-0.09061
-0.0825384
-0.0751174
-0.0682216
-0.0617255
-0.055518
-0.0495139
-0.0436679
-0.0379756
-0.0324913
-0.0272978
-0.0225528
-0.0183819
-0.0150186
-0.0125316
-0.0111531
-0.0107622
-0.011374
-0.0125858
-0.0138572
-0.0145795
-0.014171
-0.0114513
-0.00875133
-0.00170935
-0.216548
-0.242105
-0.248048
-0.238648
-0.228072
-0.216121
-0.202497
-0.188062
-0.173476
-0.159159
-0.145431
-0.132517
-0.12055
-0.109585
-0.0996132
-0.0905724
-0.0823632
-0.07486
-0.0679253
-0.0614234
-0.0552342
-0.0492653
-0.0434654
-0.0378249
-0.0323943
-0.0272517
-0.0225524
-0.0184145
-0.0150698
-0.0125731
-0.0111631
-0.0106982
-0.0112343
-0.0123353
-0.0135664
-0.0142196
-0.0139028
-0.0111332
-0.00871554
-0.00137816
-0.226374
-0.257019
-0.260635
-0.248858
-0.236717
-0.223078
-0.207957
-0.192271
-0.176638
-0.161454
-0.147029
-0.13356
-0.121162
-0.109868
-0.0996536
-0.0904411
-0.0821183
-0.0745489
-0.0675864
-0.0610872
-0.054925
-0.0490012
-0.0432598
-0.0376859
-0.0323262
-0.027253
-0.0226176
-0.0185287
-0.0152141
-0.0127124
-0.0112667
-0.0107134
-0.0111513
-0.0121095
-0.0132719
-0.0138246
-0.0135851
-0.0107656
-0.00862952
-0.00104935
-0.23591
-0.270471
-0.271234
-0.257581
-0.244053
-0.228883
-0.212482
-0.195733
-0.179216
-0.163307
-0.148299
-0.134368
-0.12161
-0.110042
-0.0996239
-0.0902663
-0.0818472
-0.074222
-0.0672378
-0.0607453
-0.0546132
-0.0487384
-0.0430606
-0.0375605
-0.0322803
-0.0272865
-0.0227251
-0.0186947
-0.0154171
-0.0129144
-0.0114317
-0.0107837
-0.011112
-0.01191
-0.0129852
-0.0134159
-0.0132389
-0.0103675
-0.00850396
-0.000728742
-0.247865
-0.282553
-0.280462
-0.265354
-0.250451
-0.23384
-0.216305
-0.198617
-0.181332
-0.164801
-0.149299
-0.134979
-0.121921
-0.110125
-0.0995388
-0.0900624
-0.0815654
-0.0738968
-0.0668981
-0.0604158
-0.0543148
-0.0484885
-0.0428732
-0.0374456
-0.0322443
-0.0273299
-0.0228433
-0.0188734
-0.0156352
-0.0131346
-0.0116182
-0.0108788
-0.0110986
-0.0117347
-0.012716
-0.0130138
-0.0128854
-0.00995728
-0.00835185
-0.000420452
-0.26922
-0.292693
-0.287136
-0.270905
-0.254886
-0.237119
-0.218746
-0.200369
-0.182535
-0.165566
-0.149721
-0.135134
-0.121869
-0.109914
-0.0992091
-0.0896471
-0.0810938
-0.0733955
-0.0663926
-0.0599308
-0.0538743
-0.0481147
-0.0425861
-0.0372613
-0.0321741
-0.0273772
-0.0230033
-0.0191274
-0.015954
-0.0134682
-0.0119159
-0.0110656
-0.0111464
-0.0115773
-0.0124314
-0.0125619
-0.0124771
-0.00949629
-0.00815913
-0.000119426
-0.298679
-0.294359
-0.286124
-0.269889
-0.25417
-0.236476
-0.21826
-0.199974
-0.182206
-0.16526
-0.149409
-0.134786
-0.121463
-0.109433
-0.0986428
-0.0889948
-0.0803645
-0.0726088
-0.0655784
-0.0591275
-0.0531266
-0.0474701
-0.0420904
-0.0369536
-0.0320828
-0.027514
-0.0233607
-0.0196707
-0.0166247
-0.0141753
-0.0125613
-0.0115254
-0.0113635
-0.0114636
-0.0121007
-0.0119937
-0.0119537
-0.00896826
-0.00790623
0.000127312
-0.318184
-0.295563
-0.286827
-0.269823
-0.253702
-0.235538
-0.217091
-0.19865
-0.180819
-0.163864
-0.148046
-0.13348
-0.120227
-0.108272
-0.0975562
-0.0879805
-0.0794204
-0.0717344
-0.0647756
-0.0584014
-0.0524846
-0.0469215
-0.0416452
-0.0366206
-0.0318679
-0.0274179
-0.0233768
-0.0197834
-0.0168078
-0.0143911
-0.0127682
-0.0116703
-0.0114197
-0.0113841
-0.0119291
-0.0117032
-0.0116768
-0.00866373
-0.00775338
0.000297089
-0.32784
-0.295755
-0.287547
-0.269512
-0.25289
-0.234208
-0.215525
-0.196954
-0.179108
-0.162203
-0.146484
-0.132039
-0.118917
-0.107091
-0.0964975
-0.0870328
-0.0785722
-0.0709747
-0.0640961
-0.0577965
-0.0519521
-0.0464621
-0.041262
-0.0363181
-0.0316499
-0.0272867
-0.0233297
-0.019812
-0.0168955
-0.0145131
-0.0128947
-0.0117623
-0.011455
-0.0113218
-0.0117956
-0.0114674
-0.011442
-0.0083891
-0.00760857
0.000463853
-0.331844
-0.295165
-0.28791
-0.268967
-0.251995
-0.232929
-0.214102
-0.195458
-0.17763
-0.160789
-0.145166
-0.130829
-0.117819
-0.1061
-0.0956044
-0.0862265
-0.0778425
-0.0703133
-0.0634975
-0.0572585
-0.051476
-0.0460519
-0.0409235
-0.0360579
-0.0314736
-0.0271972
-0.0233244
-0.0198819
-0.0170223
-0.01467
-0.0130497
-0.0118746
-0.0115013
-0.011261
-0.0116569
-0.0112205
-0.0111958
-0.00810333
-0.00745546
0.000630704
-0.333597
-0.294517
-0.288011
-0.268251
-0.25104
-0.231674
-0.212761
-0.194075
-0.176281
-0.159505
-0.143972
-0.129731
-0.116817
-0.105187
-0.094771
-0.0854637
-0.0771421
-0.0696699
-0.0629089
-0.0567261
-0.051004
-0.0456474
-0.0405947
-0.0358132
-0.0313193
-0.027136
-0.0233525
-0.0199881
-0.0171855
-0.0148604
-0.0132318
-0.0120049
-0.0115554
-0.0111971
-0.0115079
-0.0109569
-0.010934
-0.00780305
-0.0072928
0.000797882
-0.333906
-0.294018
-0.287906
-0.267414
-0.250028
-0.230413
-0.211447
-0.192738
-0.17499
-0.158282
-0.142837
-0.128687
-0.115861
-0.104311
-0.0939669
-0.0847221
-0.076456
-0.0690354
-0.0623254
-0.0561966
-0.0505348
-0.0452469
-0.0402726
-0.0355786
-0.0311788
-0.0270922
-0.0234006
-0.0201157
-0.0173696
-0.0150693
-0.0134284
-0.0121446
-0.0116131
-0.0111312
-0.0113525
-0.010683
-0.0106619
-0.00749252
-0.00712234
0.000964717
-0.333084
-0.293633
-0.287587
-0.266491
-0.248982
-0.229167
-0.210176
-0.191462
-0.173768
-0.157131
-0.14177
-0.127705
-0.11496
-0.103483
-0.0932013
-0.0840109
-0.0757933
-0.0684182
-0.061755
-0.0556775
-0.0500749
-0.044856
-0.0399613
-0.0353569
-0.0310535
-0.0270656
-0.0234673
-0.0202622
-0.0175716
-0.0152938
-0.0136369
-0.0122919
-0.0116738
-0.011064
-0.0111924
-0.0104012
-0.0103814
-0.00717336
-0.00694475
0.00113068
-0.331499
-0.293335
-0.287066
-0.265519
-0.247928
-0.227959
-0.208969
-0.190264
-0.172632
-0.156065
-0.140785
-0.126797
-0.114124
-0.102709
-0.0924802
-0.083335
-0.0751578
-0.067822
-0.0612005
-0.0551713
-0.0496262
-0.0444763
-0.0396624
-0.0351495
-0.0309447
-0.0270574
-0.0235536
-0.0204285
-0.0177921
-0.0155341
-0.0138574
-0.012447
-0.0117375
-0.0109957
-0.0110276
-0.0101118
-0.0100928
-0.00684603
-0.00676025
0.00129533
-0.329464
-0.293121
-0.286384
-0.264534
-0.246892
-0.226811
-0.207842
-0.189157
-0.171589
-0.15509
-0.139885
-0.125966
-0.113354
-0.10199
-0.0918046
-0.0826953
-0.0745504
-0.0672472
-0.0606627
-0.0546785
-0.0491895
-0.0441085
-0.0393763
-0.0349567
-0.0308525
-0.0270678
-0.0236595
-0.0206142
-0.0180305
-0.0157898
-0.0140894
-0.0126094
-0.0118041
-0.0109262
-0.0108586
-0.00981529
-0.0097965
-0.0065111
-0.00656915
0.00145825
-0.327209
-0.292979
-0.285591
-0.263573
-0.245896
-0.225738
-0.206804
-0.188148
-0.170645
-0.154209
-0.139071
-0.125211
-0.112651
-0.101328
-0.0911752
-0.0820925
-0.0739721
-0.066695
-0.0601426
-0.0542003
-0.0487657
-0.0437533
-0.0391038
-0.0347789
-0.030777
-0.0270963
-0.0237843
-0.0208186
-0.0182859
-0.0160597
-0.0143319
-0.0127784
-0.0118731
-0.0108558
-0.0106857
-0.00951245
-0.00949326
-0.00616936
-0.00637188
0.00161897
-0.324908
-0.2929
-0.284743
-0.262668
-0.244963
-0.224757
-0.205868
-0.187244
-0.169805
-0.153426
-0.138347
-0.124536
-0.112016
-0.100723
-0.0905933
-0.0815281
-0.0734242
-0.0661669
-0.0596419
-0.0537381
-0.0483562
-0.0434119
-0.0388456
-0.0346165
-0.0307184
-0.0271427
-0.0239272
-0.0210405
-0.018557
-0.0163426
-0.0145838
-0.0129532
-0.0119443
-0.0107847
-0.0105094
-0.00920418
-0.00918386
-0.00582168
-0.00616891
0.00177702
-0.322709
-0.292879
-0.283896
-0.261846
-0.244116
-0.223884
-0.205042
-0.186453
-0.169072
-0.152744
-0.137714
-0.123942
-0.111451
-0.100178
-0.0900603
-0.0810037
-0.0729085
-0.0656647
-0.0591622
-0.0532937
-0.0479625
-0.0430856
-0.0386026
-0.0344702
-0.0306766
-0.0272066
-0.0240876
-0.0212788
-0.0188424
-0.0166371
-0.0148438
-0.0131331
-0.0120173
-0.0107131
-0.0103303
-0.0088914
-0.00886914
-0.00546899
-0.00596077
0.00193195
-0.320731
-0.292919
-0.283105
-0.261131
-0.243374
-0.223131
-0.204337
-0.185781
-0.168452
-0.152165
-0.137174
-0.123429
-0.110957
-0.0996927
-0.0895777
-0.0805207
-0.0724269
-0.0651903
-0.0587055
-0.0528689
-0.0475863
-0.0427757
-0.0383757
-0.0343402
-0.0306516
-0.0272874
-0.0242645
-0.0215324
-0.0191409
-0.0169418
-0.0151108
-0.0133171
-0.0120917
-0.0106411
-0.0101489
-0.00857509
-0.00854997
-0.00511228
-0.00574802
0.00208329
-0.319079
-0.293026
-0.282422
-0.260544
-0.242757
-0.222511
-0.20376
-0.185232
-0.167946
-0.151692
-0.136729
-0.123
-0.110535
-0.0992689
-0.0891469
-0.0800812
-0.0719812
-0.0647458
-0.058274
-0.0524657
-0.0472292
-0.0424836
-0.038166
-0.0342273
-0.0306435
-0.0273848
-0.024457
-0.0217999
-0.0194508
-0.0172553
-0.0153836
-0.0135045
-0.0121672
-0.010569
-0.00996578
-0.00825626
-0.00822729
-0.00475259
-0.00553129
0.00223058
-0.317836
-0.293208
-0.281893
-0.260102
-0.242282
-0.222032
-0.203316
-0.18481
-0.167558
-0.151325
-0.136379
-0.122655
-0.110186
-0.0989079
-0.0887696
-0.0796867
-0.0715736
-0.0643335
-0.0578699
-0.0520863
-0.0468933
-0.0422108
-0.0379745
-0.0341317
-0.0306521
-0.027498
-0.0246638
-0.0220798
-0.0197707
-0.017576
-0.0156608
-0.0136944
-0.0122434
-0.010497
-0.00978161
-0.00793597
-0.00790207
-0.004391
-0.00531121
0.00237337
-0.317075
-0.293477
-0.281559
-0.259819
-0.241961
-0.221702
-0.203012
-0.184518
-0.167288
-0.151066
-0.136124
-0.122394
-0.10991
-0.0986109
-0.0884473
-0.0793394
-0.0712062
-0.0639557
-0.0574955
-0.0517328
-0.0465804
-0.0419589
-0.0378022
-0.0340541
-0.0306774
-0.0276264
-0.024884
-0.0223708
-0.0200988
-0.0179023
-0.0159412
-0.0138859
-0.01232
-0.0104254
-0.00959703
-0.00761535
-0.00757537
-0.00402868
-0.0050885
0.00251121
-0.316857
-0.293843
-0.28145
-0.259704
-0.241805
-0.221527
-0.202849
-0.184358
-0.167138
-0.150915
-0.135966
-0.122219
-0.10971
-0.0983792
-0.0881816
-0.0790412
-0.0708813
-0.0636147
-0.0571533
-0.0514076
-0.0462927
-0.0417295
-0.0376503
-0.033995
-0.0307193
-0.0277694
-0.0251164
-0.0226712
-0.0204336
-0.0182327
-0.0162234
-0.0140782
-0.0123966
-0.0103545
-0.00941271
-0.00729551
-0.00724823
-0.00366681
-0.00486389
0.00264366
-0.317228
-0.294316
-0.281593
-0.259765
-0.241824
-0.221509
-0.20283
-0.184331
-0.167107
-0.150872
-0.135904
-0.122129
-0.109585
-0.098214
-0.0879743
-0.0787941
-0.0706013
-0.0633132
-0.0568457
-0.051113
-0.0460319
-0.0415241
-0.0375197
-0.0339546
-0.0307774
-0.027926
-0.0253597
-0.0229798
-0.0207735
-0.0185658
-0.0165064
-0.0142707
-0.0124731
-0.0102845
-0.00922919
-0.00697734
-0.00692139
-0.00330621
-0.00463778
0.00277038
-0.318226
-0.294904
-0.282004
-0.260006
-0.24202
-0.22165
-0.202956
-0.184435
-0.167195
-0.150936
-0.135938
-0.122125
-0.109537
-0.0981165
-0.0878271
-0.0786004
-0.0703687
-0.0630536
-0.0565754
-0.0508514
-0.0458004
-0.0413444
-0.0374114
-0.0339335
-0.0308517
-0.0280956
-0.0256126
-0.0232946
-0.0211168
-0.0188998
-0.0167887
-0.0144624
-0.0125492
-0.0102158
-0.00904738
-0.00666234
-0.0065964
-0.0029486
-0.00441138
0.00289087
-0.31988
-0.295614
-0.282695
-0.260429
-0.242396
-0.22195
-0.203225
-0.184671
-0.167401
-0.151107
-0.136069
-0.122207
-0.109565
-0.0980881
-0.0877418
-0.078462
-0.0701856
-0.0628385
-0.0563448
-0.0506251
-0.0456
-0.0411918
-0.0373266
-0.033932
-0.0309419
-0.0282775
-0.0258741
-0.0236147
-0.0214621
-0.0192337
-0.0170697
-0.0146528
-0.0126248
-0.0101487
-0.00886774
-0.00635114
-0.00627369
-0.00259441
-0.00418472
0.00300487
)
;

boundaryField
{
    inlet
    {
        type            freestreamPressure;
        freestreamValue uniform 0;
        supersonic      false;
        value           nonuniform List<scalar> 
80
(
0.219118
0.215198
0.210914
0.206231
0.201135
0.195618
0.189678
0.183328
0.17659
0.169507
0.162145
0.154589
0.146956
0.13939
0.132068
0.125201
0.119035
0.113858
0.11
0.107849
0.253125
0.251937
0.250691
0.24939
0.248034
0.246623
0.24516
0.243646
0.242082
0.240469
0.23881
0.237105
0.235357
0.233567
0.231737
0.229868
0.227962
0.226023
0.224052
0.222036
0.264375
0.264363
0.264296
0.264175
0.263999
0.263766
0.263477
0.263128
0.262721
0.262254
0.261727
0.26114
0.260492
0.259783
0.259013
0.258182
0.25729
0.256338
0.255326
0.254255
0.220126
0.221466
0.223831
0.226929
0.230503
0.234333
0.238235
0.242063
0.245702
0.24907
0.252113
0.2548
0.257116
0.259067
0.260666
0.261936
0.262904
0.263602
0.26406
0.264311
)
;
    }
    outlet
    {
        type            freestreamPressure;
        freestreamValue uniform 0;
        supersonic      false;
        value           nonuniform List<scalar> 
80
(
4.4934e-07
3.59235e-07
2.79227e-07
2.10164e-07
1.5268e-07
1.06784e-07
7.17502e-08
4.62464e-08
2.85717e-08
1.69155e-08
9.58911e-09
5.18487e-09
2.6411e-09
1.2265e-09
4.75348e-10
1.08179e-10
-3.85717e-11
-6.41381e-11
-3.58815e-11
-4.85453e-12
1.88383e-06
1.84789e-06
1.8015e-06
1.74564e-06
1.68169e-06
1.61085e-06
1.53448e-06
1.45386e-06
1.37026e-06
1.28488e-06
1.19886e-06
1.11323e-06
1.02891e-06
9.46695e-07
8.67274e-07
7.91202e-07
7.18938e-07
6.50852e-07
5.87075e-07
5.27212e-07
1.18057e-07
2.76104e-07
4.31163e-07
5.85081e-07
7.37028e-07
8.85315e-07
1.02839e-06
1.16482e-06
1.29324e-06
1.41233e-06
1.52089e-06
1.61786e-06
1.70232e-06
1.77355e-06
1.831e-06
1.87436e-06
1.90351e-06
1.91862e-06
1.91997e-06
1.90813e-06
-5.86899e-09
-5.24555e-08
-1.44394e-07
-2.81251e-07
-4.59567e-07
-6.70236e-07
-8.98159e-07
-1.12392e-06
-1.32668e-06
-1.48732e-06
-1.59096e-06
-1.62859e-06
-1.59746e-06
-1.50063e-06
-1.3458e-06
-1.14378e-06
-9.07149e-07
-6.4935e-07
-3.82605e-07
-1.10113e-07
)
;
    }
    top
    {
        type            symmetryPlane;
    }
    bottom
    {
        type            symmetryPlane;
    }
    cylinder
    {
        type            zeroGradient;
    }
    frontandback
    {
        type            empty;
    }
}


// ************************************************************************* //
