/*--------------------------------*- C++ -*----------------------------------*\
  =========                 |
  \\      /  F ield         | OpenFOAM: The Open Source CFD Toolbox
   \\    /   O peration     | Website:  https://openfoam.org
    \\  /    A nd           | Version:  6.0
     \\/     M anipulation  |
\*---------------------------------------------------------------------------*/
FoamFile
{
    version     2.0;
    format      ascii;
    class       surfaceScalarField;
    location    "23.9995";
    object      phi;
}
// * * * * * * * * * * * * * * * * * * * * * * * * * * * * * * * * * * * * * //

dimensions      [0 3 -1 0 0 0 0];

internalField   nonuniform List<scalar> 
4670
(
0.0139366
-0.771581
0.757645
0.0382887
-0.805147
0.780795
0.0628563
-0.838814
0.814247
0.0849711
-0.84362
0.821505
0.104943
-0.835843
0.815871
0.123723
-0.82444
0.80566
0.142075
-0.813631
0.79528
0.160365
-0.804686
0.786396
0.178907
-0.797728
0.779186
-0.794973
0.775601
0.198278
0.0142163
-0.785798
0.0377256
-0.828656
0.0608726
-0.861961
0.0814173
-0.864165
0.0998935
-0.854319
0.117316
-0.841863
0.134393
-0.830708
0.151397
-0.821689
0.168585
-0.814917
-0.81284
0.186453
0.0140777
-0.799875
0.0363772
-0.850956
0.0578233
-0.883407
0.0765182
-0.88286
0.0932054
-0.871007
0.108959
-0.857616
0.124418
-0.846167
0.13971
-0.836982
0.154962
-0.830168
-0.828295
0.170416
0.0135149
-0.81339
0.0342881
-0.871729
0.0538143
-0.902934
0.0704855
-0.899531
0.0851819
-0.885703
0.0990056
-0.87144
0.112607
-0.859769
0.126182
-0.850557
0.139938
-0.843924
-0.842329
0.153972
0.0125564
-0.825947
0.0315002
-0.890673
0.0489332
-0.920366
0.0634869
-0.914085
0.0760953
-0.898312
0.0877531
-0.883097
0.099019
-0.871035
0.110248
-0.861787
0.122064
-0.855739
-0.855143
0.134878
0.0112595
-0.837206
0.0281105
-0.907524
0.043233
-0.935489
0.0555355
-0.926387
0.0660476
-0.908824
0.0756169
-0.892667
0.0845054
-0.879923
0.0930073
-0.870288
0.102315
-0.865047
-0.8669
0.114072
0.00977926
-0.846985
0.0243843
-0.922129
0.0369569
-0.948062
0.0466584
-0.936089
0.0547563
-0.916922
0.0622602
-0.900171
0.0692981
-0.886961
0.0755347
-0.876525
0.0813248
-0.870837
-0.873069
0.0874939
0.00835897
-0.855344
0.0208339
-0.934604
0.0308223
-0.95805
0.0375694
-0.942836
0.0424446
-0.921797
0.0468787
-0.904605
0.051787
-0.891869
0.0569344
-0.881673
0.059715
-0.873618
-0.865803
0.0524495
0.0072387
-0.862583
0.0179655
-0.94533
0.0257663
-0.965851
0.0298459
-0.946915
0.0311584
-0.92311
0.0306368
-0.904083
0.0295147
-0.890747
0.029849
-0.882007
0.0321462
-0.875915
-0.860603
0.0269459
0.00661249
-0.869195
0.0160271
-0.954745
0.0223097
-0.972133
0.0247805
-0.949386
0.0239918
-0.922321
0.0195636
-0.899655
0.0102279
-0.881412
-0.00346456
-0.868314
-0.010231
-0.869149
-0.905975
0.0351408
0.934666
0.00917395
-0.94384
0.925485
0.00918077
0.916499
0.0089858
0.907949
0.00855073
0.899989
0.00796003
0.892742
0.0072468
0.886178
0.00656364
0.880236
0.00594225
0.874665
0.00557117
0.00546932
1.02712
0.0151871
-1.03313
1.02009
0.016208
1.01235
0.0167236
1.00418
0.0167271
0.995827
0.0163092
0.987515
0.0155595
0.97932
0.0147588
0.97125
0.0140122
0.963179
0.0136421
0.0139032
1.0133
0.0170442
-1.01516
1.01033
0.0191826
1.00649
0.0205609
1.00207
0.021151
0.997313
0.0210612
0.992386
0.0204861
0.987494
0.0196508
0.982648
0.0188591
0.97764
0.0186496
0.0194098
0.97082
0.017937
-0.971713
0.969011
0.0209926
0.96649
0.0230817
0.963645
0.0239954
0.960673
0.0240334
0.957854
0.0233052
0.955338
0.0221666
0.95314
0.0210571
0.951311
0.0204783
0.0213347
0.938256
0.0197526
-0.940072
0.935738
0.0235109
0.93257
0.0262495
0.929456
0.0271093
0.926417
0.0270727
0.924046
0.0256768
0.922245
0.0239677
0.921306
0.0219957
0.921503
0.020281
0.0205171
0.915857
0.0228819
-0.918987
0.912276
0.0270918
0.907823
0.0307032
0.903913
0.0310186
0.899882
0.0311045
0.897365
0.0281934
0.895398
0.0259344
0.895214
0.0221802
0.89637
0.0191249
0.0172321
0.898218
0.0272413
-0.902577
0.893854
0.0314551
0.888042
0.0365161
0.883637
0.0354229
0.877997
0.0367452
0.875337
0.0308526
0.872249
0.0290225
0.874047
0.0203822
0.875116
0.0180562
0.0109366
0.881878
0.0328015
-0.887438
0.877131
0.0362019
0.87
0.0436472
0.865839
0.0395839
0.858045
0.0445384
0.855572
0.0333261
0.848993
0.0356017
0.855086
0.0142889
0.856336
0.0168058
-0.00104123
0.865736
0.0398235
-0.872758
0.860803
0.041135
0.852447
0.0520035
0.849207
0.0428241
0.839458
0.0542871
0.837457
0.0353275
0.824921
0.0481379
0.833222
0.00598764
0.839091
0.0109369
-0.0310992
0.850494
-0.859523
0.0488523
0.845175
0.0464541
0.835891
0.0612873
0.833631
0.0450843
0.823209
0.0647095
0.821408
0.0371276
0.803992
0.0655542
0.803413
0.00656632
0.809359
0.0049918
-0.127716
0.974764
-0.00341315
-0.971351
0.977241
-0.00247697
0.97834
-0.00109871
0.977782
0.00055726
0.975505
0.00227696
0.971611
0.00389425
0.966236
0.00537479
0.959639
0.00659731
0.952056
0.00758268
0.00821619
1.00693
-0.0157914
-0.994547
1.01776
-0.0133129
1.02683
-0.0101628
1.03385
-0.00646475
1.03869
-0.00256359
1.04138
0.00120247
1.04202
0.00473945
1.04074
0.00787367
1.03772
0.0106
0.0128068
0.955065
-0.031568
-0.939288
0.969412
-0.0276599
0.981967
-0.0227181
0.992506
-0.0170033
1.00097
-0.0110297
1.00744
-0.00527048
1.012
0.000180503
1.01472
0.00515292
1.01573
0.00959647
0.0133767
0.90839
-0.0477525
-0.892205
0.923128
-0.0423985
0.935884
-0.0354736
0.946493
-0.0276124
0.955065
-0.0196015
0.961789
-0.0119945
0.966686
-0.00471634
0.969883
0.00195544
0.971472
0.00800775
0.0131353
0.885332
-0.0639824
-0.869101
0.899773
-0.0568401
0.91165
-0.0473509
0.921168
-0.0371306
0.928679
-0.0271124
0.934365
-0.0176805
0.938122
-0.00847333
0.940229
-0.000151214
0.94074
0.00749672
0.0138034
0.873165
-0.0810771
-0.85607
0.887477
-0.0711517
0.898243
-0.058117
0.90669
-0.0455774
0.913315
-0.0337374
0.918001
-0.0223667
0.920529
-0.0110012
0.921469
-0.00109141
0.920742
0.00822399
0.0155584
0.863747
-0.0998768
-0.844947
0.878074
-0.0854784
0.887522
-0.0675652
0.895213
-0.0532688
0.901325
-0.0398496
0.905194
-0.0262356
0.906714
-0.0125211
0.906822
-0.00119961
0.905118
0.00992802
0.0180996
0.854339
-0.118756
-0.83546
0.868577
-0.0997164
0.876973
-0.0759611
0.884264
-0.0605596
0.889722
-0.0453076
0.892648
-0.0291613
0.893371
-0.0132442
0.892986
-0.00081483
0.890512
0.0124023
0.0211737
0.844901
-0.127776
-0.835881
0.857531
-0.112346
0.868309
-0.0867387
0.875258
-0.0675093
0.878748
-0.0487969
0.880295
-0.0307087
0.880382
-0.0133311
0.879677
-0.000110093
0.876413
0.0156667
0.0248282
0.836943
-0.864538
-0.100182
0.834455
-0.109859
0.864356
-0.116639
0.871012
-0.0741655
0.869264
-0.0470492
0.868967
-0.0304118
0.869032
-0.0133963
0.868197
0.000724798
0.864226
0.0196386
0.029531
0.113937
0.717387
-0.715671
-0.115654
0.108319
0.724326
-0.718708
0.0997623
0.726684
-0.718127
0.0887218
0.726639
-0.715598
0.0755802
0.726065
-0.712924
0.060486
0.727811
-0.712717
0.043408
0.739433
-0.722355
0.0247171
0.779568
-0.760877
0.00747873
0.855283
-0.838044
0.913623
-0.906144
0.117313
0.72409
-0.124015
0.109069
0.73257
0.0990142
0.736739
0.0873439
0.738309
0.0740749
0.739334
0.0591112
0.742775
0.0422858
0.756258
0.023959
0.797895
0.0072256
0.872016
0.920849
0.110033
0.72714
-0.113083
0.104452
0.738151
0.0962785
0.744912
0.0856402
0.748947
0.0728504
0.752124
0.0581052
0.75752
0.0414368
0.772927
0.0233242
0.816007
0.00696485
0.888376
0.927813
0.120085
0.737793
-0.130738
0.109614
0.748621
0.0983919
0.756135
0.0861683
0.761171
0.0726314
0.765661
0.0575821
0.77257
0.0408524
0.789657
0.0228485
0.834011
0.0068032
0.904421
0.934617
0.112993
0.740656
-0.115855
0.106747
0.754867
0.0977894
0.765092
0.0862274
0.772733
0.0726119
0.779277
0.057331
0.78785
0.0404761
0.806512
0.0225187
0.851968
0.00667412
0.920266
0.941291
0.125336
0.752484
-0.137164
0.113414
0.766789
0.100808
0.777698
0.0873149
0.786226
0.0728028
0.793789
0.0571319
0.803521
0.0400961
0.823547
0.0222127
0.869852
0.00655675
0.935922
0.947848
0.119219
0.751644
-0.118379
0.112206
0.773801
0.101148
0.788757
0.0876605
0.799713
0.07282
0.808629
0.0568282
0.819513
0.0396179
0.840758
0.0218206
0.887649
0.00639115
0.951351
0.954239
0.136531
0.765375
-0.150262
0.11925
0.791082
0.10269
0.805316
0.0875391
0.814864
0.0723379
0.82383
0.05614
0.835711
0.0389065
0.857991
0.021228
0.905328
0.00614931
0.96643
0.960388
0.138782
0.779413
-0.15282
0.117802
0.812062
0.101899
0.821219
0.0872306
0.829532
0.071528
0.839533
0.0548741
0.852365
0.0375866
0.875279
0.0202328
0.922681
0.00575005
0.980913
0.966138
0.13913
-0.224255
0.11531
0.10107
0.0856549
0.0691177
0.0523808
0.0354541
0.0188474
0.00521274
0.208413
0.595304
-0.617078
-0.186639
0.183485
0.596446
-0.571518
0.153538
0.581372
-0.551426
0.125857
0.566071
-0.538391
0.101025
0.552635
-0.527803
0.0779825
0.542027
-0.518984
0.0559301
0.541177
-0.519125
0.0342734
0.570699
-0.549042
0.0134051
0.656734
-0.635866
0.805838
-0.792432
0.190066
0.618537
-0.2133
0.169943
0.616569
0.148665
0.602651
0.126121
0.588615
0.103171
0.575585
0.0802769
0.564921
0.0575961
0.563858
0.0351013
0.593194
0.0135947
0.678241
0.819432
0.178818
0.64994
-0.21022
0.159922
0.635465
0.141396
0.621177
0.121908
0.608104
0.101295
0.596197
0.0797411
0.586475
0.0575615
0.586037
0.0349941
0.615762
0.0133239
0.699911
0.832756
0.17145
0.666747
-0.188257
0.154596
0.652319
0.136627
0.639146
0.117893
0.626838
0.0983651
0.615725
0.0778586
0.606982
0.0564143
0.607482
0.0341748
0.638001
0.0127381
0.721348
0.845494
0.162979
0.676264
-0.172496
0.148458
0.666839
0.13181
0.655793
0.113967
0.644681
0.0952441
0.634448
0.0755429
0.626683
0.0547364
0.628288
0.0329599
0.659777
0.0119829
0.742325
0.857477
0.154678
0.685551
-0.163965
0.14168
0.679837
0.126598
0.670876
0.110003
0.661275
0.092198
0.652254
0.0732132
0.645668
0.0529741
0.648527
0.0316292
0.681122
0.0111828
0.762771
0.86866
0.144109
0.694673
-0.153231
0.13297
0.690975
0.119783
0.684062
0.104873
0.676186
0.0884332
0.668693
0.0704922
0.663609
0.0510134
0.668006
0.0301849
0.701951
0.0103836
0.782573
0.879044
0.138219
0.70385
-0.147396
0.127444
0.70175
0.114838
0.696668
0.100655
0.69037
0.0850054
0.684343
0.0678424
0.680772
0.0490478
0.6868
0.0287974
0.722201
0.00967143
0.801698
0.888715
0.127504
0.709774
-0.133429
0.119168
0.710087
0.108495
0.707341
0.0958054
0.703059
0.0813381
0.69881
0.0651269
0.696983
0.0470916
0.704836
0.027479
0.741814
0.00899687
0.820181
0.897712
0.124673
-0.13057
0.116052
0.105266
0.0927271
0.0786132
0.0628788
0.0453595
0.0262964
0.00843254
-0.526121
0.209926
-0.300882
-0.508026
0.149681
-0.167776
-0.497604
0.140089
-0.150512
-0.497701
0.0804684
-0.0803714
-0.494977
0.0683224
-0.0710461
-0.497314
0.0285785
-0.0262417
-0.500043
0.0115243
-0.00879534
-0.507456
-0.0182844
0.0256974
-0.516574
-0.0361861
0.045304
-0.056598
-0.528644
0.0686689
-0.53082
0.169228
-0.512308
0.131169
-0.493353
0.121134
-0.491373
0.0784886
-0.486859
0.0638079
-0.489342
0.0310615
-0.491988
0.0141711
-0.499343
-0.0109292
-0.50817
-0.02736
-0.0451878
-0.51958
-0.522176
0.139978
-0.507545
0.116538
-0.488949
0.102538
-0.484459
0.0739993
-0.479067
0.0584155
-0.480887
0.0328812
-0.483426
0.0167107
-0.490434
-0.00392147
-0.499028
-0.0187665
-0.0341122
-0.510103
-0.514168
0.115755
-0.498812
0.101182
-0.482987
0.0867133
-0.476204
0.0672162
-0.470303
0.0525142
-0.470724
0.0333024
-0.472811
0.0187976
-0.479076
0.00234371
-0.487256
-0.0105868
-0.0234154
-0.497953
-0.506035
0.0939866
-0.489044
0.0841919
-0.47462
0.0722885
-0.466017
0.0586132
-0.459687
0.0461844
-0.458506
0.0321221
-0.459828
0.0201193
-0.465018
0.00753387
-0.472518
-0.00308668
-0.0133256
-0.482608
-0.498302
0.0733052
-0.480617
0.0665062
-0.466302
0.0579737
-0.456262
0.0485737
-0.449276
0.0391978
-0.446506
0.0293522
-0.446705
0.020318
-0.450448
0.0112769
-0.456787
0.00325294
-0.00435644
-0.465757
-0.499008
0.0531881
-0.481272
0.0487708
-0.466627
0.043329
-0.455405
0.0373517
-0.447363
0.0311556
-0.442852
0.0248411
-0.441362
0.0188281
-0.443043
0.0129576
-0.447373
0.0075835
0.00253274
-0.454263
-0.529082
0.0332281
-0.511143
0.030831
-0.495753
0.0279394
-0.483134
0.0247328
-0.473348
0.0213695
-0.466477
0.0179702
-0.46233
0.0146812
-0.460885
0.0115128
-0.46187
0.00856824
0.00581822
-0.465156
-0.616188
0.0135502
-0.5981
0.012743
-0.581939
0.011778
-0.567912
0.0107058
-0.556096
0.00955379
-0.546515
0.00838982
-0.539085
0.00725128
-0.53374
0.00616756
-0.530324
0.00515185
0.00417334
-0.528679
-0.778882
-0.766139
-0.754361
-0.743655
-0.734101
-0.725712
-0.71846
-0.712293
-0.707141
-0.702968
-0.541008
-0.0698138
0.0821775
-0.554001
-0.0826778
0.0956706
-0.567321
-0.0923263
0.105646
-0.581058
-0.10024
0.113976
-0.595453
-0.105347
0.119742
-0.611151
-0.107045
0.122743
-0.624949
-0.106382
0.12018
-0.627744
-0.104103
0.106898
-0.637982
-0.0966653
0.106904
-0.0848698
-0.666522
0.113409
-0.531661
-0.0577324
-0.544649
-0.0696902
-0.558085
-0.0788901
-0.571964
-0.086361
-0.586076
-0.091234
-0.599698
-0.0934228
-0.611821
-0.0942589
-0.622069
-0.0938555
-0.631014
-0.0877204
-0.0794788
-0.636405
-0.522213
-0.045623
-0.535464
-0.0564393
-0.549384
-0.0649695
-0.563828
-0.0719172
-0.578326
-0.076736
-0.592054
-0.0796954
-0.604921
-0.081392
-0.61745
-0.081326
-0.626886
-0.0782841
-0.076563
-0.629802
-0.510033
-0.0335429
-0.523487
-0.0429846
-0.537825
-0.0506315
-0.55279
-0.056953
-0.567855
-0.0616707
-0.582489
-0.0650612
-0.596705
-0.0671764
-0.610285
-0.0677457
-0.621066
-0.0675029
-0.0695973
-0.628032
-0.494426
-0.0217256
-0.50785
-0.0295603
-0.522386
-0.036095
-0.537722
-0.0416177
-0.553384
-0.0460086
-0.569037
-0.0494077
-0.584489
-0.0517248
-0.59913
-0.0531047
-0.611959
-0.0546737
-0.0582069
-0.62335
-0.47674
-0.0107417
-0.489541
-0.0167593
-0.50371
-0.0219265
-0.518931
-0.0263963
-0.534819
-0.0301212
-0.551086
-0.0331405
-0.567382
-0.0354283
-0.583164
-0.0373228
-0.598154
-0.0396842
-0.0433793
-0.612981
-0.46332
-0.0016843
-0.474318
-0.00576131
-0.486907
-0.0093373
-0.500822
-0.012482
-0.515767
-0.0151754
-0.531471
-0.0174367
-0.547583
-0.0193167
-0.563774
-0.0211317
-0.58005
-0.0234085
-0.0265443
-0.596885
-0.470546
0.00370571
-0.477804
0.00149725
-0.486718
-0.000423274
-0.497106
-0.002094
-0.508765
-0.00351695
-0.521489
-0.00471229
-0.535043
-0.00576248
-0.549291
-0.00688399
-0.564332
-0.00836785
-0.010408
-0.580468
-0.528655
0.00368205
-0.530119
0.00296084
-0.532922
0.00238005
-0.536958
0.00194177
-0.542088
0.00161324
-0.548198
0.00139776
-0.5552
0.00123876
-0.563121
0.00103735
-0.572141
0.000652393
-5.96422e-05
-0.58249
-0.699286
-0.696325
-0.693945
-0.692003
-0.69039
-0.688992
-0.687753
-0.686716
-0.686063
-0.686123
0.000394531
-0.686518
0.0123373
-0.594432
0.0299604
-0.598091
0.0479166
-0.614841
0.0636501
-0.628715
0.0761007
-0.6358
0.0849283
-0.63686
0.0897602
-0.634634
0.0853793
-0.632024
-0.626308
0.0451653
0.00159707
-0.688115
0.0154256
-0.608261
0.0346517
-0.617317
0.0539572
-0.634146
0.0710525
-0.64581
0.0854761
-0.650224
0.0977964
-0.64918
0.108378
-0.645216
0.115228
-0.638873
-0.630392
0.119312
0.00302875
-0.691143
0.018898
-0.62413
0.0398402
-0.638259
0.0606491
-0.654955
0.0793529
-0.664514
0.0956122
-0.666483
0.109402
-0.66297
0.120228
-0.656041
0.128493
-0.647139
-0.639354
0.137456
0.00460794
-0.695751
0.0225732
-0.642095
0.0451762
-0.660862
0.06739
-0.677169
0.0875167
-0.684641
0.105473
-0.684439
0.121916
-0.679413
0.138188
-0.672314
0.156156
-0.665107
-0.660025
0.176827
0.00632476
-0.702076
0.0262753
-0.662046
0.0503463
-0.684934
0.0737163
-0.700539
0.0949341
-0.705859
0.114056
-0.703561
0.131693
-0.69705
0.148493
-0.689114
0.164829
-0.681443
-0.675451
0.180255
0.00807043
-0.710147
0.0297931
-0.683769
0.0550246
-0.710165
0.0792241
-0.724739
0.101252
-0.727887
0.12142
-0.723728
0.140551
-0.716181
0.159512
-0.708075
0.178832
-0.700763
-0.695387
0.198767
0.00976915
-0.719916
0.032935
-0.706935
0.0589361
-0.736166
0.0835683
-0.749371
0.105993
-0.750312
0.126647
-0.744382
0.146244
-0.735778
0.165228
-0.727059
0.183585
-0.71912
-0.712872
0.201071
0.0113194
-0.731235
0.0355306
-0.731146
0.0618614
-0.762497
0.0864996
-0.774009
0.10894
-0.772752
0.129819
-0.765261
0.149967
-0.755927
0.169983
-0.747074
0.190141
-0.739279
-0.733818
0.211087
0.0126644
-0.7439
0.0374595
-0.755941
0.0636417
-0.788679
0.0878244
-0.798192
0.109805
-0.794733
0.130349
-0.785805
0.150275
-0.775852
0.170056
-0.766856
0.189875
-0.759097
-0.754007
0.210064
0.0137452
0.0385989
0.0641663
0.0874799
0.108618
0.128473
0.1479
0.16744
0.187529
0.209124
0.117309
-3.93704
4.01801
0.0757349
-3.60922
3.65079
0.0683788
-3.04875
3.0561
0.05116
-2.65254
2.66975
0.0351646
-2.31846
2.33446
0.0344546
-1.82676
1.82747
0.0298139
-1.3096
1.31424
0.0265507
-0.901084
0.904347
0.024332
-0.584334
0.586553
0.0217303
-0.339294
0.341895
0.018752
-0.168023
0.171001
0.0165436
-0.0747728
0.0769812
0.0153873
-0.03627
0.0374263
0.0147915
-0.0256744
0.0262702
0.0142624
-0.0260162
0.0265454
0.0135125
-0.0264622
0.027212
0.012422
-0.0199725
0.021063
0.0103921
-0.00381179
0.00584167
0.0046791
0.0806416
-0.0749286
0.119566
-0.115317
0.102963
-3.85355
0.0475443
-3.5538
0.0341671
-3.03537
0.0237475
-2.64212
0.0142559
-2.30897
0.0175729
-1.83008
0.0187231
-1.31075
0.0189695
-0.90133
0.0191396
-0.584504
0.0181323
-0.338287
0.0160822
-0.165973
0.0143143
-0.0730048
0.0133334
-0.0352891
0.0127685
-0.0251096
0.0122098
-0.0254578
0.0114165
-0.0256689
0.0103318
-0.0188877
0.0082683
-0.00174813
0.0031314
0.0857787
0.123333
0.080117
-3.76325
0.0188943
-3.49258
0.00120916
-3.01768
-0.00339098
-2.63752
-0.00556424
-2.3068
0.00181939
-1.83746
0.00791508
-1.31684
0.0115495
-0.904964
0.0140482
-0.587003
0.014639
-0.338877
0.0135221
-0.164856
0.0121785
-0.0716612
0.0113576
-0.0344683
0.0108192
-0.0245712
0.0102372
-0.0248758
0.00941311
-0.0248448
0.00835028
-0.0178249
0.00627751
0.000324639
0.00165602
0.0904002
0.12651
0.0618504
-3.67113
0.000870422
-3.4316
-0.0199668
-2.99685
-0.0241364
-2.63335
-0.0225248
-2.30841
-0.0126878
-1.8473
-0.00269602
-1.32684
0.00421966
-0.91188
0.00904316
-0.591826
0.0112525
-0.341087
0.0110807
-0.164684
0.0101486
-0.0707291
0.00947336
-0.033793
0.00895754
-0.0240554
0.00835769
-0.0242759
0.00751382
-0.0240009
0.00648534
-0.0167964
0.0044235
0.00238647
0.000327919
0.0944958
0.129102
0.0460769
-3.58233
-0.00503369
-3.38049
-0.0320948
-2.96979
-0.0416781
-2.62376
-0.0399104
-2.31017
-0.0280184
-1.85919
-0.013772
-1.34108
-0.00317689
-0.922475
0.00409864
-0.599102
0.00797054
-0.344959
0.00876408
-0.165478
0.00823476
-0.0701998
0.00769238
-0.0332506
0.00719593
-0.0235589
0.00658308
-0.0236631
0.00572827
-0.0231461
0.00474335
-0.0158115
0.00270806
0.00442177
-0.000865879
0.0980697
0.131125
0.0397983
-3.50805
-0.0147961
-3.32589
-0.0545259
-2.93006
-0.0699745
-2.60831
-0.066736
-2.31341
-0.0483362
-1.87759
-0.0264689
-1.36295
-0.0108591
-0.938085
-0.000820658
-0.60914
0.00478493
-0.350564
0.00657416
-0.167267
0.0064451
-0.0700707
0.00602495
-0.0328305
0.00554511
-0.0230791
0.00492316
-0.0230411
0.00406414
-0.0222871
0.00312881
-0.0148761
0.00113118
0.0064194
-0.00193682
0.101138
0.132606
-0.00910475
-3.41146
-0.0895616
-3.24543
-0.124235
-2.89538
-0.127681
-2.60487
-0.109846
-2.33125
-0.0753296
-1.91211
-0.0410773
-1.3972
-0.0188795
-0.960283
-0.00573953
-0.62228
0.00167782
-0.357982
0.00450506
-0.170094
0.00478346
-0.0703491
0.00447875
-0.0325258
0.00401365
-0.022614
0.00338557
-0.022413
0.00252696
-0.0214285
0.00164427
-0.0139935
-0.000308735
0.00837241
-0.00289548
0.103724
0.133572
-0.132462
-3.22654
-0.208074
-3.16982
-0.213353
-2.8901
-0.193632
-2.62459
-0.153546
-2.37133
-0.100801
-1.96485
-0.0549152
-1.44309
-0.0266895
-0.988508
-0.0105788
-0.638391
-0.00135411
-0.367206
0.00254697
-0.173995
0.00324911
-0.0710513
0.00305828
-0.032335
0.00260747
-0.0221632
0.0019755
-0.0217811
0.00112006
-0.0205731
0.00029038
-0.0131638
-0.00161477
0.0102776
-0.0037517
0.105861
0.13406
-0.14805
-3.05155
-0.200534
-3.11734
-0.212818
-2.87782
-0.197041
-2.64037
-0.157954
-2.41042
-0.107581
-2.01523
-0.0627106
-1.48796
-0.0330395
-1.01818
-0.0150084
-0.656422
-0.00420482
-0.37801
0.000733264
-0.178933
0.00185687
-0.0721749
0.00177258
-0.0322507
0.0013329
-0.0217235
0.000697185
-0.0211454
-0.000154532
-0.0197214
-0.000933408
-0.0123849
-0.00279083
0.012135
-0.00451433
0.107585
0.134106
0.434864
-3.45127
0.245081
-2.92755
0.0897436
-2.72248
0.0109271
-2.56155
-0.043642
-2.35585
-0.0695397
-1.98933
-0.0590841
-1.49841
-0.036808
-1.04046
-0.0185503
-0.67468
-0.00665625
-0.389904
-0.000838687
-0.184751
0.000650353
-0.0736639
0.000637247
-0.0322376
0.000195018
-0.0212813
-0.000448483
-0.0205019
-0.00129571
-0.0188741
-0.00203008
-0.0116505
-0.0038298
0.0139347
-0.00518278
0.108938
0.133755
0.913152
-2.7031
-1.66133
0.695528
-2.70993
0.892858
-2.91981
0.720903
-2.3896
0.491218
-2.12617
0.289589
-1.7877
0.15751
-1.36633
0.0897338
-0.97268
0.0512683
-0.636214
0.026614
-0.36525
0.0124457
-0.170583
0.00476501
-0.0659832
0.00124203
-0.0287146
-0.000691431
-0.0193478
-0.00247885
-0.0187145
-0.00459443
-0.0167585
-0.00662997
-0.00961499
-0.0106648
0.0179695
-0.0120291
0.110302
0.130981
1.42211
-2.28797
-1.83724
1.1735
-2.46132
0.761736
-2.50805
0.603729
-2.23159
0.433457
-1.95589
0.27792
-1.63216
0.164788
-1.2532
0.0975777
-0.90547
0.0565678
-0.595205
0.0279599
-0.336642
0.0109296
-0.153552
0.00183175
-0.0568853
-0.00246286
-0.02442
-0.00487565
-0.016935
-0.00708219
-0.0165079
-0.00955263
-0.0142881
-0.0118668
-0.00730078
-0.0161326
0.0222353
-0.0162063
0.110376
0.126281
1.70485
-1.80668
-2.18615
1.24456
-2.00103
0.881482
-2.14497
0.73247
-2.08258
0.56529
-1.78871
0.365761
-1.43264
0.207089
-1.09453
0.115531
-0.813912
0.0633602
-0.543034
0.0277371
-0.301018
0.00706279
-0.132878
-0.00311965
-0.0467029
-0.00792493
-0.0196147
-0.0107547
-0.0141053
-0.0133735
-0.0138891
-0.0161629
-0.0114987
-0.0187023
-0.00476133
-0.0230107
0.0265437
-0.0212534
0.108619
0.119151
1.79489
-1.30556
-2.296
1.44379
-1.64993
1.09242
-1.7936
0.775864
-1.76602
0.572763
-1.58561
0.372723
-1.23259
0.217487
-0.939295
0.123226
-0.719651
0.0653078
-0.485115
0.0242645
-0.259975
0.000125111
-0.108739
-0.0107113
-0.0358664
-0.0156462
-0.0146798
-0.0187364
-0.0110151
-0.0216872
-0.0109383
-0.024681
-0.00850485
-0.0273532
-0.00208918
-0.0312935
0.030484
-0.0271041
0.104429
0.109204
1.94657
-1.01181
-2.24032
1.55141
-1.25478
1.1219
-1.36409
0.882465
-1.52658
0.688962
-1.39211
0.456193
-0.999825
0.268042
-0.751144
0.145122
-0.596731
0.0658562
-0.405849
0.015855
-0.209974
-0.0109987
-0.081885
-0.0216114
-0.0252538
-0.0261261
-0.0101651
-0.0292129
-0.00792822
-0.0323132
-0.00783806
-0.0353091
-0.00550894
-0.0379425
0.000544217
-0.040902
0.0334435
-0.033654
0.0971811
0.0962307
2.01425
-0.758722
-2.26734
1.60577
-0.846298
1.35322
-1.11154
1.05677
-1.23013
0.612754
-0.948096
0.34161
-0.72868
0.236105
-0.64564
0.143645
-0.504271
0.0533694
-0.315574
-0.0023276
-0.154277
-0.0279119
-0.0563007
-0.0363989
-0.0167668
-0.0397568
-0.00680717
-0.0424764
-0.00520864
-0.045432
-0.00488248
-0.0481453
-0.00279567
-0.0504601
0.00285902
-0.0516204
0.0346038
-0.0407252
0.0862859
0.0803054
1.91294
-0.497826
-2.17384
1.64401
-0.57736
1.30531
-0.772845
0.817031
-0.741851
0.502371
-0.633436
0.438404
-0.664714
0.352272
-0.559507
0.17511
-0.32711
0.0294355
-0.169899
-0.0329189
-0.0919227
-0.0511832
-0.0380364
-0.0550388
-0.0129111
-0.0565959
-0.00525013
-0.0585975
-0.00320699
-0.0610473
-0.0024327
-0.0631495
-0.000693528
-0.0647332
0.00444279
-0.0631154
0.032986
-0.0481051
0.0712756
0.0618417
1.73335
-0.29867
-1.9325
1.51373
-0.357748
1.16066
-0.419772
0.882079
-0.463268
0.787056
-0.538413
0.531986
-0.409644
0.195383
-0.222903
-0.000507255
-0.13122
-0.0693537
-0.101052
-0.078002
-0.0832744
-0.0768422
-0.0391962
-0.0758115
-0.0139418
-0.0760535
-0.00500816
-0.0772929
-0.00196761
-0.0789337
-0.000791887
-0.0801267
0.000499477
-0.0804458
0.00476189
-0.075019
0.0275592
-0.0556338
0.0518904
0.0415433
1.44384
-0.141992
-1.60052
1.23606
-0.149965
0.998446
-0.182158
0.76249
-0.227313
0.441799
-0.217722
0.0908616
-0.0587072
-0.100879
-0.0311628
-0.0873912
-0.144708
-0.0763932
-0.11205
-0.0881277
-0.07154
-0.0939994
-0.0333246
-0.0959314
-0.0120098
-0.0969902
-0.00394939
-0.0978732
-0.00108465
-0.0986076
-5.74753e-05
-0.0987398
0.000631698
-0.0972404
0.00326251
-0.0871158
0.0174346
-0.0633302
0.0281048
0.0201809
1.12656
-1.26855
0.976596
0.794438
0.567125
0.349404
0.290697
0.259534
0.114826
0.00277577
-0.0687642
-0.102089
-0.114099
-0.118048
-0.119133
-0.11919
-0.118558
-0.115296
-0.0978613
-0.0697564
1.94328
0.00987463
-1.9043
1.97441
0.0153241
1.98988
0.0458082
2.00126
0.0337114
1.99546
0.0705055
1.98244
0.0501463
1.94175
0.106251
1.88293
0.0653812
1.77654
0.111379
-0.0124989
2.08694
-0.0213028
-2.05576
2.10468
-0.00241027
2.11765
0.0328324
2.11233
0.0390301
2.1018
0.0810348
2.06317
0.0887837
2.0254
0.144015
1.9634
0.12738
1.93037
0.144419
0.0806297
2.21582
-0.0285254
-2.2086
2.21908
-0.00566465
2.2214
0.0305061
2.21379
0.046644
2.20891
0.085915
2.20112
0.0965677
2.21215
0.132992
2.21971
0.119812
2.238
0.126136
0.132477
2.11779
-0.0244276
-2.12188
2.11795
-0.00583232
2.12966
0.0187999
2.14534
0.0309667
2.17835
0.0528986
2.21572
0.0592034
2.26425
0.0844579
2.28799
0.0960705
2.28951
0.124615
0.125989
2.07766
-0.0276697
-2.07442
2.08788
-0.0160512
2.11021
-0.00352441
2.13488
0.00629654
2.1638
0.0239742
2.18025
0.0427518
2.19256
0.0721488
2.19797
0.0906593
2.21892
0.103666
0.104596
2.11792
-0.0342458
-2.11135
2.12625
-0.0243778
2.13505
-0.0123204
2.13915
0.00219496
2.14254
0.0205827
2.14803
0.0372578
2.16825
0.051929
2.19994
0.0589746
2.23796
0.0656403
0.0752209
1.97886
-0.0318322
-1.98128
1.97753
-0.0230474
1.97882
-0.0136092
1.98564
-0.00462673
2.00254
0.00368518
2.02988
0.00992092
2.06541
0.0163916
2.10179
0.0225983
2.13579
0.0316387
0.0371734
1.80368
-0.0265504
-1.80896
1.80267
-0.0220338
1.80673
-0.0176714
1.81572
-0.0136214
1.8289
-0.00948853
1.84415
-0.00533534
1.86108
-0.00053118
1.88005
0.00362443
1.90371
0.00797706
0.00838284
1.57657
-0.0153814
-1.58774
1.568
-0.013462
1.56193
-0.0116016
1.55817
-0.00985748
1.55696
-0.00828433
1.55862
-0.00698875
1.56409
-0.00600907
1.57318
-0.00545717
1.58622
-0.00506351
-0.00592161
1.3412
-1.35658
1.32774
1.31614
1.30628
1.29799
1.29101
1.285
1.27954
1.27448
1.4773
0.507266
-2.08475
1.5772
-0.20976
1.68425
-0.22369
1.70292
-0.0928329
1.71538
-0.0595103
1.74433
-0.0593592
1.77999
-0.0490619
1.81831
-0.0375958
1.8587
-0.0207456
-0.0160676
1.75907
0.342481
-1.59429
1.80664
-0.257326
1.84131
-0.258364
1.88392
-0.135443
1.89793
-0.0735146
1.91953
-0.0809601
1.95205
-0.0815814
1.98713
-0.0726746
2.02347
-0.0570868
-0.0483658
2.01916
0.340574
-2.01726
2.09986
-0.338018
2.12015
-0.278655
2.13027
-0.145563
2.13988
-0.083123
2.14866
-0.089743
2.16358
-0.0965013
2.1819
-0.0910001
2.19824
-0.0734272
-0.0587198
2.1705
0.324485
-2.15441
2.16667
-0.334194
2.16102
-0.273007
2.15322
-0.137753
2.14789
-0.0777934
2.14197
-0.0838296
2.13853
-0.0930588
2.13549
-0.0879613
2.13092
-0.0688554
-0.049684
2.2517
0.315396
-2.24261
2.1904
-0.272899
2.15044
-0.233044
2.14185
-0.129163
2.13281
-0.0687543
2.1166
-0.0676178
2.10124
-0.0777038
2.08862
-0.0753422
2.08024
-0.060475
-0.0438617
2.31959
0.264878
-2.26907
2.24294
-0.196252
2.1836
-0.173704
2.16252
-0.108087
2.15727
-0.0634953
2.14518
-0.0555275
2.12863
-0.0611581
2.11562
-0.0623301
2.11035
-0.05521
-0.0448557
2.18912
0.180599
-2.10484
2.11414
-0.121276
2.05211
-0.111672
2.02535
-0.0813252
2.02094
-0.0590912
2.01658
-0.0511646
2.00628
-0.0508603
1.99452
-0.0505695
1.98606
-0.0467482
-0.0400714
1.98468
0.109072
-1.91316
1.93373
-0.0703225
1.89083
-0.068774
1.86857
-0.0590613
1.85929
-0.049814
1.85209
-0.0439581
1.84196
-0.0407352
1.82962
-0.038229
1.81796
-0.0350845
-0.0310768
1.78364
0.0474338
-1.722
1.74816
-0.0348442
1.71488
-0.0354981
1.68922
-0.0333959
1.66927
-0.0298699
1.65166
-0.0263442
1.63439
-0.0234654
1.61736
-0.0211953
1.6015
-0.0192274
-0.0173189
1.59774
-1.55031
1.5629
1.5274
1.494
1.46413
1.43779
1.41432
1.39313
1.3739
0.134071
0.112775
-0.117801
0.175956
0.338757
-0.380642
0.256733
0.705318
-0.786095
0.338297
1.08822
-1.16979
0.425967
1.39526
-1.48293
0.538009
1.71287
-1.82491
0.716613
2.06083
-2.23944
0.9159
2.46431
-2.66359
1.22722
2.51535
-2.82666
2.31055
-3.16808
0.158801
0.107197
0.197862
0.299695
0.292089
0.611091
0.395241
0.985073
0.508782
1.28172
0.635734
1.58591
0.851759
1.84481
1.08783
2.22824
1.35411
2.24907
2.07037
0.188913
0.0979141
0.222313
0.266296
0.331618
0.501786
0.457796
0.858895
0.607143
1.13237
0.772854
1.4202
1.01691
1.60075
1.28107
1.96408
1.4637
2.06643
1.51682
0.222731
0.0825018
0.251352
0.237674
0.3624
0.390738
0.518533
0.702761
0.717407
0.933501
0.89482
1.24279
1.14856
1.34701
1.54505
1.56759
1.60877
2.00271
0.97118
0.258673
0.0608006
0.286909
0.209438
0.391879
0.285768
0.539347
0.555293
0.780851
0.691997
1.073
0.950636
1.16968
1.25033
1.74259
0.994681
1.92995
1.81535
0.658521
0.295359
0.0380255
0.338873
0.165924
0.408932
0.215709
0.590201
0.374025
0.682151
0.600047
1.20326
0.429523
1.12785
1.32575
1.60819
0.514337
2.0955
1.32804
0.484955
0.33513
0.0300051
0.409008
0.0920465
0.361306
0.26341
0.586254
0.149077
0.442741
0.74356
0.890965
-0.0187008
1.30367
0.913044
1.55523
0.26277
2.31127
0.572005
0.691384
0.400321
0.0536873
0.480773
0.011595
0.443618
0.300566
0.676097
-0.0834025
0.979976
0.43968
1.02649
-0.0652184
1.55395
0.385591
1.58714
0.229582
1.80724
0.351904
0.585464
0.518713
0.0489312
0.575649
-0.0453413
0.766857
0.109357
0.775883
-0.0924281
1.08351
0.132051
1.00564
0.0126588
1.2479
0.143325
1.32469
0.152789
1.51647
0.160131
0.379933
0.597832
0.552491
0.661848
0.56942
0.70147
0.714129
0.857454
1.01024
1.17037
0.0770688
0.150352
-0.160293
0.101397
0.520309
-0.544636
0.120169
0.902035
-0.920807
0.133184
1.1895
-1.20251
0.148716
1.45748
-1.47301
0.163846
1.80789
-1.82303
0.172882
2.2039
-2.21294
0.184142
2.56837
-2.57963
0.183117
2.99284
-2.99181
3.52016
-3.4527
0.0755715
0.141594
0.098859
0.497021
0.116989
0.883905
0.127853
1.17863
0.140624
1.44471
0.153159
1.79536
0.15743
2.19963
0.163117
2.56268
0.173337
2.98262
3.56948
0.0742217
0.134114
0.0960621
0.475181
0.113385
0.866582
0.121929
1.17009
0.131331
1.43531
0.141641
1.78505
0.139763
2.20151
0.139601
2.56285
0.1402
2.98202
3.5966
0.0730537
0.127961
0.093103
0.455131
0.109444
0.850241
0.115732
1.1638
0.121204
1.42984
0.130353
1.7759
0.125632
2.20623
0.120978
2.5675
0.146698
2.9563
3.61256
0.0720783
0.123144
0.0900792
0.43713
0.1052
0.83512
0.109337
1.15966
0.109617
1.42956
0.116008
1.76951
0.107076
2.21516
0.0928774
2.5817
0.106245
2.94293
3.60295
0.0712844
0.119645
0.0870793
0.421335
0.100699
0.8215
0.103146
1.15722
0.0985471
1.43416
0.101677
1.76638
0.0955186
2.22132
0.0729041
2.60431
0.113463
2.90237
3.57925
0.0706487
0.117422
0.0841695
0.407815
0.0959362
0.809733
0.0964585
1.1567
0.0867939
1.44382
0.0818078
1.77137
0.0763787
2.22675
0.0425948
2.6381
0.0429056
2.90206
3.50377
0.0701441
0.116419
0.0814099
0.396549
0.0912421
0.799901
0.0900529
1.15788
0.0783124
1.45556
0.0657261
1.78395
0.0671602
2.22532
0.0406489
2.66461
0.0612938
2.88142
3.41481
0.0697536
0.116564
0.078723
0.387579
0.0863769
0.792247
0.0819984
1.16226
0.0680522
1.46951
0.0465666
1.80544
0.0443044
2.22758
0.0288798
2.68003
-0.000298074
2.91059
3.26169
0.0694594
0.0763967
0.082549
0.0750234
0.0615981
0.0421277
0.0302712
0.046711
0.130644
0.0820038
0.266432
-0.273468
0.0936168
0.749294
-0.760906
0.103201
1.10413
-1.11371
0.105457
1.39934
-1.4016
0.0981373
1.71913
-1.71181
0.0769836
2.07818
-2.05702
0.014455
2.42956
-2.36703
-0.0721746
2.71569
-2.62906
-0.201646
2.92824
-2.79877
2.84029
-3.22857
0.0844898
0.256911
0.101969
0.731815
0.121884
1.08421
0.149934
1.37129
0.187868
1.68119
0.22721
2.03883
0.265299
2.39147
0.296672
2.68432
0.316309
2.9086
2.9433
0.0854939
0.246026
0.105277
0.712031
0.127505
1.06198
0.157671
1.34112
0.198286
1.64058
0.244913
1.99221
0.29334
2.34304
0.331948
2.64571
0.326379
2.91417
3.05946
0.0858337
0.234052
0.107412
0.690453
0.129641
1.03975
0.157133
1.31363
0.191185
1.60653
0.226061
1.95733
0.254289
2.31482
0.263423
2.63658
0.239514
2.93808
3.11071
0.0854962
0.221385
0.108315
0.667634
0.129416
1.01865
0.152755
1.29029
0.179694
1.57959
0.203475
1.93355
0.215665
2.30263
0.214124
2.63812
0.203456
2.94875
3.14168
0.0846115
0.208441
0.108312
0.643934
0.128385
0.998579
0.148613
1.27006
0.171953
1.55625
0.193369
1.91213
0.207278
2.28872
0.21398
2.63141
0.209977
2.95275
3.18769
0.0833539
0.195583
0.107739
0.619549
0.127333
0.978985
0.145899
1.2515
0.168347
1.5338
0.191816
1.88866
0.211692
2.26884
0.224114
2.61899
0.211013
2.96585
3.24547
0.0818757
0.183111
0.106757
0.594668
0.126255
0.959486
0.143833
1.23392
0.165819
1.51181
0.190231
1.86425
0.212145
2.24693
0.224489
2.60665
0.210744
2.9796
3.30882
0.080286
0.171275
0.105384
0.56957
0.124834
0.940036
0.141304
1.21745
0.161852
1.49127
0.184231
1.84187
0.20323
2.22793
0.216541
2.59334
0.203003
2.99313
3.37839
0.0786622
0.103596
0.122825
0.137763
0.156016
0.174863
0.189849
0.203555
0.204876
0.408073
0.0855995
0.181894
0.22618
-0.143601
0.325495
-0.481527
0.337925
-0.730623
0.249096
-0.780997
0.0503743
-0.760775
-0.0202227
-0.81311
0.0523354
-0.853792
0.0406822
0.0727963
-0.926589
0.406715
0.112333
0.367389
0.265505
0.377579
0.315305
0.412817
0.302688
0.332635
0.329278
0.061044
0.321965
-0.301427
0.342248
-0.616945
0.367854
-0.890429
0.314167
0.287955
-1.10559
0.348694
0.134953
0.274978
0.339221
0.129628
0.460655
-0.137868
0.570183
-0.536099
0.727509
-0.764632
0.550499
-0.797385
0.375
-1.12076
0.691228
-1.50503
0.698439
0.601366
-1.81844
0.282674
0.169204
0.186371
0.435524
0.0512751
0.595751
-0.0463582
0.667817
-0.0260916
0.707242
-0.175798
0.700205
-0.810044
1.00925
-1.48754
1.36873
-1.86885
1.07974
0.946604
-2.21408
0.240895
0.201661
0.159712
0.516707
0.0531225
0.70234
-0.0823176
0.803257
-0.323238
0.948163
-0.817991
1.19496
-1.2672
1.45846
-1.47337
1.57489
-1.79836
1.40473
1.30472
-2.15648
0.210338
0.228293
0.135383
0.591662
0.0177369
0.819986
-0.144454
0.965448
-0.345728
1.14944
-0.583147
1.43238
-0.842973
1.71829
-1.18123
1.91315
-1.62782
1.85132
1.65757
-1.98066
0.18609
0.248151
0.124716
0.653036
0.0266406
0.918061
-0.100055
1.09214
-0.263436
1.31282
-0.516939
1.68588
-0.834159
2.03551
-1.12395
2.20293
-1.43255
2.15993
2.0058
-1.78079
0.165003
0.262072
0.116859
0.701181
0.0326027
1.00232
-0.0861501
1.2109
-0.232884
1.45955
-0.377727
1.83072
-0.593534
2.25131
-0.805843
2.41524
-1.10917
2.46326
2.364
-1.46737
0.14727
0.269868
0.113996
0.734456
0.0537961
1.06252
-0.0316812
1.29637
-0.138609
1.56648
-0.231986
1.9241
-0.533099
2.55243
-0.675395
2.55754
-0.870322
2.65818
2.64756
-1.15388
0.130467
0.104016
0.0528235
-0.052399
-0.197729
-0.33065
-0.145254
-0.216777
-0.357358
-0.93837
-0.929713
0.00312422
-0.932065
0.00235194
-0.934221
0.00215604
-0.936295
0.00207416
-0.938415
0.00212039
-0.940693
0.00227784
-0.943223
0.00252937
-0.946068
0.00284533
-0.949252
0.00318406
0.00348449
-0.952736
-1.10707
0.00460327
-1.10554
0.000829356
-1.10452
0.00112798
-1.10364
0.00119528
-1.10343
0.0019095
-1.10364
0.00248848
-1.10437
0.00326636
-1.10548
0.00394944
-1.10695
0.00465349
0.00521532
-1.10868
-1.7947
-0.019141
-1.77281
-0.0210541
-1.75538
-0.0163022
-1.74001
-0.0141794
-1.72833
-0.00977231
-1.71866
-0.00718377
-1.71206
-0.00332635
-1.70772
-0.000390945
-1.70587
0.00280456
0.00517548
-1.70583
-2.19583
-0.0373946
-2.1799
-0.0369806
-2.16413
-0.0320773
-2.1464
-0.031907
-2.13189
-0.0242861
-2.11946
-0.0196111
-2.11088
-0.0119109
-2.10404
-0.00722759
-2.09885
-0.002384
0.000632354
-2.09431
-2.15824
-0.0356366
-2.14781
-0.0474072
-2.13593
-0.043959
-2.12364
-0.044196
-2.11558
-0.032343
-2.10797
-0.0272237
-2.10061
-0.0192702
-2.09137
-0.0164684
-2.08172
-0.012028
-0.00897322
-2.07212
-1.99832
-0.0179832
-2.0068
-0.0389235
-2.01593
-0.0348317
-2.01853
-0.0415979
-2.02054
-0.0303323
-2.01567
-0.0320883
-2.00864
-0.0263037
-1.99773
-0.0273788
-1.98733
-0.0224251
-0.0192021
-1.9771
-1.83262
0.033849
-1.86483
-0.00671296
-1.89133
-0.00833716
-1.90024
-0.0326827
-1.90866
-0.0219138
-1.90948
-0.0312695
-1.91044
-0.025342
-1.90582
-0.0319952
-1.90017
-0.0280759
-0.0279463
-1.89143
-1.54392
0.110398
-1.5812
0.0305664
-1.6168
0.0272651
-1.64341
-0.00607033
-1.66835
0.00301994
-1.68635
-0.0132697
-1.69852
-0.0131653
-1.702
-0.0285197
-1.69847
-0.0316017
-0.0386441
-1.68777
-1.24337
0.199887
-1.29988
0.087075
-1.36581
0.0931962
-1.41166
0.0397824
-1.45231
0.0436647
-1.47562
0.010046
-1.49047
0.00167631
-1.49313
-0.025859
-1.48735
-0.0373787
-0.0543225
-1.47167
-1.03936
-1.12007
-1.17738
-1.21797
-1.24535
-1.26155
-1.26867
-1.26883
-1.2609
-1.24656
-0.956426
0.00368996
-0.960186
0.00375943
-0.963969
0.0037836
-0.967976
0.00400697
-0.972696
0.00471935
-0.978605
0.00590882
-0.985505
0.00690087
-0.99197
0.00646456
-0.99579
0.00382
-0.016196
-0.979594
-1.11061
0.0056217
-1.11241
0.00555742
-1.11338
0.00475661
-1.11266
0.00328165
-1.11012
0.00218324
-1.1074
0.00318622
-1.1075
0.00700777
-1.11202
0.0109819
-1.11631
0.00810892
-0.0861359
-1.04637
-1.70769
0.00748027
-1.71088
0.00874431
-1.71414
0.00802122
-1.7147
0.00384273
-1.71082
-0.00170448
-1.70608
-0.00154825
-1.71172
0.0126473
-1.73689
0.0361474
-1.769
0.0402203
-0.205232
-1.6499
-2.09108
0.00425288
-2.08949
0.0071571
-2.0898
0.00832498
-2.0897
0.00374062
-2.08548
-0.00592151
-2.07782
-0.0092036
-2.07957
0.0143942
-2.10458
0.0611545
-2.13827
0.0739113
-0.309322
-2.03418
-2.06336
-0.00451111
-2.05525
-0.000950682
-2.04817
0.00124287
-2.04103
-0.00339546
-2.02995
-0.0169977
-2.01268
-0.0264717
-1.99975
0.00145584
-2.00803
0.0694339
-2.02618
0.0920623
-0.341593
-1.9939
-1.96724
-0.0143733
-1.95503
-0.0131649
-1.94088
-0.0129055
-1.92564
-0.0186355
-1.90727
-0.0353679
-1.88229
-0.0514514
-1.85756
-0.0232748
-1.84601
0.0578825
-1.8419
0.0879608
-0.372953
-1.81054
-1.88006
-0.0257433
-1.8627
-0.0305279
-1.84135
-0.0342477
-1.81921
-0.0407822
-1.79871
-0.0558649
-1.77481
-0.0753552
-1.74648
-0.0515982
-1.71724
0.0286444
-1.68285
0.0535659
-0.400328
-1.65547
-1.67065
-0.0428635
-1.64788
-0.053299
-1.62084
-0.0612871
-1.59316
-0.0684663
-1.56953
-0.0794963
-1.54701
-0.0978707
-1.51518
-0.0834334
-1.47754
-0.00899743
-1.4271
0.00313374
-0.402244
-1.42519
-1.45062
-0.0639185
-1.42657
-0.0773463
-1.40066
-0.0871973
-1.37395
-0.0951732
-1.35131
-0.102135
-1.33615
-0.113035
-1.30822
-0.111363
-1.2638
-0.0534128
-1.22535
-0.0353154
-0.443251
-1.18435
-1.2283
-1.20997
-1.19152
-1.17272
-1.15511
-1.14541
-1.13659
-1.0831
-1.01152
-1.34136
-0.694672
-0.284922
-0.620717
-0.0739552
-0.419694
-0.201023
0.396956
-0.81665
1.0412
-0.644241
1.56552
-0.524323
1.94541
-0.379888
2.20094
-0.255536
2.36981
-0.168863
2.48239
-0.112587
2.55677
-0.0743795
2.60181
-0.0450397
2.62612
-0.0243066
2.63366
-0.00753545
2.63182
0.00183816
2.61994
0.011879
2.60558
0.0143581
2.58089
0.0246912
2.55025
0.0306345
0.0307161
-0.640658
-0.690635
-0.349829
-0.364784
-0.339212
-0.21164
0.0715289
-1.22739
0.534829
-1.10754
0.883853
-0.873347
1.15033
-0.646361
1.35382
-0.459028
1.4985
-0.31355
1.59386
-0.207939
1.654
-0.134523
1.69206
-0.0830964
1.71584
-0.0480891
1.73132
-0.0230194
1.74072
-0.00755417
1.74729
0.00530614
1.7497
0.0119497
1.75019
0.0241943
1.74849
0.0323363
0.0472561
-1.24092
-1.09962
-0.57934
-1.02636
-0.266951
-0.524029
-0.159903
-1.33444
0.0865096
-1.35395
0.359857
-1.14669
0.598009
-0.884513
0.773822
-0.63484
0.89239
-0.432118
0.966331
-0.28188
1.00968
-0.177872
1.03503
-0.108442
1.05096
-0.0640274
1.06288
-0.0349351
1.07345
-0.0181217
1.08406
-0.00531003
1.09459
0.00141814
1.10404
0.0147512
1.11118
0.0251914
0.0475639
-1.66633
-1.46747
-1.11758
-1.57511
-0.489203
-1.15241
-0.356142
-1.4675
-0.123776
-1.58632
0.116244
-1.38672
0.316895
-1.08516
0.462137
-0.780083
0.557187
-0.527168
0.612965
-0.337658
0.641785
-0.206693
0.655116
-0.121772
0.66128
-0.070192
0.665663
-0.0393182
0.671015
-0.0234731
0.678279
-0.0125744
0.68743
-0.00773215
0.696607
0.00557411
0.705227
0.0165707
0.0442253
-1.77936
-1.68201
-1.39015
-1.96432
-0.732617
-1.80994
-0.431051
-1.76906
-0.215673
-1.8017
-0.00412305
-1.59826
0.165262
-1.25455
0.284384
-0.899205
0.359676
-0.602459
0.401682
-0.379664
0.421115
-0.226127
0.427751
-0.128407
0.428859
-0.0713001
0.429422
-0.039882
0.431704
-0.0257547
0.436605
-0.0174753
0.443411
-0.014538
0.451135
-0.00214996
0.457463
0.0102425
0.0426334
-1.636
-1.85655
-1.25793
-2.34239
-0.780849
-2.28702
-0.436232
-2.11368
-0.212245
-2.02568
-0.0366199
-1.77389
0.0965844
-1.38775
0.187483
-0.990103
0.243582
-0.658559
0.273646
-0.409728
0.285976
-0.238457
0.288414
-0.130845
0.287066
-0.069952
0.286119
-0.0389347
0.28715
-0.0267859
0.290785
-0.0211107
0.295691
-0.0194435
0.301659
-0.00811838
0.30446
0.00744186
0.0440045
-1.31363
-2.19839
-1.041
-2.61503
-0.68968
-2.63834
-0.38533
-2.41803
-0.183888
-2.22713
-0.0365807
-1.9212
0.0640727
-1.48841
0.130534
-1.05656
0.171071
-0.699096
0.192243
-0.430899
0.199882
-0.246096
0.200085
-0.131049
0.197906
-0.0677723
0.196646
-0.0376756
0.197294
-0.0274331
0.200114
-0.0239313
0.203489
-0.0228178
0.207695
-0.012325
0.207177
0.00796047
0.04797
-1.11317
-2.51042
-0.852493
-2.8757
-0.550449
-2.94038
-0.299226
-2.66926
-0.134508
-2.39184
-0.0221283
-2.03358
0.0501901
-1.56073
0.0963645
-1.10274
0.124565
-0.727296
0.139033
-0.445367
0.143462
-0.250525
0.14247
-0.130057
0.140158
-0.065461
0.139003
-0.0365197
0.13952
-0.0279505
0.141662
-0.026073
0.143812
-0.0249685
0.146481
-0.0149934
0.143405
0.0110358
0.0536928
-0.954124
-2.74064
-0.66292
-3.16691
-0.408876
-3.19443
-0.211164
-2.86697
-0.0930525
-2.50996
-0.0091342
-2.1175
0.0424818
-1.61234
0.0736575
-1.13391
0.0932226
-0.746862
0.103067
-0.455212
0.105425
-0.252883
0.103847
-0.128478
0.101667
-0.0632806
0.100691
-0.0355443
0.101104
-0.028363
0.102644
-0.0276135
0.103867
-0.0261912
0.10532
-0.0164467
0.100548
0.0158076
0.0603537
-0.768159
-3.31384
-0.504927
-3.43014
-0.314303
-3.38505
-0.154594
-3.02668
-0.066541
-2.59801
-0.00607387
-2.17796
0.0344176
-1.65283
0.0568185
-1.15632
0.0712014
-0.761244
0.0781513
-0.462162
0.0792178
-0.25395
0.0773551
-0.126616
0.0753465
-0.0612719
0.0744975
-0.0346953
0.0747777
-0.0286432
0.0758053
-0.0286412
0.0763604
-0.0267463
0.0769186
-0.0170048
0.0712032
0.021523
0.0672986
0.219591
-3.48826
0.312616
-3.52316
0.330579
-3.40302
0.307706
-3.0038
0.263871
-2.55417
0.21244
-2.12653
0.157433
-1.59783
0.111939
-1.11082
0.0807781
-0.730083
0.0602015
-0.441585
0.0472759
-0.241024
0.0398938
-0.119234
0.0364289
-0.057807
0.0353968
-0.0336632
0.0355844
-0.0288307
0.0362241
-0.0292809
0.036557
-0.0270792
0.0367441
-0.0171919
0.0333706
0.0248966
0.0708419
0.326517
-3.69547
0.339149
-3.53579
0.309935
-3.3738
0.299095
-2.99296
0.246642
-2.50172
0.193173
-2.07306
0.144524
-1.54918
0.102656
-1.06895
0.0749231
-0.702351
0.0564764
-0.423139
0.0446671
-0.229215
0.0378367
-0.112403
0.034595
-0.0545653
0.0335819
-0.0326501
0.0336487
-0.0288976
0.034059
-0.0296913
0.034095
-0.0271151
0.0338831
-0.01698
0.0298288
0.0289509
0.0749288
0.298542
-3.85656
0.33725
-3.5745
0.282512
-3.31906
0.27073
-2.98118
0.229984
-2.46097
0.173718
-2.0168
0.131225
-1.50668
0.0939595
-1.03169
0.069129
-0.67752
0.0526262
-0.406636
0.0418792
-0.218468
0.0356211
-0.106145
0.0326349
-0.0515791
0.0316627
-0.0316778
0.0316244
-0.0288593
0.0318272
-0.0298941
0.031606
-0.026894
0.031041
-0.016415
0.0263856
0.0336063
0.0794723
0.312172
-3.9919
0.345706
-3.60804
0.271377
-3.24473
0.2384
-2.94821
0.211605
-2.43418
0.155543
-1.96074
0.116515
-1.46766
0.085007
-1.00018
0.0632993
-0.655812
0.0487569
-0.392094
0.0390318
-0.208743
0.0333144
-0.100428
0.0305788
-0.0488436
0.0296546
-0.0307536
0.0295247
-0.0287294
0.0295419
-0.0299112
0.0291014
-0.0264535
0.0282249
-0.0155385
0.0230516
0.0387796
0.0843782
0.249103
-4.06075
0.299794
-3.65873
0.243164
-3.1881
0.197985
-2.90303
0.186048
-2.42224
0.139128
-1.91382
0.1024
-1.43093
0.0762482
-0.974028
0.0575184
-0.637083
0.0448479
-0.379423
0.0361305
-0.200025
0.0309422
-0.0952393
0.0284526
-0.046354
0.0275795
-0.0298805
0.0273689
-0.0285188
0.027221
-0.0297633
0.0265967
-0.0258293
0.0254481
-0.0143898
0.019847
0.0443807
0.0895481
0.248801
-4.11078
0.27715
-3.68708
0.22897
-3.13992
0.170127
-2.84418
0.158886
-2.411
0.123212
-1.87814
0.0889618
-1.39668
0.0675257
-0.952592
0.0517874
-0.621344
0.0409115
-0.368547
0.0331862
-0.1923
0.028523
-0.0905761
0.0262776
-0.0441086
0.0254574
-0.0290603
0.0251752
-0.0282366
0.0248819
-0.02947
0.0241077
-0.0250551
0.0227245
-0.0130066
0.0167954
0.0503098
0.0948761
0.209995
-4.11971
0.228363
-3.70544
0.19781
-3.10937
0.142429
-2.7888
0.129138
-2.39771
0.106083
-1.85509
0.0763251
-1.36692
0.058938
-0.935205
0.046124
-0.60853
0.0369765
-0.3594
0.030226
-0.18555
0.0260811
-0.0864312
0.0240753
-0.0421029
0.0233074
-0.0282924
0.0229619
-0.027891
0.0225421
-0.0290503
0.0216497
-0.0241627
0.0200684
-0.0114253
0.0139225
0.0564556
0.100246
0.207861
-4.11648
0.201284
-3.69887
0.174622
-3.08271
0.123081
-2.73726
0.10299
-2.37762
0.0884266
-1.84052
0.064302
-1.3428
0.0505278
-0.921431
0.0405388
-0.598541
0.0330699
-0.351931
0.0272783
-0.179758
0.0236408
-0.0827938
0.0218665
-0.0403285
0.0211483
-0.0275742
0.0207467
-0.0274894
0.0202188
-0.0285224
0.019238
-0.0231819
0.0174939
-0.0096812
0.0112538
0.0626957
0.105531
0.17047
-4.07689
0.1544
-3.6828
0.138916
-3.06723
0.100211
-2.69856
0.0784705
-2.35588
0.0701293
-1.83218
0.0526052
-1.32527
0.0423267
-0.911153
0.0350417
-0.591256
0.0292152
-0.346104
0.0243691
-0.174912
0.0212247
-0.0796494
0.0196705
-0.0387743
0.0189979
-0.0269017
0.0185471
-0.0270385
0.0179287
-0.0279041
0.0168871
-0.0221403
0.0150148
-0.00780892
0.00881158
0.068899
0.110598
0.150244
0.118239
0.107115
0.0783131
0.0568921
0.0521834
0.0411504
0.0343446
0.0296411
0.0254321
0.0215212
0.0188532
0.0175053
0.0168735
0.0163802
0.0156882
0.0146109
0.0126438
0.00661424
)
;

boundaryField
{
    inlet
    {
        type            calculated;
        value           nonuniform List<scalar> 
40
(
-0.129044
-0.153223
-0.179631
-0.207318
-0.236972
-0.272584
-0.32711
-0.424004
-0.513957
-0.548901
-0.0671277
-0.0668133
-0.0667419
-0.0669007
-0.0672614
-0.0677848
-0.0684256
-0.0691413
-0.0698985
-0.0706971
-0.0749677
-0.0749697
-0.0746089
-0.0738593
-0.0728296
-0.071667
-0.070496
-0.0694038
-0.0684504
-0.0676803
-0.493673
-0.433449
-0.371314
-0.316924
-0.273352
-0.23697
-0.205948
-0.178924
-0.155066
-0.134067
)
;
    }
    outlet
    {
        type            calculated;
        value           nonuniform List<scalar> 
40
(
-0.0092551
-0.0115062
-0.0141234
-0.017157
-0.0206811
-0.0247998
-0.0296415
-0.0353353
-0.0419679
-0.0495755
0.000430332
-0.000635676
-0.00152043
-0.002264
-0.00288965
-0.00341695
-0.00386232
-0.0042395
-0.00455968
-0.00483195
0.0298272
0.0257419
0.0218421
0.0181457
0.0146771
0.0114674
0.00855267
0.00596905
0.00374458
0.00189456
2.51954
1.73195
1.11088
0.708566
0.459055
0.303089
0.203211
0.137683
0.0938874
0.0642583
)
;
    }
    top
    {
        type            symmetryPlane;
        value           uniform 0;
    }
    bottom
    {
        type            symmetryPlane;
        value           uniform 0;
    }
    cylinder
    {
        type            calculated;
        value           nonuniform List<scalar> 
80
(
-4.49913e-18
-4.18647e-18
7.69666e-18
3.0559e-17
-3.01999e-17
3.7102e-17
-8.77247e-18
-1.93923e-17
-2.62867e-18
4.24867e-17
4.25455e-18
-1.71927e-17
1.90676e-17
-2.56896e-17
-1.40944e-17
-2.69122e-17
-9.43811e-17
-7.49584e-18
5.97357e-17
-9.8839e-17
3.51182e-17
-5.97357e-17
7.49584e-18
3.88699e-17
2.97663e-17
-3.41682e-17
2.56896e-17
-1.90676e-17
1.71927e-17
6.21712e-19
4.49913e-18
4.18647e-18
-7.69666e-18
-3.0559e-17
7.40388e-18
1.05814e-17
6.96307e-17
1.93923e-17
-5.28825e-17
-8.94647e-17
4.24867e-17
5.28825e-17
-1.93923e-17
4.13916e-17
3.7102e-17
-7.40388e-18
3.0559e-17
7.69666e-18
-4.18647e-18
-4.49913e-18
-3.51182e-17
4.22452e-18
-7.49584e-18
-8.17832e-17
3.1453e-17
3.41682e-17
-2.56896e-17
1.90676e-17
-1.71927e-17
-6.21712e-19
6.21712e-19
1.71927e-17
-1.90676e-17
2.56896e-17
-3.41682e-17
2.97663e-17
8.17832e-17
7.49584e-18
-4.22452e-18
3.51182e-17
-4.24867e-17
2.62867e-18
1.93923e-17
8.77247e-18
6.60926e-17
3.01999e-17
-3.0559e-17
-7.69666e-18
4.18647e-18
4.49913e-18
)
;
    }
    frontandback
    {
        type            empty;
        value           nonuniform 0();
    }
}


// ************************************************************************* //
