/*--------------------------------*- C++ -*----------------------------------*\
  =========                 |
  \\      /  F ield         | OpenFOAM: The Open Source CFD Toolbox
   \\    /   O peration     | Website:  https://openfoam.org
    \\  /    A nd           | Version:  6.0
     \\/     M anipulation  |
\*---------------------------------------------------------------------------*/
FoamFile
{
    version     2.0;
    format      ascii;
    class       volVectorField;
    location    "17.00325";
    object      U;
}
// * * * * * * * * * * * * * * * * * * * * * * * * * * * * * * * * * * * * * //

dimensions      [0 1 -1 0 0 0 0];

internalField   nonuniform List<vector> 
2400
(
(1.34278 -8.38184 -7.28083e-19)
(0.367015 -7.67555 2.77303e-19)
(0.544564 -7.33372 -2.32822e-19)
(0.76802 -7.0413 -1.32943e-19)
(0.885912 -6.7448 -1.86146e-19)
(0.964705 -6.43216 2.55506e-19)
(1.02455 -6.11396 8.63447e-20)
(1.06875 -5.80547 6.31538e-20)
(1.10521 -5.51721 -1.41602e-19)
(1.13426 -5.25379 -9.15885e-21)
(2.015 -8.32289 8.51026e-19)
(0.994501 -7.77866 -3.5935e-20)
(1.14322 -7.4535 1.68491e-19)
(1.33599 -7.14412 1.272e-18)
(1.42111 -6.82666 -8.64972e-19)
(1.46627 -6.49342 -4.0151e-20)
(1.49341 -6.15805 -1.11573e-20)
(1.50759 -5.83716 -9.33975e-20)
(1.51795 -5.54086 -1.23008e-19)
(1.52305 -5.2741 -1.32989e-20)
(2.68717 -8.21255 1.54681e-18)
(1.63787 -7.82935 1.18555e-18)
(1.75903 -7.51923 -2.975e-18)
(1.91795 -7.19324 8.58023e-19)
(1.96657 -6.85694 1.15762e-18)
(1.97484 -6.50643 -6.47218e-19)
(1.96686 -6.15777 -4.83213e-19)
(1.94954 -5.82831 3.58777e-19)
(1.93298 -5.52739 -7.41579e-19)
(1.91273 -5.26095 6.86766e-19)
(3.35379 -8.04904 -5.33226e-18)
(2.29199 -7.82416 1.93563e-18)
(2.38636 -7.52768 -1.82097e-18)
(2.50816 -7.18617 7.71229e-19)
(2.51681 -6.83385 -7.65487e-19)
(2.48531 -6.46996 1.04719e-18)
(2.44019 -6.11226 3.78923e-19)
(2.39036 -5.77825 -1.46669e-18)
(2.3464 -5.47632 -1.17866e-18)
(2.29971 -5.21451 1.19214e-18)
(4.01087 -7.83156 2.91752e-19)
(2.95174 -7.76066 -7.68327e-19)
(3.01954 -7.47667 -3.2517e-19)
(3.101 -7.12141 -3.74315e-19)
(3.06656 -6.75658 -1.92779e-18)
(2.99284 -6.38362 2.73029e-19)
(2.90893 -6.02126 -1.68321e-19)
(2.82567 -5.68659 1.51583e-18)
(2.75363 -5.3872 -1.03168e-18)
(2.67937 -5.13443 -5.57059e-19)
(4.65326 -7.55945 4.81587e-18)
(3.61107 -7.6367 -3.75805e-19)
(3.65224 -7.36444 5.05297e-18)
(3.69039 -6.99803 -6.68902e-19)
(3.61041 -6.62496 2.35508e-18)
(3.49291 -6.24787 -2.83959e-19)
(3.36929 -5.88564 1.47465e-20)
(3.25201 -5.55425 1.2903e-18)
(3.15095 -5.26056 -6.94548e-19)
(3.04792 -5.02023 9.12914e-19)
(5.2762 -7.23292 -1.90277e-18)
(4.26399 -7.45113 3.91492e-19)
(4.27795 -7.18997 -1.369e-18)
(4.26989 -6.81546 -1.21467e-18)
(4.14235 -6.43897 2.10833e-20)
(3.9803 -6.06337 3.58867e-18)
(3.81739 -5.70682 -1.25009e-18)
(3.66705 -5.38327 4.21991e-19)
(3.5375 -5.09847 -1.72461e-18)
(3.40595 -4.8732 -7.45409e-19)
(5.87514 -6.85299 7.97806e-18)
(4.9048 -7.20352 -1.00249e-18)
(4.89043 -6.95278 -6.96327e-18)
(4.83302 -6.57334 3.6242e-19)
(4.65551 -6.19818 1.23184e-18)
(4.44765 -5.82957 -1.69716e-18)
(4.24585 -5.48425 -1.9886e-18)
(4.06493 -5.17354 2.89993e-18)
(3.91067 -4.90255 -2.64142e-19)
(3.75442 -4.7004 -2.05101e-18)
(6.44606 -6.42129 -6.56202e-18)
(5.52857 -6.89426 3.25367e-18)
(5.48456 -6.65337 4.38756e-18)
(5.37491 -6.27217 1.03524e-18)
(5.14483 -5.90239 -3.53908e-18)
(4.88824 -5.54464 2.124e-18)
(4.64432 -5.21379 1.13514e-18)
(4.43029 -4.91937 2.24207e-18)
(4.25065 -4.67079 -1.40678e-18)
(4.07178 -4.51271 -1.74362e-18)
(6.98429 -5.93904 2.1287e-18)
(6.1302 -6.52435 -8.23576e-19)
(6.05599 -6.29347 -2.2531e-19)
(5.89271 -5.91387 9.90407e-19)
(5.60961 -5.5528 7.32307e-19)
(5.30318 -5.20771 -5.52213e-19)
(5.01233 -4.89127 -9.35864e-19)
(4.75228 -4.61405 1.42011e-18)
(4.52364 -4.3965 -1.15122e-18)
(4.29922 -4.29406 9.79528e-19)
(9.74759 0.828784 1.21184e-19)
(9.72352 0.0564838 3.80631e-19)
(9.63652 -0.706812 -1.20005e-18)
(9.48952 -1.45604 1.10014e-18)
(9.28463 -2.18644 4.34528e-19)
(9.02424 -2.89353 5.63916e-18)
(8.71071 -3.5731 -2.22625e-18)
(8.34757 -4.22103 -3.19889e-18)
(7.93663 -4.83393 3.64444e-18)
(7.48327 -5.40742 -6.3207e-18)
(9.80748 -0.316254 3.36384e-19)
(9.69375 -1.07299 -1.61479e-19)
(9.51367 -1.81371 -1.00149e-18)
(9.27057 -2.53239 2.67286e-18)
(8.9678 -3.22338 -9.36699e-19)
(8.60925 -3.88163 7.28655e-18)
(8.19882 -4.50225 -4.787e-18)
(7.74149 -5.08093 6.97852e-18)
(7.24115 -5.61343 -5.05545e-18)
(6.70337 -6.0962 -2.64e-18)
(9.42591 -0.307414 -6.25572e-19)
(9.34309 -1.02355 4.2256e-20)
(9.19546 -1.72889 -2.72892e-18)
(8.98511 -2.41725 2.07217e-18)
(8.71481 -3.08253 -2.30407e-18)
(8.38794 -3.71923 -4.5394e-18)
(8.00826 -4.32187 -1.59987e-18)
(7.58061 -4.88554 -1.15128e-18)
(7.10933 -5.40516 4.62879e-18)
(6.5997 -5.87609 2.7199e-18)
(8.81169 -0.223556 2.53052e-19)
(8.76062 -0.885185 -4.40226e-19)
(8.64961 -1.54105 -6.13351e-19)
(8.47973 -2.18549 -2.52517e-18)
(8.25311 -2.8125 1.66871e-18)
(7.9721 -3.41691 4.64451e-18)
(7.64056 -3.99314 1.87923e-18)
(7.26208 -4.53633 4.04899e-19)
(6.84124 -5.04094 1.10708e-18)
(6.38333 -5.50192 1.19372e-19)
(8.18988 -0.211596 -2.65904e-19)
(8.15278 -0.819512 -1.04795e-18)
(8.06147 -1.42425 9.24716e-20)
(7.91618 -2.02117 1.97783e-18)
(7.71902 -2.60438 2.1593e-18)
(7.47121 -3.16996 -1.48436e-18)
(7.17689 -3.71208 -2.65346e-18)
(6.83838 -4.22707 -1.41672e-18)
(6.46148 -4.70891 1.54087e-18)
(6.05011 -5.15294 2.4778e-18)
(7.63945 -0.206084 6.39693e-20)
(7.60663 -0.766628 8.51784e-19)
(7.52491 -1.32494 -2.00476e-18)
(7.39354 -1.87765 2.45857e-18)
(7.21538 -2.41865 1.49971e-18)
(6.98996 -2.94615 2.88654e-18)
(6.72298 -3.45324 -6.15226e-19)
(6.41392 -3.93934 -1.79809e-18)
(6.07251 -4.39628 4.22352e-18)
(5.69921 -4.82191 -3.71266e-18)
(7.17317 -0.196028 1.24859e-19)
(7.14005 -0.716103 -9.19372e-19)
(7.0627 -1.23392 -5.95935e-19)
(6.9388 -1.74761 -1.30584e-18)
(6.77318 -2.2501 -1.87017e-19)
(6.56188 -2.74293 -1.89399e-18)
(6.31488 -3.21654 -1.25252e-18)
(6.02543 -3.67685 -2.06652e-19)
(5.71254 -4.10932 -2.50216e-18)
(5.36749 -4.51898 3.50074e-18)
(6.78019 -0.183893 -1.02294e-19)
(6.7449 -0.670014 7.53647e-19)
(6.66966 -1.15322 -3.36532e-19)
(6.54953 -1.6333 7.32454e-19)
(6.39299 -2.10127 1.77569e-18)
(6.18986 -2.56336 3.00679e-18)
(5.95846 -3.00501 -7.99857e-19)
(5.6789 -3.44452 -2.94747e-18)
(5.39062 -3.85458 8.93664e-19)
(5.06112 -4.2569 -5.34784e-18)
(6.44368 -0.166661 1.43969e-19)
(6.40585 -0.625379 -1.71395e-19)
(6.33231 -1.08055 -1.65732e-18)
(6.21388 -1.53352 5.01668e-19)
(6.06509 -1.97268 -1.2103e-18)
(5.86538 -2.40954 -5.32101e-19)
(5.64711 -2.82199 -3.41078e-19)
(5.36614 -3.24712 1.34493e-18)
(5.10022 -3.63822 1.30044e-18)
(4.76123 -4.06224 1.06537e-18)
(6.14752 -0.15439 -3.19608e-19)
(6.10607 -0.588982 5.55686e-19)
(6.03386 -1.02093 2.74321e-19)
(5.91502 -1.4534 7.61743e-19)
(5.77309 -1.87171 -7.9058e-20)
(5.57132 -2.29271 -6.15701e-20)
(5.36324 -2.68412 -1.8658e-18)
(5.06578 -3.10407 2.52321e-18)
(4.8168 -3.47371 -1.62612e-18)
(4.43257 -3.96406 4.86482e-19)
(6.47965 7.68222 -3.67711e-18)
(7.06562 7.15528 3.82023e-18)
(7.60206 6.57864 -2.11988e-19)
(8.08559 5.95764 -6.385e-18)
(8.51229 5.29713 4.61122e-18)
(8.8788 4.60249 -3.18519e-18)
(9.1825 3.8795 -7.12842e-19)
(9.42204 3.13473 -6.69357e-19)
(9.59611 2.37379 1.06641e-18)
(9.70531 1.6041 7.60091e-20)
(7.22652 6.57365 4.29946e-18)
(7.75792 6.03809 8.13943e-19)
(8.23828 5.4534 -4.23094e-18)
(8.66299 4.82439 -4.3538e-18)
(9.02777 4.15609 3.5903e-18)
(9.329 3.4544 -2.8345e-18)
(9.56359 2.72583 3.1355e-18)
(9.72981 1.97752 -8.85817e-19)
(9.82602 1.21636 -2.60753e-18)
(9.85233 0.449475 -1.79362e-19)
(6.79411 5.97917 -7.39012e-19)
(7.30208 5.51152 -5.78331e-19)
(7.76631 4.99541 2.35459e-18)
(8.18174 4.43418 2.16188e-18)
(8.54392 3.8321 4.65217e-18)
(8.84907 3.19454 1.46167e-18)
(9.09381 2.52741 -1.04615e-18)
(9.27559 1.83708 -2.19186e-18)
(9.39228 1.13 1.74634e-18)
(9.44267 0.412862 1.25052e-19)
(6.23168 5.41353 1.0591e-18)
(6.70335 5.00788 -2.41199e-18)
(7.13754 4.55664 -9.34098e-19)
(7.52958 4.06185 -4.01106e-18)
(7.87546 3.52726 -2.09037e-18)
(8.17167 2.95777 3.89488e-18)
(8.41498 2.35856 2.46583e-18)
(8.60258 1.73498 -2.07593e-18)
(8.73228 1.09278 8.87935e-20)
(8.80226 0.437814 -8.74297e-20)
(5.79949 4.89839 -3.72973e-18)
(6.22914 4.53585 4.14895e-18)
(6.62463 4.13131 -1.04677e-18)
(6.98239 3.68562 2.10004e-18)
(7.29934 3.20269 -1.3929e-18)
(7.57238 2.68728 -2.27887e-18)
(7.79861 2.14391 1.07161e-18)
(7.97529 1.57714 -1.14861e-18)
(8.10047 0.992126 -1.09188e-18)
(8.17226 0.393983 4.59603e-19)
(5.46654 4.48608 -5.00694e-19)
(5.85913 4.15568 7.80283e-19)
(6.21802 3.78574 -9.11907e-19)
(6.54182 3.3765 -4.08789e-18)
(6.82891 2.93289 2.18685e-18)
(7.07651 2.45961 3.4423e-19)
(7.28185 1.96047 -1.91377e-18)
(7.44235 1.43954 -6.48586e-19)
(7.55651 0.901673 5.83746e-19)
(7.62239 0.351406 -1.67912e-19)
(5.20152 4.16012 -1.98753e-18)
(5.56441 3.85605 -6.25714e-21)
(5.89252 3.51212 9.0655e-19)
(6.18645 3.13051 2.30551e-18)
(6.44671 2.71797 4.65258e-19)
(6.67088 2.27826 1.11666e-18)
(6.85629 1.81445 2.15096e-18)
(7.00047 1.33054 -9.08274e-19)
(7.10244 0.831342 7.60945e-19)
(7.16003 0.320873 -2.84627e-19)
(4.98046 3.89791 -6.83001e-19)
(5.31595 3.61997 7.79204e-19)
(5.62009 3.29475 7.50845e-19)
(5.89037 2.93428 -1.07968e-18)
(6.12845 2.54726 -5.822e-19)
(6.33268 2.13459 -1.26259e-18)
(6.50103 1.69884 1.13636e-19)
(6.63102 1.2446 -2.78312e-19)
(6.72214 0.776882 -1.6094e-18)
(6.77161 0.299183 2.14783e-19)
(4.80809 3.6768 -2.51036e-19)
(5.09934 3.43452 -1.32334e-18)
(5.37956 3.1222 -5.08177e-19)
(5.63275 2.77907 2.26395e-19)
(5.85331 2.41471 -1.34897e-19)
(6.04058 2.02486 1.1125e-18)
(6.19476 1.612 4.35804e-19)
(6.31339 1.18183 6.39676e-19)
(6.39605 0.739774 7.49957e-19)
(6.43882 0.288809 -3.05111e-19)
(4.74577 3.44576 -9.00541e-19)
(4.96354 3.24055 1.53305e-18)
(5.19501 2.93859 -2.4225e-18)
(5.42839 2.61311 -5.27717e-20)
(5.63043 2.27255 1.92321e-18)
(5.7967 1.90764 9.10618e-20)
(5.9331 1.52007 8.17503e-19)
(6.03833 1.11558 -1.68243e-18)
(6.11157 0.699805 -1.37485e-20)
(6.14687 0.275093 1.4704e-19)
(1.04676 4.51205 5.00565e-20)
(1.00703 4.72504 -1.88272e-20)
(0.97224 4.96577 -1.27186e-20)
(0.924706 5.24967 1.43145e-19)
(0.864726 5.60397 -6.40745e-20)
(0.790939 6.07376 -2.36512e-19)
(0.71058 6.72342 2.76499e-19)
(0.686886 7.60908 9.61034e-20)
(0.550683 8.65937 1.49129e-19)
(-0.787231 9.58949 6.49611e-19)
(1.40029 4.53859 1.29958e-19)
(1.38003 4.76149 -3.8787e-19)
(1.36437 5.01182 3.91158e-19)
(1.34029 5.30646 8.2821e-20)
(1.30987 5.67252 -1.70443e-19)
(1.27466 6.15439 1.88799e-19)
(1.24655 6.81329 6.88383e-19)
(1.29207 7.69367 -8.84682e-19)
(1.23502 8.72275 3.15715e-20)
(-0.0349237 9.68199 -7.75403e-19)
(1.76209 4.53851 5.61962e-19)
(1.76183 4.76924 -7.36203e-19)
(1.76642 5.02684 -2.93371e-19)
(1.76741 5.32952 -2.61659e-20)
(1.76832 5.70435 -3.0007e-19)
(1.77341 6.1947 -1.32813e-19)
(1.79874 6.85813 2.27402e-19)
(1.91254 7.72701 6.38407e-19)
(1.93076 8.72805 4.8931e-19)
(0.726495 9.71221 -1.41779e-18)
(2.13291 4.50081 5.52336e-19)
(2.15219 4.73947 -6.21617e-19)
(2.17739 5.00442 -6.19643e-19)
(2.2044 5.31431 3.5887e-19)
(2.23766 5.69602 1.9043e-18)
(2.28401 6.19179 -7.52958e-19)
(2.36323 6.85523 5.99274e-19)
(2.54375 7.70672 -2.0257e-18)
(2.63284 8.67377 -2.29102e-18)
(1.49182 9.67967 2.70319e-18)
(2.50534 4.43986 4.19116e-19)
(2.54425 4.68291 -2.80687e-19)
(2.59115 4.95106 8.18933e-19)
(2.64574 5.26382 -7.22551e-19)
(2.71286 5.6482 5.47549e-19)
(2.80169 6.14495 4.75829e-19)
(2.93522 6.8031 4.66198e-19)
(3.18059 7.63103 3.62672e-19)
(3.3358 8.55837 1.44769e-18)
(2.25562 9.58339 1.27455e-18)
(2.88699 4.32916 -1.30783e-18)
(2.94305 4.58108 -3.4995e-19)
(3.01022 4.85533 1.48938e-18)
(3.09158 5.17149 -1.64152e-18)
(3.19206 5.55714 -7.64581e-19)
(3.32306 6.05176 -1.88104e-18)
(3.51018 6.69995 9.70423e-20)
(3.8177 7.49855 -2.00424e-18)
(4.03379 8.38104 -2.42102e-19)
(3.01215 9.42308 -3.89516e-18)
(3.25979 4.20797 1.93608e-18)
(3.33385 4.4609 -3.18504e-18)
(3.42291 4.73301 1.75731e-18)
(3.53297 5.04519 8.95476e-19)
(3.66835 5.42606 -2.05062e-19)
(3.8423 5.91308 2.57941e-18)
(4.0825 6.54548 -1.66096e-18)
(4.44925 7.3087 -4.15579e-18)
(4.7206 8.14135 -5.80853e-19)
(3.75559 9.19856 3.5834e-18)
(3.65212 4.01631 -1.28097e-20)
(3.73466 4.28519 1.52325e-18)
(3.83804 4.56399 -7.19498e-19)
(3.97229 4.87529 7.39223e-19)
(4.14019 5.25078 7.51573e-19)
(4.35554 5.72713 -1.24217e-18)
(4.64694 6.33889 8.96118e-19)
(5.06916 7.06121 -2.01159e-18)
(5.38994 7.83992 5.47782e-18)
(4.47989 8.91127 -1.8569e-18)
(4.01639 3.8501 -9.27202e-19)
(4.11259 4.11215 -4.69635e-19)
(4.23432 4.37804 2.08984e-18)
(4.39711 4.67499 -2.99315e-18)
(4.59976 5.03663 2.95162e-18)
(4.85648 5.4959 -1.51051e-18)
(5.19747 6.08096 -2.56134e-18)
(5.67102 6.75644 5.64671e-19)
(6.03517 7.47718 -9.4534e-18)
(5.17946 8.56131 6.81263e-18)
(4.4209 3.59696 2.41657e-18)
(4.49283 3.87364 -2.10942e-18)
(4.61991 4.14516 2.16722e-18)
(4.80882 4.43359 -1.72126e-19)
(5.04401 4.78066 -2.25645e-18)
(5.33989 5.21912 -1.17395e-18)
(5.72775 5.77196 1.3391e-18)
(6.24826 6.39521 3.57677e-18)
(6.65002 7.05488 4.50322e-18)
(5.84772 8.1528 2.03999e-20)
(-1.60546 3.04638 -4.21434e-19)
(-1.75408 3.07675 3.14402e-19)
(-1.91278 3.15789 -1.6176e-19)
(-2.10239 3.27513 3.82422e-19)
(-2.34612 3.43643 3.51794e-19)
(-2.67886 3.67319 6.3556e-19)
(-3.14796 4.04716 1.02314e-18)
(-3.77823 4.68045 6.24876e-19)
(-4.72812 5.51478 1.02989e-18)
(-6.75347 5.77491 -7.49279e-19)
(-1.46215 3.2529 2.74186e-19)
(-1.602 3.31183 3.28477e-19)
(-1.74237 3.41858 -4.96638e-19)
(-1.91751 3.5551 -2.91216e-19)
(-2.14741 3.73628 -5.77685e-19)
(-2.46272 3.99905 1.16236e-18)
(-2.90545 4.40889 -5.56977e-19)
(-3.48836 5.08712 -1.45044e-18)
(-4.36635 5.977 -1.25696e-18)
(-6.3353 6.34044 1.90585e-18)
(-1.26082 3.44184 -7.76733e-20)
(-1.39875 3.53203 8.63126e-20)
(-1.53291 3.66084 -7.96124e-19)
(-1.70059 3.81739 5.31137e-19)
(-1.91953 4.02119 5.32867e-19)
(-2.21729 4.31206 -3.68942e-19)
(-2.63123 4.75806 -9.97613e-21)
(-3.16293 5.47828 2.59379e-18)
(-3.96465 6.41669 4.91467e-19)
(-5.87087 6.8749 -1.49477e-18)
(-1.03292 3.63262 -7.86945e-19)
(-1.16687 3.74425 5.16212e-19)
(-1.29483 3.89025 -1.30865e-19)
(-1.45453 4.06555 4.31694e-19)
(-1.66169 4.29192 -1.17998e-18)
(-1.94066 4.61077 -9.47185e-21)
(-2.32334 5.09182 2.20899e-19)
(-2.80064 5.85045 -4.44636e-22)
(-3.52303 6.83027 -1.28412e-19)
(-5.36218 7.37491 1.99452e-18)
(-0.787346 3.81632 7.06641e-19)
(-0.914324 3.94501 2.68751e-20)
(-1.03383 4.10663 -4.53043e-19)
(-1.18316 4.29978 9.6567e-21)
(-1.37607 4.54776 8.45572e-20)
(-1.63359 4.89339 -8.92876e-19)
(-1.98183 5.40743 2.70485e-19)
(-2.4014 6.20015 -2.91603e-19)
(-3.04189 7.2138 -4.29832e-20)
(-4.81097 7.83635 -2.524e-18)
(-0.523372 3.9842 -1.87925e-20)
(-0.640826 4.12951 6.05517e-19)
(-0.750147 4.30656 -5.91232e-19)
(-0.887232 4.51718 5.81291e-20)
(-1.0636 4.78597 -1.47168e-19)
(-1.29689 5.15704 8.19064e-19)
(-1.60746 5.70169 1.75783e-19)
(-1.96609 6.52362 1.06533e-19)
(-2.52279 7.5632 7.33866e-19)
(-4.21983 8.25516 5.16664e-19)
(-0.240592 4.13355 -4.53925e-19)
(-0.346321 4.29512 5.10032e-19)
(-0.444006 4.4871 2.43433e-20)
(-0.567137 4.71462 8.44846e-19)
(-0.724794 5.00339 -4.99017e-19)
(-0.931248 5.39843 3.81045e-19)
(-1.20103 5.97095 -3.76386e-19)
(-1.4961 6.81699 9.33101e-19)
(-1.96777 7.87436 9.62052e-19)
(-3.59173 8.62757 1.13045e-18)
(0.0597031 4.26296 -3.1063e-19)
(-0.0322318 4.43958 3.73914e-19)
(-0.116727 4.64553 -1.84184e-19)
(-0.224009 4.88909 -1.46609e-19)
(-0.360689 5.19675 3.58284e-19)
(-0.5377 5.61402 -6.29017e-19)
(-0.763857 6.21134 -4.78174e-19)
(-0.993178 7.07606 1.72674e-18)
(-1.37961 8.14335 -3.49643e-19)
(-2.93061 8.95033 -1.30425e-18)
(0.375374 4.37119 -3.35549e-19)
(0.299238 4.56128 7.35388e-20)
(0.229689 4.77998 4.6912e-20)
(0.140332 5.03835 3.84068e-22)
(0.0269828 5.36334 -2.39229e-19)
(-0.118002 5.80067 8.05127e-19)
(-0.297844 6.41934 -8.07886e-19)
(-0.459686 7.29706 -1.14599e-19)
(-0.761334 8.36632 1.55421e-20)
(-2.23979 9.22013 -1.04815e-18)
(0.705019 4.45448 1.10342e-19)
(0.646404 4.65668 1.74629e-20)
(0.593466 4.8871 -3.90204e-20)
(0.524057 5.15911 -5.94651e-20)
(0.436326 5.49984 -1.65208e-19)
(0.325828 5.9548 1.28158e-19)
(0.194702 6.591 8.21301e-20)
(0.101562 7.47577 1.60866e-19)
(-0.116559 8.53959 -2.25622e-19)
(-1.52476 9.43457 2.13076e-19)
(-1.66035 2.75654 -3.50579e-19)
(-1.89443 2.42355 1.47539e-19)
(-2.03553 2.1305 -8.49584e-20)
(-2.19552 1.84179 -8.97084e-20)
(-2.32589 1.55352 -4.31034e-20)
(-2.44639 1.26375 3.01067e-21)
(-2.55096 0.970316 -2.54308e-20)
(-2.64315 0.672489 -2.37835e-20)
(-2.7222 0.369423 -1.48121e-20)
(-2.78824 0.0607871 8.63933e-21)
(-1.86208 2.808 -2.9836e-19)
(-2.05549 2.49552 -1.49381e-19)
(-2.19608 2.19907 -2.5684e-19)
(-2.34567 1.90356 1.70929e-20)
(-2.47201 1.60915 8.37398e-20)
(-2.58904 1.31443 1.10786e-19)
(-2.69161 1.01681 -3.49623e-20)
(-2.78265 0.715532 1.14754e-19)
(-2.86126 0.40932 1.68521e-20)
(-2.92736 0.0975197 -1.22677e-20)
(-2.05963 2.87291 8.40043e-19)
(-2.23182 2.56808 -8.23075e-20)
(-2.37352 2.27031 3.72071e-19)
(-2.51415 1.96962 7.30302e-20)
(-2.63667 1.66983 -3.46504e-19)
(-2.74919 1.36984 -1.74367e-19)
(-2.84853 1.06764 -7.55201e-20)
(-2.9367 0.762369 3.96791e-20)
(-3.01298 0.452559 -8.48671e-20)
(-3.0772 0.137304 1.0834e-20)
(-2.26861 2.97621 2.12237e-19)
(-2.43455 2.66683 4.66437e-19)
(-2.57823 2.36095 2.00102e-20)
(-2.71366 2.05197 1.88313e-19)
(-2.83314 1.74395 2.46023e-19)
(-2.94117 1.43578 2.49969e-20)
(-3.03644 1.12625 1.76506e-19)
(-3.12035 0.814407 7.79349e-20)
(-3.19257 0.498778 1.07467e-19)
(-3.25299 0.178262 -1.7929e-20)
(-2.52509 3.12276 7.93576e-19)
(-2.69169 2.80182 -8.76906e-19)
(-2.83784 2.48142 -7.48963e-20)
(-2.97072 2.15915 9.86974e-20)
(-3.0875 1.83808 -1.2792e-19)
(-3.19101 1.51729 -2.18716e-19)
(-3.28122 1.19616 -3.43765e-19)
(-3.35928 0.873714 2.96837e-19)
(-3.4253 0.548604 -3.09266e-20)
(-3.47934 0.219622 -1.3722e-20)
(-2.87162 3.337 -1.45477e-18)
(-3.04449 2.99513 8.07586e-19)
(-3.19545 2.65202 2.90994e-19)
(-3.3287 2.30809 4.33994e-20)
(-3.44386 1.96555 2.7323e-19)
(-3.54316 1.62405 -3.79421e-19)
(-3.62736 1.28336 -3.32933e-19)
(-3.69762 0.942672 -7.35759e-21)
(-3.75446 0.60087 6.27335e-20)
(-3.79817 0.256809 4.35396e-20)
(-3.3622 3.6761 -4.11338e-19)
(-3.55043 3.2997 -2.30935e-19)
(-3.71279 2.92098 -8.22576e-20)
(-3.85234 2.54185 2.92808e-19)
(-3.96993 2.16409 -9.04416e-19)
(-4.06761 1.78811 -3.35263e-19)
(-4.14661 1.41407 4.53242e-19)
(-4.20825 1.04159 1.051e-19)
(-4.25337 0.669944 7.76883e-20)
(-4.28261 0.298271 -4.62224e-20)
(-4.03413 4.26196 -1.28558e-18)
(-4.25756 3.83621 -1.17029e-18)
(-4.44906 3.40584 1.87569e-18)
(-4.61124 2.97375 3.74876e-19)
(-4.74549 2.54177 1.39324e-18)
(-4.85368 2.11114 3.49113e-20)
(-4.93723 1.68263 -3.87363e-19)
(-4.99752 1.25656 5.14641e-19)
(-5.03566 0.832844 7.87494e-21)
(-5.0525 0.411142 1.26147e-19)
(-5.04903 5.03396 7.56672e-20)
(-5.3294 4.54031 1.89802e-18)
(-5.57039 4.03705 -1.84096e-18)
(-5.77373 3.52777 1.2579e-18)
(-5.94082 3.01479 -1.72678e-18)
(-6.07288 2.50035 2.05529e-19)
(-6.17115 1.98617 -6.01392e-19)
(-6.23685 1.47367 2.11654e-19)
(-6.27114 0.963791 4.00231e-20)
(-6.2747 0.457249 -7.05804e-20)
(-7.12179 5.1811 5.78545e-19)
(-7.43727 4.56816 -1.684e-18)
(-7.70473 3.93803 7.46469e-19)
(-7.92244 3.29585 -5.95939e-19)
(-8.09135 2.64468 2.93416e-19)
(-8.21134 1.98825 1.29102e-18)
(-8.28305 1.32979 1.5694e-19)
(-8.30717 0.672505 3.46296e-19)
(-8.28462 0.019286 -1.78285e-19)
(-8.21572 -0.627144 -4.01495e-20)
(-2.84018 -0.253469 2.0479e-21)
(-2.87658 -0.57312 -2.27231e-20)
(-2.89573 -0.89749 1.66997e-19)
(-2.89563 -1.22518 -1.13305e-19)
(-2.87397 -1.55396 9.71839e-21)
(-2.8278 -1.88087 -1.49247e-19)
(-2.75208 -2.20354 6.67285e-19)
(-2.63908 -2.52128 9.18144e-20)
(-2.48507 -2.82666 -2.65032e-19)
(-2.29931 -3.10119 5.41824e-19)
(-2.97972 -0.220346 2.91895e-20)
(-3.01671 -0.544335 -8.50422e-20)
(-3.03631 -0.87402 -6.84143e-20)
(-3.03613 -1.20828 -6.37275e-20)
(-3.01346 -1.5453 -2.03254e-19)
(-2.96542 -1.88261 -2.85523e-20)
(-2.88851 -2.21781 -1.94768e-20)
(-2.77684 -2.54861 2.95135e-19)
(-2.62317 -2.87116 5.71882e-19)
(-2.43051 -3.18937 -9.89773e-21)
(-3.1282 -0.184213 -2.55458e-20)
(-3.16433 -0.512347 2.21983e-19)
(-3.18359 -0.847003 4.47488e-20)
(-3.18357 -1.18749 -8.48652e-21)
(-3.16151 -1.53252 2.30561e-19)
(-3.11453 -1.8804 1.11718e-19)
(-3.03942 -2.22903 2.54803e-19)
(-2.93194 -2.57563 -1.53545e-19)
(-2.78734 -2.91859 -5.32371e-19)
(-2.60533 -3.26505 -1.37373e-18)
(-3.30067 -0.148231 4.20875e-20)
(-3.33413 -0.481384 -1.07394e-19)
(-3.35147 -0.821506 1.59979e-19)
(-3.35041 -1.16842 -4.03349e-19)
(-3.32824 -1.52145 -2.28903e-19)
(-3.28203 -1.87953 -8.68024e-20)
(-3.20842 -2.24099 -5.9276e-19)
(-3.10376 -2.60352 -2.55077e-19)
(-2.96502 -2.96641 5.62702e-21)
(-2.79181 -3.33307 4.7181e-19)
(-3.52077 -0.114489 3.11125e-20)
(-3.54837 -0.454684 8.66922e-21)
(-3.56045 -0.801629 1.2051e-19)
(-3.55495 -1.15562 4.01985e-19)
(-3.52935 -1.51654 -7.42371e-20)
(-3.48074 -1.88383 -6.76127e-19)
(-3.40588 -2.25636 1.12374e-18)
(-3.30135 -2.6326 -3.51403e-19)
(-3.16463 -3.01204 -3.66687e-19)
(-2.99502 -3.39506 -1.78254e-19)
(-3.82853 -0.0907633 -8.03999e-20)
(-3.84472 -0.442932 9.12034e-20)
(-3.84534 -0.800569 2.4071e-19)
(-3.82879 -1.16433 -2.18516e-19)
(-3.79282 -1.5345 5.57034e-19)
(-3.73493 -1.91102 -5.85121e-20)
(-3.65217 -2.29332 5.61043e-20)
(-3.54148 -2.68056 3.66624e-19)
(-3.40048 -3.07227 2.74673e-19)
(-3.22785 -3.46744 1.50238e-19)
(-4.29616 -0.0744435 1.6374e-20)
(-4.29384 -0.449086 -1.70375e-20)
(-4.27459 -0.8265 4.59768e-19)
(-4.23751 -1.20745 -5.45008e-19)
(-4.18094 -1.59246 -9.61649e-19)
(-4.10298 -1.98182 5.28043e-19)
(-4.00132 -2.37544 -2.56836e-19)
(-3.87351 -2.77305 3.23827e-19)
(-3.71738 -3.17424 9.19547e-19)
(-3.53119 -3.5779 -9.30226e-19)
(-5.0485 -0.00885402 -2.77799e-20)
(-5.0243 -0.427131 -3.86895e-19)
(-4.9792 -0.84417 5.08569e-19)
(-4.91327 -1.26042 2.72705e-19)
(-4.82571 -1.67637 -8.95371e-19)
(-4.7154 -2.09215 -7.28313e-19)
(-4.58113 -2.50801 -8.54938e-20)
(-4.42132 -2.9239 2.84024e-20)
(-4.23436 -3.33967 3.2132e-19)
(-4.01857 -3.75462 -3.11287e-19)
(-6.24761 -0.0446831 3.6225e-20)
(-6.19131 -0.54025 6.22894e-19)
(-6.10604 -1.02924 2.53302e-19)
(-5.99267 -1.51103 -8.09725e-19)
(-5.85142 -1.98543 8.04071e-19)
(-5.6824 -2.45187 -1.12389e-18)
(-5.4855 -2.90997 1.31102e-18)
(-5.26081 -3.35972 -1.57215e-18)
(-5.00792 -3.80102 -8.53916e-19)
(-4.72577 -4.23313 -2.57339e-18)
(-8.09967 -1.26363 -1.7638e-20)
(-7.93857 -1.88427 -2.54942e-19)
(-7.73462 -2.48967 2.06349e-19)
(-7.48898 -3.07614 2.14732e-19)
(-7.20308 -3.64189 -4.67192e-19)
(-6.87841 -4.18447 4.70913e-19)
(-6.51671 -4.70198 -6.29755e-19)
(-6.12005 -5.19294 5.27563e-19)
(-5.69051 -5.65627 -1.30194e-18)
(-5.22912 -6.09012 1.38932e-18)
(-4.73602 -6.49064 2.15435e-18)
(-4.41354 -4.65357 -1.22027e-18)
(-3.77237 -4.16675 -9.85527e-19)
(-3.31337 -3.98128 1.24027e-18)
(-3.02273 -3.86243 -5.13725e-20)
(-2.79307 -3.77761 9.99468e-19)
(-2.58713 -3.70116 2.95436e-20)
(-2.39369 -3.62053 -6.57388e-19)
(-2.21307 -3.533 9.68338e-19)
(-2.08122 -3.42797 -1.87434e-19)
(-4.21803 -6.85366 -2.41104e-18)
(-4.07246 -5.05998 4.77258e-18)
(-3.49482 -4.57301 -3.31354e-19)
(-3.06226 -4.38043 -1.08975e-18)
(-2.78375 -4.25183 7.28249e-19)
(-2.55866 -4.15151 -1.46203e-18)
(-2.35453 -4.05547 1.47852e-18)
(-2.16493 -3.95319 -9.70968e-19)
(-1.99518 -3.84294 2.68614e-19)
(-1.87709 -3.71306 5.4132e-19)
(-3.6744 -7.18319 1.49885e-18)
(-3.70122 -5.45126 -2.92952e-18)
(-3.18389 -4.97049 1.03641e-18)
(-2.776 -4.77169 -4.3917e-19)
(-2.50921 -4.63183 6.88166e-19)
(-2.28951 -4.51377 -4.73719e-19)
(-2.0887 -4.39594 -3.65744e-19)
(-1.90326 -4.27007 3.94216e-19)
(-1.73766 -4.13621 -7.8469e-19)
(-1.61621 -3.98723 8.86583e-19)
(-3.10806 -7.47613 -3.30901e-18)
(-3.29961 -5.82518 3.89308e-19)
(-2.83866 -5.35582 9.73642e-19)
(-2.45374 -5.15057 1.10853e-18)
(-2.19886 -4.99728 -1.70791e-18)
(-1.98643 -4.85876 1.03721e-19)
(-1.79185 -4.71661 -5.81422e-19)
(-1.61348 -4.56553 -9.99186e-19)
(-1.4542 -4.40778 1.87099e-18)
(-1.33228 -4.24062 4.21564e-19)
(-2.52016 -7.73175 2.44252e-18)
(-2.86675 -6.1793 4.66675e-19)
(-2.45793 -5.72514 1.38497e-18)
(-2.09472 -5.51246 -4.94183e-20)
(-1.85242 -5.34345 1.36105e-18)
(-1.64925 -5.18223 6.01232e-19)
(-1.46349 -5.01414 1.13084e-18)
(-1.29477 -4.83709 -1.03083e-18)
(-1.14473 -4.65558 -4.77069e-20)
(-1.02649 -4.47022 -6.47431e-19)
(-1.91273 -7.94812 1.76772e-18)
(-2.40245 -6.51016 -1.52736e-18)
(-2.04138 -6.07387 -2.03936e-19)
(-1.69914 -5.85227 -3.83035e-19)
(-1.47077 -5.66528 -3.67941e-19)
(-1.27957 -5.47947 -3.9404e-19)
(-1.10584 -5.28443 6.02492e-19)
(-0.949966 -5.08146 -6.41627e-19)
(-0.812169 -4.87705 5.62325e-19)
(-0.700926 -4.67413 3.23851e-20)
(-1.28766 -8.12376 -3.15912e-18)
(-1.9068 -6.81412 -1.11323e-18)
(-1.58918 -6.39719 1.85806e-18)
(-1.26784 -6.16484 -5.60953e-19)
(-1.05538 -5.95784 6.76633e-19)
(-0.879237 -5.74618 -1.74378e-18)
(-0.721035 -5.52392 1.24233e-18)
(-0.581369 -5.29572 -3.79085e-19)
(-0.45896 -5.06969 5.37404e-19)
(-0.358346 -4.84993 -5.76622e-19)
(-0.647116 -8.25707 1.46308e-18)
(-1.38048 -7.08715 -4.79065e-19)
(-1.10234 -6.68996 -6.02767e-19)
(-0.802549 -6.44491 -2.33694e-19)
(-0.608605 -6.2163 1.51319e-19)
(-0.451058 -5.97825 2.93616e-19)
(-0.312036 -5.72931 -5.22183e-19)
(-0.191796 -5.47736 3.1521e-19)
(-0.0873915 -5.23171 7.3878e-19)
(-0.000377983 -4.99703 -6.02627e-19)
(0.00663859 -8.34644 1.17459e-18)
(-0.824567 -7.32499 -2.58719e-20)
(-0.582533 -6.94702 9.79071e-19)
(-0.305788 -6.68741 -7.66553e-19)
(-0.133535 -6.4362 2.13767e-19)
(0.00162814 -6.17199 -2.2156e-19)
(0.117762 -5.8977 -8.8696e-20)
(0.215432 -5.62411 -4.51305e-19)
(0.299316 -5.36134 4.55511e-19)
(0.369722 -5.11409 3.32713e-19)
(0.671101 -8.38931 -2.29544e-19)
(-0.240933 -7.52286 -1.63375e-19)
(-0.0323435 -7.16328 -1.07787e-19)
(0.219097 -6.88766 -3.41708e-19)
(0.366062 -6.61355 3.0796e-19)
(0.474945 -6.3242 7.7145e-20)
(0.5646 -6.02661 -1.88312e-19)
(0.636823 -5.73403 1.4388e-20)
(0.697977 -5.45702 -7.58269e-20)
(0.749013 -5.20018 3.15986e-21)
(1.05858 -4.50067 -8.21499e-21)
(0.913786 -3.50924 -2.4642e-21)
(0.910543 -2.84557 5.97355e-21)
(0.906708 -2.29055 -2.53435e-21)
(0.8731 -1.79658 -1.1535e-22)
(0.837377 -1.38477 -4.67138e-22)
(0.799782 -1.0465 1.03622e-22)
(0.765846 -0.776096 -1.4308e-22)
(0.737872 -0.56381 1.12576e-22)
(0.716325 -0.402352 8.46491e-23)
(0.701924 -0.279397 -2.22475e-22)
(0.694243 -0.189514 1.16916e-22)
(0.689308 -0.118647 -9.48288e-23)
(0.692087 -0.0621069 -2.87684e-22)
(0.686399 -0.0115901 4.78838e-23)
(0.680685 0.0483549 -1.16373e-22)
(0.669877 0.0785999 4.45477e-23)
(0.643866 0.124589 3.33008e-23)
(0.687748 0.0934401 -2.22091e-23)
(0.702383 0.0414901 -1.16416e-23)
(1.36362 -4.53359 5.7046e-20)
(1.10686 -3.53942 1.47448e-20)
(1.01657 -2.85715 -1.13247e-20)
(0.970405 -2.29683 2.70444e-21)
(0.909009 -1.79772 -3.84011e-21)
(0.852352 -1.38193 -4.02248e-22)
(0.800889 -1.04274 -1.83295e-22)
(0.757621 -0.772548 -3.14246e-22)
(0.723421 -0.561019 1.19844e-22)
(0.697792 -0.400429 3.10956e-23)
(0.680627 -0.278348 7.85405e-24)
(0.671193 -0.189048 7.41879e-22)
(0.664926 -0.118701 -1.01816e-21)
(0.667 -0.0621843 -2.83513e-22)
(0.659956 -0.0111368 2.14729e-22)
(0.65426 0.0489286 1.74181e-22)
(0.643467 0.0799373 -3.52501e-22)
(0.621488 0.123832 4.37358e-22)
(0.669087 0.0911608 5.35912e-23)
(0.681412 0.0410489 2.99247e-23)
(1.67073 -4.54577 -1.17325e-19)
(1.30714 -3.56528 4.64754e-20)
(1.12815 -2.87135 5.5344e-20)
(1.0364 -2.30545 -1.70667e-20)
(0.946954 -1.80165 5.08421e-22)
(0.86912 -1.38159 -3.36845e-21)
(0.803419 -1.04092 -1.34602e-22)
(0.750676 -0.7705 -6.25967e-22)
(0.710184 -0.559323 -1.94222e-22)
(0.680413 -0.399265 -2.79638e-22)
(0.660428 -0.277802 -1.51674e-22)
(0.649164 -0.188904 3.22402e-23)
(0.641539 -0.118977 1.09062e-21)
(0.642826 -0.0623866 -5.21437e-22)
(0.634479 -0.0108134 -5.37809e-22)
(0.628911 0.049369 5.39098e-22)
(0.618253 0.0810345 -1.24466e-22)
(0.60052 0.122773 -2.41227e-22)
(0.651048 0.0888886 -2.27164e-22)
(0.66114 0.0407144 5.86569e-23)
(1.97834 -4.53949 -3.52912e-20)
(1.51477 -3.58417 9.54567e-20)
(1.24651 -2.88413 -3.95699e-20)
(1.1057 -2.31391 -9.23161e-21)
(0.987465 -1.80713 5.94496e-21)
(0.888127 -1.38341 -4.13305e-22)
(0.807697 -1.04099 1.14838e-21)
(0.74523 -0.769947 -4.57458e-22)
(0.698325 -0.558721 8.64392e-22)
(0.664315 -0.398854 7.96048e-22)
(0.641425 -0.277748 -1.7667e-21)
(0.628238 -0.189073 2.48582e-22)
(0.619204 -0.119465 -1.50556e-22)
(0.619606 -0.0627153 8.5311e-22)
(0.610015 -0.0106329 2.60053e-22)
(0.604682 0.0496618 -3.98359e-22)
(0.594277 0.0818791 -3.27749e-22)
(0.580914 0.121441 -5.84048e-22)
(0.633611 0.0866508 3.75241e-22)
(0.64159 0.0404786 -1.22344e-22)
(2.28482 -4.5113 9.8143e-21)
(1.73036 -3.58539 8.06147e-21)
(1.37244 -2.88585 1.5651e-21)
(1.17858 -2.31699 1.94383e-20)
(1.03054 -1.81179 8.82066e-21)
(0.909544 -1.38652 6.07534e-21)
(0.81395 -1.04266 -2.50919e-21)
(0.741464 -0.770786 7.38855e-22)
(0.687979 -0.559175 5.79163e-22)
(0.649599 -0.399173 9.84871e-22)
(0.623701 -0.27817 -1.74082e-22)
(0.608478 -0.189542 -1.84424e-21)
(0.59797 -0.120155 -3.28626e-22)
(0.597382 -0.0631707 1.41901e-21)
(0.586604 -0.0106069 1.11501e-21)
(0.581604 0.0497947 -5.28475e-22)
(0.571566 0.0824642 1.31016e-21)
(0.562613 0.119867 1.86434e-22)
(0.616759 0.0844709 1.20758e-22)
(0.62279 0.0403318 -1.08722e-23)
(2.58993 -4.44996 -2.96295e-19)
(1.95382 -3.55834 -3.91981e-20)
(1.50497 -2.87283 3.4651e-20)
(1.2541 -2.31478 -5.27831e-20)
(1.07551 -1.81602 -2.32182e-20)
(0.933221 -1.39094 -1.8814e-20)
(0.822271 -1.04578 3.09405e-21)
(0.739494 -0.772898 9.09422e-22)
(0.679245 -0.560612 -1.62706e-21)
(0.636345 -0.400182 -8.87537e-22)
(0.607315 -0.279037 -6.4426e-22)
(0.589937 -0.190291 1.6871e-21)
(0.577875 -0.121031 -7.97253e-22)
(0.576185 -0.0637479 -9.40287e-22)
(0.564281 -0.0107404 -7.59275e-22)
(0.559701 0.049762 9.74065e-22)
(0.550131 0.0827914 9.07293e-23)
(0.545558 0.118087 3.63525e-22)
(0.600485 0.0823678 -2.03284e-22)
(0.604767 0.0402622 4.7066e-23)
(2.89389 -4.35751 3.0153e-19)
(2.18223 -3.52679 9.63465e-20)
(1.64236 -2.87077 -8.19346e-21)
(1.33186 -2.32497 6.96627e-20)
(1.12237 -1.82879 -2.14971e-20)
(0.959307 -1.40022 2.06037e-21)
(0.832824 -1.05159 9.53276e-21)
(0.739425 -0.776675 -1.09059e-21)
(0.672195 -0.563156 -4.60951e-21)
(0.624607 -0.401912 1.73018e-22)
(0.59231 -0.280355 -1.28016e-21)
(0.57265 -0.191313 2.13173e-21)
(0.558946 -0.122083 -1.3816e-21)
(0.556044 -0.0644477 4.27931e-21)
(0.543072 -0.0110413 1.06382e-21)
(0.538984 0.0495577 -1.71872e-21)
(0.529973 0.0828654 -4.98305e-22)
(0.529686 0.116136 -1.13974e-21)
(0.584784 0.080356 1.54497e-22)
(0.587546 0.0402565 -5.01099e-23)
(3.19243 -4.29575 3.88664e-19)
(2.41453 -3.56367 4.92822e-20)
(1.78903 -2.92763 -8.0326e-20)
(1.41642 -2.37372 -6.8099e-21)
(1.17406 -1.86308 -2.91357e-20)
(0.989308 -1.42057 9.30512e-21)
(0.846281 -1.06302 -9.88202e-21)
(0.741525 -0.783483 1.64443e-21)
(0.666939 -0.567443 3.83056e-22)
(0.614439 -0.404676 2.82153e-21)
(0.578719 -0.282282 -4.8861e-22)
(0.55664 -0.192693 -9.10316e-24)
(0.5412 -0.123366 -1.22043e-21)
(0.53698 -0.0653176 -2.6488e-23)
(0.522996 -0.011563 -2.75727e-21)
(0.519457 0.0491374 -3.32176e-22)
(0.51108 0.0826659 6.41469e-22)
(0.514937 0.11403 1.14193e-21)
(0.569659 0.0784404 -1.94311e-22)
(0.571153 0.040299 6.24375e-23)
(3.47262 -4.32375 -5.03348e-20)
(2.66064 -3.66907 3.25668e-19)
(1.95768 -3.02394 -1.24638e-19)
(1.51659 -2.44294 -6.78932e-20)
(1.23549 -1.90935 5.56344e-21)
(1.02567 -1.44932 6.03879e-21)
(0.863815 -1.08 -5.14659e-21)
(0.746315 -0.793728 2.00834e-21)
(0.663695 -0.573854 1.28686e-21)
(0.605934 -0.408744 -6.15888e-22)
(0.566585 -0.284997 -3.92436e-21)
(0.54193 -0.194543 1.92053e-21)
(0.52465 -0.124961 -1.25476e-21)
(0.519007 -0.0664335 -6.47265e-22)
(0.504064 -0.0123898 3.28438e-21)
(0.501113 0.048419 -9.84517e-23)
(0.493431 0.0821404 -1.74748e-21)
(0.501253 0.111759 1.46633e-22)
(0.555114 0.07661 -1.10494e-22)
(0.555611 0.0403705 3.95679e-23)
(3.72054 -4.18922 2.08949e-20)
(2.91796 -3.58522 3.82716e-19)
(2.14431 -2.98525 -7.21872e-20)
(1.6308 -2.42858 -7.45663e-20)
(1.30548 -1.91302 2.88074e-20)
(1.06794 -1.46057 3.19599e-20)
(0.885605 -1.0904 -1.42316e-20)
(0.754033 -0.801559 1.38993e-20)
(0.662603 -0.579501 -7.60047e-21)
(0.599163 -0.412613 6.58118e-21)
(0.55594 -0.287656 -1.12281e-21)
(0.528538 -0.196367 -2.21992e-21)
(0.509301 -0.126512 -3.28508e-21)
(0.502136 -0.0675185 2.00741e-21)
(0.486278 -0.0132336 3.84299e-22)
(0.483936 0.0476434 -1.11089e-21)
(0.477001 0.0814653 1.23307e-21)
(0.488583 0.109441 -1.94991e-22)
(0.541162 0.0748776 7.69865e-24)
(0.54094 0.0404634 -1.82697e-23)
(4.05691 -3.44409 0)
(3.21717 -3.05596 0)
(2.37779 -2.65993 0)
(1.78172 -2.24756 0)
(1.39979 -1.82941 0)
(1.12756 -1.4288 0)
(0.918638 -1.07901 0)
(0.767444 -0.797846 0)
(0.663414 -0.578906 0)
(0.591855 -0.412856 0)
(0.543056 -0.288057 0)
(0.511619 -0.196735 0)
(0.489438 -0.127004 0)
(0.479913 -0.0676595 0)
(0.462704 -0.0130273 0)
(0.461132 0.0477717 0)
(0.455255 0.0812754 0)
(0.471884 0.106685 0)
(0.522203 0.0726824 0)
(0.521556 0.0406545 0)
(3.91158 -2.86181 0)
(3.07309 -2.75031 0)
(2.27081 -2.41162 0)
(1.71709 -2.00405 0)
(1.37063 -1.63053 0)
(1.1174 -1.29247 0)
(0.912757 -0.990367 0)
(0.758778 -0.740698 0)
(0.650907 -0.543487 0)
(0.575493 -0.39129 0)
(0.522899 -0.275071 0)
(0.487858 -0.188948 0)
(0.462678 -0.122393 0)
(0.450389 -0.0645501 0)
(0.431929 -0.0106083 0)
(0.431796 0.048521 0)
(0.427703 0.0803989 0)
(0.450749 0.102041 0)
(0.497202 0.0690177 0)
(0.497346 0.0407784 0)
(3.79807 -2.25201 0)
(3.15801 -2.25053 0)
(2.42508 -2.06055 0)
(1.82416 -1.77897 0)
(1.41875 -1.48445 0)
(1.13566 -1.19579 0)
(0.915547 -0.924527 0)
(0.75026 -0.693662 0)
(0.635249 -0.51063 0)
(0.555486 -0.369227 0)
(0.499477 -0.260702 0)
(0.461255 -0.179742 0)
(0.433454 -0.116592 0)
(0.418584 -0.0606897 0)
(0.399445 -0.00790861 0)
(0.401285 0.048752 0)
(0.399466 0.0783989 0)
(0.428919 0.0961898 0)
(0.470329 0.064769 0)
(0.472877 0.0408331 0)
(3.50953 -1.78087 0)
(2.93117 -1.89948 0)
(2.24446 -1.7978 0)
(1.70443 -1.5524 0)
(1.35279 -1.2908 0)
(1.10401 -1.05165 0)
(0.899411 -0.829461 0)
(0.735727 -0.632454 0)
(0.617088 -0.47077 0)
(0.533529 -0.343355 0)
(0.474085 -0.24408 0)
(0.432605 -0.169037 0)
(0.402267 -0.109719 0)
(0.384989 -0.0562659 0)
(0.365906 -0.00521651 0)
(0.370283 0.0482081 0)
(0.371232 0.0751442 0)
(0.406811 0.0892582 0)
(0.44222 0.0600751 0)
(0.449152 0.0406804 0)
(3.15107 -1.34587 0)
(2.72181 -1.47167 0)
(2.21015 -1.4336 0)
(1.74373 -1.28863 0)
(1.3751 -1.1028 0)
(1.0985 -0.912416 0)
(0.88493 -0.72977 0)
(0.719437 -0.563768 0)
(0.59774 -0.423653 0)
(0.510612 -0.31151 0)
(0.447719 -0.22319 0)
(0.402847 -0.155435 0)
(0.369929 -0.100905 0)
(0.350444 -0.0508383 0)
(0.332235 -0.00245346 0)
(0.339635 0.0466808 0)
(0.343807 0.070397 0)
(0.384991 0.081149 0)
(0.41387 0.0547414 0)
(0.427367 0.0400087 0)
(2.73585 -0.972358 0)
(2.41542 -1.10655 0)
(1.99512 -1.13398 0)
(1.57944 -1.04855 0)
(1.25085 -0.899841 0)
(1.01716 -0.747646 0)
(0.840179 -0.609714 0)
(0.693962 -0.481966 0)
(0.576316 -0.367615 0)
(0.487131 -0.272749 0)
(0.42111 -0.197061 0)
(0.372987 -0.138105 0)
(0.337562 -0.0896131 0)
(0.316178 -0.0442078 0)
(0.299622 0.000185014 0)
(0.310332 0.0437403 0)
(0.318086 0.0637845 0)
(0.364198 0.071643 0)
(0.386634 0.0484546 0)
(0.408751 0.0383507 0)
(2.31177 -0.676515 0)
(2.08417 -0.789184 0)
(1.78697 -0.826806 0)
(1.48472 -0.782803 0)
(1.22082 -0.692642 0)
(1.0053 -0.591734 0)
(0.827789 -0.491971 0)
(0.678376 -0.394099 0)
(0.556933 -0.303273 0)
(0.464001 -0.22652 0)
(0.394984 -0.164998 0)
(0.344132 -0.116434 0)
(0.30659 -0.0754928 0)
(0.283807 -0.0363577 0)
(0.269508 0.00228335 0)
(0.283521 0.0388465 0)
(0.295051 0.0548777 0)
(0.345314 0.0604297 0)
(0.362105 0.0408647 0)
(0.394279 0.0350599 0)
(1.94145 -0.437886 0)
(1.78339 -0.516837 0)
(1.57656 -0.55495 0)
(1.34813 -0.544301 0)
(1.12644 -0.495528 0)
(0.932266 -0.427933 0)
(0.771094 -0.357247 0)
(0.637496 -0.289389 0)
(0.527006 -0.226431 0)
(0.438508 -0.1716 0)
(0.369922 -0.126457 0)
(0.317789 -0.0899353 0)
(0.27886 -0.0582563 0)
(0.25531 -0.0273388 0)
(0.243552 0.00337216 0)
(0.260528 0.0314804 0)
(0.275754 0.0432226 0)
(0.329306 0.0470474 0)
(0.341874 0.0316114 0)
(0.384367 0.0293211 0)
(1.66406 -0.245953 0)
(1.54952 -0.2927 0)
(1.40278 -0.319998 0)
(1.23359 -0.320764 0)
(1.05735 -0.297642 0)
(0.890306 -0.260811 0)
(0.74285 -0.220639 0)
(0.616712 -0.181487 0)
(0.509878 -0.144086 0)
(0.421571 -0.110197 0)
(0.351302 -0.0816365 0)
(0.297219 -0.0582396 0)
(0.256997 -0.037622 0)
(0.233072 -0.0172106 0)
(0.22364 0.00306976 0)
(0.242902 0.0212019 0)
(0.261321 0.0283728 0)
(0.317204 0.0308447 0)
(0.327248 0.0204021 0)
(0.378686 0.020288 0)
(1.50838 -0.0806934 0)
(1.41507 -0.0960724 0)
(1.29921 -0.105603 0)
(1.16168 -0.106839 0)
(1.01028 -0.100215 0)
(0.858423 -0.0885823 0)
(0.719118 -0.0753143 0)
(0.598423 -0.0622029 0)
(0.495705 -0.0496488 0)
(0.409401 -0.0381814 0)
(0.339213 -0.0284318 0)
(0.284448 -0.0203676 0)
(0.243739 -0.0131537 0)
(0.219844 -0.00590917 0)
(0.212011 0.00128654 0)
(0.23259 0.00766356 0)
(0.25308 0.010054 0)
(0.310218 0.0109952 0)
(0.319211 0.00714115 0)
(0.376292 0.00744652 0)
(5.70761 -0.189139 3.34637e-20)
(5.65661 -0.566145 -3.70137e-20)
(5.58797 -0.94079 -3.28896e-19)
(5.47162 -1.32338 -5.90907e-20)
(5.35141 -1.69056 2.3068e-19)
(5.15319 -2.07767 2.4342e-19)
(4.9847 -2.41712 7.10054e-19)
(4.66878 -2.82794 -4.37779e-19)
(4.49745 -3.08454 6.73101e-20)
(4.05565 -3.63137 -1.09821e-19)
(5.12558 -0.240983 -4.89074e-21)
(5.06869 -0.543443 -7.5765e-20)
(5.00209 -0.839578 2.29669e-19)
(4.90317 -1.13967 1.68683e-19)
(4.80714 -1.42428 2.18516e-19)
(4.66009 -1.72252 3.46586e-19)
(4.54662 -1.97909 2.22555e-19)
(4.35687 -2.28249 -6.42102e-20)
(4.28565 -2.46655 -3.75254e-19)
(4.10464 -2.82467 4.66037e-19)
(4.55623 -0.255855 1.38818e-20)
(4.50934 -0.480394 -1.94383e-20)
(4.45797 -0.696802 6.87915e-20)
(4.39376 -0.911683 -3.76627e-21)
(4.33572 -1.11288 -4.6986e-20)
(4.26026 -1.32036 -2.95511e-19)
(4.20798 -1.49827 1.24161e-19)
(4.12093 -1.7119 -1.00641e-19)
(4.07999 -1.8502 4.9627e-19)
(3.97702 -2.12544 3.11188e-19)
(4.00816 -0.227585 3.05001e-20)
(3.97697 -0.3885 1.53979e-20)
(3.94452 -0.54369 -2.68403e-20)
(3.90838 -0.696784 -9.8775e-20)
(3.87436 -0.84327 9.89514e-21)
(3.83184 -0.994405 3.50129e-20)
(3.79186 -1.13329 -1.06542e-19)
(3.7327 -1.29573 1.85917e-20)
(3.68853 -1.41717 -2.18467e-19)
(3.64038 -1.62114 -2.94558e-19)
(3.47227 -0.190557 -1.45252e-20)
(3.45099 -0.305723 2.52644e-21)
(3.42822 -0.418488 1.02844e-20)
(3.40286 -0.530413 5.58901e-20)
(3.37604 -0.640388 -4.12825e-21)
(3.34586 -0.752325 -6.72992e-20)
(3.3165 -0.858965 -9.57863e-21)
(3.28692 -0.974398 9.58602e-20)
(3.26487 -1.06747 1.15735e-20)
(3.25663 -1.20504 7.90532e-20)
(2.94923 -0.155416 -1.90345e-21)
(2.93414 -0.235733 -5.75548e-21)
(2.91824 -0.314932 -5.67192e-21)
(2.90171 -0.393263 2.57117e-20)
(2.88539 -0.47033 1.88342e-20)
(2.86985 -0.546952 4.85222e-20)
(2.8554 -0.621152 9.45356e-20)
(2.84276 -0.698152 -1.28798e-19)
(2.82876 -0.766638 1.05846e-19)
(2.82847 -0.858617 -3.17075e-20)
(2.47833 -0.119171 7.97123e-21)
(2.46823 -0.172292 -1.93919e-21)
(2.45756 -0.224804 -1.1978e-20)
(2.44643 -0.276777 -2.28365e-20)
(2.435 -0.32827 -8.80955e-20)
(2.42338 -0.379591 2.04675e-20)
(2.41139 -0.430601 -3.96132e-20)
(2.39998 -0.48255 2.56143e-20)
(2.38745 -0.532084 -6.13022e-21)
(2.38511 -0.591126 -3.48133e-20)
(2.09337 -0.0849961 -1.68158e-21)
(2.0856 -0.118133 -1.31027e-20)
(2.07678 -0.151081 5.57705e-21)
(2.067 -0.183876 -6.70299e-21)
(2.05639 -0.216549 -2.00708e-21)
(2.04514 -0.249136 -1.23956e-20)
(2.03338 -0.28161 -3.65169e-21)
(2.02149 -0.314101 -1.65364e-20)
(2.00894 -0.345998 1.94669e-20)
(2.00056 -0.380818 -1.39041e-20)
(1.81641 -0.0522288 2.6856e-21)
(1.80978 -0.0702078 -5.25224e-21)
(1.80172 -0.0881341 1.11479e-20)
(1.79232 -0.106015 -2.77464e-20)
(1.78168 -0.123855 2.08189e-20)
(1.76988 -0.141662 1.84238e-21)
(1.75704 -0.159441 -4.91117e-21)
(1.74328 -0.177201 7.46026e-21)
(1.72863 -0.194891 -4.60184e-21)
(1.71456 -0.213178 1.33196e-21)
(1.66543 -0.0185891 -3.68751e-21)
(1.65915 -0.0242591 3.68225e-21)
(1.65123 -0.0299424 4.24083e-21)
(1.64173 -0.0356432 -3.38807e-21)
(1.63069 -0.0413617 -2.13788e-20)
(1.61819 -0.0470944 4.45758e-21)
(1.60431 -0.0528324 2.4127e-21)
(1.58912 -0.0585616 1.17854e-20)
(1.5727 -0.0642625 -3.06348e-20)
(1.55535 -0.0699728 -9.12902e-21)
(4.9015 2.88675 3.2795e-19)
(5.01195 2.73662 -1.68673e-19)
(5.05587 2.49911 3.67966e-19)
(5.22546 2.2092 -6.25738e-19)
(5.38906 1.90386 -3.60007e-19)
(5.50427 1.58719 -1.41608e-19)
(5.59227 1.25438 1.27572e-19)
(5.66002 0.905923 3.82198e-19)
(5.70611 0.54745 3.7322e-20)
(5.72028 0.180877 -6.25128e-20)
(4.78427 2.64172 -8.62346e-19)
(4.86274 2.39784 4.47067e-19)
(4.78063 2.13556 9.08939e-20)
(4.8568 1.84896 -2.34859e-19)
(4.98919 1.55025 -4.78321e-19)
(5.07639 1.25454 1.22566e-19)
(5.12263 0.960837 -1.70314e-19)
(5.14966 0.663596 -2.70996e-19)
(5.16338 0.363315 5.37414e-20)
(5.15454 0.0603351 2.06599e-20)
(4.52431 2.13808 -5.15523e-19)
(4.5476 1.87945 -7.18384e-19)
(4.40818 1.63227 2.70831e-20)
(4.4143 1.39327 3.63216e-19)
(4.51199 1.14839 4.10855e-19)
(4.58659 0.905345 -2.83159e-19)
(4.61389 0.669131 1.08082e-19)
(4.61609 0.436119 -6.92105e-20)
(4.60817 0.203891 -3.06017e-20)
(4.58823 -0.027931 4.9533e-21)
(4.14725 1.57551 4.98176e-19)
(4.13566 1.35555 3.6139e-19)
(3.98605 1.16138 -2.5711e-20)
(3.94982 0.98636 -2.46765e-19)
(4.00817 0.808893 -5.22804e-20)
(4.06586 0.62794 4.58228e-21)
(4.08401 0.450061 1.25527e-19)
(4.07491 0.276519 8.95757e-21)
(4.0566 0.10583 -1.43302e-20)
(4.0343 -0.062743 -1.90849e-20)
(3.66367 1.09495 -1.89236e-19)
(3.64509 0.93051 6.96511e-20)
(3.52363 0.791869 -1.4784e-19)
(3.47317 0.671766 -4.56375e-20)
(3.49654 0.550655 8.66829e-21)
(3.53148 0.423398 7.07983e-20)
(3.54218 0.294959 -6.38951e-20)
(3.53109 0.169271 3.43068e-20)
(3.51201 0.0468078 -2.4349e-20)
(3.49214 -0.07312 1.54053e-20)
(3.10627 0.730138 2.52299e-20)
(3.09585 0.616067 -1.09662e-19)
(3.02088 0.520163 9.50581e-20)
(2.98003 0.438113 2.77335e-20)
(2.98273 0.356624 1.719e-20)
(2.99754 0.27033 -3.13453e-20)
(3.00166 0.181679 1.67871e-20)
(2.99307 0.094183 -6.25963e-20)
(2.97881 0.00910183 2.78807e-20)
(2.96387 -0.0739187 -4.96694e-21)
(2.56043 0.461061 6.49195e-20)
(2.56077 0.388091 4.06933e-20)
(2.52808 0.324895 -3.43986e-20)
(2.50727 0.269781 3.20803e-20)
(2.50512 0.215939 -1.24752e-20)
(2.50956 0.15991 5.11196e-20)
(2.51034 0.102384 5.62265e-21)
(2.50543 0.0452066 -5.35847e-21)
(2.49722 -0.0106957 -8.55684e-21)
(2.48795 -0.0653771 6.69863e-21)
(2.11033 0.26636 -7.86611e-21)
(2.11903 0.224795 9.14582e-21)
(2.11259 0.187165 2.96752e-20)
(2.10802 0.152944 -3.71983e-20)
(2.10867 0.119544 5.69356e-20)
(2.111 0.0854949 -1.17772e-20)
(2.11165 0.0508614 -1.52687e-20)
(2.10966 0.0162665 2.96524e-20)
(2.10558 -0.0179029 -8.01979e-21)
(2.10004 -0.0516182 7.97426e-22)
(1.79664 0.132427 1.59471e-20)
(1.80991 0.112191 -1.83992e-20)
(1.81504 0.0930409 -1.47633e-20)
(1.81851 0.0748456 -4.95166e-21)
(1.82226 0.0568952 9.03534e-21)
(1.8255 0.0387809 1.13083e-20)
(1.82724 0.0204931 -3.21873e-20)
(1.8271 0.00217884 1.89214e-20)
(1.82515 -0.0160551 -7.98443e-21)
(1.82156 -0.0341848 2.76974e-24)
(1.63156 0.0387947 -9.58048e-21)
(1.64672 0.0327225 -1.82151e-20)
(1.65551 0.0268431 -4.6156e-20)
(1.66167 0.0211371 -3.17575e-21)
(1.66684 0.0154789 3.45331e-20)
(1.67089 0.00980362 -1.34885e-20)
(1.67336 0.00411084 2.36262e-21)
(1.67403 -0.00158026 3.99343e-21)
(1.6729 -0.00725848 3.10033e-21)
(1.67002 -0.0129253 -3.6856e-21)
(1.0028 0.121074 0)
(1.03485 0.372522 0)
(1.10286 0.636604 0)
(1.212 0.927803 0)
(1.37815 1.24962 0)
(1.60081 1.61053 0)
(1.90298 1.99 0)
(2.27751 2.3777 0)
(2.85288 2.73525 0)
(3.79677 3.23516 0)
(1.00338 0.112823 0)
(1.03821 0.347849 0)
(1.1098 0.593229 0)
(1.22152 0.864732 0)
(1.39386 1.1608 0)
(1.62589 1.50257 0)
(1.95642 1.85067 0)
(2.35053 2.25077 0)
(2.9813 2.46296 0)
(3.71741 3.02521 0)
(1.00367 0.102771 0)
(1.03931 0.317615 0)
(1.11387 0.537567 0)
(1.22579 0.783865 0)
(1.40331 1.0367 0)
(1.63128 1.34943 0)
(1.99143 1.61009 0)
(2.35796 2.03171 0)
(3.0573 2.00255 0)
(3.59827 2.5245 0)
(1.00408 0.0910344 0)
(1.03821 0.283663 0)
(1.11483 0.472504 0)
(1.21925 0.694672 0)
(1.40437 0.886746 0)
(1.60082 1.1849 0)
(1.98599 1.28966 0)
(2.28435 1.76355 0)
(2.97766 1.51106 0)
(3.44048 1.94822 0)
(1.00444 0.0777902 0)
(1.03535 0.246742 0)
(1.11255 0.397208 0)
(1.20287 0.602583 0)
(1.38806 0.711147 0)
(1.55207 1.02634 0)
(1.89814 0.952199 0)
(2.1764 1.44724 0)
(2.70133 1.11253 0)
(3.1931 1.41568 0)
(1.0038 0.0632972 0)
(1.0326 0.207651 0)
(1.10159 0.313742 0)
(1.18794 0.506744 0)
(1.33637 0.529941 0)
(1.50998 0.847528 0)
(1.73368 0.685649 0)
(2.04525 1.09124 0)
(2.33894 0.810485 0)
(2.83587 0.979161 0)
(1.00179 0.0480405 0)
(1.03071 0.164971 0)
(1.08142 0.232363 0)
(1.17377 0.396369 0)
(1.26649 0.380791 0)
(1.45302 0.628644 0)
(1.57015 0.50011 0)
(1.8684 0.741434 0)
(2.01235 0.563083 0)
(2.42179 0.632097 0)
(1.00015 0.0331851 0)
(1.0268 0.11724 0)
(1.06289 0.161366 0)
(1.14748 0.272138 0)
(1.21089 0.265493 0)
(1.36477 0.403353 0)
(1.44565 0.345822 0)
(1.66474 0.44812 0)
(1.75673 0.355401 0)
(2.03249 0.367257 0)
(1.00009 0.0195627 0)
(1.02098 0.0684108 0)
(1.05165 0.0972037 0)
(1.11519 0.153425 0)
(1.17294 0.160574 0)
(1.27734 0.215935 0)
(1.3539 0.201523 0)
(1.49188 0.231843 0)
(1.57381 0.190644 0)
(1.73851 0.181824 0)
(1.00057 0.00654342 0)
(1.01696 0.0222877 0)
(1.04572 0.0328742 0)
(1.09402 0.0490772 0)
(1.14972 0.0540701 0)
(1.22521 0.067415 0)
(1.29878 0.0658718 0)
(1.39271 0.0710338 0)
(1.47131 0.0592972 0)
(1.57774 0.0533754 0)
(1.00119 0.144933 -6.14671e-22)
(1.01835 0.436975 9.78266e-22)
(1.05103 0.744177 -1.2692e-21)
(1.09666 1.07469 1.38478e-21)
(1.14978 1.43076 1.05138e-22)
(1.20244 1.81515 3.56619e-22)
(1.2475 2.21974 -6.31022e-23)
(1.26347 2.67517 1.93431e-21)
(1.31515 3.23889 -6.07364e-21)
(1.23724 3.93432 3.59277e-21)
(1.00092 0.142606 1.3058e-21)
(1.0195 0.430393 -3.44863e-21)
(1.05663 0.733558 6.50177e-22)
(1.11031 1.06112 -5.76204e-21)
(1.17662 1.41528 1.68902e-21)
(1.24777 1.80002 -1.2743e-21)
(1.32095 2.20578 4.63151e-21)
(1.37259 2.65953 -3.2402e-21)
(1.48015 3.22396 1.31927e-20)
(1.50824 3.92863 -5.7068e-20)
(1.0007 0.140283 -1.63485e-21)
(1.02063 0.423932 9.53383e-21)
(1.062 0.722999 -4.31192e-21)
(1.12335 1.04737 -6.82505e-22)
(1.20249 1.39921 -2.02824e-21)
(1.29176 1.78338 -1.25659e-21)
(1.39246 2.18929 -5.63542e-21)
(1.48009 2.63933 -2.29384e-20)
(1.64316 3.19964 7.71264e-20)
(1.78086 3.90517 -3.53081e-20)
(1.00055 0.13798 5.31055e-21)
(1.02181 0.41763 -9.66746e-21)
(1.06723 0.71259 5.46754e-21)
(1.13591 1.03358 7.76739e-21)
(1.22751 1.38277 -1.5383e-21)
(1.33458 1.76554 1.00195e-21)
(1.46216 2.17056 7.277e-21)
(1.5861 2.6149 2.24179e-20)
(1.80443 3.16582 1.5542e-21)
(2.05834 3.85193 -4.48708e-20)
(1.00049 0.135709 -1.37558e-21)
(1.02307 0.411513 9.26823e-22)
(1.07238 0.702405 -1.5861e-21)
(1.14811 1.0199 -2.41443e-21)
(1.25181 1.36618 -2.21121e-21)
(1.37639 1.74684 4.05234e-21)
(1.5302 2.14998 -2.72988e-21)
(1.69058 2.58677 6.06294e-21)
(1.96322 3.12583 2.28491e-20)
(2.33265 3.78871 -6.16248e-20)
(1.00054 0.133479 -7.22195e-23)
(1.02445 0.405593 3.47751e-21)
(1.0775 0.692497 3.22429e-22)
(1.16005 1.00643 8.97451e-23)
(1.27554 1.34962 1.04911e-21)
(1.41742 1.7276 -6.80641e-21)
(1.59683 2.12785 1.28586e-20)
(1.79424 2.5545 -2.9675e-21)
(2.12118 3.07439 -3.13236e-20)
(2.61824 3.67565 3.0166e-19)
(1.0007 0.131301 -5.20144e-21)
(1.02596 0.399875 -1.65901e-21)
(1.08264 0.682889 -2.7755e-21)
(1.17185 0.993246 -6.74443e-22)
(1.29884 1.33325 1.39179e-21)
(1.45784 1.70812 -3.98011e-21)
(1.66214 2.10471 5.99232e-21)
(1.89603 2.52023 7.93902e-21)
(2.27391 3.02444 1.68983e-19)
(2.88453 3.58112 -4.64873e-19)
(1.00098 0.129201 3.67577e-21)
(1.02764 0.394419 3.19985e-21)
(1.08781 0.673663 1.95583e-21)
(1.18356 0.98045 9.30482e-22)
(1.32187 1.31719 -3.02835e-21)
(1.49791 1.68864 9.89434e-21)
(1.72696 2.08019 2.57063e-21)
(2.00006 2.48001 -1.1435e-19)
(2.4333 2.94947 -1.02566e-20)
(3.19393 3.38478 -1.94446e-19)
(1.00137 0.127214 -1.03164e-21)
(1.0295 0.389383 2.0948e-21)
(1.09295 0.665148 9.20096e-22)
(1.19506 0.96847 -1.30005e-21)
(1.34476 1.30187 -4.81845e-21)
(1.53761 1.66987 1.0926e-20)
(1.78909 2.05693 -5.46221e-20)
(2.09453 2.44842 7.48563e-20)
(2.5696 2.9013 4.10603e-20)
(3.41365 3.32321 -1.35956e-19)
(1.00191 0.12517 1.32773e-21)
(1.03162 0.384263 -5.30649e-22)
(1.09781 0.656844 -7.32073e-22)
(1.2055 0.957178 5.04887e-22)
(1.36694 1.28794 3.4734e-21)
(1.58015 1.653 -9.11569e-21)
(1.86288 2.03116 -3.20622e-20)
(2.21823 2.40295 1.52023e-19)
(2.76985 2.78269 3.98191e-20)
(3.82677 3.02622 -3.04967e-19)
(1.00094 0.164444 -1.23545e-21)
(0.992987 0.495418 -5.41741e-22)
(0.965825 0.829007 -4.96034e-21)
(0.911738 1.16726 2.36942e-20)
(0.817039 1.50491 -2.11713e-22)
(0.662039 1.83876 -2.29952e-20)
(0.44127 2.1718 -2.68263e-20)
(0.132721 2.49571 4.27228e-20)
(-0.399768 2.81113 -4.32261e-20)
(-1.15065 3.08257 8.28116e-20)
(1.00167 0.163332 -2.23862e-21)
(0.997715 0.492183 -5.08966e-21)
(0.977524 0.825577 -8.76818e-21)
(0.934586 1.16688 1.73443e-20)
(0.856508 1.51223 -2.39423e-20)
(0.723668 1.8586 2.92573e-20)
(0.526729 2.2127 -4.09771e-20)
(0.255575 2.56876 3.07316e-20)
(-0.215221 2.92481 -1.03165e-20)
(-0.959412 3.24064 1.84038e-20)
(1.00213 0.161728 1.01361e-20)
(1.00179 0.48714 2.33333e-20)
(0.988579 0.81882 -1.4549e-20)
(0.956645 1.16067 3.79447e-21)
(0.894702 1.5096 1.64951e-21)
(0.784053 1.8609 3.65924e-20)
(0.610856 2.2211 1.32548e-20)
(0.37278 2.5888 -1.03989e-20)
(-0.0374915 2.95814 1.81348e-20)
(-0.751152 3.30668 4.40512e-20)
(1.00237 0.159966 -1.37389e-20)
(1.0052 0.481633 -2.24642e-20)
(0.998743 0.811093 -7.75772e-21)
(0.977484 1.15255 2.55516e-21)
(0.930878 1.50383 2.02525e-20)
(0.841659 1.85895 -3.01444e-20)
(0.691994 2.22352 -6.45632e-21)
(0.483454 2.60436 2.88412e-22)
(0.13337 3.00111 -4.11856e-20)
(-0.52745 3.41024 1.64417e-19)
(1.00245 0.158082 5.10858e-21)
(1.00806 0.475875 -4.35503e-21)
(1.00809 0.802967 2.24456e-20)
(0.997238 1.14387 -1.31192e-21)
(0.965455 1.49758 1.45531e-20)
(0.897288 1.85818 -3.9929e-20)
(0.772345 2.23058 2.43521e-20)
(0.593103 2.63128 -4.95337e-21)
(0.303949 3.06743 6.71104e-21)
(-0.29317 3.53548 -1.20363e-19)
(1.00242 0.156079 -4.61888e-21)
(1.01049 0.469815 -9.40777e-22)
(1.01672 0.794317 -5.02913e-21)
(1.01607 1.13448 -1.7482e-20)
(0.998902 1.4905 1.40415e-20)
(0.951765 1.85746 6.87486e-21)
(0.853413 2.23918 -7.22136e-21)
(0.704391 2.65987 8.06604e-22)
(0.474847 3.13241 -7.27659e-21)
(-0.0518945 3.64809 3.64118e-20)
(1.00228 0.153974 4.59294e-21)
(1.01255 0.463481 -9.01789e-21)
(1.02469 0.785077 1.97448e-21)
(1.03401 1.12413 5.2965e-21)
(1.03134 1.4818 2.06777e-20)
(1.00512 1.85457 -7.39075e-22)
(0.934812 2.24418 3.56127e-22)
(0.816764 2.67989 -9.33509e-21)
(0.644645 3.18135 -1.42288e-20)
(0.195393 3.74058 -5.97647e-24)
(1.00206 0.151788 -3.10441e-21)
(1.01431 0.456954 1.00915e-20)
(1.03203 0.775323 1.5696e-21)
(1.05102 1.11282 -1.05888e-20)
(1.06269 1.47123 -2.11214e-21)
(1.057 1.8486 -5.33624e-21)
(1.01548 2.24391 -2.39563e-22)
(0.929238 2.68943 5.16128e-21)
(0.81322 3.21428 -3.97193e-20)
(0.448625 3.81599 3.89922e-20)
(1.00179 0.149541 1.0423e-21)
(1.01581 0.450314 -4.62286e-21)
(1.03882 0.765175 1.78851e-21)
(1.06711 1.1007 -1.57842e-21)
(1.09288 1.459 -1.19999e-20)
(1.10717 1.83975 3.21396e-21)
(1.09467 2.23916 -3.22775e-22)
(1.04138 2.69074 4.79546e-21)
(0.98113 3.23439 -1.12031e-20)
(0.70713 3.87543 4.95673e-20)
(1.00149 0.14725 -1.03053e-21)
(1.01714 0.443633 4.88381e-22)
(1.04512 0.754753 -2.32012e-22)
(1.08229 1.08793 1.28833e-21)
(1.12189 1.44542 1.06339e-21)
(1.15562 1.82848 -4.45066e-22)
(1.17206 2.23094 8.26879e-23)
(1.15294 2.68573 -2.70288e-21)
(1.14861 3.24261 5.6189e-21)
(0.970415 3.91532 -9.86005e-21)
(0.997714 0.0144816 0)
(0.967366 0.0421192 0)
(0.909985 0.0666936 0)
(0.826303 0.0866653 0)
(0.721383 0.100711 0)
(0.603316 0.107733 0)
(0.481541 0.106921 0)
(0.366059 0.0978752 0)
(0.267352 0.0804164 0)
(0.195046 0.0530906 0)
(0.997503 0.0422976 0)
(0.964282 0.123236 0)
(0.901275 0.195821 0)
(0.808943 0.255736 0)
(0.691826 0.299157 0)
(0.557317 0.322941 0)
(0.414366 0.32442 0)
(0.273312 0.301155 0)
(0.143608 0.252046 0)
(0.0317088 0.171766 0)
(0.997264 0.0680239 0)
(0.960787 0.198665 0)
(0.891144 0.317249 0)
(0.788037 0.417286 0)
(0.65514 0.492704 0)
(0.498969 0.537934 0)
(0.327925 0.549286 0)
(0.149664 0.525835 0)
(-0.0365808 0.461972 0)
(-0.220061 0.342843 0)
(0.997149 0.0915331 0)
(0.958868 0.268121 0)
(0.884778 0.430642 0)
(0.77303 0.571232 0)
(0.625157 0.682308 0)
(0.444626 0.757506 0)
(0.235223 0.791342 0)
(0.00234186 0.777691 0)
(-0.251265 0.709598 0)
(-0.501264 0.570862 0)
(0.997227 0.112093 0)
(0.959391 0.329515 0)
(0.884677 0.532609 0)
(0.769435 0.712974 0)
(0.613386 0.861563 0)
(0.419481 0.969427 0)
(0.192521 1.03222 0)
(-0.0736521 1.05136 0)
(-0.406324 1.00776 0)
(-0.746935 0.851849 0)
(0.997494 0.129109 0)
(0.962314 0.381084 0)
(0.890902 0.620056 0)
(0.777404 0.837794 0)
(0.618229 1.02544 0)
(0.412177 1.17403 0)
(0.155826 1.27807 0)
(-0.171027 1.33258 0)
(-0.577988 1.30829 0)
(-0.960379 1.14993 0)
(0.997908 0.142404 0)
(0.967061 0.42218 0)
(0.902143 0.691644 0)
(0.795637 0.943026 0)
(0.641 1.16646 0)
(0.436549 1.35141 0)
(0.184069 1.49332 0)
(-0.14444 1.60006 0)
(-0.605021 1.63919 0)
(-1.10271 1.48939 0)
(0.998417 0.152236 0)
(0.972956 0.453324 0)
(0.916599 0.747446 0)
(0.82053 1.02925 0)
(0.674386 1.29041 0)
(0.469971 1.52039 0)
(0.205271 1.71019 0)
(-0.164802 1.86041 0)
(-0.709552 1.93686 0)
(-1.26221 1.82892 0)
(0.998989 0.159311 0)
(0.979356 0.476705 0)
(0.932906 0.789531 0)
(0.850268 1.09338 0)
(0.719979 1.38058 0)
(0.531392 1.64388 0)
(0.288105 1.87592 0)
(-0.0459416 2.08528 0)
(-0.590351 2.26302 0)
(-1.24058 2.24615 0)
(0.99978 0.16427 0)
(0.986101 0.494958 0)
(0.949398 0.826899 0)
(0.87969 1.15833 0)
(0.761914 1.48064 0)
(0.57822 1.78713 0)
(0.326956 2.07194 0)
(-0.0314968 2.32294 0)
(-0.631598 2.5281 0)
(-1.40442 2.62263 0)
(0.173844 0.028225 -2.60077e-20)
(0.16786 0.0180264 -8.05033e-20)
(0.164535 0.00766829 -1.42185e-19)
(0.164041 -0.00282634 6.65035e-21)
(0.16653 -0.0134389 7.01918e-20)
(0.172111 -0.0241371 -5.3737e-20)
(0.180859 -0.0348848 -8.12205e-21)
(0.192809 -0.0456455 1.04809e-20)
(0.207962 -0.0563833 8.92523e-21)
(0.226279 -0.0670621 -8.9625e-21)
(-0.000942874 0.101058 4.77439e-21)
(-0.00933021 0.0722607 -1.07415e-20)
(-0.0149546 0.042814 1.27999e-21)
(-0.0184258 0.0128559 -1.25342e-20)
(-0.019496 -0.0175127 5.22563e-20)
(-0.0179237 -0.0481891 3.37657e-20)
(-0.0136042 -0.0790756 -6.48893e-20)
(-0.00650081 -0.11008 2.64753e-20)
(0.0033839 -0.141115 -1.24013e-20)
(0.0160037 -0.172093 5.93524e-21)
(-0.274708 0.24053 -2.85173e-20)
(-0.290035 0.196159 4.26113e-20)
(-0.302317 0.149326 -1.66539e-20)
(-0.31286 0.100752 -1.27576e-20)
(-0.321507 0.0508702 -2.00966e-20)
(-0.327953 -3.86618e-05 1.36062e-20)
(-0.332043 -0.0517665 -1.41357e-20)
(-0.333703 -0.104141 1.52881e-20)
(-0.3329 -0.157004 -2.67803e-20)
(-0.32965 -0.21019 -3.62358e-21)
(-0.573511 0.445904 -4.70314e-20)
(-0.598448 0.38367 -7.06516e-21)
(-0.61903 0.316636 1.07874e-19)
(-0.637335 0.246758 5.60709e-21)
(-0.65383 0.174821 4.51313e-20)
(-0.668258 0.101187 -8.73873e-20)
(-0.680441 0.0260755 -3.62689e-20)
(-0.69028 -0.0503229 -1.18961e-20)
(-0.69772 -0.127813 -3.55114e-21)
(-0.702742 -0.206181 1.27592e-20)
(-0.831089 0.696184 -8.11052e-21)
(-0.86954 0.609497 1.22582e-19)
(-0.900168 0.518623 -1.55717e-19)
(-0.9279 0.424987 -3.74774e-20)
(-0.953633 0.329027 6.73263e-20)
(-0.977009 0.230946 5.167e-20)
(-0.997841 0.130897 3.66692e-20)
(-1.01604 0.0290431 -3.55577e-21)
(-1.03159 -0.0744429 -4.30538e-21)
(-1.04447 -0.179371 -3.15991e-21)
(-1.04716 0.969465 9.17166e-20)
(-1.10395 0.855928 -1.85786e-20)
(-1.14574 0.741185 1.20164e-19)
(-1.18475 0.623306 5.85185e-20)
(-1.22099 0.502493 -5.04098e-20)
(-1.25404 0.378917 -2.09109e-21)
(-1.28377 0.252758 4.10923e-20)
(-1.31014 0.124205 9.92725e-21)
(-1.33317 -0.00653676 4.99971e-21)
(-1.35286 -0.139248 -1.01611e-20)
(-1.21224 1.27835 -1.20046e-19)
(-1.29982 1.13216 -1.0459e-19)
(-1.35929 0.990824 5.33797e-21)
(-1.41677 0.845294 7.82549e-20)
(-1.46884 0.69611 2.68713e-20)
(-1.51593 0.54332 2.36123e-20)
(-1.55791 0.387247 -5.38982e-20)
(-1.59474 0.228229 -9.49639e-21)
(-1.62641 0.066635 6.99884e-21)
(-1.65289 -0.0972222 1.57207e-20)
(-1.34663 1.62232 1.32416e-19)
(-1.47548 1.44158 1.30965e-19)
(-1.55499 1.2715 -4.05446e-20)
(-1.63775 1.09411 -1.13106e-19)
(-1.71108 0.912365 -5.80972e-20)
(-1.77726 0.726203 4.21625e-20)
(-1.83537 0.536175 1.58554e-20)
(-1.88566 0.34254 2.02385e-20)
(-1.92821 0.145568 -8.79157e-21)
(-1.96322 -0.054604 1.09665e-21)
(-1.41861 2.00928 1.0893e-20)
(-1.61458 1.78532 -7.27247e-20)
(-1.72303 1.58277 -1.54987e-20)
(-1.83871 1.37037 1.03461e-20)
(-1.93568 1.15355 7.70034e-20)
(-2.02331 0.930827 -1.6293e-20)
(-2.0998 0.702671 2.98651e-20)
(-2.16655 0.468931 8.42102e-21)
(-2.22361 0.229754 -8.07111e-21)
(-2.27124 -0.0147271 -2.32315e-21)
(-1.42554 2.5007 4.17549e-20)
(-1.72159 2.19774 1.0724e-20)
(-1.85582 1.94193 -2.70762e-20)
(-2.00998 1.68033 2.57915e-20)
(-2.1341 1.41639 1.0674e-20)
(-2.24796 1.14709 1.765e-21)
(-2.34655 0.872274 -3.40765e-21)
(-2.43278 0.591283 -2.15958e-20)
(-2.50612 0.304093 5.76035e-23)
(-2.56674 0.0108842 1.65427e-21)
(0.247682 -0.0776459 -8.84145e-21)
(0.272056 -0.0880985 7.46608e-21)
(0.29925 -0.098383 9.5159e-21)
(0.329082 -0.108463 5.34686e-21)
(0.361344 -0.118303 -1.6749e-20)
(0.395805 -0.127875 7.01398e-20)
(0.432222 -0.137164 -7.26472e-21)
(0.470343 -0.146185 5.91801e-20)
(0.509972 -0.155039 -4.37754e-20)
(0.551106 -0.164045 -2.13206e-20)
(0.031264 -0.202922 2.00089e-22)
(0.0490254 -0.23351 -1.76292e-20)
(0.0691053 -0.26376 4.17057e-20)
(0.0912816 -0.29358 -7.20597e-20)
(0.115299 -0.322889 -6.71978e-20)
(0.140885 -0.351615 3.36717e-20)
(0.167739 -0.379708 -1.01145e-20)
(0.195468 -0.407201 -1.59369e-20)
(0.223524 -0.434449 -4.15048e-20)
(0.251712 -0.462313 3.09469e-20)
(-0.324022 -0.263522 1.83423e-21)
(-0.316137 -0.316802 -1.56419e-20)
(-0.306167 -0.369822 5.37831e-20)
(-0.294327 -0.422374 -2.93539e-20)
(-0.28081 -0.47424 -3.98646e-20)
(-0.265745 -0.525118 1.02361e-19)
(-0.249481 -0.574605 -6.50909e-20)
(-0.233296 -0.622551 3.5953e-20)
(-0.219103 -0.669765 1.74716e-20)
(-0.204396 -0.717526 -1.90472e-20)
(-0.705375 -0.285186 1.09903e-20)
(-0.705709 -0.364556 -1.31939e-20)
(-0.703931 -0.444015 -1.70852e-20)
(-0.700202 -0.523317 5.9985e-21)
(-0.694337 -0.602165 1.62548e-20)
(-0.685866 -0.679962 -2.93013e-20)
(-0.675745 -0.755819 1.17496e-19)
(-0.668734 -0.829684 -1.05212e-19)
(-0.668986 -0.903976 5.0167e-20)
(-0.661018 -0.981095 5.50608e-20)
(-1.05471 -0.285516 -5.00281e-21)
(-1.06242 -0.392598 2.93917e-20)
(-1.06792 -0.50033 -7.43062e-20)
(-1.07131 -0.608495 1.41693e-20)
(-1.07151 -0.716813 -6.2027e-20)
(-1.06669 -0.824419 1.3288e-20)
(-1.05934 -0.929774 -1.09192e-19)
(-1.0618 -1.03286 7.6246e-20)
(-1.08185 -1.13838 -7.43081e-20)
(-1.07752 -1.25068 -2.76798e-20)
(-1.36917 -0.273676 1.05248e-20)
(-1.38217 -0.409491 -2.16359e-20)
(-1.39239 -0.546368 2.42124e-20)
(-1.40005 -0.684147 -3.79449e-20)
(-1.40302 -0.822781 4.44431e-20)
(-1.39727 -0.96161 -3.75181e-21)
(-1.38652 -1.09874 4.75193e-20)
(-1.39416 -1.23376 -1.14672e-19)
(-1.43617 -1.37324 6.56969e-20)
(-1.43545 -1.52422 -9.87563e-20)
(-1.67402 -0.263071 -9.53951e-21)
(-1.68982 -0.430593 -5.64098e-21)
(-1.70105 -0.59947 -1.17901e-21)
(-1.70847 -0.769594 5.14247e-20)
(-1.70982 -0.941277 -1.86253e-20)
(-1.69872 -1.11468 -2.73085e-20)
(-1.67782 -1.28831 3.95099e-20)
(-1.68048 -1.46066 3.58995e-21)
(-1.73685 -1.63783 5.50354e-20)
(-1.73799 -1.82798 1.91402e-20)
(-1.99048 -0.257868 4.0959e-21)
(-2.00976 -0.463988 -4.43303e-21)
(-2.02161 -0.672579 -1.44502e-20)
(-2.02721 -0.883235 4.18469e-21)
(-2.02515 -1.09594 -1.15055e-20)
(-2.00804 -1.31128 2.30787e-20)
(-1.97429 -1.52852 -1.40539e-20)
(-1.95965 -1.74411 1.30794e-20)
(-2.00923 -1.95903 1.03173e-20)
(-1.99808 -2.17884 -3.26461e-20)
(-2.30885 -0.264183 3.87054e-21)
(-2.33558 -0.518034 3.08127e-21)
(-2.35129 -0.775385 4.04688e-21)
(-2.35676 -1.03489 -1.33242e-20)
(-2.35183 -1.29493 -1.52453e-20)
(-2.33067 -1.55471 -2.34513e-20)
(-2.2863 -1.8139 2.76365e-20)
(-2.24434 -2.06752 -1.69252e-20)
(-2.25973 -2.30593 -2.73303e-20)
(-2.21854 -2.52831 1.36205e-19)
(-2.61367 -0.287736 -2.26828e-21)
(-2.64581 -0.590929 4.6882e-21)
(-2.66246 -0.897341 2.16205e-21)
(-2.66338 -1.2047 1.69865e-21)
(-2.64876 -1.50962 -2.57166e-20)
(-2.61676 -1.80828 -4.39298e-20)
(-2.56018 -2.09842 -2.05514e-19)
(-2.48356 -2.37646 1.17822e-19)
(-2.43425 -2.62374 -2.87942e-20)
(-2.36822 -2.80984 -2.73805e-19)
(0.654686 -0.188304 0)
(0.864589 -0.174896 0)
(1.06381 -0.165399 0)
(1.25333 -0.160287 0)
(1.4588 -0.152463 0)
(1.6609 -0.13849 0)
(1.86066 -0.12218 0)
(2.04446 -0.102851 0)
(2.19544 -0.0838054 0)
(2.3367 -0.0652187 0)
(2.4215 -0.0487377 0)
(2.51273 -0.0344191 0)
(2.5394 -0.0232247 0)
(2.58193 -0.0127886 0)
(2.57388 -0.00658427 0)
(2.56822 0.00158707 0)
(2.54591 0.00521743 0)
(2.49125 0.00897968 0)
(2.46691 0.0131416 0)
(2.37417 0.00991229 0)
(0.322903 -0.534287 0)
(0.570831 -0.440575 0)
(0.738749 -0.427685 0)
(0.929119 -0.427027 0)
(1.15052 -0.409592 0)
(1.36788 -0.373125 0)
(1.58059 -0.3266 0)
(1.76473 -0.270701 0)
(1.92401 -0.216101 0)
(2.0604 -0.162729 0)
(2.14993 -0.117303 0)
(2.24177 -0.0781821 0)
(2.26812 -0.0483701 0)
(2.32356 -0.0220997 0)
(2.30983 -0.00593731 0)
(2.32606 0.0138567 0)
(2.30018 0.021739 0)
(2.26342 0.0312399 0)
(2.24353 0.0397899 0)
(2.16609 0.0281835 0)
(-0.14572 -0.832106 0)
(0.202314 -0.616726 0)
(0.364552 -0.695732 0)
(0.609594 -0.709856 0)
(0.869347 -0.673684 0)
(1.10873 -0.606535 0)
(1.32753 -0.521052 0)
(1.50829 -0.425074 0)
(1.66612 -0.333127 0)
(1.78704 -0.246685 0)
(1.87697 -0.175473 0)
(1.9546 -0.115109 0)
(1.9828 -0.0705541 0)
(2.03691 -0.0318035 0)
(2.01859 -0.00771918 0)
(2.05278 0.020184 0)
(2.0129 0.0321568 0)
(2.0001 0.0464636 0)
(1.97489 0.0565943 0)
(1.90948 0.0395506 0)
(-0.558862 -1.16269 0)
(-0.114526 -0.866104 0)
(0.108698 -1.03172 0)
(0.406059 -1.00458 0)
(0.685271 -0.924781 0)
(0.932133 -0.814318 0)
(1.1471 -0.685008 0)
(1.32105 -0.55046 0)
(1.4672 -0.4245 0)
(1.57195 -0.311463 0)
(1.65578 -0.219715 0)
(1.71566 -0.143936 0)
(1.74682 -0.0885393 0)
(1.78858 -0.0407464 0)
(1.77504 -0.0116587 0)
(1.81079 0.0238283 0)
(1.76169 0.0383657 0)
(1.76987 0.056686 0)
(1.72651 0.0695954 0)
(1.67352 0.0479371 0)
(-0.885499 -1.51493 0)
(-0.409082 -1.16997 0)
(-0.0795105 -1.3323 0)
(0.249716 -1.2608 0)
(0.54564 -1.14053 0)
(0.799441 -0.987644 0)
(1.01137 -0.817793 0)
(1.1775 -0.648859 0)
(1.30952 -0.493984 0)
(1.40123 -0.360132 0)
(1.47542 -0.252097 0)
(1.52208 -0.165453 0)
(1.55451 -0.101787 0)
(1.58427 -0.0480275 0)
(1.57969 -0.0150787 0)
(1.60682 0.0274631 0)
(1.56109 0.0420432 0)
(1.57747 0.0661814 0)
(1.51441 0.0820091 0)
(1.47896 0.0536773 0)
(-1.12359 -1.88282 0)
(-0.647609 -1.53478 0)
(-0.220541 -1.62616 0)
(0.144705 -1.514 0)
(0.458506 -1.34319 0)
(0.714719 -1.14113 0)
(0.918994 -0.929368 0)
(1.0728 -0.72753 0)
(1.18887 -0.547571 0)
(1.26785 -0.396771 0)
(1.33049 -0.275837 0)
(1.36765 -0.181597 0)
(1.39844 -0.111564 0)
(1.41975 -0.0539864 0)
(1.42243 -0.0175145 0)
(1.43944 0.0305623 0)
(1.40403 0.0443916 0)
(1.41558 0.0762468 0)
(1.3416 0.0926304 0)
(1.32618 0.056433 0)
(-1.29824 -2.27719 0)
(-0.793844 -1.95733 0)
(-0.309464 -1.92644 0)
(0.0909072 -1.75576 0)
(0.416055 -1.52389 0)
(0.666953 -1.26982 0)
(0.858143 -1.01802 0)
(0.99648 -0.787107 0)
(1.0964 -0.586771 0)
(1.16305 -0.422842 0)
(1.21447 -0.29247 0)
(1.24465 -0.193218 0)
(1.27203 -0.118567 0)
(1.28812 -0.0587204 0)
(1.29503 -0.019158 0)
(1.30431 0.032806 0)
(1.27941 0.0465055 0)
(1.27919 0.0862377 0)
(1.2055 0.100378 0)
(1.20802 0.0568403 0)
(-1.44254 -2.68112 0)
(-0.85051 -2.40535 0)
(-0.334316 -2.22937 0)
(0.0861185 -1.97984 0)
(0.411462 -1.68267 0)
(0.64843 -1.37793 0)
(0.821349 -1.08949 0)
(0.941883 -0.833273 0)
(1.02573 -0.616168 0)
(1.08054 -0.441791 0)
(1.12181 -0.304416 0)
(1.14642 -0.201685 0)
(1.16973 -0.123722 0)
(1.18275 -0.0625258 0)
(1.19149 -0.0203574 0)
(1.19575 0.0342829 0)
(1.17854 0.048843 0)
(1.16543 0.0952338 0)
(1.1004 0.105239 0)
(1.11622 0.0558438 0)
(-1.57126 -3.02827 0)
(-0.842655 -2.80327 0)
(-0.29846 -2.49341 0)
(0.121164 -2.16244 0)
(0.433739 -1.80863 0)
(0.649798 -1.46234 0)
(0.801291 -1.14475 0)
(0.903188 -0.868766 0)
(0.971652 -0.638755 0)
(1.01542 -0.456337 0)
(1.04777 -0.31373 0)
(1.06766 -0.208382 0)
(1.08689 -0.127962 0)
(1.09809 -0.0658257 0)
(1.1071 -0.0214732 0)
(1.10829 0.0351311 0)
(1.0957 0.0513495 0)
(1.07172 0.10266 0)
(1.01976 0.107771 0)
(1.04394 0.0542222 0)
(-1.68017 -3.21647 0)
(-0.802634 -3.06828 0)
(-0.224918 -2.66638 0)
(0.177755 -2.27793 0)
(0.468952 -1.8896 0)
(0.66152 -1.51678 0)
(0.791378 -1.18099 0)
(0.875535 -0.892517 0)
(0.930017 -0.654277 0)
(0.963864 -0.466674 0)
(0.988515 -0.320672 0)
(1.00428 -0.213539 0)
(1.01974 -0.131395 0)
(1.02974 -0.068498 0)
(1.03809 -0.0223092 0)
(1.03741 0.0358904 0)
(1.02714 0.054171 0)
(0.995337 0.108613 0)
(0.957631 0.108785 0)
(0.986155 0.0524733 0)
(-1.7184 -3.21889 -2.59623e-20)
(-0.768597 -3.15382 -4.5252e-20)
(-0.161068 -2.72658 1.61261e-20)
(0.222834 -2.31314 -3.10629e-21)
(0.496538 -1.91595 1.51673e-20)
(0.672343 -1.53248 1.98822e-20)
(0.786795 -1.18998 -2.6515e-21)
(0.858632 -0.896996 -4.76681e-21)
(0.90347 -0.656137 -1.84512e-22)
(0.930397 -0.467345 2.13935e-21)
(0.949724 -0.320951 -1.60098e-21)
(0.962474 -0.213923 1.00833e-22)
(0.975126 -0.131596 2.96659e-22)
(0.984279 -0.0686741 3.80012e-22)
(0.991572 -0.0214096 -2.94382e-22)
(0.989788 0.0376922 1.19762e-21)
(0.980103 0.0574993 -7.96818e-22)
(0.944049 0.113064 1.4822e-22)
(0.917386 0.108999 1.5443e-22)
(0.947011 0.0510311 -5.98524e-24)
(-1.4049 -3.41344 -2.29387e-21)
(-0.545419 -3.21008 -4.60117e-20)
(-3.87361e-05 -2.73335 2.55317e-20)
(0.320492 -2.28494 -4.27119e-21)
(0.553706 -1.88193 -6.35801e-22)
(0.700219 -1.4972 3.28141e-21)
(0.793708 -1.15915 -4.83278e-21)
(0.851347 -0.872772 -5.1856e-21)
(0.886553 -0.638497 4.49032e-21)
(0.907262 -0.455331 -1.58975e-21)
(0.922339 -0.31329 3.60562e-22)
(0.932796 -0.209383 -2.40941e-22)
(0.94351 -0.128952 9.44995e-22)
(0.952218 -0.0672488 -2.89408e-22)
(0.958787 -0.0199925 -5.42706e-23)
(0.956486 0.0391038 -2.23768e-22)
(0.947121 0.0598056 6.2122e-24)
(0.908789 0.115673 -5.26821e-22)
(0.890164 0.108537 1.7341e-23)
(0.919788 0.0498646 8.92816e-24)
(-1.1998 -3.55325 -1.35453e-19)
(-0.420733 -3.23447 -3.41895e-21)
(0.0985196 -2.75724 1.89363e-20)
(0.38541 -2.28036 9.04744e-21)
(0.593687 -1.86918 -5.74177e-21)
(0.721097 -1.47932 7.93671e-21)
(0.798659 -1.14006 -7.6516e-21)
(0.844422 -0.85573 7.47848e-21)
(0.870831 -0.624863 -3.3238e-21)
(0.885426 -0.445384 -2.97637e-22)
(0.896134 -0.30664 -3.85458e-22)
(0.904031 -0.205296 -6.99058e-22)
(0.91259 -0.126528 3.13457e-22)
(0.920665 -0.0659242 -1.12375e-21)
(0.926247 -0.0186182 -1.73904e-21)
(0.923431 0.040452 -1.50948e-22)
(0.914206 0.0621305 1.06675e-21)
(0.874367 0.117978 1.00696e-21)
(0.864021 0.107723 -2.45884e-23)
(0.893181 0.0486702 1.90532e-23)
(-0.928793 -3.74401 -1.35034e-19)
(-0.252603 -3.27528 -2.79034e-20)
(0.215868 -2.78019 -1.01803e-20)
(0.458262 -2.27524 7.03192e-21)
(0.633723 -1.85341 4.95222e-23)
(0.739994 -1.46146 -1.49055e-21)
(0.801598 -1.12268 7.39785e-21)
(0.83629 -0.841178 -5.94723e-21)
(0.854788 -0.613666 1.26071e-21)
(0.863868 -0.437401 5.92884e-22)
(0.870549 -0.301411 5.08602e-22)
(0.875955 -0.202149 -9.58121e-22)
(0.882347 -0.124715 1.53958e-21)
(0.889699 -0.0649712 1.80131e-22)
(0.894085 -0.01744 1.32683e-21)
(0.890753 0.0417033 -9.04631e-23)
(0.881504 0.0644772 -9.99483e-22)
(0.840946 0.120028 -1.03256e-21)
(0.838914 0.10665 5.04233e-23)
(0.867183 0.0475052 -2.66517e-23)
(-0.673133 -3.89778 1.5034e-19)
(-0.104034 -3.30279 1.85712e-20)
(0.317794 -2.79618 -4.89588e-21)
(0.525311 -2.27434 1.11775e-20)
(0.670207 -1.83979 -5.53182e-21)
(0.756631 -1.44554 -7.90386e-21)
(0.802944 -1.10679 2.68992e-21)
(0.827022 -0.82776 9.23409e-22)
(0.838151 -0.603401 -1.3781e-23)
(0.842221 -0.430156 1.28536e-22)
(0.845283 -0.296744 9.58312e-22)
(0.848405 -0.199391 -1.3112e-21)
(0.852746 -0.123189 1.26057e-21)
(0.859361 -0.0642054 -1.55081e-21)
(0.862406 -0.0163715 -1.65294e-21)
(0.858565 0.0428754 1.15746e-21)
(0.849159 0.0668044 -4.84779e-23)
(0.80867 0.121765 8.36734e-22)
(0.814789 0.105317 -3.77986e-22)
(0.841792 0.0463875 1.96951e-23)
(-0.397617 -4.04663 -3.32505e-20)
(0.0562266 -3.33796 -3.21621e-20)
(0.420198 -2.80873 1.86782e-20)
(0.592013 -2.2753 -5.27682e-21)
(0.705133 -1.82732 1.179e-21)
(0.771563 -1.43102 3.3313e-21)
(0.803111 -1.09248 -6.49029e-22)
(0.816936 -0.81563 -5.07588e-22)
(0.821061 -0.594099 1.58371e-22)
(0.820471 -0.423576 -4.84844e-23)
(0.82025 -0.292524 -2.71778e-23)
(0.821306 -0.196908 1.5068e-21)
(0.823768 -0.121859 -4.82883e-22)
(0.829678 -0.0635551 -1.27151e-21)
(0.83129 -0.0153737 8.12071e-22)
(0.826966 0.0439797 1.25541e-21)
(0.81731 0.0690783 4.28789e-22)
(0.777658 0.12315 8.50701e-23)
(0.791595 0.103739 1.40668e-22)
(0.817007 0.0453334 1.59924e-27)
(-0.119936 -4.17019 5.11072e-20)
(0.215214 -3.36968 -4.06071e-20)
(0.517667 -2.81666 1.71482e-20)
(0.656524 -2.27736 3.12427e-21)
(0.738795 -1.81678 -9.60823e-22)
(0.785216 -1.41808 -1.22424e-21)
(0.802489 -1.07983 -1.52528e-23)
(0.80637 -0.804879 5.87964e-23)
(0.803767 -0.585868 2.938e-22)
(0.798758 -0.417764 -6.49095e-22)
(0.795496 -0.288822 6.10233e-22)
(0.794665 -0.194744 4.98763e-23)
(0.795423 -0.120747 2.79189e-22)
(0.800674 -0.0630221 -3.48552e-22)
(0.800806 -0.0144472 8.79647e-22)
(0.796045 0.0450167 -1.05695e-21)
(0.786091 0.0712693 2.15715e-22)
(0.748001 0.12417 -6.42986e-22)
(0.769277 0.101949 2.18832e-22)
(0.79283 0.0443599 -5.64913e-23)
(0.16736 -4.27992 6.5201e-20)
(0.380716 -3.40474 -3.69556e-20)
(0.614448 -2.82342 -2.98035e-20)
(0.719903 -2.28007 7.87221e-21)
(0.771939 -1.80836 -8.8039e-22)
(0.798108 -1.40683 4.32747e-22)
(0.801467 -1.06886 -6.71816e-23)
(0.795664 -0.795532 7.94733e-23)
(0.786541 -0.578723 -1.72544e-22)
(0.77728 -0.412741 3.71609e-22)
(0.771138 -0.285664 1.25578e-22)
(0.768541 -0.192923 -4.02347e-22)
(0.767744 -0.119869 -2.9913e-22)
(0.772376 -0.0626111 1.88343e-21)
(0.771018 -0.0135981 -1.4642e-21)
(0.765883 0.0459819 3.82313e-22)
(0.755629 0.073347 2.02261e-22)
(0.719765 0.12482 -5.47361e-22)
(0.747781 0.0999868 -2.04699e-22)
(0.769268 0.043481 2.37247e-23)
(0.459357 -4.37105 -5.50045e-20)
(0.550891 -3.43959 -9.99218e-21)
(0.710815 -2.8295 8.07308e-21)
(0.782248 -2.28298 -3.04292e-21)
(0.80505 -1.80215 1.62196e-21)
(0.810757 -1.39743 3.184e-22)
(0.800429 -1.05963 2.67593e-23)
(0.785141 -0.787608 1.4008e-22)
(0.769652 -0.572664 6.99496e-23)
(0.756248 -0.408502 -1.81575e-22)
(0.747321 -0.283046 3.40647e-22)
(0.743024 -0.191446 -4.55056e-22)
(0.740788 -0.119227 4.095e-22)
(0.744819 -0.0623215 -8.15619e-22)
(0.741984 -0.0128327 1.0346e-22)
(0.736557 0.0468676 -3.42005e-23)
(0.72604 0.0752804 -2.62395e-22)
(0.692991 0.1251 4.71904e-22)
(0.727057 0.0978892 9.61059e-23)
(0.74633 0.0427065 2.48331e-23)
(0.757083 -4.44614 7.42281e-21)
(0.728551 -3.47553 -3.75555e-22)
(0.809068 -2.8367 -4.82699e-21)
(0.844288 -2.28629 2.19557e-21)
(0.83862 -1.79818 -3.48779e-22)
(0.823681 -1.39002 2.53216e-22)
(0.799747 -1.05216 -5.34888e-23)
(0.775107 -0.781124 3.71478e-24)
(0.753352 -0.567693 -9.66256e-23)
(0.735867 -0.405041 -7.61963e-23)
(0.7242 -0.280959 -8.94959e-23)
(0.718222 -0.190312 7.25076e-23)
(0.714618 -0.11882 7.16977e-23)
(0.718042 -0.062153 -1.25753e-22)
(0.71376 -0.0121595 -9.48118e-24)
(0.708137 0.0476632 -5.51775e-23)
(0.697426 0.0770403 -6.77695e-23)
(0.667693 0.125019 5.4774e-23)
(0.70706 0.0956945 -4.34072e-23)
(0.724029 0.042042 -1.0515e-23)
)
;

boundaryField
{
    inlet
    {
        type            freestream;
        freestreamValue uniform (1 0 0);
        value           uniform (1 0 0);
    }
    outlet
    {
        type            freestream;
        freestreamValue uniform (1 0 0);
        value           nonuniform List<vector> 
40
(
(0.521556 0.0406545 0)
(0.497346 0.0407784 0)
(0.472877 0.0408331 0)
(0.449152 0.0406804 0)
(0.427367 0.0400087 0)
(0.408751 0.0383507 0)
(0.394279 0.0350599 0)
(0.384367 0.0293211 0)
(0.378686 0.020288 0)
(0.376292 0.00744652 0)
(0.702383 0.0414901 -1.16416e-23)
(0.681412 0.0410489 2.99247e-23)
(0.66114 0.0407144 5.86569e-23)
(0.64159 0.0404786 -1.22344e-22)
(0.62279 0.0403318 -1.08722e-23)
(0.604767 0.0402622 4.7066e-23)
(0.587546 0.0402565 -5.01099e-23)
(0.571153 0.040299 6.24375e-23)
(0.555611 0.0403705 3.95679e-23)
(0.54094 0.0404634 -1.82697e-23)
(0.947011 0.0510311 -5.98524e-24)
(0.919788 0.0498646 8.92816e-24)
(0.893181 0.0486702 1.90532e-23)
(0.867183 0.0475052 -2.66517e-23)
(0.841792 0.0463875 1.96951e-23)
(0.817007 0.0453334 1.59924e-27)
(0.79283 0.0443599 -5.64913e-23)
(0.769268 0.043481 2.37247e-23)
(0.74633 0.0427065 2.48331e-23)
(0.724029 0.042042 -1.0515e-23)
(2.37417 0.00991229 0)
(2.16609 0.0281835 0)
(1.90948 0.0395506 0)
(1.67352 0.0479371 0)
(1.47896 0.0536773 0)
(1.32618 0.056433 0)
(1.20802 0.0568403 0)
(1.11622 0.0558438 0)
(1.04394 0.0542222 0)
(0.986155 0.0524733 0)
)
;
    }
    top
    {
        type            symmetryPlane;
    }
    bottom
    {
        type            symmetryPlane;
    }
    cylinder
    {
        type            rotatingWallVelocity;
        origin          (0 0 0);
        axis            (0 0 1);
        omega           constant -20;
        value           nonuniform List<vector> 
80
(
(0.396319 -9.98427 8.66152e-24)
(1.17718 -9.92228 6.08003e-23)
(1.95079 -9.79941 -1.78625e-24)
(2.71241 -9.61642 3.55822e-23)
(3.45738 -9.37443 -1.90954e-22)
(4.18115 -9.07491 6.58704e-23)
(4.8793 -8.7197 8.11251e-22)
(5.54754 -8.31097 2.80107e-21)
(6.1818 -7.8512 -1.75963e-21)
(6.77818 -7.34322 -1.79807e-21)
(9.98427 -0.396319 -8.66152e-24)
(9.92228 -1.17718 -6.08003e-23)
(9.79941 -1.95079 1.78625e-24)
(9.61642 -2.71241 3.68854e-23)
(9.37443 -3.45738 -5.54456e-22)
(9.07491 -4.18115 -6.58704e-23)
(8.7197 -4.8793 -8.11251e-22)
(8.31097 -5.54754 5.66204e-22)
(7.8512 -6.1818 -2.44731e-21)
(7.34322 -6.77818 1.79807e-21)
(7.34322 6.77818 1.79807e-21)
(7.8512 6.1818 -2.44731e-21)
(8.31097 5.54754 5.66204e-22)
(8.7197 4.8793 -8.11251e-22)
(9.07491 4.18115 -6.58704e-23)
(9.37443 3.45738 -5.54456e-22)
(9.61642 2.71241 3.68854e-23)
(9.79941 1.95079 1.78625e-24)
(9.92228 1.17718 -6.08003e-23)
(9.98427 0.396319 -8.66152e-24)
(0.396319 9.98427 8.66152e-24)
(1.17718 9.92228 6.08003e-23)
(1.95079 9.79941 -1.78625e-24)
(2.71241 9.61642 3.55822e-23)
(3.45738 9.37443 -1.90954e-22)
(4.18115 9.07491 6.58704e-23)
(4.8793 8.7197 8.11251e-22)
(5.54754 8.31097 -5.66204e-22)
(6.1818 7.8512 -1.75963e-21)
(6.77818 7.34322 -1.79807e-21)
(-6.77818 7.34322 -1.79807e-21)
(-6.1818 7.8512 -1.75963e-21)
(-5.54754 8.31097 2.80107e-21)
(-4.8793 8.7197 8.11251e-22)
(-4.18115 9.07491 6.58704e-23)
(-3.45738 9.37443 -1.90954e-22)
(-2.71241 9.61642 3.55822e-23)
(-1.95079 9.79941 -1.78625e-24)
(-1.17718 9.92228 6.08003e-23)
(-0.396319 9.98427 8.66152e-24)
(-7.34322 6.77818 1.79807e-21)
(-7.8512 6.1818 -2.44731e-21)
(-8.31097 5.54754 5.66204e-22)
(-8.7197 4.8793 -8.11251e-22)
(-9.07491 4.18115 -6.58704e-23)
(-9.37443 3.45738 -5.54456e-22)
(-9.61642 2.71241 3.68854e-23)
(-9.79941 1.95079 1.78625e-24)
(-9.92228 1.17718 -6.08003e-23)
(-9.98427 0.396319 -8.66152e-24)
(-9.98427 -0.396319 -8.66152e-24)
(-9.92228 -1.17718 -6.08003e-23)
(-9.79941 -1.95079 1.78625e-24)
(-9.61642 -2.71241 -3.55822e-23)
(-9.37443 -3.45738 -5.54456e-22)
(-9.07491 -4.18115 -6.58704e-23)
(-8.7197 -4.8793 -8.11251e-22)
(-8.31097 -5.54754 5.66204e-22)
(-7.8512 -6.1818 -2.44731e-21)
(-7.34322 -6.77818 1.79807e-21)
(-6.77818 -7.34322 -1.79807e-21)
(-6.1818 -7.8512 -1.75963e-21)
(-5.54754 -8.31097 -5.66204e-22)
(-4.8793 -8.7197 8.11251e-22)
(-4.18115 -9.07491 6.58704e-23)
(-3.45738 -9.37443 -1.90954e-22)
(-2.71241 -9.61642 3.55822e-23)
(-1.95079 -9.79941 -1.78625e-24)
(-1.17718 -9.92228 6.08003e-23)
(-0.396319 -9.98427 8.66152e-24)
)
;
    }
    frontandback
    {
        type            empty;
    }
}


// ************************************************************************* //
