/*--------------------------------*- C++ -*----------------------------------*\
  =========                 |
  \\      /  F ield         | OpenFOAM: The Open Source CFD Toolbox
   \\    /   O peration     | Website:  https://openfoam.org
    \\  /    A nd           | Version:  6.0
     \\/     M anipulation  |
\*---------------------------------------------------------------------------*/
FoamFile
{
    version     2.0;
    format      ascii;
    class       volVectorField;
    location    "11.75";
    object      U;
}
// * * * * * * * * * * * * * * * * * * * * * * * * * * * * * * * * * * * * * //

dimensions      [0 1 -1 0 0 0 0];

internalField   nonuniform List<vector> 
2400
(
(3.93128 -16.1398 -1.28073e-18)
(0.544302 -16.1497 4.58303e-19)
(0.819398 -15.7478 -3.82526e-19)
(1.10636 -15.0207 -2.11282e-19)
(1.16707 -14.2719 -3.04644e-19)
(1.20317 -13.5687 4.06305e-19)
(1.24509 -12.9375 1.39924e-19)
(1.28945 -12.3869 1.01141e-19)
(1.34916 -11.9136 -2.25556e-19)
(1.38591 -11.5101 -1.27961e-20)
(5.21978 -15.8869 1.46165e-18)
(1.83516 -16.2296 -6.60351e-20)
(2.06323 -15.8072 2.61391e-19)
(2.27813 -15.0449 2.02797e-18)
(2.27084 -14.2819 -1.35025e-18)
(2.24583 -13.5733 -7.15459e-20)
(2.23372 -12.9418 -1.35378e-20)
(2.23351 -12.394 -1.39802e-19)
(2.25675 -11.9258 -1.92782e-19)
(2.24943 -11.5373 -2.07531e-20)
(6.48998 -15.5313 2.54467e-18)
(3.13368 -16.2003 1.87992e-18)
(3.3121 -15.7591 -4.64594e-18)
(3.44912 -14.9674 1.32346e-18)
(3.37001 -14.1965 1.7885e-18)
(3.28121 -13.4877 -9.92006e-19)
(3.21318 -12.8597 -7.19288e-19)
(3.16728 -12.3156 5.5099e-19)
(3.15169 -11.8505 -1.13091e-18)
(3.09291 -11.4733 9.95414e-19)
(7.73082 -15.0703 -8.7782e-18)
(4.4307 -16.0569 3.00141e-18)
(4.55596 -15.6009 -2.72763e-18)
(4.6106 -14.7877 1.15621e-18)
(4.45746 -14.0161 -1.15547e-18)
(4.30371 -13.3136 1.57376e-18)
(4.17974 -12.6947 5.97675e-19)
(4.0897 -12.1597 -2.16704e-18)
(4.03686 -11.7057 -1.74524e-18)
(3.92695 -11.3571 1.68298e-18)
(8.93335 -14.5045 5.24167e-19)
(5.71438 -15.7989 -1.16113e-18)
(5.78413 -15.3323 -4.38845e-19)
(5.75313 -14.5059 -5.46188e-19)
(5.52496 -13.7419 -2.8106e-18)
(5.30605 -13.0523 4.20452e-19)
(5.12561 -12.4468 -2.37455e-19)
(4.98955 -11.9225 2.20031e-18)
(4.89443 -11.4811 -1.48776e-18)
(4.72632 -11.1654 -7.71909e-19)
(10.087 -13.8341 7.57799e-18)
(6.97367 -15.4244 -5.2377e-19)
(6.98502 -14.9521 7.37815e-18)
(6.86573 -14.1218 -9.40302e-19)
(6.56293 -13.3743 3.38451e-18)
(6.28136 -12.7065 -3.81682e-19)
(6.04788 -12.1219 4.43776e-21)
(5.86721 -11.6143 1.83365e-18)
(5.72614 -11.1926 -9.76462e-19)
(5.49591 -10.9212 1.22919e-18)
(11.183 -13.0624 -2.98175e-18)
(8.19806 -14.9348 6.04526e-19)
(8.14779 -14.4611 -2.02832e-18)
(7.93668 -13.6347 -1.72576e-18)
(7.55784 -12.9119 -1.06024e-20)
(7.21509 -12.2738 5.02232e-18)
(6.93376 -11.7179 -1.75281e-18)
(6.71495 -11.2333 6.14652e-19)
(6.53046 -10.8361 -2.39213e-18)
(6.23779 -10.6097 -9.73428e-19)
(12.2139 -12.1939 1.21166e-17)
(9.37971 -14.3323 -1.32922e-18)
(9.26467 -13.8608 -9.78841e-18)
(8.95771 -13.0449 5.1173e-19)
(8.49835 -12.3522 1.68888e-18)
(8.08967 -11.7487 -2.35842e-18)
(7.75934 -11.2267 -2.71e-18)
(7.50943 -10.7737 3.9686e-18)
(7.29875 -10.4169 -3.65112e-19)
(6.96875 -10.2615 -2.66645e-18)
(13.1734 -11.2349 -9.83709e-18)
(10.5122 -13.6216 4.5535e-18)
(10.3313 -13.1555 5.9963e-18)
(9.92714 -12.3551 1.43565e-18)
(9.38381 -11.6944 -4.80986e-18)
(8.89935 -11.1241 2.86567e-18)
(8.50176 -10.6335 1.54391e-18)
(8.19894 -10.2164 2.98975e-18)
(7.95381 -9.92508 -1.84553e-18)
(7.6104 -9.89636 -2.2318e-18)
(14.0541 -10.1912 3.14515e-18)
(11.5886 -12.8084 -1.17489e-18)
(11.3438 -12.351 -3.25644e-19)
(10.8463 -11.5705 1.34724e-18)
(10.2243 -10.9417 9.74769e-19)
(9.6655 -10.4 -7.24994e-19)
(9.18579 -9.93576 -1.24956e-18)
(8.77858 -9.55917 1.84064e-18)
(8.4053 -9.35695 -1.49834e-18)
(7.96546 -9.46754 1.20058e-18)
(17.6699 2.95927 1.65741e-19)
(17.7727 1.54682 5.20341e-19)
(17.7633 0.134145 -1.64484e-18)
(17.6463 -1.27002 1.51385e-18)
(17.4244 -2.65722 5.92472e-19)
(17.1011 -4.01998 7.86877e-18)
(16.6781 -5.35014 -3.10055e-18)
(16.1602 -6.64056 -4.56143e-18)
(15.5477 -7.88297 5.27995e-18)
(14.8473 -9.06989 -9.15885e-18)
(17.8395 -0.84166 4.31897e-19)
(17.6645 -2.228 -2.0064e-19)
(17.3756 -3.59471 -1.29016e-18)
(16.9779 -4.9329 3.4229e-18)
(16.4762 -6.23318 -1.21015e-18)
(15.876 -7.48873 9.48288e-18)
(15.1823 -8.69016 -6.22662e-18)
(14.4016 -9.83192 9.24334e-18)
(13.5388 -10.9034 -6.80077e-18)
(12.6002 -11.9005 -3.63029e-18)
(17.0673 -0.758891 -7.89303e-19)
(16.9368 -2.07626 6.41768e-20)
(16.697 -3.38154 -3.46199e-18)
(16.3508 -4.66618 2.62981e-18)
(15.9018 -5.92088 -2.94871e-18)
(15.3547 -7.13779 -5.82564e-18)
(14.7143 -8.30788 -2.078e-18)
(13.9872 -9.42361 -1.55379e-18)
(13.1786 -10.4754 6.02947e-18)
(12.2958 -11.4549 3.57427e-18)
(15.9705 -0.545968 3.1819e-19)
(15.8728 -1.77479 -5.5393e-19)
(15.6739 -2.99712 -7.74934e-19)
(15.3746 -4.20616 -3.17643e-18)
(14.9787 -5.39224 2.08263e-18)
(14.4893 -6.54836 5.89399e-18)
(13.9118 -7.66539 2.3943e-18)
(13.2519 -8.73571 5.14172e-19)
(12.5158 -9.75003 1.42914e-18)
(11.7119 -10.6987 1.16352e-19)
(15.0169 -0.505663 -3.34241e-19)
(14.9214 -1.65721 -1.31383e-18)
(14.7331 -2.80294 1.2021e-19)
(14.4494 -3.94009 2.46314e-18)
(14.0772 -5.05649 2.69116e-18)
(13.6161 -6.14935 -1.86513e-18)
(13.0746 -7.20724 -3.35989e-18)
(12.4558 -8.22551 -1.82196e-18)
(11.7687 -9.19377 1.99444e-18)
(11.0226 -10.1032 3.23317e-18)
(14.2357 -0.46971 7.81958e-20)
(14.1345 -1.55748 1.05616e-18)
(13.9506 -2.63663 -2.48482e-18)
(13.6714 -3.71291 3.04959e-18)
(13.3148 -4.766 1.86492e-18)
(12.8682 -5.80449 3.61046e-18)
(12.3524 -6.80828 -7.72971e-19)
(11.7589 -7.78363 -2.30108e-18)
(11.1091 -8.71128 5.42763e-18)
(10.4077 -9.5876 -4.81965e-18)
(13.5854 -0.42622 1.54095e-19)
(13.4752 -1.46122 -1.13032e-18)
(13.2979 -2.48089 -7.32637e-19)
(13.0161 -3.50704 -1.60353e-18)
(12.6769 -4.50043 -2.29997e-19)
(12.2329 -5.49433 -2.34178e-18)
(11.742 -6.44607 -1.56006e-18)
(11.156 -7.39356 -2.56156e-19)
(10.5404 -8.28911 -3.1894e-18)
(9.87077 -9.14415 4.50503e-18)
(13.0311 -0.378898 -1.24627e-19)
(12.9066 -1.37265 9.16587e-19)
(12.7431 -2.33981 -4.09308e-19)
(12.4492 -3.32776 8.88225e-19)
(12.1372 -4.26283 2.15179e-18)
(11.6786 -5.22217 3.6684e-18)
(11.2233 -6.11535 -9.68861e-19)
(10.6133 -7.05301 -3.62917e-18)
(10.0424 -7.92398 1.12306e-18)
(9.37216 -8.79631 -6.83034e-18)
(12.5508 -0.312755 1.72918e-19)
(12.404 -1.27828 -2.06069e-19)
(12.265 -2.20376 -1.97074e-18)
(11.9451 -3.1711 5.96674e-19)
(11.6771 -4.05561 -1.45173e-18)
(11.1769 -4.99983 -6.46509e-19)
(10.7798 -5.82628 -4.00013e-19)
(10.0845 -6.78178 1.66541e-18)
(9.58902 -7.6176 1.57107e-18)
(8.81088 -8.63587 1.35178e-18)
(12.1337 -0.270805 -3.64942e-19)
(11.9495 -1.21274 6.31021e-19)
(11.8408 -2.10258 3.18794e-19)
(11.4762 -3.06574 8.61482e-19)
(11.2619 -3.91676 -8.54956e-20)
(10.6881 -4.87593 -6.52107e-20)
(10.3585 -5.65179 -2.09074e-18)
(9.50443 -6.65956 2.8904e-18)
(9.10063 -7.41927 -1.89984e-18)
(8.05642 -8.71688 6.12331e-19)
(10.5941 14.7888 -5.26191e-18)
(11.7358 13.9354 5.43897e-18)
(12.7978 12.9865 -3.00465e-19)
(13.773 11.95 -8.92596e-18)
(14.6533 10.8331 6.41174e-18)
(15.4325 9.64384 -4.39807e-18)
(16.1043 8.39138 -9.81163e-19)
(16.6663 7.0864 -9.13812e-19)
(17.1148 5.73892 1.46124e-18)
(17.4508 4.36047 1.03638e-19)
(13.2036 11.6689 5.92698e-18)
(14.1404 10.678 1.1397e-18)
(14.9881 9.60747 -5.69837e-18)
(15.7388 8.46397 -5.76288e-18)
(16.385 7.25477 4.68072e-18)
(16.9214 5.98748 -3.68493e-18)
(17.3427 4.67281 4.04431e-18)
(17.6471 3.32087 -1.14167e-18)
(17.8313 1.94437 -3.34829e-18)
(17.8965 0.552375 -2.32063e-19)
(12.4376 10.8598 -9.39945e-19)
(13.3331 9.9581 -7.57906e-19)
(14.1482 8.98139 3.03266e-18)
(14.8749 7.93343 2.83685e-18)
(15.5065 6.81941 6.07148e-18)
(16.0377 5.64623 1.89146e-18)
(16.464 4.4237 -1.37509e-18)
(16.7825 3.16159 -2.80192e-18)
(16.9902 1.87055 2.21293e-18)
(17.0857 0.560164 1.55512e-19)
(11.5269 10.1199 1.49174e-18)
(12.3671 9.30313 -3.30275e-18)
(13.1324 8.41805 -1.25582e-18)
(13.8159 7.46495 -5.2932e-18)
(14.4125 6.44736 -2.68869e-18)
(14.9177 5.37184 5.09626e-18)
(15.3286 4.24853 3.15068e-18)
(15.6416 3.08579 -2.65409e-18)
(15.8545 1.89353 1.13244e-19)
(15.9643 0.679455 -1.09822e-19)
(10.9283 9.446 -5.13811e-18)
(11.7128 8.68626 5.6286e-18)
(12.4224 7.86558 -1.4213e-18)
(13.0514 6.97881 2.77208e-18)
(13.599 6.02918 -1.84502e-18)
(14.0613 5.02417 -2.924e-18)
(14.4379 3.97537 1.38547e-18)
(14.7232 2.88899 -1.47757e-18)
(14.9171 1.7755 -1.38332e-18)
(15.0143 0.639988 5.79583e-19)
(10.4668 8.90672 -6.82325e-19)
(11.2097 8.19478 1.06084e-18)
(11.8746 7.42707 -1.2402e-18)
(12.4558 6.59113 -5.38612e-18)
(12.9597 5.69377 2.86155e-18)
(13.3823 4.74424 4.41595e-19)
(13.7274 3.75552 -2.45413e-18)
(13.985 2.7301 -8.3026e-19)
(14.1595 1.68089 7.35242e-19)
(14.2402 0.609005 -2.08646e-19)
(10.0731 8.46544 -2.71255e-18)
(10.7824 7.80275 -1.75459e-20)
(11.4149 7.07967 1.20348e-18)
(11.9578 6.28062 3.0119e-18)
(12.4273 5.4247 5.95723e-19)
(12.8163 4.52111 1.42528e-18)
(13.1368 3.58293 2.71517e-18)
(13.3693 2.60741 -1.14731e-18)
(13.5293 1.61292 9.48084e-19)
(13.5936 0.593942 -3.53181e-19)
(9.73562 8.09738 -9.202e-19)
(10.3937 7.50318 1.02432e-18)
(10.9975 6.81528 9.76286e-19)
(11.5116 6.03912 -1.39091e-18)
(11.9587 5.21752 -7.34441e-19)
(12.3207 4.35151 -1.59704e-18)
(12.6249 3.45379 1.37335e-19)
(12.8353 2.51637 -3.50231e-19)
(12.9888 1.56716 -1.98726e-18)
(13.0361 0.590545 2.63316e-19)
(9.5524 7.73093 -3.44799e-19)
(10.0888 7.25536 -1.75315e-18)
(10.6313 6.59701 -6.7065e-19)
(11.1123 5.84301 2.76477e-19)
(11.5422 5.06278 -1.67293e-19)
(11.8771 4.23414 1.39591e-18)
(12.1703 3.37273 5.39285e-19)
(12.3592 2.46618 7.78577e-19)
(12.5151 1.55624 9.13499e-19)
(12.544 0.613318 -3.68703e-19)
(9.67531 7.22202 -1.15962e-18)
(10.0371 6.89505 1.93418e-18)
(10.4316 6.25657 -2.9938e-18)
(10.8467 5.54274 -7.92896e-20)
(11.2456 4.82382 2.31038e-18)
(11.534 4.04588 1.06935e-19)
(11.8029 3.2353 9.60825e-19)
(11.9567 2.37065 -1.96712e-18)
(12.1133 1.51128 -1.47437e-20)
(12.1131 0.606778 1.68655e-19)
(0.990949 10.7299 8.52769e-20)
(0.982009 11.0996 -3.83986e-20)
(1.0119 11.4997 -2.2587e-20)
(1.02093 11.9526 2.73797e-19)
(1.01251 12.4759 -1.21432e-19)
(0.989329 13.0985 -4.52538e-19)
(0.967505 13.8957 5.13995e-19)
(1.13204 15.0008 1.69918e-19)
(1.14943 16.3022 2.48762e-19)
(-2.86808 17.403 1.14972e-18)
(1.87737 10.6011 2.14378e-19)
(1.89023 11.0085 -6.98387e-19)
(1.94147 11.4344 7.05658e-19)
(1.97924 11.9063 1.45836e-19)
(2.00841 12.4453 -2.96967e-19)
(2.03217 13.0843 3.42203e-19)
(2.07153 13.8992 1.22401e-18)
(2.31995 15.0042 -1.58548e-18)
(2.43243 16.2911 3.79407e-20)
(-1.50248 17.6304 -1.32206e-18)
(2.72645 10.5174 8.82503e-19)
(2.77431 10.9168 -1.24265e-18)
(2.85704 11.3344 -5.13931e-19)
(2.93301 11.8035 -4.74314e-20)
(3.00643 12.3453 -5.0615e-19)
(3.08134 12.9925 -2.32905e-19)
(3.18446 13.8184 3.89481e-19)
(3.51643 14.915 1.08489e-18)
(3.72107 16.1781 8.27202e-19)
(-0.117093 17.749 -2.3029e-18)
(3.64361 10.2427 8.29381e-19)
(3.69839 10.6822 -9.93974e-19)
(3.79555 11.1261 -1.02579e-18)
(3.89921 11.6113 5.93682e-19)
(4.01075 12.1633 3.1806e-18)
(4.13421 12.8188 -1.25004e-18)
(4.3006 13.6511 1.00439e-18)
(4.71436 14.732 -3.32925e-18)
(5.00747 15.9634 -3.70953e-18)
(1.27945 17.7596 4.45284e-18)
(4.47886 10.0576 5.92976e-19)
(4.567 10.4719 -4.4992e-19)
(4.69917 10.8947 1.28667e-18)
(4.84593 11.3667 -1.16494e-18)
(5.00422 11.9127 8.49277e-19)
(5.18031 12.5669 7.58967e-19)
(5.41169 13.398 7.62784e-19)
(5.90569 14.4552 5.43571e-19)
(6.28262 15.6472 2.2085e-18)
(2.67812 17.6614 1.99713e-18)
(5.39796 9.62324 -1.7629e-18)
(5.47762 10.0936 -5.47203e-19)
(5.61921 10.5478 2.25873e-18)
(5.79342 11.0329 -2.50802e-18)
(5.99002 11.5818 -1.21059e-18)
(6.21534 12.2341 -2.91561e-18)
(6.5108 13.0585 1.62634e-19)
(7.0827 14.0843 -3.06631e-18)
(7.53907 15.2297 -3.80753e-19)
(4.07033 17.4542 -6.02261e-18)
(6.19815 9.31422 2.50533e-18)
(6.31258 9.75766 -4.59491e-18)
(6.49307 10.1843 2.543e-18)
(6.71112 10.6483 1.35269e-18)
(6.95284 11.183 -2.95298e-19)
(7.22968 11.824 3.89473e-18)
(7.58953 12.6339 -2.56584e-18)
(8.23674 13.6201 -6.19314e-18)
(8.76649 14.712 -8.19798e-19)
(5.44625 17.1371 5.53548e-18)
(7.13236 8.69525 -4.54994e-20)
(7.20872 9.23515 2.12971e-18)
(7.37804 9.70829 -1.03643e-18)
(7.61425 10.1816 1.04737e-18)
(7.89133 10.7094 1.12699e-18)
(8.21678 11.3367 -1.81229e-18)
(8.6398 12.1253 1.30534e-18)
(9.35915 13.0637 -2.79467e-18)
(9.95764 14.0951 7.98443e-18)
(6.79691 16.7117 -2.70862e-18)
(7.93474 8.26392 -1.16136e-18)
(8.02705 8.78633 -6.83162e-19)
(8.2114 9.22408 2.90966e-18)
(8.47762 9.66607 -4.24303e-18)
(8.79458 10.1704 4.20405e-18)
(9.16861 10.7753 -2.14484e-18)
(9.65296 11.5348 -3.68621e-18)
(10.4402 12.4166 7.49867e-19)
(11.1 13.3813 -1.34373e-17)
(8.11183 16.177 1.00759e-17)
(8.92073 7.57027 2.95017e-18)
(8.8841 8.18957 -2.82828e-18)
(9.0091 8.66484 2.9632e-18)
(9.29659 9.09112 -2.22796e-19)
(9.65464 9.56876 -3.15208e-18)
(10.0757 10.1442 -1.6595e-18)
(10.6188 10.8652 1.93329e-18)
(11.4701 11.6811 5.07548e-18)
(12.1876 12.5716 6.28481e-18)
(9.38159 15.5375 -6.11194e-21)
(-5.93197 8.38606 -1.76467e-18)
(-6.29039 8.2505 1.43762e-18)
(-6.6005 8.33932 -6.53508e-19)
(-6.92396 8.57531 1.51337e-18)
(-7.29402 8.86718 1.31331e-18)
(-7.71558 9.19807 2.24272e-18)
(-8.21569 9.62347 3.27237e-18)
(-8.76012 10.3886 1.79265e-18)
(-9.59615 11.3403 2.79194e-18)
(-13.5411 9.86796 -1.77683e-18)
(-5.62373 8.81196 1.02534e-18)
(-5.91538 8.78547 1.23781e-18)
(-6.12173 8.95404 -1.99241e-18)
(-6.36159 9.22526 -1.05193e-18)
(-6.67326 9.53803 -1.95963e-18)
(-7.05233 9.89397 3.7886e-18)
(-7.51497 10.3563 -1.71786e-18)
(-8.00603 11.1677 -4.07827e-18)
(-8.77904 12.1837 -3.14648e-18)
(-12.8178 10.9693 4.50029e-18)
(-5.04791 9.17185 -3.1131e-19)
(-5.34372 9.2589 2.58825e-19)
(-5.53173 9.48939 -2.72994e-18)
(-5.73838 9.79364 1.85627e-18)
(-6.009 10.1348 1.65839e-18)
(-6.34601 10.5244 -1.17097e-18)
(-6.7656 11.0297 1.76024e-20)
(-7.19579 11.889 6.86536e-18)
(-7.8965 12.9656 9.37681e-19)
(-12.0052 12.0117 -3.6293e-18)
(-4.38044 9.51667 -2.49281e-18)
(-4.66015 9.67149 1.66466e-18)
(-4.83746 9.94375 -4.27892e-19)
(-5.03052 10.2804 1.25675e-18)
(-5.27741 10.6562 -3.56115e-18)
(-5.58189 11.0857 2.11878e-20)
(-5.96045 11.6382 7.22799e-19)
(-6.32692 12.5459 -2.24192e-19)
(-6.94938 13.6789 -4.24449e-19)
(-11.1071 12.9878 4.3214e-18)
(-3.70575 9.85771 2.05199e-18)
(-3.94613 10.0535 9.64966e-20)
(-4.09437 10.3502 -1.31644e-18)
(-4.26475 10.709 4.3789e-21)
(-4.48632 11.1141 2.63005e-19)
(-4.75986 11.581 -2.46574e-18)
(-5.09801 12.1799 6.74212e-19)
(-5.3989 13.1337 -6.42001e-19)
(-5.9392 14.3173 -9.03572e-20)
(-10.1268 13.8896 -5.50733e-18)
(-2.99333 10.1283 -6.21359e-20)
(-3.19507 10.3694 1.68631e-18)
(-3.31283 10.6938 -1.61288e-18)
(-3.45624 11.0755 1.69654e-19)
(-3.64791 11.5082 -3.33031e-19)
(-3.88729 12.01 2.0939e-18)
(-4.18229 12.6526 4.0847e-19)
(-4.4145 13.6483 2.93225e-19)
(-4.86874 14.875 1.67663e-18)
(-9.06895 14.7098 1.12596e-18)
(-2.25575 10.376 -1.08888e-18)
(-2.41704 10.6514 1.30086e-18)
(-2.50382 10.9932 6.75662e-20)
(-2.61747 11.3896 2.09078e-18)
(-2.77456 11.8429 -1.21016e-18)
(-2.97462 12.3739 8.94911e-19)
(-3.22124 13.0552 -8.82584e-19)
(-3.38015 14.0864 2.07233e-18)
(-3.74448 15.3471 2.07044e-18)
(-7.9398 15.4419 2.21371e-18)
(-1.46502 10.5304 -6.86722e-19)
(-1.59243 10.8455 8.72165e-19)
(-1.65449 11.2127 -4.29349e-19)
(-1.74194 11.6306 -3.40775e-19)
(-1.86548 12.1075 7.91765e-19)
(-2.02496 12.667 -1.42027e-18)
(-2.21998 13.384 -1.04579e-18)
(-2.30182 14.4443 3.67542e-18)
(-2.57259 15.7297 -7.06756e-19)
(-6.74725 16.0816 -2.61859e-18)
(-0.67195 10.6763 -6.83063e-19)
(-0.75705 11.008 1.56095e-19)
(-0.787762 11.3838 1.09699e-19)
(-0.843689 11.8122 7.56499e-21)
(-0.929753 12.3053 -5.26043e-19)
(-1.04521 12.8883 1.72337e-18)
(-1.18478 13.6361 -1.66266e-18)
(-1.18631 14.7186 -2.1123e-19)
(-1.36191 16.0187 5.01986e-20)
(-5.49879 16.6239 -1.98588e-18)
(0.168005 10.6999 2.10081e-19)
(0.115887 11.0645 3.78177e-20)
(0.111314 11.4637 -8.24547e-20)
(0.0841647 11.9121 -1.18537e-19)
(0.0341101 12.4254 -3.38379e-19)
(-0.0373069 13.0317 2.57828e-19)
(-0.119774 13.8072 1.72413e-19)
(-0.0392318 14.905 3.19169e-19)
(-0.117752 16.211 -3.98683e-19)
(-4.20362 17.0663 3.87139e-19)
(-5.98007 7.65187 -1.85799e-18)
(-6.94879 6.48696 8.37905e-19)
(-7.2662 5.77299 -3.85828e-19)
(-8.02971 4.87574 -1.06733e-18)
(-8.32049 4.15135 -6.66871e-19)
(-8.83174 3.30451 -3.91926e-20)
(-9.04893 2.52035 -3.76648e-19)
(-9.37828 1.66864 -1.35153e-19)
(-9.51838 0.850037 -1.47083e-19)
(-9.69674 0.00639314 6.81735e-20)
(-6.61425 7.56476 -1.3377e-18)
(-7.32573 6.62519 -9.62408e-19)
(-7.72031 5.86533 -1.38595e-18)
(-8.34886 4.99864 2.30608e-19)
(-8.68653 4.24706 5.70088e-19)
(-9.14166 3.40629 8.80893e-19)
(-9.39248 2.60813 -3.57432e-19)
(-9.69344 1.75444 1.18562e-18)
(-9.85042 0.92151 1.27913e-19)
(-10.0085 0.0655991 -1.07051e-19)
(-7.09053 7.62655 3.85422e-18)
(-7.6775 6.82717 -4.93571e-19)
(-8.14328 6.04995 2.24619e-18)
(-8.68633 5.20627 5.85228e-19)
(-9.07243 4.41462 -2.26344e-18)
(-9.49061 3.56482 -1.31247e-18)
(-9.77584 2.73768 -5.47756e-19)
(-10.0599 1.86918 2.53571e-19)
(-10.2364 1.01144 -5.7419e-19)
(-10.3844 0.134271 7.82963e-20)
(-7.49042 7.84682 9.37732e-19)
(-8.05521 7.07554 2.06349e-18)
(-8.56372 6.28324 1.55315e-19)
(-9.0716 5.44579 9.83545e-19)
(-9.48976 4.61706 1.44837e-18)
(-9.89019 3.74985 1.43099e-19)
(-10.2003 2.88766 1.00579e-18)
(-10.4769 1.99592 4.5969e-19)
(-10.6691 1.10619 7.08862e-19)
(-10.8135 0.20075 -9.91853e-20)
(-7.89736 8.12901 3.1695e-18)
(-8.47061 7.34943 -3.68215e-18)
(-9.0022 6.53809 -3.46813e-19)
(-9.50098 5.69269 4.92702e-19)
(-9.93705 4.83371 -6.62182e-19)
(-10.3319 3.94608 -1.17692e-18)
(-10.657 3.05055 -1.92444e-18)
(-10.9323 2.13264 1.57947e-18)
(-11.1354 1.20956 -1.76203e-19)
(-11.2802 0.273199 -5.21429e-20)
(-8.34435 8.44332 -5.44856e-18)
(-8.93257 7.64419 3.12645e-18)
(-9.47787 6.80923 1.18315e-18)
(-9.97777 5.94368 1.78212e-19)
(-10.4229 5.05561 1.19178e-18)
(-10.8169 4.14304 -1.71097e-18)
(-11.1491 3.21524 -1.57094e-18)
(-11.4241 2.26854 -7.86604e-20)
(-11.6324 1.31181 3.12459e-19)
(-11.7774 0.343029 2.16953e-19)
(-8.87015 8.83745 -1.3111e-18)
(-9.476 8.00712 -9.20071e-19)
(-10.0325 7.14016 -3.26961e-19)
(-10.5369 6.24312 1.28023e-18)
(-10.9863 5.32102 -3.75247e-18)
(-11.3796 4.37615 -1.32174e-18)
(-11.7127 3.41317 2.01426e-18)
(-11.9851 2.43283 4.94245e-19)
(-12.1925 1.43989 3.56419e-19)
(-12.3343 0.435329 -2.06206e-19)
(-9.45785 9.55815 -3.89033e-18)
(-10.0977 8.6842 -3.88774e-18)
(-10.6796 7.77378 6.3747e-18)
(-11.2033 6.83308 1.33252e-18)
(-11.6676 5.86654 5.40662e-18)
(-12.0716 4.87754 1.57963e-19)
(-12.4134 3.86929 -1.66921e-18)
(-12.6916 2.84391 2.19811e-18)
(-12.9036 1.80438 -4.28499e-20)
(-13.0477 0.7529 5.07533e-19)
(-10.3445 10.4434 4.44093e-19)
(-11.0245 9.50016 5.88638e-18)
(-11.6355 8.52097 -5.96055e-18)
(-12.18 7.51011 3.97519e-18)
(-12.657 6.47342 -6.00493e-18)
(-13.0668 5.41425 7.56969e-19)
(-13.4081 4.33644 -2.15799e-18)
(-13.6801 3.24265 8.07259e-19)
(-13.8809 2.13595 1.20116e-19)
(-14.0083 1.0195 -2.76787e-19)
(-14.1697 8.71574 1.57597e-18)
(-14.703 7.5263 -4.44139e-18)
(-15.1472 6.30724 2.07393e-18)
(-15.5005 5.06708 -1.79659e-18)
(-15.7654 3.81191 7.69621e-19)
(-15.9413 2.54824 3.81974e-18)
(-16.0294 1.28164 4.5972e-19)
(-16.03 0.0176641 1.07378e-18)
(-15.9432 -1.23855 -5.19595e-19)
(-15.7678 -2.4815 -1.2557e-19)
(-9.73308 -0.80857 5.30704e-20)
(-9.75747 -1.63263 -2.39243e-19)
(-9.67374 -2.43977 1.19061e-18)
(-9.56121 -3.2444 -7.75482e-19)
(-9.36905 -4.02325 6.75794e-20)
(-9.13652 -4.77215 -6.62726e-19)
(-8.81717 -5.48032 3.13552e-18)
(-8.43308 -6.1774 2.63442e-19)
(-8.03705 -6.83363 -9.32361e-19)
(-7.69564 -7.24624 1.89217e-18)
(-10.0517 -0.773207 2.31761e-19)
(-10.0637 -1.61941 -5.85898e-19)
(-9.98145 -2.45326 -5.00693e-19)
(-9.85479 -3.28322 -3.58854e-19)
(-9.64885 -4.09215 -9.68805e-19)
(-9.39091 -4.87621 -9.37172e-20)
(-9.05554 -5.62934 -1.79552e-19)
(-8.64813 -6.3633 9.41355e-19)
(-8.16198 -7.04532 2.04057e-18)
(-7.64868 -7.59531 -2.10941e-19)
(-10.4384 -0.73342 -1.6806e-19)
(-10.4455 -1.60648 1.29375e-18)
(-10.3691 -2.46917 2.36981e-19)
(-10.2376 -3.32534 -8.38821e-20)
(-10.0298 -4.16237 1.097e-18)
(-9.76267 -4.97802 5.10961e-19)
(-9.42303 -5.76718 9.93559e-19)
(-9.01177 -6.52631 -6.95883e-19)
(-8.51003 -7.23198 -1.77621e-18)
(-7.9309 -7.87494 -4.12519e-18)
(-10.8769 -0.701093 2.29448e-19)
(-10.8819 -1.60703 -6.17013e-19)
(-10.8095 -2.50484 7.73591e-19)
(-10.6736 -3.395 -1.84363e-18)
(-10.463 -4.26799 -9.87155e-19)
(-10.1869 -5.12139 -3.98987e-19)
(-9.83826 -5.94834 -2.1851e-18)
(-9.41698 -6.73959 -8.94703e-19)
(-8.90997 -7.48325 1.85449e-20)
(-8.31716 -8.18982 1.382e-18)
(-11.351 -0.664347 1.38165e-19)
(-11.3561 -1.60562 3.03503e-20)
(-11.2864 -2.54143 5.63027e-19)
(-11.1473 -3.47008 1.69803e-18)
(-10.9333 -4.38409 -3.06244e-19)
(-10.6482 -5.2798 -2.44246e-18)
(-10.2878 -6.14925 3.94535e-18)
(-9.85161 -6.98357 -1.16293e-18)
(-9.33367 -7.77781 -9.93057e-19)
(-8.73367 -8.54061 -4.18097e-19)
(-11.8515 -0.630425 -3.81332e-19)
(-11.856 -1.60774 3.74384e-19)
(-11.7865 -2.58203 1.01569e-18)
(-11.6441 -3.55024 -9.50496e-19)
(-11.4258 -4.50611 2.06146e-18)
(-11.1322 -5.44482 -2.37729e-19)
(-10.7604 -6.35872 2.07516e-19)
(-10.3096 -7.24106 1.10132e-18)
(-9.77814 -8.08911 7.16825e-19)
(-9.16747 -8.90579 3.39663e-19)
(-12.4061 -0.576056 7.14374e-20)
(-12.4063 -1.59139 -7.52033e-20)
(-12.3324 -2.60542 1.81349e-18)
(-12.1834 -3.61419 -2.1505e-18)
(-11.9576 -4.61216 -3.60837e-18)
(-11.6538 -5.59394 1.89092e-18)
(-11.2701 -6.55286 -9.2513e-19)
(-10.8057 -7.4837 9.64912e-19)
(-10.2607 -8.38376 2.60941e-18)
(-9.63698 -9.25199 -2.60334e-18)
(-13.1205 -0.30653 -9.92468e-20)
(-13.1193 -1.36959 -1.4646e-18)
(-13.0426 -2.43195 1.89435e-18)
(-12.889 -3.48923 9.75317e-19)
(-12.6568 -4.5362 -3.18555e-18)
(-12.3449 -5.56739 -2.42853e-18)
(-11.9521 -6.57706 -2.82457e-19)
(-11.4779 -7.5608 1.80466e-19)
(-10.9229 -8.51552 6.41872e-19)
(-10.289 -9.43819 -1.00521e-18)
(-14.0589 -0.101502 1.50461e-19)
(-14.0308 -1.22314 2.20995e-18)
(-13.9237 -2.3393 7.86976e-19)
(-13.7365 -3.44653 -2.73344e-18)
(-13.4685 -4.53899 2.56132e-18)
(-13.119 -5.61162 -3.33621e-18)
(-12.6882 -6.65923 4.1455e-18)
(-12.1768 -7.67813 -4.73973e-18)
(-11.5861 -8.665 -2.48374e-18)
(-10.9177 -9.61563 -6.87013e-18)
(-15.5015 -3.70438 -5.09464e-20)
(-15.1464 -4.89899 -7.90788e-19)
(-14.7056 -6.06244 6.0246e-19)
(-14.1797 -7.18716 6.43804e-19)
(-13.5708 -8.26808 -1.41018e-18)
(-12.8808 -9.29863 1.31606e-18)
(-12.1133 -10.2739 -1.70421e-18)
(-11.2725 -11.1896 1.30812e-18)
(-10.363 -12.0421 -3.25494e-18)
(-9.38823 -12.8264 3.5678e-18)
(-8.35231 -13.5355 5.21508e-18)
(-10.1745 -10.5233 -2.94877e-18)
(-9.57841 -10.3236 -2.47303e-18)
(-8.93722 -10.0847 3.13137e-18)
(-8.48057 -9.69038 -1.2534e-19)
(-8.05611 -9.27876 2.60019e-18)
(-7.64762 -8.88223 1.52564e-19)
(-7.28411 -8.50621 -1.7577e-18)
(-7.05899 -8.10788 2.76852e-18)
(-7.1088 -7.57693 -4.84529e-19)
(-7.26559 -14.1656 -5.62372e-18)
(-9.35867 -11.3829 1.13731e-17)
(-8.79426 -11.1642 -6.53858e-19)
(-8.16552 -10.8746 -2.69306e-18)
(-7.72491 -10.4351 1.81236e-18)
(-7.31594 -9.98093 -3.57677e-18)
(-6.92316 -9.54698 3.60653e-18)
(-6.56849 -9.14489 -2.43686e-18)
(-6.2911 -8.76533 6.04864e-19)
(-6.1869 -8.32777 1.36684e-18)
(-6.13284 -14.7219 3.3788e-18)
(-8.47736 -12.1912 -6.93793e-18)
(-7.94133 -11.956 2.38142e-18)
(-7.32762 -11.6166 -1.02479e-18)
(-6.90756 -11.134 1.59489e-18)
(-6.52034 -10.6398 -1.02882e-18)
(-6.14962 -10.1687 -8.89686e-19)
(-5.81521 -9.72845 9.1057e-19)
(-5.55104 -9.30525 -1.84374e-18)
(-5.44416 -8.84318 2.05728e-18)
(-4.96022 -15.1991 -7.1969e-18)
(-7.53158 -12.9439 7.46771e-19)
(-7.02329 -12.6922 2.25593e-18)
(-6.42864 -12.3029 2.392e-18)
(-6.03413 -11.779 -3.62331e-18)
(-5.67301 -11.2486 2.51688e-19)
(-5.32525 -10.7496 -1.24827e-18)
(-5.00653 -10.2959 -2.26315e-18)
(-4.73693 -9.88956 4.13474e-18)
(-4.58651 -9.49422 9.14397e-19)
(-3.75218 -15.5972 5.18741e-18)
(-6.52577 -13.6359 9.09075e-19)
(-6.04452 -13.3671 2.90733e-18)
(-5.47375 -12.9274 -1.38209e-19)
(-5.11037 -12.363 2.78641e-18)
(-4.78225 -11.7968 1.18488e-18)
(-4.46833 -11.266 2.35653e-18)
(-4.18566 -10.7825 -2.13153e-18)
(-3.95044 -10.3455 -1.13171e-19)
(-3.81016 -9.92889 -1.32857e-18)
(-2.51407 -15.9122 3.54306e-18)
(-5.46249 -14.261 -3.0487e-18)
(-5.0091 -13.9735 -4.83458e-19)
(-4.46783 -13.4829 -7.58812e-19)
(-4.14065 -12.8802 -7.38609e-19)
(-3.84932 -12.2821 -8.08252e-19)
(-3.57014 -11.7272 1.16192e-18)
(-3.31812 -11.2298 -1.26595e-18)
(-3.10043 -10.7937 1.10364e-18)
(-2.94946 -10.4001 6.9506e-20)
(-1.251 -16.1424 -6.24939e-18)
(-4.34621 -14.813 -2.14104e-18)
(-3.92213 -14.5048 3.46112e-18)
(-3.41684 -13.9633 -1.04553e-18)
(-3.13189 -13.3239 1.27803e-18)
(-2.88371 -12.6957 -3.26423e-18)
(-2.64719 -12.1152 2.27333e-18)
(-2.43635 -11.5949 -7.08977e-19)
(-2.25215 -11.1353 1.01839e-18)
(-2.1148 -10.7189 -1.03355e-18)
(0.0314664 -16.2844 2.87954e-18)
(-3.18112 -15.285 -8.78227e-19)
(-2.78892 -14.9542 -1.13918e-18)
(-2.32666 -14.3626 -4.18892e-19)
(-2.08926 -13.6898 2.57895e-19)
(-1.88749 -13.0364 5.30912e-19)
(-1.69377 -12.4381 -9.57421e-19)
(-1.51909 -11.9079 5.55857e-19)
(-1.35789 -11.4469 1.33243e-18)
(-1.22664 -11.0409 -1.03504e-18)
(1.32752 -16.3349 2.19594e-18)
(-1.97279 -15.6701 -3.6502e-20)
(-1.61593 -15.3153 1.74712e-18)
(-1.20452 -14.6751 -1.34682e-18)
(-1.02083 -13.9722 3.58976e-19)
(-0.870866 -13.2969 -3.67717e-19)
(-0.725681 -12.6821 -1.57419e-19)
(-0.593808 -12.1392 -7.8383e-19)
(-0.465388 -11.6667 7.83403e-19)
(-0.358663 -11.2499 5.54102e-19)
(2.63038 -16.2886 -4.21585e-19)
(-0.727893 -15.9608 -2.74343e-19)
(-0.410281 -15.5818 -1.88977e-19)
(-0.0574246 -14.8961 -5.83131e-19)
(0.0674098 -14.1678 5.18022e-19)
(0.162503 -13.4763 1.35298e-19)
(0.258103 -12.8519 -3.14089e-19)
(0.348684 -12.3055 2.44368e-20)
(0.446903 -11.8357 -1.2751e-19)
(0.526892 -11.432 3.4733e-21)
(0.981961 -10.3024 -1.08231e-20)
(0.303676 -7.58442 -2.00626e-21)
(0.13309 -5.41994 5.73727e-21)
(0.393307 -4.07585 -2.18294e-21)
(0.443816 -2.92088 -6.45851e-23)
(0.476504 -2.06241 -3.64599e-22)
(0.502583 -1.44291 6.6154e-23)
(0.51433 -0.986565 -5.24039e-23)
(0.521203 -0.648484 3.12529e-23)
(0.522862 -0.393217 1.69051e-23)
(0.523399 -0.195342 -5.27692e-23)
(0.522786 -0.0500111 1.41997e-23)
(0.535988 0.0341491 -1.30984e-23)
(0.553349 0.040595 -8.24516e-24)
(0.580007 0.00888497 1.00581e-24)
(0.573911 -0.0570908 8.82368e-24)
(0.542727 -0.0722229 -3.44393e-24)
(0.480232 -0.114346 -2.02384e-24)
(0.331887 0.0235747 -1.96575e-23)
(0.339726 0.201915 -4.35295e-23)
(1.72112 -10.4114 7.50588e-20)
(0.815664 -7.72967 1.59407e-20)
(0.389205 -5.50436 -1.13458e-20)
(0.514129 -4.11355 2.26682e-21)
(0.527213 -2.95894 -3.03433e-21)
(0.522505 -2.08093 -3.86206e-22)
(0.523024 -1.45197 -1.3051e-22)
(0.519674 -0.991633 -1.0809e-22)
(0.516973 -0.65133 5.21666e-23)
(0.512543 -0.394866 1.37605e-23)
(0.509594 -0.196488 9.7201e-24)
(0.507728 -0.0515162 1.21219e-22)
(0.520531 0.0318701 -1.04217e-22)
(0.537596 0.0382745 5.70992e-25)
(0.561572 0.0078601 -3.41182e-24)
(0.553787 -0.055063 -1.17355e-23)
(0.519569 -0.0681842 2.80018e-23)
(0.459403 -0.106239 8.5169e-24)
(0.310834 0.0287824 4.32997e-23)
(0.332013 0.201359 9.84609e-23)
(2.4172 -10.3793 -1.41245e-19)
(1.32308 -7.81003 6.32902e-20)
(0.663795 -5.59058 5.39086e-20)
(0.645288 -4.1611 -1.40817e-20)
(0.614349 -3.00139 6.90357e-22)
(0.573038 -2.10529 -2.40327e-21)
(0.546002 -1.46463 -1.57055e-22)
(0.526586 -0.999195 -2.73698e-22)
(0.514058 -0.655965 -7.20856e-23)
(0.503431 -0.397813 -7.39127e-23)
(0.496904 -0.198601 -2.39348e-23)
(0.493708 -0.0536375 1.24623e-23)
(0.505937 0.0294162 9.51613e-23)
(0.522495 0.0361808 -2.60168e-23)
(0.543909 0.00722679 3.23894e-23)
(0.534715 -0.0527405 -2.67471e-23)
(0.498113 -0.0640905 1.6744e-24)
(0.440543 -0.098316 -7.95874e-24)
(0.292729 0.0333945 -1.33967e-22)
(0.326326 0.200308 1.43849e-22)
(3.15096 -10.3715 -4.14164e-20)
(1.85695 -7.88701 1.03311e-19)
(0.965101 -5.66538 -4.06223e-20)
(0.789908 -4.20141 -7.23183e-21)
(0.705854 -3.0394 4.41142e-21)
(0.628023 -2.13194 -2.10345e-22)
(0.5719 -1.48017 6.71274e-22)
(0.535269 -1.00911 -8.1503e-23)
(0.512575 -0.662378 2.81034e-22)
(0.495602 -0.402053 1.84463e-22)
(0.485366 -0.201666 -4.01854e-22)
(0.480723 -0.0563477 6.17689e-23)
(0.492199 0.0268155 6.24983e-24)
(0.508075 0.0343106 5.15493e-23)
(0.527071 0.00694402 -1.22306e-23)
(0.516739 -0.050191 2.04436e-23)
(0.478347 -0.0600037 1.46433e-23)
(0.423579 -0.0906399 -1.96314e-23)
(0.2774 0.0374081 1.87704e-22)
(0.32244 0.198799 -3.06729e-22)
(3.8538 -10.269 1.50818e-20)
(2.39806 -7.88195 1.35858e-20)
(1.28832 -5.68424 5.55549e-21)
(0.945865 -4.21314 1.57685e-20)
(0.799358 -3.06514 5.66376e-21)
(0.685863 -2.15796 3.69852e-21)
(0.600555 -1.49783 -1.24742e-21)
(0.545813 -1.02111 2.54743e-22)
(0.512599 -0.670479 1.55071e-22)
(0.489109 -0.407551 2.31127e-22)
(0.475002 -0.205652 -6.24459e-23)
(0.468767 -0.0596166 -2.9638e-22)
(0.47931 0.0240894 4.31379e-23)
(0.494364 0.0326527 1.05254e-22)
(0.511102 0.00696791 -2.6432e-23)
(0.499888 -0.047478 1.83557e-23)
(0.460234 -0.0559786 -7.25926e-23)
(0.408414 -0.0832648 1.35377e-24)
(0.264654 0.0408292 5.85627e-23)
(0.320139 0.196873 -2.31817e-23)
(4.57336 -10.1179 -3.58299e-19)
(2.96108 -7.79615 -4.79387e-20)
(1.62879 -5.65089 2.23226e-20)
(1.10745 -4.2113 -4.18325e-20)
(0.891053 -3.09193 -1.46013e-20)
(0.744517 -2.18889 -1.10164e-20)
(0.631603 -1.51898 1.65754e-21)
(0.55824 -1.03526 2.9448e-22)
(0.514159 -0.680181 -5.11536e-22)
(0.483977 -0.414236 -2.07432e-22)
(0.465819 -0.210499 -9.83678e-23)
(0.457829 -0.0633966 3.39968e-22)
(0.46727 0.0212631 -8.32262e-23)
(0.481392 0.0311954 -2.5075e-23)
(0.496041 0.0072559 1.14843e-23)
(0.484176 -0.0446588 -3.23871e-23)
(0.443722 -0.0520619 1.78256e-24)
(0.394937 -0.0762354 -4.64237e-24)
(0.254285 0.0436722 -1.38346e-22)
(0.319218 0.194575 1.02936e-22)
(5.27603 -9.85176 3.64337e-19)
(3.52346 -7.69926 1.10417e-19)
(1.97755 -5.67241 -1.21097e-22)
(1.2738 -4.27318 5.23615e-20)
(0.982457 -3.16316 -1.51203e-20)
(0.805176 -2.24263 1.74503e-21)
(0.665837 -1.54925 4.39518e-21)
(0.572849 -1.05305 -6.94052e-22)
(0.51731 -0.691851 -1.41606e-21)
(0.480213 -0.422186 8.42182e-23)
(0.457804 -0.2162 -2.53675e-22)
(0.447888 -0.0676614 4.2169e-22)
(0.456074 0.0183521 -1.56393e-22)
(0.469184 0.0299228 2.98648e-22)
(0.481912 0.00776915 -3.22677e-23)
(0.4696 -0.0417825 4.43824e-23)
(0.428743 -0.0482907 2.64486e-23)
(0.383025 -0.0695855 -2.40621e-23)
(0.246078 0.0459559 4.93284e-23)
(0.319484 0.191947 -8.76369e-23)
(5.98381 -9.7205 4.47581e-19)
(4.10562 -7.86647 3.93648e-20)
(2.36571 -5.91348 -8.62284e-20)
(1.46624 -4.47584 -1.01764e-20)
(1.08687 -3.31117 -2.19562e-20)
(0.874858 -2.333 5.50588e-21)
(0.706324 -1.59499 -4.97068e-21)
(0.590665 -1.07731 8.15415e-22)
(0.522297 -0.706718 1.42195e-22)
(0.477866 -0.431988 7.56925e-22)
(0.450954 -0.223065 -1.42352e-22)
(0.438921 -0.072594 -5.53001e-23)
(0.445718 0.0152492 -2.03403e-22)
(0.457761 0.0287576 -2.9223e-23)
(0.468732 0.00845271 -6.26009e-23)
(0.456146 -0.0388924 7.72063e-25)
(0.41522 -0.044687 -2.54482e-23)
(0.372548 -0.0633297 2.74151e-23)
(0.239816 0.0476948 -6.15928e-23)
(0.320759 0.189029 1.04812e-22)
(6.65275 -9.89454 -5.56396e-20)
(4.75098 -8.2648 3.48349e-19)
(2.84212 -6.2818 -1.39283e-19)
(1.71563 -4.73207 -6.0513e-20)
(1.22061 -3.47402 4.74181e-21)
(0.960854 -2.43328 2.96016e-21)
(0.756455 -1.64984 -3.27e-21)
(0.613167 -1.10726 5.11145e-22)
(0.52962 -0.725054 2.1684e-22)
(0.47708 -0.44409 -3.0624e-22)
(0.445299 -0.231519 -9.89321e-22)
(0.430924 -0.0785576 4.09057e-22)
(0.436209 0.0116834 -1.45554e-22)
(0.447147 0.0275172 1.62088e-23)
(0.456509 0.00919959 7.73643e-23)
(0.443793 -0.0360403 -1.38583e-23)
(0.403067 -0.0412631 4.61366e-23)
(0.363374 -0.0574595 2.23815e-24)
(0.235279 0.04891 -2.66317e-23)
(0.322881 0.185854 5.29835e-23)
(7.21736 -9.57688 2.50346e-20)
(5.39851 -8.05118 3.99334e-19)
(3.34878 -6.23772 -8.11242e-20)
(2.00546 -4.72585 -6.45935e-20)
(1.37653 -3.48328 1.84063e-20)
(1.05731 -2.46586 1.96118e-20)
(0.814245 -1.68285 -6.76037e-21)
(0.640437 -1.12998 5.33789e-21)
(0.539472 -0.74105 -2.48104e-21)
(0.477932 -0.455581 1.75588e-21)
(0.440866 -0.239865 -4.28264e-22)
(0.423897 -0.0845259 -5.65206e-22)
(0.427563 0.00814059 -4.60274e-22)
(0.437371 0.0263813 2.18086e-22)
(0.445253 0.0099849 1.28297e-24)
(0.432512 -0.0332751 8.60372e-24)
(0.392201 -0.0380719 -2.00604e-23)
(0.355377 -0.0520159 1.14934e-23)
(0.232255 0.0497212 2.24692e-23)
(0.325701 0.182489 -2.42076e-23)
(7.74663 -7.53636 0)
(5.76976 -6.36675 0)
(3.7541 -5.29301 0)
(2.32712 -4.22982 0)
(1.56914 -3.25525 0)
(1.18037 -2.39802 0)
(0.894347 -1.67764 0)
(0.681432 -1.13558 0)
(0.555299 -0.748656 0)
(0.480762 -0.462194 0)
(0.436114 -0.244515 0)
(0.415312 -0.08749 0)
(0.416628 0.00663757 0)
(0.424789 0.0266773 0)
(0.430656 0.0116886 0)
(0.417912 -0.0293974 0)
(0.378391 -0.0339592 0)
(0.34548 -0.0450525 0)
(0.229821 0.0507289 0)
(0.330439 0.177705 0)
(7.51524 -6.39521 0)
(5.7711 -6.09829 0)
(3.66109 -5.02218 0)
(2.16758 -3.74851 0)
(1.50428 -2.79558 0)
(1.18065 -2.09577 0)
(0.913871 -1.51282 0)
(0.696124 -1.04391 0)
(0.559443 -0.698058 0)
(0.477721 -0.435805 0)
(0.427439 -0.231556 0)
(0.403165 -0.0826081 0)
(0.402066 0.00658247 0)
(0.408575 0.0259681 0)
(0.412383 0.0119877 0)
(0.400009 -0.0250407 0)
(0.362214 -0.0286213 0)
(0.334626 -0.0355524 0)
(0.229857 0.0526496 0)
(0.338076 0.17059 0)
(7.18879 -4.60916 0)
(5.48203 -4.15932 0)
(3.77597 -3.72196 0)
(2.53011 -3.18763 0)
(1.7291 -2.55934 0)
(1.27472 -1.96257 0)
(0.962826 -1.43055 0)
(0.720385 -0.989524 0)
(0.563595 -0.659167 0)
(0.471925 -0.411139 0)
(0.416379 -0.218102 0)
(0.38915 -0.077355 0)
(0.386139 0.00622983 0)
(0.391572 0.0249695 0)
(0.393903 0.0121895 0)
(0.382302 -0.0202307 0)
(0.347041 -0.0229429 0)
(0.325268 -0.0259512 0)
(0.233065 0.0539379 0)
(0.347492 0.161478 0)
(6.07218 -3.42212 0)
(4.86613 -3.8873 0)
(3.52392 -3.77851 0)
(2.31454 -2.9849 0)
(1.58147 -2.20453 0)
(1.21236 -1.66103 0)
(0.953908 -1.25043 0)
(0.728237 -0.896604 0)
(0.563443 -0.606872 0)
(0.463059 -0.381104 0)
(0.403004 -0.202903 0)
(0.373419 -0.0717909 0)
(0.369005 0.00583825 0)
(0.373932 0.024179 0)
(0.375449 0.0127628 0)
(0.365124 -0.0150221 0)
(0.333289 -0.0172231 0)
(0.317725 -0.0169697 0)
(0.239372 0.0539509 0)
(0.358293 0.149977 0)
(5.2011 -2.57175 0)
(4.47953 -2.74289 0)
(3.48363 -2.37748 0)
(2.54492 -2.09384 0)
(1.80817 -1.81406 0)
(1.30521 -1.46056 0)
(0.976037 -1.11337 0)
(0.735604 -0.806053 0)
(0.560464 -0.547672 0)
(0.450705 -0.34384 0)
(0.386799 -0.183492 0)
(0.355872 -0.0646924 0)
(0.350745 0.00573283 0)
(0.355781 0.0233892 0)
(0.357312 0.0134017 0)
(0.348922 -0.00982988 0)
(0.321406 -0.0117525 0)
(0.312264 -0.00907136 0)
(0.248383 0.0524638 0)
(0.36987 0.135761 0)
(4.43496 -1.79071 0)
(3.84999 -1.96432 0)
(3.02842 -2.17598 0)
(2.16124 -2.12164 0)
(1.48611 -1.6711 0)
(1.10045 -1.20922 0)
(0.887528 -0.90542 0)
(0.70827 -0.676767 0)
(0.546089 -0.470944 0)
(0.432335 -0.297633 0)
(0.366623 -0.159407 0)
(0.336183 -0.0559931 0)
(0.331477 0.00568796 0)
(0.337413 0.0221432 0)
(0.339977 0.0137304 0)
(0.334289 -0.00508112 0)
(0.311834 -0.00681324 0)
(0.309065 -0.0026898 0)
(0.259435 0.0491635 0)
(0.381502 0.118522 0)
(3.61723 -1.21483 0)
(3.20921 -1.44397 0)
(2.67221 -1.50741 0)
(2.14058 -1.28398 0)
(1.67249 -1.04132 0)
(1.27995 -0.871285 0)
(0.969642 -0.715317 0)
(0.719893 -0.547643 0)
(0.529485 -0.383911 0)
(0.407533 -0.244188 0)
(0.342302 -0.131802 0)
(0.314692 -0.0464989 0)
(0.311837 0.0050931 0)
(0.319538 0.0198672 0)
(0.324142 0.0133027 0)
(0.321845 -0.00124977 0)
(0.304882 -0.00278091 0)
(0.308126 0.00174369 0)
(0.271646 0.0435353 0)
(0.392472 0.0980598 0)
(2.87824 -0.778732 0)
(2.60213 -0.913234 0)
(2.23351 -0.951568 0)
(1.79536 -0.942816 0)
(1.33983 -0.873486 0)
(0.965624 -0.708026 0)
(0.719686 -0.522544 0)
(0.565542 -0.381355 0)
(0.453253 -0.275338 0)
(0.36972 -0.183236 0)
(0.317893 -0.102004 0)
(0.295071 -0.0370574 0)
(0.294168 0.00332622 0)
(0.303651 0.0159386 0)
(0.31072 0.0115384 0)
(0.312089 0.00115504 0)
(0.300552 -9.66096e-05 0)
(0.309105 0.00391198 0)
(0.283871 0.0350059 0)
(0.402093 0.074324 0)
(2.3279 -0.421443 0)
(2.13414 -0.494272 0)
(1.88682 -0.541464 0)
(1.60385 -0.538976 0)
(1.32083 -0.471253 0)
(1.06197 -0.379356 0)
(0.840663 -0.30421 0)
(0.659815 -0.246469 0)
(0.511011 -0.188958 0)
(0.395903 -0.127694 0)
(0.322415 -0.0711228 0)
(0.288565 -0.0265769 0)
(0.283287 0.00100804 0)
(0.292118 0.0103121 0)
(0.300815 0.00805631 0)
(0.305321 0.00180618 0)
(0.298422 0.000931816 0)
(0.311155 0.00374074 0)
(0.294518 0.0231676 0)
(0.409633 0.0472685 0)
(2.021 -0.136412 0)
(1.86964 -0.161355 0)
(1.68772 -0.176859 0)
(1.47186 -0.175343 0)
(1.22812 -0.159763 0)
(0.980946 -0.136976 0)
(0.766842 -0.111051 0)
(0.603222 -0.0852465 0)
(0.478686 -0.0615282 0)
(0.381845 -0.040663 0)
(0.315504 -0.0228921 0)
(0.282542 -0.00870717 0)
(0.276597 0.000447291 0)
(0.285333 0.00370219 0)
(0.295106 0.00297547 0)
(0.301632 0.000853889 0)
(0.297705 0.000507567 0)
(0.31293 0.0015411 0)
(0.301381 0.00817509 0)
(0.414169 0.0164344 0)
(11.5056 -0.452215 3.4934e-20)
(11.224 -1.30285 -4.02435e-20)
(11.1773 -2.03206 -3.10568e-19)
(10.7284 -2.92946 -5.76372e-20)
(10.6481 -3.60648 2.33669e-19)
(9.96953 -4.567 2.48596e-19)
(9.82041 -5.14268 7.50569e-19)
(8.79974 -6.23218 -4.57962e-19)
(8.65656 -6.59746 7.55381e-20)
(7.43707 -7.97813 -6.4853e-20)
(10.2394 -0.508138 -3.23835e-21)
(9.96329 -1.22713 -6.84128e-20)
(9.84378 -1.86182 2.18094e-19)
(9.47527 -2.57975 1.40263e-19)
(9.33153 -3.17049 1.7687e-19)
(8.83607 -3.90216 2.68802e-19)
(8.64751 -4.41573 2.04205e-19)
(8.07244 -5.16253 -5.69257e-20)
(8.02059 -5.48959 -2.96128e-19)
(7.65737 -6.2705 4.57428e-19)
(8.68045 -0.767812 1.24582e-20)
(8.47106 -1.28849 -1.28824e-20)
(8.33546 -1.7281 5.26477e-20)
(8.1154 -2.21216 -1.27656e-20)
(8.01391 -2.57907 -4.67341e-20)
(7.80584 -3.0466 -2.32358e-19)
(7.77283 -3.31243 8.93206e-20)
(7.62246 -3.79156 -7.08459e-20)
(7.65553 -3.93193 3.82393e-19)
(7.53165 -4.53692 2.46265e-19)
(7.06557 -0.779675 2.12709e-20)
(6.95476 -1.09621 1.07866e-20)
(6.8793 -1.36084 -1.89931e-20)
(6.80574 -1.64134 -6.65966e-20)
(6.77591 -1.85519 3.9875e-21)
(6.73629 -2.13739 2.30102e-20)
(6.70574 -2.31414 -7.32295e-20)
(6.63848 -2.65748 1.58166e-20)
(6.52598 -2.80091 -1.56168e-19)
(6.50082 -3.27223 -2.32829e-19)
(5.8552 -0.541258 -9.57491e-21)
(5.80026 -0.738829 1.26946e-21)
(5.75586 -0.92059 6.55459e-21)
(5.70879 -1.10962 3.61497e-20)
(5.656 -1.28533 -4.51668e-21)
(5.58478 -1.49237 -4.42549e-20)
(5.49391 -1.67017 -2.91861e-21)
(5.41439 -1.90876 5.94202e-20)
(5.3472 -2.05686 1.19345e-20)
(5.39252 -2.32855 5.01323e-20)
(4.9042 -0.39199 -1.02299e-21)
(4.85483 -0.534897 -3.73794e-21)
(4.80331 -0.674937 -3.75188e-21)
(4.74674 -0.817526 1.44134e-20)
(4.68724 -0.954941 8.72476e-21)
(4.63526 -1.09689 2.69324e-20)
(4.59425 -1.21941 5.48904e-20)
(4.58174 -1.35598 -7.48549e-20)
(4.56615 -1.45006 6.25522e-20)
(4.59483 -1.61115 -2.2175e-20)
(3.98739 -0.302606 4.29639e-21)
(3.95242 -0.39736 -9.79927e-22)
(3.91985 -0.489265 -7.29467e-21)
(3.89047 -0.578554 -1.23631e-20)
(3.86467 -0.663086 -4.7649e-20)
(3.84422 -0.74624 9.96172e-21)
(3.82211 -0.823588 -2.13878e-20)
(3.80405 -0.909747 1.38356e-20)
(3.77078 -0.982247 -3.62609e-21)
(3.77264 -1.09209 -2.10642e-20)
(3.189 -0.194418 -8.1599e-22)
(3.1687 -0.250079 -6.50379e-21)
(3.14797 -0.304594 2.43628e-21)
(3.12618 -0.358441 -3.30463e-21)
(3.10273 -0.411971 -9.34004e-22)
(3.07792 -0.466095 -6.70017e-21)
(3.05122 -0.520174 -1.31606e-21)
(3.02691 -0.576238 -8.58128e-21)
(2.99997 -0.627774 9.62971e-21)
(2.9918 -0.690497 -7.28986e-21)
(2.60649 -0.109552 1.29432e-21)
(2.59147 -0.139563 -2.46777e-21)
(2.57438 -0.169377 5.23284e-21)
(2.55539 -0.199027 -1.31401e-20)
(2.53477 -0.228449 9.86609e-21)
(2.51291 -0.257561 9.11478e-22)
(2.48992 -0.286185 -2.26245e-21)
(2.46642 -0.314588 3.46902e-21)
(2.44089 -0.341922 -2.21439e-21)
(2.41938 -0.372354 5.40819e-22)
(2.29692 -0.0396645 -1.72208e-21)
(2.28443 -0.0487277 1.72143e-21)
(2.26937 -0.0577415 1.97316e-21)
(2.25183 -0.0667115 -1.59231e-21)
(2.2319 -0.0756444 -9.91304e-21)
(2.20972 -0.0845557 2.04103e-21)
(2.18537 -0.0934609 1.09231e-21)
(2.15905 -0.102391 5.31897e-21)
(2.13076 -0.111225 -1.40709e-20)
(2.10163 -0.120548 -4.15493e-21)
(9.98105 6.2289 3.16245e-19)
(10.4806 5.89548 -1.9758e-19)
(10.4119 5.37077 4.21723e-19)
(10.6649 4.72014 -7.04685e-19)
(11.0125 4.04977 -3.89761e-19)
(11.1988 3.33822 -1.52935e-19)
(11.3841 2.62419 1.32513e-19)
(11.4393 1.84675 3.83681e-19)
(11.5671 1.10158 4.07761e-20)
(11.4804 0.287706 -6.4359e-20)
(9.91703 6.25794 -8.51517e-19)
(10.1348 5.68003 4.76951e-19)
(9.83304 5.02457 9.48469e-20)
(9.88929 4.34119 -2.49012e-19)
(10.164 3.64923 -4.57822e-19)
(10.3134 2.94496 1.14292e-19)
(10.4028 2.26442 -1.60127e-19)
(10.3897 1.55824 -2.69814e-19)
(10.4226 0.87855 5.11141e-20)
(10.3029 0.159574 1.79207e-20)
(9.38008 5.17742 -4.76808e-19)
(9.25434 4.48976 -7.40025e-19)
(8.73638 3.78875 1.76209e-20)
(8.66106 3.16355 3.05049e-19)
(8.86627 2.56177 3.88294e-19)
(9.00859 1.96136 -2.48558e-19)
(9.03936 1.39266 1.02795e-19)
(8.98349 0.828649 -5.94369e-20)
(8.92756 0.291152 -2.69863e-20)
(8.80041 -0.261312 2.36027e-21)
(8.15192 3.5258 4.6373e-19)
(7.87261 2.89564 3.36695e-19)
(7.27427 2.34744 -2.95941e-20)
(7.10786 1.90026 -2.12951e-19)
(7.2539 1.47618 -3.64893e-20)
(7.39779 1.05231 1.29947e-20)
(7.42278 0.649778 9.64706e-20)
(7.35848 0.265424 8.63039e-21)
(7.27109 -0.0971029 -1.08689e-20)
(7.16517 -0.454325 -1.37723e-20)
(6.8119 2.15812 -1.42674e-19)
(6.56291 1.72414 4.72229e-20)
(6.06454 1.3884 -1.02136e-19)
(5.86769 1.13084 -3.12272e-20)
(5.94544 0.881244 8.05395e-21)
(6.07094 0.619138 5.20712e-20)
(6.11118 0.36032 -4.5628e-20)
(6.06773 0.114794 2.34888e-20)
(5.99313 -0.115555 -1.58341e-20)
(5.91787 -0.33583 1.03443e-20)
(5.62996 1.312 2.94375e-20)
(5.48123 1.04513 -8.30705e-20)
(5.15025 0.84801 6.3641e-20)
(4.97684 0.702075 1.72098e-20)
(4.98808 0.559275 1.06651e-20)
(5.06107 0.398889 -1.63331e-20)
(5.09467 0.229005 1.12491e-20)
(5.06979 0.0622725 -3.83053e-20)
(5.01483 -0.0958854 1.74802e-20)
(4.95646 -0.246852 -3.12201e-21)
(4.46329 0.792913 4.47273e-20)
(4.39879 0.627033 2.61825e-20)
(4.22388 0.501946 -1.98155e-20)
(4.10976 0.409364 1.67517e-20)
(4.08829 0.321579 -5.55275e-21)
(4.10954 0.222327 2.97467e-20)
(4.12036 0.113091 3.66094e-21)
(4.10283 0.00243121 -1.66616e-21)
(4.06651 -0.103955 -4.74303e-21)
(4.02566 -0.20525 3.61171e-21)
(3.38293 0.456232 -2.75818e-21)
(3.37663 0.360955 4.76972e-21)
(3.31847 0.284947 1.61498e-20)
(3.27176 0.225821 -1.92949e-20)
(3.25511 0.171249 2.90523e-20)
(3.25583 0.112703 -5.97026e-21)
(3.25575 0.0494638 -7.722e-21)
(3.24653 -0.0149503 1.54593e-20)
(3.2296 -0.0774535 -4.03694e-21)
(3.20947 -0.137121 3.75248e-22)
(2.62033 0.218978 7.37112e-21)
(2.64421 0.175629 -8.70029e-21)
(2.64445 0.138365 -7.06319e-21)
(2.63918 0.106726 -2.42692e-21)
(2.63754 0.0771288 4.27312e-21)
(2.63896 0.046855 5.47223e-21)
(2.63951 0.0153365 -1.53044e-20)
(2.63651 -0.0166544 9.08254e-21)
(2.62953 -0.0482701 -3.83581e-21)
(2.61929 -0.0791966 -1.6766e-23)
(2.24552 0.054839 -4.10457e-21)
(2.28337 0.0436133 -8.49208e-21)
(2.30052 0.0334731 -2.14517e-20)
(2.30714 0.0242479 -1.50947e-21)
(2.31152 0.0153543 1.61616e-20)
(2.3155 0.00637684 -6.2848e-21)
(2.31785 -0.00279256 1.11933e-21)
(2.31735 -0.0120702 1.8687e-21)
(2.31359 -0.02134 1.4499e-21)
(2.3067 -0.0305401 -1.72543e-21)
(1.00634 0.239289 0)
(1.07739 0.734506 0)
(1.22588 1.27772 0)
(1.48027 1.89328 0)
(1.79206 2.5332 0)
(2.09621 3.11164 0)
(2.57212 3.66318 0)
(3.3017 4.79569 0)
(5.22829 5.91978 0)
(7.1901 7.18548 0)
(1.00754 0.221971 0)
(1.08576 0.683265 0)
(1.23475 1.18441 0)
(1.49799 1.76671 0)
(1.85409 2.39489 0)
(2.20721 3.00163 0)
(2.76999 3.47839 0)
(3.3729 4.47646 0)
(5.36544 5.33455 0)
(7.10004 6.67097 0)
(1.00798 0.200298 0)
(1.09004 0.620499 0)
(1.24369 1.06554 0)
(1.49549 1.58854 0)
(1.91116 2.16561 0)
(2.28843 2.79156 0)
(2.96292 3.12379 0)
(3.42811 3.98207 0)
(5.42383 4.38574 0)
(6.47886 5.28943 0)
(1.00922 0.174074 0)
(1.08865 0.549636 0)
(1.24747 0.928425 0)
(1.47624 1.38757 0)
(1.90136 1.82921 0)
(2.3159 2.51376 0)
(3.14633 2.63911 0)
(3.22132 3.33196 0)
(5.53547 3.44899 0)
(5.63495 3.7098 0)
(1.01232 0.142718 0)
(1.0826 0.476487 0)
(1.24574 0.761582 0)
(1.43051 1.20068 0)
(1.89593 1.40739 0)
(2.08062 2.12139 0)
(3.37319 2.16348 0)
(2.84564 2.6044 0)
(5.19996 2.57431 0)
(5.11002 2.50372 0)
(1.01951 0.108972 0)
(1.06027 0.40534 0)
(1.27072 0.57044 0)
(1.29827 1.0063 0)
(1.9545 1.02226 0)
(1.70147 1.61595 0)
(3.21127 1.63085 0)
(2.69653 1.95646 0)
(4.33616 1.76232 0)
(4.58017 1.68195 0)
(1.02336 0.0800606 0)
(1.03678 0.328406 0)
(1.26783 0.398213 0)
(1.19899 0.77661 0)
(1.82097 0.714208 0)
(1.57763 1.14807 0)
(2.56978 1.06212 0)
(2.5579 1.36633 0)
(3.36568 1.11922 0)
(3.87317 1.09975 0)
(1.01449 0.0569584 0)
(1.03613 0.237058 0)
(1.18995 0.266567 0)
(1.20493 0.530968 0)
(1.53102 0.466902 0)
(1.59211 0.755963 0)
(1.96764 0.633575 0)
(2.28319 0.846844 0)
(2.57706 0.650084 0)
(3.11059 0.662374 0)
(1.00406 0.0344983 0)
(1.03764 0.137916 0)
(1.1146 0.158957 0)
(1.20434 0.297404 0)
(1.33942 0.268834 0)
(1.51927 0.411786 0)
(1.66136 0.342637 0)
(1.96179 0.434398 0)
(2.09557 0.31613 0)
(2.48044 0.319724 0)
(1.00093 0.0114913 0)
(1.0319 0.0440757 0)
(1.08478 0.0539195 0)
(1.17435 0.0933088 0)
(1.27042 0.089223 0)
(1.41735 0.126013 0)
(1.53861 0.108409 0)
(1.73156 0.127059 0)
(1.86903 0.0878693 0)
(2.11328 0.0816617 0)
(1.00237 0.296651 -5.05856e-22)
(1.04475 0.890562 7.90183e-22)
(1.11098 1.5076 -1.02217e-21)
(1.1698 2.12545 1.11009e-21)
(1.19162 2.6851 9.9327e-23)
(1.15528 3.21943 2.33361e-22)
(1.20293 4.08636 -3.03855e-23)
(1.51145 5.39828 2.42315e-21)
(1.69383 7.22437 -8.14348e-21)
(1.34134 9.59707 5.59706e-21)
(1.0019 0.29109 1.08347e-21)
(1.04761 0.876014 -2.86702e-21)
(1.1273 1.48982 5.32393e-22)
(1.20903 2.11258 -4.71834e-21)
(1.26158 2.68464 1.2672e-21)
(1.26411 3.21053 -1.18547e-21)
(1.33661 4.05382 4.98984e-21)
(1.72864 5.32821 -3.73189e-21)
(2.14326 7.04739 1.67518e-20)
(2.09277 9.33522 -8.28104e-20)
(1.00154 0.285482 -1.42545e-21)
(1.05026 0.861074 8.17914e-21)
(1.14212 1.47068 -3.71641e-21)
(1.24628 2.09668 -7.72261e-22)
(1.32809 2.68101 -1.89837e-21)
(1.37041 3.20004 -1.06779e-21)
(1.4686 4.02098 -5.24973e-21)
(1.9219 5.27202 -2.11941e-20)
(2.55953 6.91457 8.76529e-20)
(2.70037 9.27625 -4.02823e-20)
(1.00133 0.279885 4.77917e-21)
(1.05286 0.845986 -8.51372e-21)
(1.15563 1.45056 4.87152e-21)
(1.28176 2.07831 7.06886e-21)
(1.39144 2.67439 -1.61123e-21)
(1.47389 3.18823 1.10933e-21)
(1.60189 3.98425 5.93625e-21)
(2.11082 5.22021 2.061e-20)
(2.96716 6.7283 1.04097e-20)
(3.47921 8.89779 -5.03755e-20)
(1.0013 0.274342 -1.21951e-21)
(1.05555 0.830964 8.57427e-22)
(1.16805 1.42981 -1.59546e-21)
(1.31561 2.05807 -2.3308e-21)
(1.45204 2.66483 -2.339e-21)
(1.57359 3.1763 2.90401e-21)
(1.73635 3.9432 -1.73706e-21)
(2.27885 5.18375 4.83536e-21)
(3.33894 6.61423 2.2379e-20)
(4.0122 8.85014 -7.62614e-20)
(1.00146 0.268881 -2.01803e-23)
(1.05841 0.816185 3.48152e-21)
(1.17962 1.40874 2.51875e-22)
(1.34798 2.03661 -3.73257e-22)
(1.51059 2.65244 -5.4611e-22)
(1.66953 3.16542 -2.33802e-21)
(1.8765 3.89428 9.30789e-21)
(2.46506 5.14181 -2.07052e-21)
(3.73015 6.40286 -2.85275e-20)
(4.84564 8.29039 3.65891e-19)
(1.00185 0.263525 -5.59749e-21)
(1.0615 0.801766 -1.85317e-21)
(1.1906 1.38755 -3.0205e-21)
(1.37895 2.01452 -1.22547e-21)
(1.56757 2.63692 -1.87765e-22)
(1.75946 3.15707 -1.25724e-21)
(2.01386 3.84084 2.95366e-21)
(2.6128 5.11364 6.30316e-21)
(4.05008 6.32175 1.62587e-19)
(5.26094 8.22265 -5.21037e-19)
(1.00247 0.258326 4.07888e-21)
(1.06484 0.787841 3.59595e-21)
(1.20124 1.36641 2.67404e-21)
(1.40859 1.99265 2.19719e-21)
(1.62462 2.61954 -2.41847e-21)
(1.84819 3.15102 4.89749e-21)
(2.16675 3.78604 5.25478e-21)
(2.82785 5.05709 -9.12835e-20)
(4.44222 6.13353 -1.88113e-20)
(6.22114 7.38243 -2.33683e-19)
(1.00333 0.253403 -1.37884e-21)
(1.06841 0.774866 2.82305e-21)
(1.2118 1.34585 2.09654e-21)
(1.43673 1.97022 -7.95362e-22)
(1.67879 2.59838 -2.62348e-21)
(1.92483 3.14537 4.38285e-21)
(2.29039 3.73957 -4.05004e-20)
(2.9447 4.99909 5.71469e-20)
(4.66564 6.1528 3.8886e-20)
(6.42761 7.41258 -1.38043e-19)
(1.00446 0.248543 1.88838e-21)
(1.07217 0.762638 -6.81178e-22)
(1.22188 1.32821 -9.93256e-22)
(1.46684 1.95556 -3.43095e-21)
(1.74273 2.58715 3.57552e-21)
(2.02411 3.14443 -3.97225e-21)
(2.47361 3.73051 -2.46787e-20)
(3.25931 4.92969 1.25789e-19)
(5.11958 6.01366 5.03632e-20)
(7.64523 6.46883 -3.22464e-19)
(1.00225 0.328314 -8.35687e-22)
(0.966617 0.956189 -3.73621e-22)
(0.857444 1.52381 -3.3398e-21)
(0.649041 2.01375 1.52786e-20)
(0.322883 2.49342 -1.39945e-21)
(-0.0182429 3.16133 -1.33522e-20)
(-0.537947 4.26561 5.37399e-21)
(-1.79971 5.78654 -9.49651e-20)
(-3.65356 7.44133 -9.21443e-20)
(-5.27051 8.66039 4.07425e-19)
(1.00389 0.329028 -1.55802e-21)
(0.979841 0.961571 -3.5341e-21)
(0.88941 1.54382 -6.00568e-21)
(0.712977 2.05463 1.22159e-20)
(0.422504 2.55336 -1.37923e-20)
(0.119852 3.23932 1.66451e-20)
(-0.280053 4.35352 8.03773e-21)
(-1.33625 5.91335 -2.51387e-20)
(-3.05567 7.70982 -2.85006e-20)
(-4.75336 9.0101 7.6115e-20)
(1.00492 0.328228 7.23476e-21)
(0.992198 0.961908 1.64175e-20)
(0.920747 1.55501 -1.01263e-20)
(0.775688 2.08074 3.08329e-21)
(0.522161 2.57701 2.14139e-21)
(0.249338 3.23114 1.93423e-20)
(-0.0524987 4.27534 -5.70083e-21)
(-0.898459 5.72964 4.88942e-20)
(-2.45722 7.45447 2.07576e-20)
(-4.14523 8.88887 1.27014e-19)
(1.00537 0.326496 -9.82224e-21)
(1.00311 0.959335 -1.58763e-20)
(0.950345 1.56053 -5.44225e-21)
(0.834191 2.09881 1.87615e-21)
(0.615164 2.58831 1.25014e-20)
(0.362733 3.20217 -1.74397e-20)
(0.128963 4.18603 5.91989e-23)
(-0.53464 5.57739 1.44136e-20)
(-1.90744 7.32621 -1.56606e-19)
(-3.48522 9.01247 5.18719e-19)
(1.00539 0.323958 3.68533e-21)
(1.01252 0.954655 -3.12089e-21)
(0.978063 1.56235 1.60031e-20)
(0.888691 2.11367 -1.02035e-21)
(0.702936 2.60336 8.60856e-21)
(0.46921 3.19379 -2.339e-20)
(0.288427 4.15977 9.54848e-21)
(-0.204037 5.56747 -1.4223e-20)
(-1.36354 7.41168 2.58472e-20)
(-2.81701 9.28589 -3.2308e-19)
(1.00513 0.320668 -3.43111e-21)
(1.02054 0.947985 -6.69955e-22)
(1.00414 1.56093 -3.5634e-21)
(0.940504 2.12629 -1.22342e-20)
(0.788989 2.62423 9.50275e-21)
(0.578973 3.20653 2.99547e-21)
(0.44768 4.17699 -5.10312e-21)
(0.121931 5.61845 1.59437e-20)
(-0.817917 7.52204 -2.18003e-20)
(-2.12086 9.46182 8.86568e-20)
(1.00469 0.31672 3.41488e-21)
(1.02731 0.939419 -6.68556e-21)
(1.02875 1.55625 1.47583e-21)
(0.990468 2.13555 3.99569e-21)
(0.874675 2.64577 1.4173e-20)
(0.694575 3.22323 -4.00687e-22)
(0.609821 4.19173 -1.36119e-21)
(0.438321 5.6397 -2.30733e-20)
(-0.285119 7.56212 -2.95572e-20)
(-1.44164 9.60174 1.05482e-21)
(1.00413 0.312231 -2.34423e-21)
(1.03295 0.929147 7.52488e-21)
(1.05184 1.5483 1.17567e-21)
(1.03863 2.14022 -7.6147e-21)
(0.958988 2.66327 -1.32053e-21)
(0.812762 3.23203 -3.11824e-21)
(0.768861 4.18247 2.46468e-21)
(0.737276 5.61003 5.75869e-21)
(0.231635 7.52966 -7.93618e-20)
(-0.72158 9.63072 7.85818e-20)
(1.00353 0.307317 8.09657e-22)
(1.03762 0.917405 -3.50311e-21)
(1.0733 1.5373 1.36139e-21)
(1.08467 2.13986 -1.22698e-21)
(1.04036 2.67521 -8.37173e-21)
(0.929771 3.23195 2.42404e-21)
(0.920757 4.15455 -2.27905e-21)
(1.01536 5.54796 9.4231e-21)
(0.733328 7.46559 -1.96157e-20)
(-0.0448561 9.70473 9.06848e-20)
(1.00292 0.302089 -8.06757e-22)
(1.04149 0.904451 3.73379e-22)
(1.09301 1.52358 -1.73174e-22)
(1.12839 2.13474 9.70178e-22)
(1.11794 2.68216 7.50625e-22)
(1.04397 3.2268 -2.78723e-22)
(1.065 4.12012 5.50159e-23)
(1.27501 5.47315 -3.72117e-21)
(1.2237 7.35132 8.48448e-21)
(0.691246 9.6132 -1.6637e-20)
(0.99731 0.0167248 0)
(0.963578 0.0463456 0)
(0.902462 0.0685212 0)
(0.818723 0.0809776 0)
(0.723891 0.0827091 0)
(0.632444 0.0737786 0)
(0.5587 0.0547037 0)
(0.514196 0.0253444 0)
(0.511271 -0.013054 0)
(0.542327 -0.0560176 0)
(0.99643 0.0516406 0)
(0.95213 0.143252 0)
(0.87284 0.212473 0)
(0.765247 0.252468 0)
(0.642989 0.260551 0)
(0.522292 0.235888 0)
(0.41797 0.179834 0)
(0.342901 0.0979394 0)
(0.304612 -0.00451246 0)
(0.272492 -0.121289 0)
(0.995088 0.0905827 0)
(0.935116 0.251299 0)
(0.828532 0.373877 0)
(0.68518 0.445954 0)
(0.524024 0.46177 0)
(0.367825 0.431795 0)
(0.226261 0.37446 0)
(0.0808168 0.283229 0)
(-0.136223 0.16539 0)
(-0.44709 0.06129 0)
(0.993801 0.133595 0)
(0.918209 0.370951 0)
(0.781067 0.555456 0)
(0.588536 0.672873 0)
(0.348914 0.715487 0)
(0.0659414 0.66797 0)
(-0.25263 0.555664 0)
(-0.612354 0.560864 0)
(-1.1037 0.719208 0)
(-1.67101 0.669383 0)
(0.993103 0.177685 0)
(0.90756 0.494445 0)
(0.75015 0.744947 0)
(0.533354 0.910098 0)
(0.290824 0.979623 0)
(0.0577294 0.995281 0)
(-0.25304 1.15866 0)
(-0.992075 1.47813 0)
(-2.08254 1.50301 0)
(-2.94119 1.34746 0)
(0.993184 0.219113 0)
(0.903984 0.612097 0)
(0.731787 0.929175 0)
(0.47747 1.15251 0)
(0.159177 1.27881 0)
(-0.221403 1.35672 0)
(-0.785229 1.49861 0)
(-1.75929 1.79236 0)
(-3.05203 2.24762 0)
(-4.04448 2.31815 0)
(0.994019 0.255049 0)
(0.907971 0.717442 0)
(0.733854 1.09754 0)
(0.467593 1.37613 0)
(0.15237 1.54391 0)
(-0.154398 1.69597 0)
(-0.706587 2.21147 0)
(-2.00455 3.17517 0)
(-3.64168 3.67596 0)
(-4.88438 3.2679 0)
(0.995546 0.284143 0)
(0.917799 0.806171 0)
(0.750681 1.24783 0)
(0.473546 1.5942 0)
(0.113976 1.85575 0)
(-0.282613 2.16298 0)
(-0.985007 2.75516 0)
(-2.34541 3.49938 0)
(-4.12038 3.99632 0)
(-5.67346 4.29223 0)
(0.997541 0.306773 0)
(0.932206 0.877236 0)
(0.782001 1.36486 0)
(0.522843 1.75973 0)
(0.175259 2.08149 0)
(-0.158211 2.45804 0)
(-0.735126 3.25799 0)
(-2.23053 4.58734 0)
(-4.2613 5.7184 0)
(-5.74665 5.98923 0)
(0.999706 0.323931 0)
(0.948422 0.939776 0)
(0.813964 1.48402 0)
(0.564691 1.93862 0)
(0.201014 2.3636 0)
(-0.183805 2.93747 0)
(-0.831817 3.87216 0)
(-2.2232 5.04528 0)
(-4.0849 6.07577 0)
(-5.78142 6.87138 0)
(0.592145 -0.0767696 -1.31058e-20)
(0.615813 -0.0843219 -4.1792e-20)
(0.642444 -0.0910553 -7.3685e-20)
(0.671154 -0.097101 3.50392e-21)
(0.701633 -0.102551 3.60625e-20)
(0.733669 -0.107468 -2.75104e-20)
(0.766985 -0.111929 -4.11572e-21)
(0.801286 -0.116028 5.32278e-21)
(0.836291 -0.119866 4.49386e-21)
(0.871749 -0.123543 -4.51319e-21)
(0.29526 -0.192498 2.2879e-21)
(0.311333 -0.216778 -5.6948e-21)
(0.328243 -0.23725 6.60914e-22)
(0.343995 -0.25452 -6.402e-21)
(0.359168 -0.269066 2.68977e-20)
(0.373955 -0.281312 1.71327e-20)
(0.388095 -0.291668 -3.29968e-20)
(0.401272 -0.300519 1.33508e-20)
(0.41324 -0.308219 -6.22833e-21)
(0.423811 -0.315093 2.98584e-21)
(-0.561002 0.0257129 -1.52808e-20)
(-0.560123 0.0023822 2.30089e-20)
(-0.560998 -0.0236056 -9.04316e-21)
(-0.567569 -0.0499595 -6.52883e-21)
(-0.57684 -0.0758557 -1.06745e-20)
(-0.587943 -0.101051 7.03862e-21)
(-0.600635 -0.125585 -7.30403e-21)
(-0.614687 -0.149824 7.71419e-21)
(-0.629887 -0.174346 -1.36836e-20)
(-0.646071 -0.199833 -1.82765e-21)
(-1.88509 0.58055 -2.45727e-20)
(-1.86768 0.496284 -3.70101e-21)
(-1.87821 0.424812 5.81508e-20)
(-1.88674 0.354095 2.98048e-21)
(-1.89662 0.285219 2.3922e-20)
(-1.90786 0.215969 -4.53933e-20)
(-1.9215 0.145123 -1.87956e-20)
(-1.93823 0.071542 -5.831e-21)
(-1.95763 -0.00505751 -1.86276e-21)
(-1.97927 -0.0847734 6.52428e-21)
(-3.20381 1.23892 6.46941e-22)
(-3.17217 1.07246 6.24153e-20)
(-3.19173 0.96827 -7.91545e-20)
(-3.20075 0.836771 -1.88545e-20)
(-3.22496 0.711948 3.51472e-20)
(-3.25675 0.577752 2.82932e-20)
(-3.29487 0.442522 1.88418e-20)
(-3.33589 0.303696 -1.48113e-21)
(-3.37629 0.163214 -1.36576e-21)
(-3.41667 0.0192799 -1.70144e-21)
(-4.29643 2.06105 4.43423e-20)
(-4.28865 1.79775 -1.79079e-20)
(-4.33903 1.63812 5.40443e-20)
(-4.40545 1.41359 2.27138e-20)
(-4.4711 1.22306 -1.71827e-20)
(-4.53637 1.01323 6.70429e-21)
(-4.58734 0.815616 1.30578e-20)
(-4.63814 0.609141 4.34087e-21)
(-4.68295 0.401658 2.91364e-21)
(-4.73281 0.181738 -2.74327e-21)
(-5.24781 3.0353 1.98569e-20)
(-5.35616 2.61008 -8.46508e-21)
(-5.45008 2.41999 -1.2047e-20)
(-5.58019 2.08869 -1.85961e-20)
(-5.64429 1.85059 9.63483e-21)
(-5.73824 1.5478 2.05983e-20)
(-5.79757 1.27467 -6.75559e-21)
(-5.88728 0.963249 2.96267e-21)
(-5.96343 0.651257 -4.15053e-22)
(-6.06096 0.305087 7.20062e-22)
(-5.87001 4.18886 -1.61662e-20)
(-6.13894 3.61723 -8.53856e-20)
(-6.16516 3.40316 -1.27397e-21)
(-6.41996 2.93494 1.22766e-21)
(-6.51353 2.60012 8.21396e-20)
(-6.74592 2.13654 -2.13182e-20)
(-6.86786 1.72339 2.0848e-20)
(-7.06675 1.24032 -1.35362e-20)
(-7.19888 0.769975 1.2296e-22)
(-7.37304 0.249418 -6.44151e-21)
(-5.77645 5.62692 -2.33197e-19)
(-6.27834 4.93663 9.14409e-20)
(-6.38728 4.53832 5.127e-20)
(-6.95082 3.88262 -1.03955e-19)
(-7.16404 3.3454 -8.62264e-20)
(-7.59645 2.69102 4.21591e-21)
(-7.76992 2.09604 -5.53594e-20)
(-8.07724 1.43562 -1.17339e-19)
(-8.22521 0.802942 3.28192e-20)
(-8.45085 0.127402 2.91981e-23)
(-5.43014 7.0192 5.31309e-19)
(-6.62359 5.82704 1.22565e-19)
(-6.76604 5.38507 -3.09917e-19)
(-7.65281 4.47167 6.60068e-19)
(-7.83809 3.86248 1.58392e-19)
(-8.40762 3.03996 1.51407e-19)
(-8.55102 2.35365 -2.67562e-20)
(-8.92124 1.55871 1.31984e-19)
(-9.03428 0.831885 -7.64253e-20)
(-9.26572 0.0545349 4.65179e-20)
(0.907436 -0.127154 -4.41294e-21)
(0.943151 -0.130776 3.72934e-21)
(0.978726 -0.134458 4.71082e-21)
(1.01401 -0.138219 2.62833e-21)
(1.04889 -0.142039 -8.19347e-21)
(1.08325 -0.14588 3.44056e-20)
(1.11697 -0.149713 -3.63424e-21)
(1.15002 -0.153566 2.884e-20)
(1.18301 -0.157511 -2.13397e-20)
(1.21894 -0.162018 -1.01275e-20)
(0.432863 -0.321432 8.51258e-23)
(0.440371 -0.327503 -8.76839e-21)
(0.446438 -0.333574 2.0696e-20)
(0.45126 -0.339895 -3.56186e-20)
(0.455011 -0.346608 -3.31818e-20)
(0.457654 -0.353691 1.65913e-20)
(0.459043 -0.361257 -5.04971e-21)
(0.460187 -0.370306 -7.85091e-21)
(0.46456 -0.383686 -2.04965e-20)
(0.466533 -0.407676 1.49675e-20)
(-0.66311 -0.227049 9.15615e-22)
(-0.680902 -0.257048 -7.87832e-21)
(-0.699095 -0.291219 2.70868e-20)
(-0.716838 -0.330555 -1.47259e-20)
(-0.733226 -0.37422 -1.9974e-20)
(-0.749021 -0.419369 5.13894e-20)
(-0.767705 -0.464622 -3.27371e-20)
(-0.792933 -0.515412 1.7917e-20)
(-0.82478 -0.583393 8.88031e-21)
(-0.858581 -0.673603 -9.57309e-21)
(-2.00326 -0.167867 5.59842e-21)
(-2.03054 -0.255515 -6.62109e-21)
(-2.06006 -0.349532 -9.35146e-21)
(-2.08578 -0.450409 2.5694e-21)
(-2.09931 -0.553968 6.42323e-21)
(-2.1038 -0.651806 -1.52388e-20)
(-2.1268 -0.74118 5.77971e-20)
(-2.20323 -0.838341 -5.03151e-20)
(-2.32005 -0.972948 2.27332e-20)
(-2.36982 -1.15027 1.86688e-20)
(-3.45883 -0.129102 -2.13924e-21)
(-3.50666 -0.28423 1.26884e-20)
(-3.55744 -0.448318 -3.41743e-20)
(-3.59506 -0.62284 5.19803e-21)
(-3.59522 -0.803276 -3.19755e-20)
(-3.56227 -0.977316 5.0204e-21)
(-3.56794 -1.13729 -4.69057e-20)
(-3.71271 -1.30573 2.33211e-20)
(-3.97231 -1.5328 -1.22447e-20)
(-4.05468 -1.83014 -3.55474e-20)
(-4.78428 -0.0493754 2.59959e-21)
(-4.84361 -0.294916 -8.19708e-21)
(-4.90528 -0.553407 6.25651e-21)
(-4.94996 -0.828136 -4.56124e-21)
(-4.93363 -1.11779 -1.76951e-21)
(-4.84348 -1.41102 -7.75759e-21)
(-4.78198 -1.69209 2.38348e-20)
(-4.94774 -1.98314 -1.65213e-20)
(-5.36062 -2.35448 2.78684e-20)
(-5.50492 -2.81777 1.0542e-21)
(-6.14367 -0.0576197 1.43022e-22)
(-6.22618 -0.44506 1.68762e-21)
(-6.29434 -0.843542 -6.23703e-21)
(-6.34759 -1.26007 -1.40821e-20)
(-6.33221 -1.69519 -2.82329e-20)
(-6.2086 -2.14709 -1.42594e-21)
(-6.06603 -2.59399 -2.37934e-20)
(-6.1886 -3.05095 3.61532e-20)
(-6.68047 -3.5929 -1.53716e-19)
(-6.83385 -4.20747 -2.56093e-19)
(-7.48294 -0.276778 2.06175e-21)
(-7.58277 -0.832146 1.24111e-20)
(-7.63104 -1.38666 2.32173e-20)
(-7.67256 -1.95511 -5.80645e-20)
(-7.65249 -2.53104 -6.10939e-20)
(-7.52366 -3.12857 -2.11758e-19)
(-7.31334 -3.7271 2.10148e-20)
(-7.3359 -4.32276 7.77277e-21)
(-7.77576 -4.9617 4.43678e-19)
(-7.83271 -5.61122 2.52402e-19)
(-8.54415 -0.534022 -7.42372e-21)
(-8.6403 -1.22014 -2.72665e-20)
(-8.63938 -1.89323 1.59935e-19)
(-8.64458 -2.57372 8.3594e-20)
(-8.59107 -3.24072 1.18404e-19)
(-8.46715 -3.91732 2.52341e-19)
(-8.21257 -4.59599 1.64509e-19)
(-8.09471 -5.25674 -1.30486e-19)
(-8.377 -5.86972 -3.02635e-19)
(-8.26691 -6.42923 5.98316e-19)
(-9.31167 -0.679791 -3.09791e-20)
(-9.38595 -1.4409 8.39262e-20)
(-9.33232 -2.17819 -1.91745e-19)
(-9.28669 -2.92 -1.31413e-20)
(-9.17208 -3.62901 -1.70398e-19)
(-9.0333 -4.31877 -2.21484e-19)
(-8.76748 -4.98851 -9.90958e-19)
(-8.49341 -5.64508 4.91313e-19)
(-8.52311 -6.2005 -1.07497e-19)
(-8.35351 -6.55933 -1.07216e-18)
(1.26002 -0.205195 0)
(1.57095 -0.0739208 0)
(1.65565 -0.185977 0)
(1.92913 -0.195679 0)
(2.26845 -0.167759 0)
(2.55888 -0.141422 0)
(2.80237 -0.117163 0)
(2.96902 -0.0933685 0)
(3.12201 -0.0689879 0)
(3.19166 -0.0468259 0)
(3.27945 -0.0270235 0)
(3.25236 -0.0141533 0)
(3.30753 0.00354935 0)
(3.16411 0.00579536 0)
(3.25111 0.0205283 0)
(2.95743 0.0183524 0)
(3.1519 0.0108948 0)
(2.82731 0.014378 0)
(3.04134 -0.0186328 0)
(2.98612 0.00290681 0)
(0.352791 -0.523839 0)
(1.08216 0.00207098 0)
(0.771068 -0.809998 0)
(1.25321 -0.713155 0)
(1.65646 -0.594746 0)
(1.94485 -0.493186 0)
(2.17565 -0.396868 0)
(2.34916 -0.305682 0)
(2.50289 -0.218498 0)
(2.58739 -0.14455 0)
(2.68049 -0.0816414 0)
(2.67536 -0.035804 0)
(2.73952 0.0116476 0)
(2.63092 0.0274699 0)
(2.71885 0.0663261 0)
(2.47793 0.0460524 0)
(2.66087 0.0447851 0)
(2.36742 0.0260871 0)
(2.68346 -0.0647118 0)
(2.65401 0.0109797 0)
(-0.923155 -0.901761 0)
(0.552888 -0.128318 0)
(-0.0298118 -1.65703 0)
(0.640785 -0.989616 0)
(1.00915 -0.861457 0)
(1.27372 -0.711596 0)
(1.50366 -0.554045 0)
(1.69379 -0.407757 0)
(1.8532 -0.278666 0)
(1.95534 -0.175265 0)
(2.04865 -0.0902519 0)
(2.06578 -0.0280657 0)
(2.12928 0.029278 0)
(2.05534 0.0503081 0)
(2.12582 0.0920965 0)
(1.93155 0.0593838 0)
(2.11575 0.0552777 0)
(1.94766 -0.020816 0)
(2.34695 -0.114442 0)
(2.27347 0.0226894 0)
(-2.08479 -1.52458 0)
(-0.567989 -0.466895 0)
(-0.459685 -1.99603 0)
(-0.112749 -0.977316 0)
(0.424471 -1.17958 0)
(0.752828 -0.958857 0)
(1.02276 -0.733874 0)
(1.24133 -0.535519 0)
(1.41059 -0.368256 0)
(1.52244 -0.234942 0)
(1.60874 -0.126313 0)
(1.63486 -0.0456019 0)
(1.68037 0.0235594 0)
(1.61657 0.057615 0)
(1.65945 0.10223 0)
(1.53396 0.055729 0)
(1.74414 0.0282745 0)
(1.69006 -0.0885346 0)
(2.054 -0.141912 0)
(1.90223 0.0437675 0)
(-3.17272 -2.35524 0)
(-2.47111 -1.47199 0)
(-0.796859 -2.50687 0)
(-0.825971 -1.47549 0)
(0.0444434 -1.62665 0)
(0.422948 -1.24199 0)
(0.723122 -0.933447 0)
(0.958482 -0.674075 0)
(1.13046 -0.462263 0)
(1.24362 -0.294837 0)
(1.32199 -0.161173 0)
(1.34815 -0.059992 0)
(1.37244 0.0237584 0)
(1.3134 0.068841 0)
(1.34839 0.10343 0)
(1.29591 0.0364203 0)
(1.51016 -0.0129373 0)
(1.49877 -0.143494 0)
(1.76675 -0.14549 0)
(1.56096 0.0706528 0)
(-3.85318 -3.39567 0)
(-3.71842 -2.64668 0)
(-1.31839 -3.06067 0)
(-1.12414 -2.15533 0)
(-0.254726 -1.95253 0)
(0.20637 -1.4831 0)
(0.53141 -1.10035 0)
(0.773967 -0.784751 0)
(0.943143 -0.534276 0)
(1.05369 -0.338726 0)
(1.1257 -0.184606 0)
(1.14965 -0.065766 0)
(1.16035 0.0289409 0)
(1.11189 0.076846 0)
(1.15335 0.0944454 0)
(1.15143 0.0116356 0)
(1.3399 -0.0482234 0)
(1.32706 -0.177288 0)
(1.4984 -0.134162 0)
(1.27131 0.0976279 0)
(-4.46228 -4.72658 0)
(-4.11293 -3.89981 0)
(-1.86691 -3.77209 0)
(-1.22095 -2.81613 0)
(-0.417032 -2.30419 0)
(0.0908587 -1.72174 0)
(0.419458 -1.2531 0)
(0.655981 -0.881531 0)
(0.815845 -0.595074 0)
(0.920063 -0.374653 0)
(0.985829 -0.202685 0)
(1.00744 -0.0689723 0)
(1.01252 0.0330378 0)
(0.978208 0.0792051 0)
(1.02801 0.0810703 0)
(1.05084 -0.00996851 0)
(1.20072 -0.0716829 0)
(1.174 -0.193821 0)
(1.26567 -0.1166 0)
(1.04047 0.121464 0)
(-5.15708 -6.15349 0)
(-4.15328 -5.14247 0)
(-2.08255 -4.46639 0)
(-1.24175 -3.38333 0)
(-0.461826 -2.60953 0)
(0.0431422 -1.91693 0)
(0.357964 -1.37743 0)
(0.580711 -0.960387 0)
(0.727931 -0.644415 0)
(0.823842 -0.403802 0)
(0.883427 -0.217253 0)
(0.903214 -0.0717744 0)
(0.907631 0.0349023 0)
(0.886895 0.0777845 0)
(0.94144 0.0679378 0)
(0.97199 -0.0258364 0)
(1.08425 -0.0849691 0)
(1.044 -0.198885 0)
(1.07368 -0.0978182 0)
(0.863793 0.141112 0)
(-5.59961 -7.21724 0)
(-4.07028 -6.16188 0)
(-2.09831 -5.04989 0)
(-1.15232 -3.78697 0)
(-0.439713 -2.8564 0)
(0.0403421 -2.07379 0)
(0.329912 -1.47823 0)
(0.534393 -1.02555 0)
(0.66729 -0.685747 0)
(0.753842 -0.428792 0)
(0.807296 -0.230346 0)
(0.825622 -0.0755915 0)
(0.831589 0.03442 0)
(0.821803 0.0743189 0)
(0.877235 0.0569511 0)
(0.907003 -0.036399 0)
(0.987826 -0.0911893 0)
(0.937281 -0.197094 0)
(0.919877 -0.0802598 0)
(0.731763 0.156509 0)
(-5.78661 -7.4709 0)
(-3.90057 -6.67868 0)
(-1.99739 -5.40216 0)
(-1.0437 -4.00547 0)
(-0.389526 -3.00759 0)
(0.0566437 -2.17725 0)
(0.319832 -1.54639 0)
(0.506048 -1.07224 0)
(0.625195 -0.716337 0)
(0.702488 -0.447845 0)
(0.750123 -0.240538 0)
(0.767217 -0.0790435 0)
(0.775356 0.0331884 0)
(0.773555 0.0705594 0)
(0.827311 0.0486655 0)
(0.852814 -0.0432003 0)
(0.908911 -0.0933473 0)
(0.851246 -0.191947 0)
(0.79871 -0.0649489 0)
(0.634333 0.168195 0)
(-5.92656 -6.99318 -6.90011e-20)
(-3.81764 -6.69354 -1.25159e-19)
(-1.94199 -5.55307 2.65507e-20)
(-0.970282 -4.07193 1.15677e-20)
(-0.362899 -3.06816 2.82292e-21)
(0.0705187 -2.22324 4.39217e-21)
(0.317094 -1.57165 -6.57266e-22)
(0.490797 -1.08868 -1.40512e-21)
(0.600732 -0.724962 -3.46862e-23)
(0.671314 -0.45107 5.90948e-22)
(0.714659 -0.239426 -3.3542e-22)
(0.730804 -0.0752934 4.78218e-23)
(0.740554 0.0360214 4.74781e-23)
(0.743232 0.0690909 5.65947e-24)
(0.794488 0.0433166 4.07903e-23)
(0.8156 -0.0479385 -1.85113e-22)
(0.855942 -0.0942526 1.22316e-22)
(0.794309 -0.186906 -4.79537e-23)
(0.720031 -0.0537373 8.08671e-23)
(0.57448 0.175899 -7.37109e-23)
(-4.85199 -7.76435 -6.67995e-21)
(-3.26106 -6.72858 -1.0408e-19)
(-1.53315 -5.51459 4.36561e-20)
(-0.728161 -3.94234 1.34205e-20)
(-0.244027 -2.95851 -7.34344e-22)
(0.136874 -2.15434 1.06199e-21)
(0.342773 -1.52102 -1.16907e-21)
(0.493846 -1.05692 -1.48863e-21)
(0.589778 -0.704358 1.26441e-21)
(0.651861 -0.437468 -4.22402e-22)
(0.690396 -0.229863 2.13746e-23)
(0.705234 -0.0689233 -3.53809e-23)
(0.716208 0.0384759 3.39057e-23)
(0.721991 0.0667277 -6.95365e-23)
(0.771423 0.0382503 -1.9175e-23)
(0.78948 -0.051751 5.47945e-23)
(0.819424 -0.0944117 2.31775e-23)
(0.75547 -0.18166 3.27818e-23)
(0.667183 -0.0448523 -2.74671e-23)
(0.535636 0.181079 1.39762e-22)
(-4.54331 -7.88187 -2.77797e-19)
(-3.07286 -6.60435 -3.55132e-21)
(-1.4242 -5.53412 2.34343e-20)
(-0.617804 -3.96285 1.03121e-20)
(-0.188385 -2.92479 2.48114e-21)
(0.177383 -2.13759 1.65776e-21)
(0.362631 -1.49799 -1.91648e-21)
(0.497393 -1.03803 2.1028e-21)
(0.581378 -0.689547 -9.33356e-22)
(0.634869 -0.426265 -7.33298e-23)
(0.66788 -0.221341 -6.97654e-23)
(0.68069 -0.0632552 -6.97287e-23)
(0.692544 0.0402566 5.13605e-23)
(0.701095 0.0639199 3.7861e-23)
(0.748541 0.0332244 2.01373e-22)
(0.763553 -0.0550601 2.88931e-23)
(0.783741 -0.093986 -1.79462e-22)
(0.717946 -0.175682 -6.46763e-23)
(0.617127 -0.0359104 -7.42026e-23)
(0.500487 0.185763 2.263e-22)
(-3.66153 -8.64353 -2.62707e-19)
(-2.59843 -6.72595 -5.25171e-20)
(-1.15234 -5.5005 -1.91792e-20)
(-0.436798 -3.96611 4.10867e-21)
(-0.107415 -2.86827 3.43879e-21)
(0.219731 -2.11043 -5.51167e-22)
(0.381751 -1.47687 1.7881e-21)
(0.499781 -1.02262 -1.61504e-21)
(0.573206 -0.678345 3.47946e-22)
(0.618967 -0.417816 1.52995e-22)
(0.646684 -0.214768 8.34295e-23)
(0.657244 -0.0589205 -1.4599e-22)
(0.669707 0.0412367 8.91275e-23)
(0.680644 0.0610171 4.13434e-24)
(0.725925 0.0286723 -7.46058e-23)
(0.737907 -0.0575661 1.26446e-23)
(0.749019 -0.0929359 1.51959e-22)
(0.681885 -0.169211 5.60471e-23)
(0.570056 -0.0272082 8.8301e-23)
(0.468988 0.189866 -2.36501e-22)
(-3.18824 -8.81988 2.70929e-19)
(-2.30518 -6.72093 3.2269e-20)
(-1.01959 -5.44188 -1.45227e-20)
(-0.311036 -4.00159 1.99566e-20)
(-0.0377915 -2.84265 9.56091e-22)
(0.255876 -2.0905 -5.08337e-22)
(0.399775 -1.46134 4.66818e-22)
(0.501362 -1.00969 2.41703e-22)
(0.564853 -0.668817 -3.53069e-24)
(0.603584 -0.4106 2.83274e-23)
(0.626503 -0.209203 1.70452e-22)
(0.634892 -0.055465 -2.14033e-22)
(0.64778 0.0415675 7.90682e-23)
(0.660711 0.0580033 -4.24561e-23)
(0.703644 0.0245296 1.24002e-22)
(0.712629 -0.0593384 -1.36984e-22)
(0.715385 -0.0912867 -3.64201e-24)
(0.647429 -0.162233 -1.01276e-23)
(0.526123 -0.018758 -2.46058e-22)
(0.441055 0.193376 1.72557e-22)
(-2.39462 -9.33836 -5.77873e-20)
(-1.85749 -6.90412 -4.34798e-20)
(-0.813559 -5.39438 2.36161e-20)
(-0.168966 -4.02113 -7.26256e-21)
(0.0412314 -2.82843 -7.7613e-22)
(0.290554 -2.07152 -1.79821e-22)
(0.417049 -1.44968 -2.79512e-23)
(0.502564 -0.999332 -1.32625e-22)
(0.55643 -0.660971 4.35955e-23)
(0.588583 -0.404497 -5.30904e-24)
(0.607179 -0.204468 6.12141e-24)
(0.613608 -0.0527334 1.97213e-22)
(0.626797 0.0413524 -1.13105e-22)
(0.641335 0.0549094 -3.27683e-23)
(0.681756 0.0207813 -4.32963e-23)
(0.687812 -0.0604332 -1.3564e-22)
(0.682964 -0.0890901 -6.57059e-23)
(0.614708 -0.154805 1.12316e-24)
(0.485438 -0.0106011 1.06094e-22)
(0.416568 0.196289 -6.94167e-23)
(-1.82462 -9.46857 7.77045e-20)
(-1.5009 -6.96069 -5.18582e-20)
(-0.665141 -5.33944 1.85211e-20)
(-0.0528588 -4.03458 4.71899e-21)
(0.119603 -2.83177 -1.61193e-21)
(0.324249 -2.05749 1.1753e-22)
(0.43372 -1.4417 -1.01402e-22)
(0.503758 -0.991619 1.36182e-24)
(0.548161 -0.654909 6.66312e-23)
(0.574016 -0.399644 -1.4797e-22)
(0.588662 -0.200663 1.27703e-22)
(0.593372 -0.0507401 -6.46059e-24)
(0.606768 0.0406512 9.88874e-25)
(0.62254 0.0518114 -1.18129e-23)
(0.660313 0.0174668 -5.14311e-23)
(0.663549 -0.0608786 1.0558e-22)
(0.651872 -0.0864073 -1.75698e-23)
(0.583837 -0.147025 3.15819e-23)
(0.448074 -0.00280839 2.02839e-22)
(0.395375 0.198597 -4.33614e-22)
(-1.06365 -9.83443 8.97809e-20)
(-1.0545 -7.14776 -5.77229e-20)
(-0.477992 -5.32534 -3.1031e-20)
(0.064506 -4.04096 8.53352e-21)
(0.200874 -2.8449 -6.96345e-22)
(0.358901 -2.04889 6.45031e-22)
(0.450141 -1.43705 7.48789e-23)
(0.505264 -0.986521 -3.32519e-24)
(0.540285 -0.650635 -4.09034e-23)
(0.560012 -0.396085 9.17084e-23)
(0.570969 -0.197839 1.906e-23)
(0.574175 -0.0494916 -7.05132e-23)
(0.587691 0.0395215 -4.16726e-24)
(0.604337 0.0487807 3.42e-23)
(0.639365 0.0146168 6.74378e-23)
(0.639934 -0.0607114 -3.83308e-23)
(0.622218 -0.0833057 -1.40115e-23)
(0.554904 -0.138994 1.36777e-23)
(0.414065 0.00455419 -1.52987e-22)
(0.377299 0.200303 1.96839e-22)
(-0.431319 -9.9615 -7.97443e-20)
(-0.644059 -7.2568 -1.10997e-20)
(-0.302824 -5.32138 8.20288e-21)
(0.171548 -4.04451 -3.3028e-21)
(0.281581 -2.86489 1.85506e-21)
(0.395339 -2.04665 4.58851e-22)
(0.466742 -1.43564 4.63924e-23)
(0.507363 -0.984001 7.6871e-23)
(0.533032 -0.648141 7.31716e-24)
(0.546721 -0.393826 -4.87984e-23)
(0.55415 -0.196011 6.51087e-23)
(0.556011 -0.0489705 -6.75309e-23)
(0.569548 0.0380238 3.60548e-23)
(0.586733 0.045874 -3.0816e-23)
(0.618961 0.0122417 -8.94155e-24)
(0.617064 -0.059983 4.00393e-24)
(0.594096 -0.0798577 2.94359e-23)
(0.527974 -0.130809 -1.09963e-23)
(0.383401 0.0114326 5.58747e-23)
(0.362143 0.201413 1.20151e-22)
(0.31347 -10.2303 1.00816e-20)
(-0.167072 -7.45777 -1.16483e-21)
(-0.0923436 -5.36342 -4.73104e-21)
(0.281329 -4.05482 1.97846e-21)
(0.36256 -2.89001 -3.51258e-22)
(0.43436 -2.05104 2.37408e-22)
(0.484036 -1.43753 -4.68811e-23)
(0.510306 -0.984023 6.73637e-25)
(0.52661 -0.647423 -2.6766e-23)
(0.534293 -0.39287 -1.50896e-23)
(0.538271 -0.19518 -1.45977e-23)
(0.538881 -0.0491525 1.75348e-23)
(0.552321 0.0362157 1.04804e-23)
(0.569734 0.0431349 -5.02893e-24)
(0.599156 0.0103367 -2.45987e-24)
(0.595028 -0.0587539 3.4606e-24)
(0.56758 -0.0761384 6.11196e-24)
(0.503081 -0.122564 2.04409e-24)
(0.356037 0.0177839 -2.4611e-23)
(0.349693 0.201943 -4.97911e-23)
)
;

boundaryField
{
    inlet
    {
        type            freestream;
        freestreamValue uniform (1 0 0);
        value           uniform (1 0 0);
    }
    outlet
    {
        type            freestream;
        freestreamValue uniform (1 0 0);
        value           nonuniform List<vector> 
40
(
(0.330439 0.177705 0)
(0.338076 0.17059 0)
(0.347492 0.161478 0)
(0.358293 0.149977 0)
(0.36987 0.135761 0)
(0.381502 0.118522 0)
(0.392472 0.0980598 0)
(0.402093 0.074324 0)
(0.409633 0.0472685 0)
(0.414169 0.0164344 0)
(0.339726 0.201915 -4.35295e-23)
(0.332013 0.201359 9.84609e-23)
(0.326326 0.200308 1.43849e-22)
(0.32244 0.198799 -3.06729e-22)
(0.320139 0.196873 -2.31817e-23)
(0.319218 0.194575 1.02936e-22)
(0.319484 0.191947 -8.76369e-23)
(0.320759 0.189029 1.04812e-22)
(0.322881 0.185854 5.29835e-23)
(0.325701 0.182489 -2.42076e-23)
(0.57448 0.175899 -7.37109e-23)
(0.535636 0.181079 1.39762e-22)
(0.500487 0.185763 2.263e-22)
(0.468988 0.189866 -2.36501e-22)
(0.441055 0.193376 1.72557e-22)
(0.416568 0.196289 -6.94167e-23)
(0.395375 0.198597 -4.33614e-22)
(0.377299 0.200303 1.96839e-22)
(0.362143 0.201413 1.20151e-22)
(0.349693 0.201943 -4.97911e-23)
(2.98612 0.00290681 0)
(2.65401 0.0109797 0)
(2.27347 0.0226894 0)
(1.90223 0.0437675 0)
(1.56096 0.0706528 0)
(1.27131 0.0976279 0)
(1.04047 0.121464 0)
(0.863793 0.141112 0)
(0.731763 0.156509 0)
(0.634333 0.168195 0)
)
;
    }
    top
    {
        type            symmetryPlane;
    }
    bottom
    {
        type            symmetryPlane;
    }
    cylinder
    {
        type            rotatingWallVelocity;
        origin          (0 0 0);
        axis            (0 0 1);
        omega           constant -40;
        value           nonuniform List<vector> 
80
(
(0.792638 -19.9685 1.7323e-23)
(2.35436 -19.8446 1.21601e-22)
(3.90158 -19.5988 -3.5725e-24)
(5.42481 -19.2328 7.11645e-23)
(6.91476 -18.7489 -3.81908e-22)
(8.3623 -18.1498 1.31741e-22)
(9.75859 -17.4394 1.6225e-21)
(11.0951 -16.6219 5.60215e-21)
(12.3636 -15.7024 -3.51925e-21)
(13.5564 -14.6864 -3.59614e-21)
(19.9685 -0.792638 -1.7323e-23)
(19.8446 -2.35436 -1.21601e-22)
(19.5988 -3.90158 3.5725e-24)
(19.2328 -5.42481 7.37708e-23)
(18.7489 -6.91476 -1.10891e-21)
(18.1498 -8.3623 -1.31741e-22)
(17.4394 -9.75859 -1.6225e-21)
(16.6219 -11.0951 1.13241e-21)
(15.7024 -12.3636 -4.89462e-21)
(14.6864 -13.5564 3.59614e-21)
(14.6864 13.5564 3.59614e-21)
(15.7024 12.3636 -4.89462e-21)
(16.6219 11.0951 1.13241e-21)
(17.4394 9.75859 -1.6225e-21)
(18.1498 8.3623 -1.31741e-22)
(18.7489 6.91476 -1.10891e-21)
(19.2328 5.42481 7.37708e-23)
(19.5988 3.90158 3.5725e-24)
(19.8446 2.35436 -1.21601e-22)
(19.9685 0.792638 -1.7323e-23)
(0.792638 19.9685 1.7323e-23)
(2.35436 19.8446 1.21601e-22)
(3.90158 19.5988 -3.5725e-24)
(5.42481 19.2328 7.11645e-23)
(6.91476 18.7489 -3.81908e-22)
(8.3623 18.1498 1.31741e-22)
(9.75859 17.4394 1.6225e-21)
(11.0951 16.6219 -1.13241e-21)
(12.3636 15.7024 -3.51925e-21)
(13.5564 14.6864 -3.59614e-21)
(-13.5564 14.6864 -3.59614e-21)
(-12.3636 15.7024 -3.51925e-21)
(-11.0951 16.6219 5.60215e-21)
(-9.75859 17.4394 1.6225e-21)
(-8.3623 18.1498 1.31741e-22)
(-6.91476 18.7489 -3.81908e-22)
(-5.42481 19.2328 7.11645e-23)
(-3.90158 19.5988 -3.5725e-24)
(-2.35436 19.8446 1.21601e-22)
(-0.792638 19.9685 1.7323e-23)
(-14.6864 13.5564 3.59614e-21)
(-15.7024 12.3636 -4.89462e-21)
(-16.6219 11.0951 1.13241e-21)
(-17.4394 9.75859 -1.6225e-21)
(-18.1498 8.3623 -1.31741e-22)
(-18.7489 6.91476 -1.10891e-21)
(-19.2328 5.42481 7.37708e-23)
(-19.5988 3.90158 3.5725e-24)
(-19.8446 2.35436 -1.21601e-22)
(-19.9685 0.792638 -1.7323e-23)
(-19.9685 -0.792638 -1.7323e-23)
(-19.8446 -2.35436 -1.21601e-22)
(-19.5988 -3.90158 3.5725e-24)
(-19.2328 -5.42481 -7.11645e-23)
(-18.7489 -6.91476 -1.10891e-21)
(-18.1498 -8.3623 -1.31741e-22)
(-17.4394 -9.75859 -1.6225e-21)
(-16.6219 -11.0951 1.13241e-21)
(-15.7024 -12.3636 -4.89462e-21)
(-14.6864 -13.5564 3.59614e-21)
(-13.5564 -14.6864 -3.59614e-21)
(-12.3636 -15.7024 -3.51925e-21)
(-11.0951 -16.6219 -1.13241e-21)
(-9.75859 -17.4394 1.6225e-21)
(-8.3623 -18.1498 1.31741e-22)
(-6.91476 -18.7489 -3.81908e-22)
(-5.42481 -19.2328 7.11645e-23)
(-3.90158 -19.5988 -3.5725e-24)
(-2.35436 -19.8446 1.21601e-22)
(-0.792638 -19.9685 1.7323e-23)
)
;
    }
    frontandback
    {
        type            empty;
    }
}


// ************************************************************************* //
