/*--------------------------------*- C++ -*----------------------------------*\
  =========                 |
  \\      /  F ield         | OpenFOAM: The Open Source CFD Toolbox
   \\    /   O peration     | Website:  https://openfoam.org
    \\  /    A nd           | Version:  6.0
     \\/     M anipulation  |
\*---------------------------------------------------------------------------*/
FoamFile
{
    version     2.0;
    format      ascii;
    class       volVectorField;
    location    "18";
    object      U;
}
// * * * * * * * * * * * * * * * * * * * * * * * * * * * * * * * * * * * * * //

dimensions      [0 1 -1 0 0 0 0];

internalField   nonuniform List<vector> 
2400
(
(3.18734 -14.108 -1.15369e-18)
(0.629017 -14.1272 4.16478e-19)
(0.973569 -14.0622 -3.63545e-19)
(1.32047 -13.6804 -2.05684e-19)
(1.44298 -13.1961 -3.02537e-19)
(1.52045 -12.6971 4.04777e-19)
(1.59293 -12.2323 1.4229e-19)
(1.66015 -11.8239 2.24238e-19)
(1.7361 -11.4753 -2.409e-19)
(1.79969 -11.1857 -1.4149e-20)
(4.33153 -13.9623 1.3151e-18)
(1.77436 -14.2902 -6.81583e-20)
(2.09334 -14.2047 2.35989e-19)
(2.38797 -13.7741 1.96472e-18)
(2.45673 -13.2598 -1.33198e-18)
(2.48448 -12.7434 -6.89876e-20)
(2.51242 -12.2701 -1.41121e-20)
(2.54303 -11.8586 -1.95296e-20)
(2.59078 -11.5093 -2.03433e-19)
(2.61782 -11.2271 -2.80429e-20)
(5.46971 -13.7245 2.32393e-18)
(2.9395 -14.3513 1.7649e-18)
(3.22913 -14.2437 -4.44341e-18)
(3.46341 -13.7688 1.28924e-18)
(3.47255 -13.2303 1.79338e-18)
(3.44662 -12.7021 -9.95773e-19)
(3.42755 -12.2248 -7.42617e-19)
(3.42058 -11.8127 -3.26837e-19)
(3.43835 -11.4633 -6.5925e-19)
(3.42246 -11.1892 1.0745e-18)
(6.591 -13.39 -8.0291e-18)
(4.11438 -14.3039 2.85693e-18)
(4.37031 -14.1751 -2.61006e-18)
(4.53744 -13.6622 1.13541e-18)
(4.48267 -13.1067 -1.15721e-18)
(4.40039 -12.573 1.61346e-18)
(4.33308 -12.097 6.53298e-19)
(4.28909 -11.6882 -2.2732e-18)
(4.27719 -11.3438 -1.6708e-18)
(4.21588 -11.0908 1.82438e-18)
(7.68674 -12.9574 4.58553e-19)
(5.2874 -14.1456 -1.10488e-18)
(5.50589 -13.9974 -4.22649e-19)
(5.60039 -13.4543 -5.27025e-19)
(5.47893 -12.8899 -2.82278e-18)
(5.33893 -12.358 4.28289e-19)
(5.22229 -11.8882 -2.47458e-19)
(5.13943 -11.485 2.34202e-18)
(5.09292 -11.1489 -1.15296e-18)
(4.9792 -10.9243 -8.30817e-19)
(8.74613 -12.4253 3.85331e-18)
(6.44656 -13.8731 3.93702e-19)
(6.62349 -13.7083 7.18518e-18)
(6.64073 -13.1436 -9.08916e-19)
(6.45128 -12.5799 3.435e-18)
(6.25482 -12.0585 -3.8359e-19)
(6.09128 -11.6021 -3.9472e-21)
(5.9701 -11.2096 1.94327e-18)
(5.884 -10.887 -1.04166e-18)
(5.7119 -10.7 2.4894e-18)
(9.76032 -11.7953 -2.74701e-18)
(7.58094 -13.4868 3.37843e-18)
(7.71171 -13.3077 -1.96295e-18)
(7.64633 -12.7292 -1.758e-18)
(7.38616 -12.1749 -4.7482e-20)
(7.13383 -11.6728 5.17382e-18)
(6.92804 -11.2377 -1.81122e-18)
(6.77466 -10.8625 6.87324e-19)
(6.651 -10.5592 -2.56848e-18)
(6.42035 -10.4119 -1.82222e-18)
(10.7213 -11.0707 1.13669e-17)
(8.68186 -12.9877 -2.24986e-18)
(8.76194 -12.7963 1.61194e-18)
(8.60818 -12.2106 5.0496e-19)
(8.27154 -11.6715 1.71898e-18)
(7.95781 -11.1938 -2.43394e-18)
(7.70805 -10.7852 -2.85805e-18)
(7.52881 -10.435 4.21973e-18)
(7.38348 -10.1657 -3.83202e-19)
(7.11763 -10.0827 -2.91907e-18)
(11.6228 -10.2568 -9.22603e-18)
(9.74266 -12.38 4.35076e-18)
(9.7693 -12.1779 -2.54664e-18)
(9.52421 -11.5899 1.43795e-18)
(9.10639 -11.0685 -4.8945e-18)
(8.72067 -10.614 2.9604e-18)
(8.40837 -10.2295 1.63781e-18)
(8.18138 -9.90864 3.21743e-18)
(8.00548 -9.69986 -1.96257e-18)
(7.72608 -9.74024 -2.43052e-18)
(12.4574 -9.35841 2.95799e-18)
(10.7563 -11.6688 -1.12287e-18)
(10.7297 -11.4582 5.48736e-18)
(10.3955 -10.8722 5.8531e-18)
(9.90076 -10.3685 1.01366e-18)
(9.44352 -9.9322 -7.4585e-19)
(9.05283 -9.56531 -1.33228e-18)
(8.72549 -9.27779 1.96386e-18)
(8.42411 -9.1544 -1.63271e-18)
(8.04681 -9.33548 1.29809e-18)
(16.2341 2.48001 1.59382e-19)
(16.2768 1.17706 4.95339e-19)
(16.2152 -0.119822 -1.58016e-18)
(16.0547 -1.40224 1.15695e-18)
(15.7988 -2.66237 5.60277e-19)
(15.4519 -3.89321 7.51314e-18)
(15.0162 -5.08747 -2.94154e-18)
(14.4971 -6.23854 -4.34662e-18)
(13.8949 -7.33909 1.09733e-17)
(13.2167 -8.38206 -8.66728e-18)
(16.7905 -0.640806 4.26804e-19)
(16.6121 -1.94049 -1.91316e-19)
(16.3236 -3.21926 -5.25641e-18)
(15.9309 -4.46788 3.35525e-18)
(15.439 -5.67702 -1.18903e-18)
(14.8548 -6.83947 9.29912e-18)
(14.1833 -7.94619 -6.0531e-18)
(13.4324 -8.9913 9.04062e-18)
(12.6067 -9.96463 -8.80375e-18)
(11.7138 -10.8618 -3.56399e-18)
(16.2364 -0.630756 -7.84528e-19)
(16.1108 -1.87386 7.49771e-20)
(15.8783 -3.10542 -1.81576e-18)
(15.5422 -4.31644 2.63277e-18)
(15.1064 -5.49721 -2.94377e-18)
(14.5765 -6.63954 -5.79348e-18)
(13.9576 -7.73399 -2.05969e-18)
(13.2571 -8.7727 -9.75779e-18)
(12.4806 -9.74575 5.93024e-18)
(11.6366 -10.6448 3.46776e-18)
(15.2921 -0.466089 3.2173e-19)
(15.2029 -1.63105 -5.6159e-19)
(15.0146 -2.79111 -1.02307e-18)
(14.7286 -3.939 -3.20945e-18)
(14.3486 -5.06468 2.06756e-18)
(13.8785 -6.1608 5.93641e-18)
(13.3236 -7.2176 -2.03098e-18)
(12.6906 -8.2272 5.15722e-19)
(11.9861 -9.17978 1.44583e-18)
(11.2189 -10.0654 1.96018e-18)
(14.4691 -0.435031 -3.45267e-19)
(14.3819 -1.53177 -1.35651e-18)
(14.2041 -2.62472 -1.53311e-18)
(13.9337 -3.71063 2.51335e-18)
(13.5773 -4.77723 2.73532e-18)
(13.1354 -5.82122 -1.8965e-18)
(12.6164 -6.8308 -2.85629e-19)
(12.0241 -7.80094 -1.86275e-18)
(11.3681 -8.72069 2.06473e-18)
(10.658 -9.58086 -5.56374e-18)
(13.8191 -0.405169 7.72434e-20)
(13.7238 -1.44717 1.09695e-18)
(13.5469 -2.48269 -1.66729e-18)
(13.2782 -3.5169 3.18874e-18)
(12.9339 -4.52972 1.94571e-18)
(12.5036 -5.52898 1.09789e-18)
(12.0069 -6.49457 -8.0404e-19)
(11.4371 -7.43212 -2.39613e-18)
(10.8153 -8.32189 5.66774e-18)
(10.1471 -9.15981 -5.61213e-19)
(13.2943 -0.367228 1.6203e-19)
(13.1877 -1.36518 -1.2044e-18)
(13.0132 -2.35002 -1.18546e-18)
(12.7393 -3.34288 -1.68383e-18)
(12.4073 -4.30499 -2.42525e-19)
(11.9764 -5.26875 -2.46731e-18)
(11.4996 -6.19176 -1.64635e-18)
(10.9339 -7.11102 -2.83154e-19)
(10.3419 -7.9784 7.4844e-19)
(9.702 -8.80437 4.77171e-18)
(12.8504 -0.323962 -1.34304e-19)
(12.729 -1.28866 9.79495e-19)
(12.564 -2.2289 -1.4073e-18)
(12.2769 -3.19176 9.52556e-19)
(11.9665 -4.10369 2.3183e-18)
(11.5197 -5.04144 3.94422e-18)
(11.0719 -5.91465 -1.05434e-18)
(10.4804 -6.83346 -3.93307e-18)
(9.9275 -7.68605 -1.06289e-18)
(9.28515 -8.53775 -7.32011e-18)
(12.4634 -0.26172 1.88445e-19)
(12.3201 -1.20497 -2.22058e-19)
(12.1755 -2.11018 -1.61084e-18)
(11.8627 -3.05973 6.52016e-19)
(11.5906 -3.92796 -1.56973e-18)
(11.1028 -4.85835 -1.00254e-18)
(10.7057 -5.67206 -4.50857e-19)
(10.0294 -6.61786 -6.09505e-18)
(9.54456 -7.44468 1.72434e-18)
(8.79635 -8.45219 1.43163e-18)
(12.1249 -0.222547 -4.03139e-19)
(11.9444 -1.14772 1.98001e-19)
(11.8275 -2.02351 3.43654e-19)
(11.4702 -2.97553 9.54005e-19)
(11.2478 -3.81729 -8.01126e-19)
(10.686 -4.76971 -7.26283e-20)
(10.3506 -5.53989 -2.34138e-18)
(9.51452 -6.54605 2.96577e-18)
(9.11505 -7.30437 -2.09581e-18)
(8.10604 -8.60528 6.48669e-19)
(9.99262 13.5459 -4.94283e-18)
(11.0399 12.7462 5.11847e-18)
(12.0096 11.8555 5.51618e-18)
(12.8944 10.8816 -8.4975e-18)
(13.6861 9.83182 6.09799e-18)
(14.3787 8.71469 -4.19106e-18)
(14.9665 7.53977 -9.39769e-19)
(15.4474 6.31831 -8.72284e-19)
(15.8186 5.06052 1.40344e-18)
(16.082 3.77843 9.89516e-20)
(12.3389 10.9879 5.71907e-18)
(13.2423 10.0924 1.12643e-18)
(14.0614 9.11522 -7.58307e-18)
(14.7876 8.06292 -5.61743e-18)
(15.4124 6.94257 4.51955e-18)
(15.9303 5.76246 -3.58673e-18)
(16.3353 4.53347 3.95166e-18)
(16.6258 3.26661 -1.10661e-18)
(16.7981 1.97464 -3.28408e-18)
(16.8541 0.667771 -2.30711e-19)
(11.7068 10.1364 -8.47695e-19)
(12.5743 9.3324 -6.83742e-19)
(13.3671 8.45053 -7.94244e-18)
(14.0766 7.49439 5.92348e-18)
(14.6949 6.46896 6.00386e-18)
(15.2163 5.3813 1.88644e-18)
(15.6359 4.24152 -1.37208e-18)
(15.9504 3.05975 -2.77508e-18)
(16.1562 1.84693 2.19118e-18)
(16.2522 0.613065 1.52885e-19)
(10.9228 9.41766 1.52786e-18)
(11.7372 8.69262 -3.28311e-18)
(12.4821 7.89662 -1.24754e-18)
(13.1499 7.02944 -3.07496e-18)
(13.7351 6.09441 -9.28192e-18)
(14.2328 5.09814 5.16558e-18)
(14.6396 4.05093 3.17479e-18)
(14.9515 2.96141 -2.67366e-18)
(15.1659 1.83963 1.15465e-19)
(15.2797 0.69356 -1.10872e-19)
(10.4523 8.82178 -5.16198e-18)
(11.2136 8.1445 5.69935e-18)
(11.9042 7.40399 -1.44213e-18)
(12.5182 6.59434 2.8271e-18)
(13.0544 5.71853 1.22333e-18)
(13.5092 4.78414 -2.96032e-18)
(13.8811 3.80294 1.43764e-18)
(14.1652 2.78134 -1.5237e-18)
(14.3599 1.7298 -1.41912e-18)
(14.4609 0.653698 5.97102e-19)
(10.1276 8.3757 -7.08779e-19)
(10.8505 7.73534 1.09642e-18)
(11.4983 7.03734 -1.27285e-18)
(12.0653 6.26804 -5.57697e-18)
(12.5574 5.43412 8.32381e-19)
(12.9719 4.54518 -7.53454e-20)
(13.311 3.61435 -2.55966e-18)
(13.5657 2.64417 -8.73959e-19)
(13.7387 1.64752 7.64578e-19)
(13.821 0.625799 -2.13218e-19)
(9.86196 8.02407 -2.84893e-18)
(10.5536 7.42349 -3.3381e-20)
(11.1708 6.76045 1.27552e-18)
(11.7009 6.01769 3.16462e-18)
(12.1591 5.21496 6.37669e-19)
(12.5401 4.36217 1.52273e-18)
(12.8535 3.47249 2.85506e-18)
(13.0824 2.54294 -1.21623e-18)
(13.2388 1.59185 1.01105e-18)
(13.303 0.61405 -3.72695e-19)
(9.63934 7.73009 4.76074e-18)
(10.2784 7.19292 2.50285e-18)
(10.8658 6.55842 1.08025e-18)
(11.3682 5.82962 -1.47232e-18)
(11.8048 5.05229 -7.83148e-19)
(12.1599 4.22885 -1.71003e-18)
(12.4567 3.37162 1.49293e-19)
(12.6636 2.47202 -3.80299e-19)
(12.8118 1.55807 -2.12827e-18)
(12.859 0.614528 2.83222e-19)
(9.56292 7.41034 -3.31476e-19)
(10.0777 6.99278 -2.97561e-18)
(10.5974 6.38547 -1.29383e-18)
(11.0647 5.672 3.16283e-19)
(11.4845 4.92973 -1.9396e-19)
(11.8133 4.13824 1.18026e-18)
(12.0986 3.31179 5.84969e-19)
(12.2843 2.43704 8.54259e-19)
(12.4334 1.5561 9.92591e-19)
(12.4626 0.639828 -4.01751e-19)
(9.76415 6.93186 2.74113e-18)
(10.119 6.66677 2.08688e-18)
(10.4851 6.07873 -3.09374e-18)
(10.8806 5.40013 -6.05048e-20)
(11.2691 4.71463 2.55009e-18)
(11.5519 3.96986 1.0471e-19)
(11.8125 3.19019 3.26904e-19)
(11.9626 2.35302 -2.16578e-18)
(12.1115 1.51818 -1.66444e-20)
(12.1117 0.63565 1.86172e-19)
(1.37477 10.1735 9.1402e-20)
(1.34465 10.4197 -3.95007e-20)
(1.34457 10.6704 -2.17124e-20)
(1.32097 10.9441 2.72186e-19)
(1.27169 11.2646 -1.24264e-19)
(1.20054 11.6792 -4.32513e-19)
(1.1227 12.2977 4.77437e-19)
(1.19436 13.3103 3.29329e-19)
(1.07813 14.684 2.17319e-19)
(-2.36983 15.9055 3.73399e-19)
(2.20535 10.0639 2.35707e-19)
(2.18944 10.3544 -7.326e-19)
(2.20109 10.6397 7.30892e-19)
(2.19379 10.9422 1.47548e-19)
(2.1679 11.2887 -2.91303e-19)
(2.12951 11.7296 3.38596e-19)
(2.10134 12.3749 1.1421e-18)
(2.25149 13.3952 2.42529e-19)
(2.23509 14.7524 2.92176e-20)
(-1.12764 16.1308 -1.63762e-18)
(2.99753 10.0064 9.48036e-19)
(3.01161 10.2955 -1.32323e-18)
(3.04719 10.5808 -5.24682e-19)
(3.06785 10.8898 -4.32295e-20)
(3.07428 11.2494 -4.90227e-19)
(3.07473 11.7089 -2.1174e-19)
(3.10024 12.3745 3.62426e-19)
(3.32935 13.3941 2.08587e-18)
(3.40895 14.7252 7.50769e-19)
(0.137085 16.2548 -2.60911e-18)
(3.87056 9.75409 8.89166e-19)
(3.88603 10.0915 -1.06854e-18)
(3.92767 10.413 -1.04553e-18)
(3.96527 10.7495 6.38962e-19)
(3.99783 11.1311 3.16994e-18)
(4.03493 11.6104 -1.21743e-18)
(4.11423 12.2928 9.50402e-19)
(4.42095 13.3045 -2.00592e-18)
(4.59171 14.6011 1.91116e-18)
(1.4159 16.2774 3.97692e-18)
(4.66 9.59862 6.5326e-19)
(4.70652 9.91752 -4.64232e-19)
(4.77697 10.2272 1.35162e-18)
(4.84934 10.5611 -1.18698e-18)
(4.91898 10.9483 8.54494e-19)
(4.99858 11.4379 7.48758e-19)
(5.13464 12.1293 -9.78766e-19)
(5.51804 13.1249 5.29428e-19)
(5.77432 14.3789 2.8968e-18)
(2.70001 16.1973 1.80454e-18)
(5.54727 9.18971 -1.94945e-18)
(5.58079 9.57371 -5.69739e-19)
(5.65359 9.92532 2.36108e-18)
(5.74448 10.2841 -2.58491e-18)
(5.84274 10.6868 -1.20077e-18)
(5.96191 11.1869 -2.84863e-18)
(6.15448 11.8823 -1.77054e-18)
(6.61254 12.8539 -2.88636e-18)
(6.94871 14.0581 -8.47392e-19)
(3.98076 16.0141 -5.48853e-18)
(6.31498 8.91132 2.76695e-18)
(6.38276 9.27493 -4.9101e-18)
(6.48883 9.60992 2.71094e-18)
(6.61655 9.95899 1.41299e-18)
(6.75199 10.3596 -2.99191e-19)
(6.91442 10.8607 2.25679e-18)
(7.1648 11.5521 -2.52043e-18)
(7.69519 12.4913 -2.46336e-18)
(8.10428 13.6384 -7.38586e-19)
(5.24847 15.7264 5.07145e-18)
(7.22672 8.32356 -2.0367e-20)
(7.25372 8.79218 2.30242e-18)
(7.34355 9.18291 -1.10015e-18)
(7.48219 9.55257 1.0738e-18)
(7.64546 9.95861 -1.60671e-18)
(7.84917 10.4582 -1.80177e-18)
(8.15691 11.1389 1.13788e-18)
(8.75672 12.0371 -2.6433e-18)
(9.23271 13.1204 7.58679e-18)
(6.49392 15.3358 -2.49424e-18)
(8.01683 7.91805 -1.25993e-18)
(8.05726 8.37914 -6.90768e-19)
(8.15348 8.74857 3.10267e-18)
(8.3147 9.09847 -4.38577e-18)
(8.51131 9.4928 9.30432e-19)
(8.75738 9.9821 -2.1498e-18)
(9.12137 10.6439 -7.55461e-19)
(9.78653 11.4922 6.72264e-19)
(10.3212 12.5051 -1.2737e-17)
(7.70669 14.8407 9.35208e-18)
(8.98262 7.27242 3.24727e-18)
(8.89871 7.83061 -3.79335e-18)
(8.93069 8.24333 3.65704e-19)
(9.10734 8.58669 -1.18258e-18)
(9.34042 8.96487 -2.024e-18)
(9.62869 9.43598 1.58423e-18)
(10.0473 10.0693 1.92729e-18)
(10.774 10.8579 4.93243e-18)
(11.3622 11.7937 5.97962e-18)
(8.87694 14.2456 3.87893e-21)
(-4.83207 7.79349 -1.80399e-18)
(-5.07938 7.56294 1.44395e-18)
(-5.27598 7.49117 3.30806e-19)
(-5.46554 7.53228 1.43938e-18)
(-5.68999 7.61246 1.17986e-18)
(-5.97043 7.72867 2.99487e-19)
(-6.36355 7.96312 2.74072e-18)
(-6.90725 8.59748 1.44385e-18)
(-7.94901 9.59992 2.22586e-18)
(-11.7942 8.92008 -1.40725e-18)
(-4.58247 8.20999 1.0331e-18)
(-4.78177 8.0691 1.18766e-18)
(-4.89795 8.06893 -1.05365e-18)
(-5.02619 8.13839 2.9026e-19)
(-5.21349 8.23096 5.24656e-19)
(-5.47235 8.36331 2.91967e-18)
(-5.84677 8.62736 -3.35489e-18)
(-6.34956 9.3069 -3.31822e-18)
(-7.32168 10.3799 -2.51031e-18)
(-11.1833 9.91584 3.57447e-18)
(-4.07865 8.55854 -3.48333e-19)
(-4.29374 8.5186 2.46777e-19)
(-4.40835 8.57486 -2.64229e-18)
(-4.52406 8.67341 1.76256e-18)
(-4.69305 8.78901 9.46634e-19)
(-4.93227 8.94906 -1.04026e-18)
(-5.28294 9.25127 -3.12584e-19)
(-5.737 9.97904 5.69963e-18)
(-6.62969 11.1179 6.92192e-19)
(-10.489 10.8647 -2.90398e-18)
(-3.489 8.8973 -2.59974e-18)
(-3.70138 8.91758 1.65285e-18)
(-3.81976 9.01151 -4.60961e-19)
(-3.93909 9.13944 1.172e-18)
(-4.10494 9.28603 -6.67968e-19)
(-4.33338 9.48217 -1.26767e-18)
(-4.66225 9.82889 1.09706e-18)
(-5.06442 10.6067 1.29236e-18)
(-5.87159 11.8064 -3.71466e-19)
(-9.71368 11.7592 3.51073e-18)
(-2.89384 9.23849 2.15922e-18)
(-3.08288 9.29608 7.98759e-20)
(-3.18704 9.41335 -1.29078e-18)
(-3.29975 9.56192 1.89062e-20)
(-3.45886 9.73516 2.27275e-19)
(-3.67612 9.96616 2.92385e-19)
(-3.9823 10.3579 2.07346e-18)
(-4.32966 11.1845 -4.58677e-18)
(-5.04688 12.438 2.93022e-19)
(-8.85925 12.5911 -4.50226e-18)
(-2.25831 9.51167 -6.89346e-20)
(-2.42429 9.61233 1.6995e-18)
(-2.51304 9.75891 -1.60813e-18)
(-2.6157 9.93188 1.6088e-19)
(-2.76376 10.133 -3.19342e-19)
(-2.96599 10.3988 1.89915e-18)
(-3.24565 10.8348 1.32724e-18)
(-3.53395 11.7068 2.30639e-19)
(-4.15708 13.0058 7.2495e-19)
(-7.92951 13.3528 9.30004e-19)
(-1.59718 9.76454 -1.1352e-18)
(-1.73708 9.90049 1.34627e-18)
(-1.80859 10.0681 6.87677e-20)
(-1.89781 10.259 2.01161e-18)
(-2.02986 10.4831 -1.15496e-18)
(-2.2114 10.78 8.26248e-19)
(-2.45847 11.2571 -3.5978e-19)
(-2.68208 12.1692 8.81424e-19)
(-3.20708 13.5036 -1.98119e-18)
(-6.92967 14.0375 1.86776e-18)
(-0.878567 9.92588 -7.17597e-19)
(-0.997273 10.1033 9.0793e-19)
(-1.05708 10.3014 -4.37641e-19)
(-1.13613 10.5191 -3.38161e-19)
(-1.25304 10.7717 7.44358e-19)
(-1.41243 11.1016 -1.32989e-18)
(-1.62334 11.619 -9.3847e-19)
(-1.77805 12.5659 2.26816e-18)
(-2.20185 13.9256 -1.29789e-18)
(-5.86676 14.64 -1.71767e-18)
(-0.15756 10.0847 -7.33844e-19)
(-0.245254 10.2828 1.58915e-19)
(-0.285163 10.495 1.05185e-19)
(-0.347127 10.7287 6.29843e-21)
(-0.443341 11.0032 -4.96786e-19)
(-0.57575 11.3623 1.60694e-18)
(-0.745553 11.9164 -1.51179e-18)
(-0.82729 12.892 -1.7578e-18)
(-1.1486 14.2665 4.81664e-20)
(-4.74724 15.155 -1.25971e-18)
(0.617237 10.1226 2.2452e-19)
(0.552354 10.358 3.68103e-20)
(0.527289 10.6007 -8.51836e-20)
(0.479877 10.8623 -1.16443e-19)
(0.40335 11.1647 -3.21192e-19)
(0.298591 11.5546 2.45597e-19)
(0.172297 12.1435 1.57207e-19)
(0.165856 13.1414 1.14849e-19)
(-0.0521637 14.521 -3.46934e-19)
(-3.57976 15.5789 9.47728e-19)
(-4.82747 7.07255 -1.93464e-18)
(-5.72025 5.9865 8.68081e-19)
(-5.97698 5.29263 -4.66382e-19)
(-6.66693 4.45522 -1.1191e-18)
(-6.93606 3.75869 -6.99437e-19)
(-7.39708 2.97402 -4.49304e-20)
(-7.61827 2.23261 -1.21976e-20)
(-7.92076 1.44628 -1.238e-19)
(-8.07999 0.679348 -1.45052e-19)
(-8.25425 -0.10052 6.59596e-20)
(-5.31971 6.90608 -3.21249e-18)
(-5.96169 6.01659 -9.78463e-19)
(-6.27826 5.30312 -9.87586e-19)
(-6.84312 4.49225 2.49978e-19)
(-7.13968 3.78984 5.47392e-19)
(-7.55077 3.0171 1.02453e-18)
(-7.79082 2.27972 -3.52042e-19)
(-8.0712 1.50298 1.16451e-18)
(-8.24016 0.739337 1.21398e-19)
(-8.40234 -0.0383478 -1.04253e-19)
(-5.6618 6.81757 3.72152e-18)
(-6.16552 6.06853 -6.82764e-19)
(-6.53793 5.35836 2.20668e-18)
(-7.01231 4.58143 5.753e-19)
(-7.3393 3.86529 -2.15012e-18)
(-7.7113 3.09864 -1.25787e-18)
(-7.9718 2.35603 -5.15234e-19)
(-8.2367 1.58142 2.3379e-19)
(-8.41824 0.814128 -5.34903e-19)
(-8.57538 0.0326617 7.43888e-20)
(-5.91151 6.85563 -3.38153e-18)
(-6.3709 6.14936 1.89844e-18)
(-6.77294 5.43857 1.59674e-19)
(-7.19759 4.68684 9.02693e-19)
(-7.54123 3.95751 1.34168e-18)
(-7.8863 3.19468 1.19884e-19)
(-8.15876 2.44328 9.01653e-19)
(-8.41257 1.66786 4.15136e-19)
(-8.60314 0.894299 6.56198e-19)
(-8.75843 0.107366 -8.92001e-20)
(-6.15465 6.93954 2.09737e-18)
(-6.59941 6.24061 -3.29961e-18)
(-7.00876 5.52574 -3.05222e-19)
(-7.4049 4.78723 4.3456e-19)
(-7.75028 4.05007 2.01813e-18)
(-8.07553 3.29146 -1.04001e-18)
(-8.34945 2.53396 -1.70516e-18)
(-8.59363 1.7589 1.37955e-18)
(-8.78724 0.980773 -1.57346e-19)
(-8.94104 0.190226 -4.05847e-20)
(-6.43988 7.05193 -4.7144e-18)
(-6.87717 6.34864 2.7133e-18)
(-7.28175 5.62664 1.0167e-18)
(-7.65792 4.889 1.58346e-19)
(-7.99468 4.14464 -6.86022e-19)
(-8.30178 3.38642 -1.41885e-18)
(-8.56755 2.62362 -1.31184e-18)
(-8.79931 1.84797 -7.94873e-20)
(-8.98771 1.06612 2.65983e-19)
(-9.13565 0.273051 1.87272e-19)
(-6.83932 7.2654 -1.04526e-18)
(-7.27468 6.54346 -7.68217e-19)
(-7.67206 5.80407 -2.65049e-19)
(-8.03297 5.05261 1.05855e-18)
(-8.35579 4.29312 4.50092e-19)
(-8.64379 3.52467 -1.03369e-18)
(-8.89349 2.75038 1.64297e-18)
(-9.10709 1.96711 4.08617e-19)
(-9.28059 1.17698 2.93146e-19)
(-9.41404 0.377479 -1.68901e-19)
(-7.41304 7.85799 -3.09129e-18)
(-7.86883 7.09658 -3.07061e-18)
(-8.27724 6.31928 5.0627e-18)
(-8.6413 5.53156 -1.87561e-18)
(-8.96237 4.73633 4.28439e-18)
(-9.24282 3.9349 1.36944e-19)
(-9.48242 3.12839 -1.328e-18)
(-9.68227 2.31589 1.74065e-18)
(-9.8409 1.49759 -4.52008e-20)
(-9.95771 0.672262 3.9884e-19)
(-8.51114 8.78644 3.88842e-19)
(-9.01134 7.94782 4.63523e-18)
(-9.45105 7.09221 2.75952e-18)
(-9.83524 6.2245 3.04174e-18)
(-10.1658 5.3485 -4.63113e-18)
(-10.445 4.46667 5.78413e-19)
(-10.674 3.5807 -1.64408e-18)
(-10.8539 2.69133 6.19837e-19)
(-10.9845 1.7991 8.34828e-20)
(-11.065 0.9044 -2.14546e-19)
(-12.3182 7.88513 1.20809e-18)
(-12.7555 6.82484 -3.42896e-18)
(-13.1134 5.74499 -1.63978e-18)
(-13.3915 4.65396 -1.36285e-18)
(-13.5931 3.55646 5.85493e-19)
(-13.7191 2.45812 2.87471e-18)
(-13.7715 1.36306 3.43967e-19)
(-13.7515 0.275517 8.0497e-19)
(-13.6602 -0.800931 -3.87454e-19)
(-13.4971 -1.86252 -9.42385e-20)
(-8.32324 -0.862635 5.59863e-20)
(-8.36595 -1.62702 -1.1918e-19)
(-8.3264 -2.38167 1.1876e-18)
(-8.24821 -3.13112 -7.81837e-19)
(-8.10623 -3.86174 5.12311e-19)
(-7.91901 -4.56474 -6.6313e-19)
(-7.65863 -5.23376 3.19872e-18)
(-7.32915 -5.89039 4.10346e-19)
(-6.98035 -6.50774 -9.38885e-19)
(-6.67903 -6.90277 1.93198e-18)
(-8.4773 -0.806488 2.25923e-19)
(-8.51677 -1.57801 -3.98335e-19)
(-8.48251 -2.3432 -8.18287e-19)
(-8.40138 -3.1041 -3.49767e-19)
(-8.25478 -3.85062 -9.29441e-19)
(-8.05528 -4.57616 1.25199e-19)
(-7.7888 -5.27729 -1.9418e-19)
(-7.45056 -5.96183 1.61791e-18)
(-7.03332 -6.60327 2.05979e-18)
(-6.57387 -7.12918 -2.50371e-19)
(-8.66043 -0.745043 -1.59326e-19)
(-8.70247 -1.52709 1.21893e-18)
(-8.67821 -2.30503 8.04733e-19)
(-8.60208 -3.07876 -8.03307e-20)
(-8.46188 -3.84049 1.06022e-18)
(-8.26494 -4.58596 4.78484e-19)
(-8.00425 -5.31184 9.40161e-19)
(-7.67529 -6.01352 -1.18645e-18)
(-7.26036 -6.67126 -1.74276e-18)
(-6.76144 -7.2762 -4.06856e-18)
(-8.85284 -0.680363 2.08672e-19)
(-8.89942 -1.47388 -5.75499e-19)
(-8.88498 -2.26624 9.60305e-19)
(-8.81527 -3.05615 -1.68659e-18)
(-8.68273 -3.83753 -9.16087e-19)
(-8.49027 -4.60693 -3.94037e-19)
(-8.23336 -5.35923 -2.04875e-18)
(-7.90826 -6.0851 7.78047e-19)
(-7.50259 -6.77363 -3.50859e-19)
(-7.0105 -7.4337 1.34976e-18)
(-9.04179 -0.604941 1.16924e-19)
(-9.09306 -1.40749 2.00397e-20)
(-9.08732 -2.21219 -1.13457e-20)
(-9.02507 -3.01738 1.53649e-18)
(-8.90124 -3.8183 -2.74106e-19)
(-8.71536 -4.61142 -1.87973e-18)
(-8.46314 -5.39059 3.60565e-18)
(-8.14081 -6.14717 -1.07233e-18)
(-7.74166 -6.87605 -3.43034e-18)
(-7.26222 -7.58469 -3.39751e-18)
(-9.2359 -0.527202 -3.28511e-19)
(-9.28743 -1.33589 3.14445e-19)
(-9.28544 -2.14953 1.8366e-18)
(-9.2278 -2.96644 -8.465e-19)
(-9.11046 -3.78292 1.76254e-18)
(-8.93079 -4.59534 1.20589e-18)
(-8.68433 -5.39785 -1.80198e-18)
(-8.36705 -6.18413 9.943e-19)
(-7.97514 -6.95149 6.88892e-19)
(-7.50737 -7.70256 2.1996e-18)
(-9.50307 -0.429883 5.84055e-20)
(-9.5451 -1.24535 -6.34934e-20)
(-9.53657 -2.06697 1.6391e-18)
(-9.47452 -2.89326 -1.79005e-18)
(-9.35529 -3.72143 -3.09874e-18)
(-9.17538 -4.54809 1.57201e-18)
(-8.93042 -5.36852 3.32563e-18)
(-8.61658 -6.17845 8.33726e-19)
(-8.23099 -6.97581 2.29256e-18)
(-7.77288 -7.76008 1.91522e-18)
(-10.0298 -0.159448 -7.61594e-20)
(-10.0548 -0.996726 -1.15682e-18)
(-10.0299 -1.83854 6.34291e-19)
(-9.95275 -2.68363 8.11776e-19)
(-9.82017 -3.52986 -2.60463e-18)
(-9.62902 -4.37434 -1.99443e-18)
(-9.37575 -5.21366 -1.68631e-18)
(-9.05732 -6.04502 -1.75564e-18)
(-8.67138 -6.8668 5.07081e-19)
(-8.21676 -7.6773 -9.3516e-19)
(-11.093 0.00938158 1.1845e-19)
(-11.0678 -0.884525 1.71381e-18)
(-10.988 -1.77496 2.32265e-18)
(-10.8527 -2.66074 -2.13126e-18)
(-10.66 -3.53948 2.01698e-18)
(-10.4084 -4.40846 -2.62872e-18)
(-10.0962 -5.26513 3.33189e-18)
(-9.72253 -6.1077 3.49246e-18)
(-9.28634 -6.93514 -7.48942e-19)
(-8.78688 -7.74537 -5.71691e-18)
(-13.2607 -2.90445 -3.82096e-20)
(-12.9535 -3.91981 -5.99591e-19)
(-12.5776 -4.90814 8.35659e-19)
(-12.134 -5.86343 6.49642e-19)
(-11.6237 -6.78254 -1.08338e-18)
(-11.0484 -7.66061 1.03235e-18)
(-10.4102 -8.49429 -1.30965e-18)
(-9.71223 -9.28054 1.02968e-18)
(-8.95769 -10.0173 -6.23924e-18)
(-8.1488 -10.7013 2.837e-18)
(-7.28778 -11.3272 4.23057e-18)
(-8.22431 -8.53367 -2.48413e-18)
(-7.69312 -8.4727 -2.1794e-18)
(-7.24266 -8.5283 -1.51628e-18)
(-6.96521 -8.4374 -1.40158e-19)
(-6.70539 -8.28089 2.44435e-18)
(-6.4391 -8.08859 1.63704e-19)
(-6.18987 -7.87546 -1.741e-18)
(-6.04189 -7.61946 2.82957e-18)
(-6.17028 -7.21219 -4.73139e-19)
(-6.38394 -11.8918 -4.61412e-18)
(-7.5993 -9.29608 9.63159e-18)
(-7.10084 -9.2459 1.28545e-18)
(-6.6419 -9.27324 -2.41577e-18)
(-6.35362 -9.14826 1.67145e-18)
(-6.08349 -8.95473 -3.39193e-18)
(-5.80939 -8.72817 3.50099e-18)
(-5.55113 -8.48998 -2.46944e-18)
(-5.34692 -8.24553 5.75745e-19)
(-5.31553 -7.92406 1.41951e-18)
(-5.43873 -12.4009 2.75622e-18)
(-6.91416 -10.0302 -5.97534e-18)
(-6.44148 -9.99296 -5.82946e-18)
(-5.97406 -9.98945 -9.20399e-19)
(-5.67845 -9.82872 1.47961e-18)
(-5.40437 -9.59769 -9.88057e-19)
(-5.13014 -9.33576 -8.53124e-19)
(-4.87387 -9.06361 9.27918e-19)
(-4.66853 -8.78322 -1.92083e-18)
(-4.61968 -8.44631 2.17585e-18)
(-4.45698 -12.8499 -6.04537e-18)
(-6.16836 -10.7315 -6.5311e-19)
(-5.71611 -10.7062 1.97571e-18)
(-5.24203 -10.6679 2.2381e-18)
(-4.94386 -10.4694 -3.3659e-18)
(-4.67108 -10.2017 2.3738e-19)
(-4.39937 -9.9101 -1.26135e-18)
(-4.14342 -9.6211 -2.32611e-18)
(-3.9249 -9.34917 4.27428e-18)
(-3.82621 -9.06985 1.00707e-18)
(-3.44061 -13.239 4.3641e-18)
(-5.36245 -11.3947 1.17749e-19)
(-4.92643 -11.3786 2.5913e-18)
(-4.44927 -11.3009 -1.51871e-19)
(-4.15464 -11.0619 2.61696e-18)
(-3.891 -10.7556 1.14422e-18)
(-3.63294 -10.4306 2.35227e-18)
(-3.39594 -10.1137 -2.16722e-18)
(-3.19872 -9.81734 -1.32433e-19)
(-3.09446 -9.52781 -1.74852e-18)
(-2.39308 -13.5643 5.53191e-18)
(-4.49703 -12.0125 -2.67556e-18)
(-4.07441 -12.0012 -4.36013e-19)
(-3.59918 -11.8794 -7.19441e-19)
(-3.31434 -11.5983 -7.0746e-19)
(-3.06554 -11.2544 -7.86179e-19)
(-2.82457 -10.8999 1.16427e-18)
(-2.60492 -10.5638 -1.30708e-18)
(-2.41746 -10.2615 1.14245e-18)
(-2.29502 -9.98742 6.58718e-20)
(-1.31719 -13.8236 -5.38947e-18)
(-3.57367 -12.5773 -1.93787e-18)
(-3.16323 -12.5656 3.15153e-18)
(-2.69648 -12.3954 -9.81448e-19)
(-2.4289 -12.0708 1.22896e-18)
(-2.20255 -11.6894 -3.22225e-18)
(-1.98696 -11.3048 2.27799e-18)
(-1.79427 -10.9452 -7.28591e-19)
(-1.62943 -10.6227 5.58269e-19)
(-1.50612 -10.3333 -1.09712e-18)
(-0.216627 -14.0128 2.49202e-18)
(-2.59477 -13.0803 -7.96845e-19)
(-2.19686 -13.0624 -1.05142e-18)
(-1.74632 -12.8406 -3.91945e-19)
(-1.50333 -12.4728 2.39446e-19)
(-1.30501 -12.0568 5.12863e-19)
(-1.11766 -11.6469 -9.71471e-19)
(-0.950218 -11.2713 5.70289e-19)
(-0.800565 -10.9416 9.31415e-19)
(-0.674722 -10.655 -1.10509e-18)
(0.904731 -14.1277 1.93306e-18)
(-1.56396 -13.5129 -2.63332e-20)
(-1.18062 -13.4831 1.63752e-18)
(-0.755275 -13.2076 -1.27694e-18)
(-0.54497 -12.7978 3.49633e-19)
(-0.381566 -12.3498 -3.62331e-19)
(-0.22876 -11.917 -1.60061e-19)
(-0.0927035 -11.526 -1.17421e-19)
(0.0340863 -11.1853 8.2969e-19)
(0.148229 -10.8908 6.05003e-19)
(2.04177 -14.1619 -3.65971e-19)
(-0.48667 -13.865 -2.45102e-19)
(-0.121062 -13.819 -1.74737e-19)
(0.269706 -13.4896 -5.58022e-19)
(0.439801 -13.0406 5.10199e-19)
(0.563009 -12.5649 1.40107e-19)
(0.677998 -12.1142 -3.19847e-19)
(0.781932 -11.7137 -8.94847e-20)
(0.886745 -11.3701 -1.38307e-19)
(0.982627 -11.081 1.9822e-21)
(1.52896 -10.3502 -1.24775e-20)
(0.887234 -8.21482 -3.57432e-21)
(0.566373 -6.35583 8.59137e-21)
(0.641821 -5.08862 -3.43429e-21)
(0.620467 -3.87705 -1.34261e-22)
(0.569346 -2.76885 2.8193e-22)
(0.526156 -1.90782 -6.62885e-23)
(0.476969 -1.27201 -8.244e-23)
(0.441851 -0.833434 5.18566e-23)
(0.417584 -0.542756 3.10854e-23)
(0.406837 -0.354502 -8.91625e-23)
(0.406568 -0.231822 4.17966e-23)
(0.409494 -0.147225 -3.47135e-23)
(0.41323 -0.086391 -9.15791e-23)
(0.40651 -0.0407352 1.64541e-23)
(0.397296 0.00346802 -4.07754e-23)
(0.386959 0.0269102 1.56251e-23)
(0.374791 0.05635 1.26744e-23)
(0.386681 0.0633795 -1.70225e-23)
(0.41478 0.0621567 -1.76509e-23)
(2.233 -10.4495 8.15137e-20)
(1.40546 -8.34809 2.18914e-20)
(0.863693 -6.4448 -1.63904e-20)
(0.792353 -5.1202 3.54335e-21)
(0.71505 -3.90154 -4.71732e-21)
(0.624128 -2.78077 1.93428e-21)
(0.547728 -1.9071 3.25519e-22)
(0.479436 -1.26928 -1.66604e-22)
(0.43276 -0.831091 7.51125e-23)
(0.40168 -0.541558 1.96813e-23)
(0.386612 -0.354497 6.65012e-24)
(0.383616 -0.232436 2.72107e-22)
(0.384395 -0.147843 -3.6149e-22)
(0.386323 -0.0864167 -3.52567e-22)
(0.377631 -0.0400185 7.26667e-23)
(0.367611 0.00425241 6.07626e-23)
(0.357369 0.0277442 -1.26438e-22)
(0.346484 0.0562467 1.80038e-22)
(0.362568 0.0618447 3.96613e-23)
(0.388923 0.0612 4.18903e-23)
(2.90384 -10.4272 -1.71746e-19)
(1.91258 -8.40832 6.91803e-20)
(1.17323 -6.52305 7.73523e-20)
(0.954591 -5.16001 -2.15494e-20)
(0.814833 -3.93023 1.05266e-21)
(0.683932 -2.79917 3.54778e-21)
(0.573282 -1.91196 8.15474e-22)
(0.484268 -1.27006 -3.88397e-22)
(0.425556 -0.830985 -9.80347e-23)
(0.387447 -0.54165 -1.14234e-22)
(0.367869 -0.355185 -5.41507e-23)
(0.361991 -0.233405 1.31247e-23)
(0.360568 -0.148625 3.82026e-22)
(0.360687 -0.0864829 2.76227e-22)
(0.350182 -0.0393316 -1.78105e-22)
(0.339622 0.00497275 1.84562e-22)
(0.329548 0.0284717 -4.73855e-23)
(0.320306 0.0559223 -1.01842e-22)
(0.339979 0.0602449 -1.47968e-22)
(0.364305 0.0603273 6.94908e-23)
(3.60288 -10.4146 -4.96945e-20)
(2.44593 -8.4661 1.34773e-19)
(1.5097 -6.58555 -5.59324e-20)
(1.13394 -5.18877 -1.09182e-20)
(0.921246 -3.95118 6.63641e-21)
(0.748521 -2.81795 5.15429e-22)
(0.603046 -1.9207 -1.21363e-21)
(0.491752 -1.27401 -1.18419e-22)
(0.420377 -0.833034 3.94668e-22)
(0.374974 -0.542996 2.99379e-22)
(0.350668 -0.356537 -6.61305e-22)
(0.341739 -0.234715 9.30517e-23)
(0.338049 -0.149572 -5.01017e-23)
(0.336357 -0.0866079 -1.40917e-23)
(0.324203 -0.0387038 8.68366e-23)
(0.313341 0.00560905 -1.35452e-22)
(0.303502 0.029074 -1.17836e-22)
(0.296181 0.0553896 -2.42671e-22)
(0.318783 0.0586132 2.30925e-22)
(0.340891 0.0595436 -1.46843e-22)
(4.2773 -10.3189 9.70855e-21)
(2.98144 -8.43586 1.19361e-20)
(1.86339 -6.58059 5.30353e-21)
(1.32605 -5.18038 2.37141e-20)
(1.03152 -3.95477 8.1926e-21)
(0.815671 -2.83338 -5.16078e-21)
(0.636307 -1.93215 1.05863e-21)
(0.501921 -1.28079 3.30088e-22)
(0.417302 -0.837099 2.32221e-22)
(0.364321 -0.545541 3.58236e-22)
(0.335056 -0.358519 -6.9077e-23)
(0.322898 -0.236349 -6.55605e-22)
(0.316872 -0.150684 -1.03741e-22)
(0.313364 -0.0868089 -2.84635e-22)
(0.299722 -0.0381611 3.73108e-22)
(0.288763 0.00614488 -1.833e-22)
(0.279219 0.0295383 4.66893e-22)
(0.274013 0.0546674 7.56066e-23)
(0.298861 0.0569802 7.48573e-23)
(0.31866 0.0588495 -1.25591e-23)
(4.9641 -10.1652 -3.87243e-19)
(3.53867 -8.32464 -5.33974e-20)
(2.23376 -6.51831 3.65041e-20)
(1.5259 -5.1536 -6.24973e-20)
(1.14173 -3.96045 -2.08223e-20)
(0.88299 -2.85639 9.48275e-21)
(0.672277 -1.94986 -3.33998e-21)
(0.514754 -1.29105 3.93373e-22)
(0.416367 -0.843182 -6.71549e-22)
(0.355525 -0.549234 -3.22245e-22)
(0.321062 -0.361089 -2.23053e-22)
(0.30549 -0.238283 6.04213e-22)
(0.29706 -0.151958 -2.75264e-22)
(0.291732 -0.087098 -8.84361e-22)
(0.276756 -0.0377223 -2.52199e-22)
(0.265868 0.00657044 3.32687e-22)
(0.256664 0.0298591 3.48556e-23)
(0.253689 0.0537802 1.43547e-22)
(0.280109 0.0553733 -1.42472e-22)
(0.297598 0.0582423 5.27405e-23)
(5.63949 -9.90193 -7.19441e-19)
(4.09339 -8.20017 1.28024e-19)
(2.61019 -6.50966 -4.3948e-21)
(1.73184 -5.19789 7.64912e-20)
(1.25379 -4.02596 -2.21349e-20)
(0.952746 -2.91561 -8.34525e-21)
(0.712411 -1.98406 -7.63522e-22)
(0.530894 -1.3076 -9.21859e-22)
(0.417722 -0.851966 -1.84606e-21)
(0.348614 -0.554246 8.7487e-23)
(0.308705 -0.364286 -4.52357e-22)
(0.289532 -0.240526 7.56108e-22)
(0.278626 -0.153402 -4.77327e-22)
(0.271475 -0.0874944 6.70391e-22)
(0.255305 -0.037408 3.54104e-22)
(0.244619 0.00687603 -5.86616e-22)
(0.235791 0.0300336 -1.81893e-22)
(0.235088 0.0527542 -4.61398e-22)
(0.262436 0.0538149 8.40676e-23)
(0.277697 0.0577154 -5.09312e-23)
(6.31698 -9.76663 -2.85766e-19)
(4.66491 -8.34172 6.30043e-20)
(3.02301 -6.73148 -1.08596e-19)
(1.96603 -5.40672 -1.38273e-20)
(1.38309 -4.19391 -3.18349e-20)
(1.03482 -3.02899 -6.18915e-23)
(0.761759 -2.04281 2.53487e-21)
(0.552264 -1.33394 1.09379e-21)
(0.42187 -0.86487 1.80375e-22)
(0.343693 -0.561178 1.03252e-21)
(0.29801 -0.368382 -1.77245e-22)
(0.275031 -0.243215 -8.50322e-24)
(0.261577 -0.155109 -4.25926e-22)
(0.252596 -0.0880749 1.12915e-22)
(0.235356 -0.0372829 -9.22493e-22)
(0.224968 0.00701814 -1.1027e-22)
(0.216535 0.0300365 2.32512e-22)
(0.218085 0.051597 4.637e-22)
(0.245767 0.0523098 -1.05133e-22)
(0.258958 0.0572549 6.1661e-23)
(6.9506 -9.93386 -2.57078e-19)
(5.28466 -8.70896 4.31916e-19)
(3.51236 -7.0887 -1.70234e-19)
(2.25723 -5.68546 -8.46163e-20)
(1.54787 -4.38447 6.91165e-21)
(1.13879 -3.15152 1.30028e-20)
(0.825064 -2.1112 8.01444e-21)
(0.581108 -1.36686 5.77655e-22)
(0.429594 -0.881403 3.22653e-22)
(0.340979 -0.570134 -2.92244e-22)
(0.289044 -0.373546 -1.4074e-21)
(0.262009 -0.246481 6.76808e-22)
(0.245913 -0.157189 -4.31051e-22)
(0.235093 -0.0889386 -9.68015e-22)
(0.216884 -0.0374352 1.10435e-21)
(0.206853 0.00692593 -2.61676e-23)
(0.198824 0.0298185 -6.26376e-22)
(0.202554 0.0502929 5.53903e-23)
(0.230042 0.0508423 -5.59778e-23)
(0.241383 0.0568391 3.54051e-23)
(7.47688 -9.6116 -6.10261e-19)
(5.8997 -8.4611 4.85026e-19)
(4.02072 -7.00965 -9.61648e-20)
(2.58302 -5.66142 -9.07941e-20)
(1.73768 -4.37727 2.62784e-20)
(1.25626 -3.1713 -1.852e-20)
(0.897969 -2.14261 -9.00863e-21)
(0.616776 -1.38869 4.33591e-21)
(0.441019 -0.894291 -3.02133e-21)
(0.340528 -0.577982 2.32427e-21)
(0.28183 -0.378304 -4.13359e-22)
(0.250472 -0.249545 -7.71437e-22)
(0.23163 -0.159146 -1.11237e-21)
(0.218951 -0.0897355 2.22239e-22)
(0.199852 -0.0375782 1.27585e-22)
(0.190207 0.00681736 -3.77948e-22)
(0.182578 0.0295383 4.32742e-22)
(0.188375 0.0489714 -6.66273e-23)
(0.215214 0.0494788 1.3767e-23)
(0.224976 0.0564785 -1.62421e-23)
(7.99229 -7.63349 0)
(6.27214 -6.78907 0)
(4.41681 -5.981 0)
(2.92219 -5.05056 0)
(1.96161 -4.0497 0)
(1.40193 -3.04278 0)
(0.995228 -2.11851 0)
(0.669601 -1.38987 0)
(0.459967 -0.897337 0)
(0.342139 -0.580811 0)
(0.273823 -0.380154 0)
(0.236248 -0.250811 0)
(0.213432 -0.159725 0)
(0.198048 -0.0892137 0)
(0.177672 -0.0364311 0)
(0.168484 0.00773036 0)
(0.161355 0.0298747 0)
(0.169912 0.047692 0)
(0.195377 0.0480552 0)
(0.203543 0.0561707 0)
(7.90797 -6.62004 0)
(6.41569 -6.57285 0)
(4.442 -5.79557 0)
(2.79091 -4.63142 0)
(1.85667 -3.54209 0)
(1.35435 -2.62797 0)
(0.977699 -1.85889 0)
(0.662765 -1.24592 0)
(0.451558 -0.820581 0)
(0.330809 -0.543084 0)
(0.258419 -0.361756 0)
(0.215944 -0.24138 0)
(0.189183 -0.154151 0)
(0.170894 -0.0850219 0)
(0.149531 -0.0331542 0)
(0.141374 0.00927899 0)
(0.135134 0.0298177 0)
(0.147198 0.0453656 0)
(0.169894 0.0458812 0)
(0.177308 0.0556942 0)
(7.73486 -4.91693 0)
(6.18546 -4.66368 0)
(4.5219 -4.36907 0)
(3.15211 -3.88684 0)
(2.12449 -3.1886 0)
(1.46952 -2.44122 0)
(1.02272 -1.74361 0)
(0.678298 -1.16996 0)
(0.446726 -0.766607 0)
(0.316834 -0.509203 0)
(0.240311 -0.342693 0)
(0.193535 -0.23054 0)
(0.163248 -0.1473 0)
(0.142468 -0.0800069 0)
(0.120827 -0.029545 0)
(0.114156 0.0105896 0)
(0.109035 0.0291263 0)
(0.124457 0.0424122 0)
(0.143245 0.043479 0)
(0.151585 0.0550907 0)
(6.80762 -3.78307 0)
(5.72933 -4.39888 0)
(4.38453 -4.47356 0)
(2.92088 -3.71343 0)
(1.88959 -2.78205 0)
(1.32143 -2.02969 0)
(0.955055 -1.46707 0)
(0.657227 -1.02621 0)
(0.434794 -0.69248 0)
(0.301072 -0.468196 0)
(0.221216 -0.320386 0)
(0.170296 -0.217845 0)
(0.136499 -0.139191 0)
(0.113555 -0.074315 0)
(0.0924055 -0.0257616 0)
(0.0876092 0.0116094 0)
(0.0838092 0.0278702 0)
(0.102193 0.0390691 0)
(0.116247 0.0409772 0)
(0.127838 0.0542151 0)
(6.06324 -2.92998 0)
(5.3645 -3.26452 0)
(4.16597 -2.88349 0)
(3.00827 -2.52743 0)
(2.09997 -2.21061 0)
(1.42056 -1.75777 0)
(0.962234 -1.29284 0)
(0.648018 -0.908342 0)
(0.425079 -0.617062 0)
(0.286136 -0.420438 0)
(0.202567 -0.292417 0)
(0.14755 -0.201494 0)
(0.110096 -0.128789 0)
(0.0852113 -0.0675016 0)
(0.065259 -0.0217095 0)
(0.0625749 0.012263 0)
(0.0602697 0.026014 0)
(0.0810723 0.0354075 0)
(0.0901297 0.0382211 0)
(0.107752 0.0527054 0)
(5.27604 -2.13507 0)
(4.60492 -2.34919 0)
(3.63461 -2.59338 0)
(2.60124 -2.63393 0)
(1.67352 -2.09813 0)
(1.07493 -1.42445 0)
(0.784642 -0.99437 0)
(0.588245 -0.731015 0)
(0.406857 -0.520524 0)
(0.271848 -0.363189 0)
(0.185569 -0.257813 0)
(0.126711 -0.180477 0)
(0.0854645 -0.115436 0)
(0.0587341 -0.0593511 0)
(0.0404613 -0.017489 0)
(0.0399116 0.0123362 0)
(0.0392713 0.0234687 0)
(0.0619702 0.0313829 0)
(0.0664553 0.0348388 0)
(0.092875 0.0499813 0)
(4.23007 -1.44919 0)
(3.73624 -1.71456 0)
(3.06702 -1.84592 0)
(2.34459 -1.5269 0)
(1.72049 -1.13529 0)
(1.24216 -0.923772 0)
(0.891397 -0.768058 0)
(0.617741 -0.593519 0)
(0.405133 -0.425488 0)
(0.261869 -0.300016 0)
(0.172103 -0.2167 0)
(0.109416 -0.153909 0)
(0.0641934 -0.0984789 0)
(0.0355551 -0.0496882 0)
(0.0190787 -0.0132872 0)
(0.0204585 0.0115821 0)
(0.0216591 0.0201371 0)
(0.0458735 0.0268169 0)
(0.0468149 0.0303018 0)
(0.0840613 0.0452531 0)
(3.20525 -0.920492 0)
(2.87605 -1.09898 0)
(2.41729 -1.13143 0)
(1.87982 -1.09759 0)
(1.3325 -1.04583 0)
(0.887673 -0.857056 0)
(0.60941 -0.606352 0)
(0.453906 -0.422283 0)
(0.342498 -0.308343 0)
(0.2452 -0.227752 0)
(0.163611 -0.167962 0)
(0.0973921 -0.120211 0)
(0.0477166 -0.0768588 0)
(0.0169791 -0.0381578 0)
(0.00203606 -0.00923715 0)
(0.0049671 0.00979729 0)
(0.00813011 0.0158712 0)
(0.0336052 0.0213338 0)
(0.0323515 0.0240448 0)
(0.0809533 0.0375646 0)
(2.44789 -0.492008 0)
(2.22438 -0.575717 0)
(1.93886 -0.624603 0)
(1.61513 -0.622459 0)
(1.29846 -0.526694 0)
(1.01526 -0.397136 0)
(0.773999 -0.307616 0)
(0.580503 -0.254418 0)
(0.419009 -0.204794 0)
(0.280631 -0.151768 0)
(0.171486 -0.108571 0)
(0.0915591 -0.0768607 0)
(0.0362509 -0.0493182 0)
(0.00369787 -0.0243245 0)
(-0.0100433 -0.00538204 0)
(-0.00599589 0.00682667 0)
(-0.000956546 0.0104489 0)
(0.0255092 0.014363 0)
(0.0233372 0.0157201 0)
(0.0818016 0.0259105 0)
(2.0491 -0.157002 0)
(1.87955 -0.184635 0)
(1.67948 -0.202681 0)
(1.44166 -0.199062 0)
(1.16706 -0.179151 0)
(0.880955 -0.155846 0)
(0.63503 -0.128903 0)
(0.458211 -0.0985124 0)
(0.331348 -0.0692065 0)
(0.228611 -0.0467688 0)
(0.143925 -0.0332326 0)
(0.0767606 -0.0246947 0)
(0.0265298 -0.0165675 0)
(-0.0044021 -0.00830272 0)
(-0.0167678 -0.00172682 0)
(-0.0119923 0.00252847 0)
(-0.00560039 0.00371291 0)
(0.0214343 0.00523347 0)
(0.0191678 0.005503 0)
(0.0837967 0.00951931 0)
(11.6129 -0.39472 3.8248e-20)
(11.3324 -1.24141 -7.54195e-20)
(11.2798 -1.96907 -3.58152e-19)
(10.8319 -2.86718 -6.5069e-20)
(10.7461 -3.54717 1.80833e-19)
(10.07 -4.50825 2.76188e-19)
(9.91898 -5.09123 -1.34325e-18)
(8.90257 -6.17601 -5.08512e-19)
(8.77173 -6.55859 8.20061e-20)
(7.57909 -7.91375 -1.02588e-19)
(10.5266 -0.464793 -4.4104e-21)
(10.2429 -1.1955 -6.39035e-20)
(10.1243 -1.84038 2.49789e-19)
(9.74277 -2.57471 1.68201e-19)
(9.60286 -3.17777 2.3702e-19)
(9.08931 -3.92505 3.29882e-19)
(8.90975 -4.45246 -2.69084e-19)
(8.3037 -5.21053 -8.27328e-20)
(8.27476 -5.55873 -3.66907e-19)
(7.87088 -6.33812 5.41024e-19)
(9.22581 -0.732479 1.48191e-20)
(9.0005 -1.28171 1.10799e-21)
(8.8621 -1.7447 6.48071e-20)
(8.61971 -2.25983 -1.23274e-20)
(8.5187 -2.64933 -1.15318e-19)
(8.27775 -3.14632 -2.83484e-19)
(8.24607 -3.4349 1.12023e-19)
(8.0437 -3.9394 -1.84633e-20)
(8.0941 -4.10624 4.75717e-19)
(7.91811 -4.72171 3.10459e-19)
(7.82911 -0.768359 2.6842e-20)
(7.70015 -1.12895 2.35991e-20)
(7.61552 -1.42735 -2.3952e-20)
(7.52209 -1.74942 -8.36518e-20)
(7.48718 -1.99007 -2.37633e-21)
(7.42127 -2.31083 2.88504e-20)
(7.38883 -2.50895 -9.21961e-20)
(7.28477 -2.88653 2.2484e-20)
(7.18635 -3.04907 -1.9683e-19)
(7.11815 -3.54235 -2.9223e-19)
(6.72874 -0.576401 -1.20208e-20)
(6.66364 -0.813059 1.88626e-21)
(6.61531 -1.02527 8.03889e-21)
(6.56207 -1.24795 4.52027e-20)
(6.50915 -1.44695 -2.26415e-20)
(6.42798 -1.68647 -5.5439e-20)
(6.3346 -1.88302 -2.57275e-21)
(6.23396 -2.15467 9.73099e-20)
(6.16735 -2.31895 1.67198e-20)
(6.18941 -2.6217 6.19734e-20)
(5.72786 -0.483204 -1.14963e-21)
(5.67651 -0.648369 -9.45858e-21)
(5.62491 -0.807564 -4.73827e-21)
(5.56684 -0.971293 1.6868e-20)
(5.50414 -1.12686 1.56817e-20)
(5.44579 -1.29214 3.17535e-20)
(5.39912 -1.43211 6.6081e-20)
(5.3824 -1.59314 -5.77701e-20)
(5.37012 -1.7028 7.65154e-20)
(5.40531 -1.88556 -2.95187e-20)
(4.60479 -0.391931 4.91427e-21)
(4.5651 -0.498969 -4.21207e-21)
(4.52847 -0.603108 -6.28492e-21)
(4.49633 -0.70582 -1.42216e-20)
(4.46825 -0.802615 -3.64296e-20)
(4.45006 -0.899692 1.06374e-20)
(4.42944 -0.987074 -2.47234e-20)
(4.42084 -1.08814 1.90944e-20)
(4.38735 -1.16836 -4.4461e-21)
(4.40767 -1.29741 -2.54151e-20)
(3.54889 -0.264246 -8.9481e-22)
(3.52402 -0.325815 -7.16339e-21)
(3.50008 -0.386236 -9.41486e-21)
(3.47634 -0.446064 -3.60998e-21)
(3.45146 -0.505444 3.83997e-21)
(3.42626 -0.565945 -7.64757e-21)
(3.39802 -0.626227 -1.1715e-21)
(3.37506 -0.690573 -1.50725e-20)
(3.34495 -0.748262 1.04823e-20)
(3.34707 -0.823129 -8.13694e-21)
(2.77317 -0.147073 1.41849e-21)
(2.75379 -0.179681 -2.67893e-21)
(2.73256 -0.212203 3.06657e-22)
(2.70959 -0.244726 -1.42089e-20)
(2.68511 -0.277192 7.07638e-21)
(2.65968 -0.309503 8.32229e-21)
(2.63332 -0.34137 -2.40781e-21)
(2.60729 -0.373122 6.77798e-21)
(2.57866 -0.403467 -2.3652e-21)
(2.55738 -0.437918 5.2953e-22)
(2.37597 -0.0523663 -1.87372e-21)
(2.35963 -0.0622953 1.8735e-21)
(2.34061 -0.0721683 1.84714e-21)
(2.31902 -0.0819833 -1.72549e-21)
(2.29498 -0.091735 -1.06371e-20)
(2.26858 -0.101431 1.58576e-20)
(2.23991 -0.111087 1.13458e-21)
(2.20921 -0.120753 2.06834e-20)
(2.17635 -0.130295 -1.49143e-20)
(2.14295 -0.140452 -4.37862e-21)
(10.0608 6.09315 3.68911e-19)
(10.6578 5.78618 -2.06616e-19)
(10.5759 5.29863 5.86896e-19)
(10.7932 4.67673 -7.69426e-19)
(11.131 4.02792 -4.34257e-19)
(11.3183 3.33414 -1.6851e-19)
(11.5014 2.6371 6.11923e-20)
(11.5543 1.87412 4.40304e-19)
(11.6779 1.14178 4.34749e-20)
(11.5916 0.337529 -7.16019e-20)
(10.0975 6.22917 -9.59617e-19)
(10.3745 5.68294 5.09587e-19)
(10.1141 5.04426 2.37568e-19)
(10.1555 4.37105 -2.84141e-19)
(10.4219 3.69014 -5.47265e-19)
(10.5769 2.99216 1.37533e-19)
(10.6776 2.31627 -1.61083e-19)
(10.6676 1.61018 -3.0896e-19)
(10.7067 0.931064 5.94902e-20)
(10.5858 0.207118 2.17624e-20)
(9.84041 5.24315 -5.8683e-19)
(9.74234 4.60153 -8.13323e-19)
(9.2538 3.91726 9.63373e-21)
(9.18409 3.28609 3.8719e-19)
(9.3887 2.68031 4.65273e-19)
(9.5347 2.07457 -3.04891e-19)
(9.5771 1.49875 3.93309e-20)
(9.5255 0.920126 -7.26939e-20)
(9.47653 0.368087 -3.26592e-20)
(9.3448 -0.206267 3.65326e-21)
(8.9183 3.80339 5.66457e-19)
(8.64753 3.19773 3.82772e-19)
(8.03298 2.64465 -6.84331e-20)
(7.86559 2.16625 -2.68507e-19)
(8.02096 1.70785 -4.76071e-20)
(8.17245 1.25072 1.42698e-20)
(8.20378 0.815864 1.12972e-19)
(8.13983 0.394036 1.04668e-20)
(8.05194 -0.00538577 -1.3644e-20)
(7.93692 -0.405124 -1.72946e-20)
(7.8102 2.61387 -1.89887e-19)
(7.51664 2.14478 1.02096e-20)
(6.94798 1.75686 -1.70203e-19)
(6.73116 1.43921 -4.02524e-20)
(6.82347 1.13055 1.09737e-20)
(6.96581 0.813116 6.77907e-20)
(7.0131 0.503658 -7.68928e-20)
(6.96692 0.209396 2.96626e-20)
(6.88581 -0.0663786 -1.96254e-20)
(6.80034 -0.331577 1.3027e-20)
(6.63023 1.62572 4.16313e-20)
(6.40316 1.29503 -1.32848e-19)
(5.97054 1.03995 8.02938e-20)
(5.75974 0.845202 2.09926e-20)
(5.78395 0.658688 1.31093e-20)
(5.88243 0.457493 -1.75561e-20)
(5.93138 0.250604 2.13366e-20)
(5.90845 0.0506756 -4.56761e-20)
(5.84865 -0.136821 2.12091e-20)
(5.78412 -0.314639 -3.79805e-21)
(5.23681 0.884701 5.84021e-20)
(5.11083 0.674574 4.00902e-20)
(4.8549 0.521549 -5.33224e-20)
(4.70346 0.413371 1.80704e-20)
(4.68633 0.313399 -5.43563e-21)
(4.72764 0.200637 3.47999e-20)
(4.75315 0.0766236 2.46828e-20)
(4.73857 -0.0486349 -1.34458e-21)
(4.69731 -0.168561 -5.46939e-21)
(4.64933 -0.282545 4.1165e-21)
(3.84342 0.432879 -2.64417e-21)
(3.81304 0.320451 -9.0234e-21)
(3.72009 0.238758 1.35248e-20)
(3.65179 0.181559 -2.117e-20)
(3.63044 0.129749 3.19276e-20)
(3.63488 0.0708007 -6.60889e-21)
(3.63749 0.00368632 -3.43144e-21)
(3.62591 -0.0665159 1.74075e-20)
(3.60279 -0.135265 -4.49726e-21)
(3.57551 -0.20103 4.09059e-22)
(2.83932 0.194397 8.38108e-21)
(2.8623 0.147278 -1.28114e-21)
(2.8548 0.109531 -3.75836e-21)
(2.83979 0.0795751 -2.67926e-21)
(2.8307 0.0515887 4.78185e-21)
(2.82744 0.0214029 6.0549e-21)
(2.82435 -0.011667 4.88542e-21)
(2.81735 -0.0461635 1.00507e-20)
(2.80574 -0.0805357 -4.23481e-21)
(2.79064 -0.114137 -2.1512e-23)
(2.35162 0.0497275 -4.63176e-21)
(2.39383 0.0375373 -1.93475e-20)
(2.40978 0.0266393 1.32456e-20)
(2.41179 0.0169229 -1.64778e-21)
(2.41128 0.00760083 1.80215e-20)
(2.41135 -0.00195044 3.57805e-21)
(2.41052 -0.0118928 1.24618e-21)
(2.40697 -0.0220675 2.06205e-21)
(2.39993 -0.0322618 1.58804e-21)
(2.3895 -0.0423643 -1.89114e-21)
(1.00987 0.276662 0)
(1.1011 0.850895 0)
(1.31197 1.51921 0)
(1.71426 2.34106 0)
(2.15098 3.14004 0)
(2.59208 3.82447 0)
(3.22943 4.50514 0)
(4.01477 5.49601 0)
(5.79379 6.19022 0)
(7.39496 7.07443 0)
(1.01003 0.254588 0)
(1.11046 0.784134 0)
(1.30438 1.38109 0)
(1.71016 2.15195 0)
(2.19768 2.94827 0)
(2.69884 3.66539 0)
(3.41894 4.2824 0)
(4.10896 5.21563 0)
(6.0301 5.76983 0)
(7.52326 6.6061 0)
(1.00814 0.22677 0)
(1.11699 0.706429 0)
(1.29653 1.21501 0)
(1.6787 1.8927 0)
(2.23554 2.6483 0)
(2.74278 3.35625 0)
(3.60935 3.85172 0)
(4.18762 4.72112 0)
(6.12707 5.00972 0)
(7.14394 5.32339 0)
(1.00762 0.193737 0)
(1.11265 0.617314 0)
(1.29634 1.04481 0)
(1.60372 1.58785 0)
(2.19476 2.21841 0)
(2.74035 2.98753 0)
(3.6935 3.21842 0)
(4.01359 3.92748 0)
(6.30301 4.3027 0)
(6.41778 3.97123 0)
(1.0099 0.15557 0)
(1.10337 0.523622 0)
(1.28265 0.849317 0)
(1.53689 1.33271 0)
(2.07467 1.65258 0)
(2.46803 2.45732 0)
(3.86271 2.73112 0)
(3.44643 2.86853 0)
(6.1069 3.41295 0)
(5.96484 2.93708 0)
(1.01944 0.115502 0)
(1.07572 0.430289 0)
(1.305 0.642483 0)
(1.35593 1.0612 0)
(2.12655 1.25824 0)
(1.81479 1.64664 0)
(3.75846 2.21414 0)
(3.04311 2.05251 0)
(5.21121 2.30934 0)
(5.33762 1.97489 0)
(1.03547 0.0875603 0)
(1.02601 0.32145 0)
(1.35381 0.488764 0)
(1.1376 0.72136 0)
(2.08522 0.982455 0)
(1.49106 1.01485 0)
(3.05872 1.42517 0)
(2.79635 1.43642 0)
(4.00262 1.34331 0)
(4.4147 1.2002 0)
(1.03349 0.0701072 0)
(1.01676 0.215065 0)
(1.28919 0.348075 0)
(1.13976 0.457075 0)
(1.73111 0.624421 0)
(1.56978 0.683955 0)
(2.20865 0.725787 0)
(2.43801 0.863283 0)
(2.88905 0.671026 0)
(3.44317 0.655984 0)
(1.0149 0.046091 0)
(1.03404 0.127089 0)
(1.16268 0.197386 0)
(1.19648 0.269569 0)
(1.40271 0.309409 0)
(1.54531 0.397453 0)
(1.72073 0.339625 0)
(2.04776 0.430133 0)
(2.19549 0.296251 0)
(2.65845 0.30188 0)
(1.00388 0.0154308 0)
(1.03509 0.0426939 0)
(1.09694 0.0621012 0)
(1.18274 0.0897343 0)
(1.28251 0.0932753 0)
(1.43777 0.125943 0)
(1.55666 0.105184 0)
(1.77265 0.127361 0)
(1.91101 0.0835718 0)
(2.20005 0.0782044 0)
(1.00326 0.368063 -5.53584e-22)
(1.08561 1.13731 8.52261e-22)
(1.24507 1.99073 -1.07985e-21)
(1.39382 2.81276 1.07865e-21)
(1.46878 3.50695 1.28664e-22)
(1.54399 4.21216 1.4948e-23)
(1.67184 5.16872 5.44243e-23)
(1.90714 6.27793 3.70458e-21)
(2.05241 7.62277 -1.16599e-20)
(1.67572 9.37994 6.5246e-21)
(1.00312 0.357444 1.181e-21)
(1.08577 1.10466 -3.08784e-21)
(1.25967 1.94638 5.63206e-22)
(1.44057 2.777 -4.31597e-21)
(1.55339 3.48041 7.11023e-22)
(1.66816 4.17049 -2.23521e-21)
(1.83964 5.10636 1.32612e-20)
(2.16839 6.18243 1.08774e-20)
(2.51039 7.44452 2.27055e-20)
(2.40027 9.13156 -9.30357e-20)
(1.00319 0.347269 -1.53484e-21)
(1.08587 1.07283 8.70047e-21)
(1.27184 1.90077 -3.8375e-21)
(1.48344 2.73793 -7.55924e-22)
(1.63313 3.45188 -1.37955e-21)
(1.78793 4.12817 1.2206e-21)
(2.00001 5.04599 -1.1535e-20)
(2.4011 6.10073 -5.57533e-20)
(2.94244 7.29947 1.20623e-19)
(2.98483 9.07959 -5.56369e-20)
(1.00345 0.337571 5.09885e-21)
(1.08616 1.04217 -8.99507e-21)
(1.28198 1.8547 4.92362e-21)
(1.52288 2.6962 6.01806e-21)
(1.70836 3.42167 -1.00101e-21)
(1.9043 4.08492 -2.67014e-21)
(2.15838 4.983 1.27165e-20)
(2.63173 6.01796 4.68681e-20)
(3.36352 7.10079 3.84737e-21)
(3.74627 8.70798 -6.69333e-20)
(1.00386 0.328358 -1.30928e-21)
(1.08682 1.01292 8.80833e-22)
(1.29049 1.80886 -1.65386e-21)
(1.55935 2.65245 -2.51828e-21)
(1.77929 3.38985 -1.43556e-21)
(2.01578 4.04173 7.37833e-21)
(2.31165 4.91742 -6.78399e-21)
(2.83153 5.95601 1.79915e-20)
(3.75481 6.96861 3.1554e-20)
(4.26228 8.66742 -8.58459e-20)
(1.00442 0.319612 -2.54544e-23)
(1.08797 0.985227 3.57102e-21)
(1.29775 1.76382 3.28527e-22)
(1.59327 2.60755 1.67543e-22)
(1.84692 3.35693 3.21765e-21)
(2.12476 4.00032 -1.28983e-20)
(2.47173 4.84271 1.86639e-20)
(3.05409 5.87659 2.05882e-20)
(4.15768 6.73311 -4.03728e-20)
(5.08653 8.10816 4.08005e-19)
(1.00511 0.311303 -5.78073e-21)
(1.08965 0.959151 -1.89536e-21)
(1.30418 1.72004 -3.05549e-21)
(1.62492 2.56203 -1.01862e-21)
(1.91084 3.32163 2.30571e-21)
(2.2245 3.96271 -5.79079e-21)
(2.61943 4.7654 7.48189e-21)
(3.22426 5.82775 -7.11113e-21)
(4.50017 6.62928 2.13234e-19)
(5.48818 8.05434 -6.02503e-19)
(1.00593 0.303435 4.19235e-21)
(1.09187 0.934728 3.61443e-21)
(1.31011 1.67775 2.4117e-21)
(1.65499 2.51811 1.05299e-21)
(1.97554 3.28674 -3.64058e-21)
(2.3284 3.93114 1.15503e-20)
(2.79177 4.68177 4.35045e-21)
(3.46826 5.72678 -7.31803e-20)
(4.89731 6.39284 -1.46438e-20)
(6.44656 7.20331 -2.50641e-19)
(1.0069 0.296103 -1.38121e-21)
(1.09454 0.912393 2.766e-21)
(1.31615 1.63716 1.68334e-21)
(1.68163 2.47249 -1.35358e-21)
(2.0323 3.24628 -5.32947e-21)
(2.4089 3.902 1.13165e-20)
(2.91809 4.61396 -6.34285e-20)
(3.60078 5.67269 -4.25211e-20)
(5.1516 6.39794 4.87805e-20)
(6.64012 7.26151 -1.64287e-19)
(1.00806 0.28907 1.87234e-21)
(1.09744 0.892113 -6.95283e-22)
(1.32255 1.60347 -9.9634e-22)
(1.71512 2.44255 -1.54727e-21)
(2.10781 3.22293 4.51477e-21)
(2.53015 3.8878 -8.87335e-21)
(3.12413 4.57345 -3.70586e-20)
(3.9264 5.55254 9.01521e-20)
(5.59331 6.19582 4.90789e-20)
(7.86309 6.27996 -3.77961e-19)
(1.0073 0.466522 -9.94408e-22)
(1.00851 1.38765 -3.80708e-22)
(0.915332 2.20614 -3.71369e-21)
(0.684513 2.89578 1.56643e-20)
(0.387183 3.57306 -4.47255e-21)
(0.0679178 4.42445 -1.04572e-20)
(-0.533715 5.48955 2.95907e-20)
(-1.65539 6.60991 -1.08577e-19)
(-3.15228 7.68702 -7.64384e-20)
(-4.44026 8.36216 4.49053e-19)
(1.00908 0.461207 -1.86603e-21)
(1.02669 1.38143 -4.08794e-21)
(0.965418 2.21793 -6.28913e-21)
(0.776705 2.93055 1.41356e-20)
(0.51602 3.6306 -9.314e-21)
(0.249946 4.49953 1.10819e-20)
(-0.23763 5.58157 4.85683e-20)
(-1.20105 6.75158 2.89175e-20)
(-2.60033 7.96279 -2.66787e-20)
(-3.98581 8.71012 8.38826e-20)
(1.00979 0.453522 8.47159e-21)
(1.04263 1.36621 1.89797e-20)
(1.01278 2.21476 -1.13551e-20)
(0.866704 2.93633 4.36872e-21)
(0.64231 3.62303 4.2331e-21)
(0.419626 4.4552 8.9459e-21)
(0.033619 5.48247 -2.63269e-20)
(-0.763763 6.58553 4.54794e-20)
(-2.04065 7.75284 3.30268e-21)
(-3.44353 8.62095 1.15661e-19)
(1.00948 0.444542 -1.1487e-20)
(1.05545 1.34572 -1.83441e-20)
(1.05516 2.20261 -5.97572e-21)
(0.949166 2.93009 2.03045e-21)
(0.758245 3.59594 9.76239e-21)
(0.569356 4.38744 -1.07204e-20)
(0.265503 5.37658 8.7046e-21)
(-0.381193 6.45035 3.6504e-20)
(-1.51139 7.65194 -1.97636e-19)
(-2.84269 8.75061 5.74116e-19)
(1.00858 0.434657 4.27188e-21)
(1.06528 1.32188 -3.53408e-21)
(1.09263 2.18539 1.77958e-20)
(1.02457 2.92268 -1.6488e-21)
(0.866712 3.57849 5.25762e-21)
(0.709218 4.35036 -1.28989e-20)
(0.47825 5.34307 -7.56122e-21)
(-0.0227741 6.45374 -3.80882e-20)
(-0.98075 7.74898 3.81915e-20)
(-2.22816 9.02161 -3.43022e-19)
(1.00741 0.424069 -3.90842e-21)
(1.07262 1.29529 -7.38975e-22)
(1.12612 2.16403 -3.89537e-21)
(1.09532 2.91588 -1.22556e-20)
(0.972905 3.57376 8.64695e-21)
(0.850022 4.34209 -1.7835e-21)
(0.689933 5.35695 -4.69807e-21)
(0.333462 6.51666 3.29313e-20)
(-0.44767 7.8736 -3.10942e-20)
(-1.58387 9.20348 9.77125e-20)
(1.00622 0.413001 3.90015e-21)
(1.07793 1.26631 -7.49288e-21)
(1.1563 2.13816 1.61558e-21)
(1.16283 2.90672 4.58519e-21)
(1.07884 3.57221 1.23575e-20)
(0.994458 4.33812 -1.28611e-22)
(0.902597 5.36559 -4.52196e-21)
(0.681365 6.54811 -4.84517e-20)
(0.0762382 7.92765 -2.81284e-20)
(-0.952523 9.34754 7.33886e-21)
(1.00515 0.40168 -2.64944e-21)
(1.08157 1.23544 8.47174e-21)
(1.18333 2.10747 1.26658e-21)
(1.22702 2.89222 -7.71808e-21)
(1.18319 3.56549 -1.0054e-21)
(1.13912 4.32172 -1.2037e-21)
(1.11005 5.34304 8.22995e-21)
(1.01507 6.52273 1.77578e-20)
(0.585772 7.91007 -1.06107e-19)
(-0.278186 9.38583 9.98784e-20)
(1.00427 0.390306 9.04651e-22)
(1.08385 1.20326 -3.89414e-21)
(1.20713 2.07218 1.46366e-21)
(1.28717 2.87133 -1.48079e-21)
(1.28369 3.55123 -6.64584e-21)
(1.27987 4.29139 2.51549e-21)
(1.308 5.29393 -7.69341e-21)
(1.32983 6.45765 4.62084e-21)
(1.08557 7.8544 -2.67835e-20)
(0.358034 9.4654 1.01236e-19)
(1.00364 0.379052 -8.97091e-22)
(1.08508 1.17035 4.19736e-22)
(1.22766 2.03297 -1.87425e-22)
(1.34278 2.8445 9.68733e-22)
(1.37898 3.53099 5.4102e-22)
(1.41486 4.25313 -6.11057e-23)
(1.49515 5.23232 2.19701e-23)
(1.63 6.37106 -6.54409e-21)
(1.57565 7.74949 1.21607e-20)
(1.0571 9.38702 -1.96471e-20)
(0.994978 0.032793 0)
(0.930868 0.0907127 0)
(0.813661 0.133288 0)
(0.652323 0.15582 0)
(0.470679 0.160647 0)
(0.298384 0.159623 0)
(0.155186 0.146217 0)
(0.0467004 0.111154 0)
(-0.0292321 0.0676731 0)
(-0.0734055 0.0160274 0)
(0.993687 0.0988302 0)
(0.914393 0.274138 0)
(0.768357 0.406706 0)
(0.561634 0.489613 0)
(0.309719 0.506731 0)
(0.0454961 0.430953 0)
(-0.174696 0.337696 0)
(-0.347193 0.320297 0)
(-0.540338 0.312035 0)
(-0.762251 0.242563 0)
(0.992441 0.166173 0)
(0.898496 0.459519 0)
(0.731412 0.679382 0)
(0.512883 0.808215 0)
(0.280239 0.866904 0)
(0.0389421 0.923507 0)
(-0.28542 0.959978 0)
(-0.812255 0.906461 0)
(-1.44412 0.883102 0)
(-1.9092 0.774352 0)
(0.991542 0.233944 0)
(0.881184 0.64664 0)
(0.676413 0.959698 0)
(0.382948 1.15995 0)
(0.0170882 1.24467 0)
(-0.38136 1.21033 0)
(-0.874024 1.23036 0)
(-1.6343 1.54353 0)
(-2.45527 1.70733 0)
(-2.97379 1.35224 0)
(0.991906 0.298256 0)
(0.876666 0.827402 0)
(0.6559 1.23159 0)
(0.357388 1.48402 0)
(0.0373283 1.61689 0)
(-0.351186 1.84437 0)
(-1.11404 2.38119 0)
(-2.19502 2.72085 0)
(-3.11374 2.42312 0)
(-3.80337 2.01726 0)
(0.993515 0.354454 0)
(0.883664 0.989007 0)
(0.653119 1.48839 0)
(0.318043 1.83028 0)
(-0.0820485 2.07174 0)
(-0.617766 2.37151 0)
(-1.45027 2.72693 0)
(-2.49459 2.92615 0)
(-3.62106 3.077 0)
(-4.48134 2.91436 0)
(0.995919 0.399328 0)
(0.901914 1.12514 0)
(0.680792 1.70328 0)
(0.351623 2.10972 0)
(-0.0117062 2.41069 0)
(-0.457989 2.83382 0)
(-1.28962 3.54577 0)
(-2.58872 4.2648 0)
(-3.94116 4.42062 0)
(-4.9073 3.76368 0)
(0.9986 0.431905 0)
(0.926561 1.23366 0)
(0.723967 1.89801 0)
(0.390379 2.39716 0)
(0.00690127 2.81217 0)
(-0.480001 3.34736 0)
(-1.3448 4.02284 0)
(-2.5813 4.52168 0)
(-4.02086 4.66194 0)
(-5.25665 4.59444 0)
(1.00163 0.454304 0)
(0.95515 1.30981 0)
(0.788288 2.02648 0)
(0.487924 2.58868 0)
(0.145339 3.07274 0)
(-0.235273 3.69067 0)
(-0.975935 4.57908 0)
(-2.32792 5.5449 0)
(-3.97296 6.17421 0)
(-5.10748 6.12173 0)
(1.00442 0.469 0)
(0.982714 1.38183 0)
(0.84697 2.16923 0)
(0.565473 2.80791 0)
(0.227003 3.40658 0)
(-0.158454 4.14975 0)
(-0.88208 5.04673 0)
(-2.10382 5.87685 0)
(-3.60681 6.46891 0)
(-4.90936 6.76102 0)
(-0.0824519 -0.02139 -1.78001e-20)
(-0.0832323 -0.0340463 -9.06129e-20)
(-0.0816861 -0.0448029 2.31663e-20)
(-0.0777496 -0.0542493 4.72881e-21)
(-0.0713304 -0.062845 4.96819e-20)
(-0.0623947 -0.0709539 1.20753e-20)
(-0.0509128 -0.0788627 -5.72543e-21)
(-0.0368463 -0.0867881 7.397e-21)
(-0.0201569 -0.0948825 6.2949e-21)
(-0.000812392 -0.103243 -6.32134e-21)
(-0.863279 0.184459 3.4252e-21)
(-0.876218 0.154759 1.85492e-20)
(-0.88854 0.123235 1.35261e-20)
(-0.900349 0.0908119 -8.94659e-21)
(-0.910289 0.0576045 3.68247e-20)
(-0.918087 0.0235704 4.84115e-20)
(-0.923588 -0.011327 -4.55934e-20)
(-0.926618 -0.0471246 1.86796e-20)
(-0.927009 -0.083855 -8.74555e-21)
(-0.924628 -0.121569 4.13239e-21)
(-2.05341 0.625605 -1.82048e-20)
(-2.06091 0.547572 -2.72784e-21)
(-2.07955 0.474402 -2.10446e-20)
(-2.09621 0.398613 -9.99001e-21)
(-2.11229 0.321465 -1.2166e-20)
(-2.12699 0.2425 -3.10096e-21)
(-2.13993 0.161667 2.92575e-21)
(-2.15098 0.0786049 1.14386e-20)
(-2.15995 -0.00693419 -1.81978e-20)
(-2.16693 -0.0952274 -2.51141e-21)
(-3.14136 1.15025 -2.28821e-20)
(-3.15453 1.00415 7.50763e-21)
(-3.18819 0.889875 2.51666e-20)
(-3.21913 0.76045 1.35132e-21)
(-3.24948 0.634035 3.15995e-20)
(-3.27877 0.50178 -5.06175e-20)
(-3.30702 0.366623 1.08943e-20)
(-3.33474 0.226617 -4.35001e-21)
(-3.36095 0.082544 -2.33446e-21)
(-3.38601 -0.0659907 7.68153e-21)
(-3.96166 1.76115 1.14765e-20)
(-3.99842 1.53803 4.29863e-20)
(-4.03777 1.3879 -7.51931e-20)
(-4.0924 1.19528 -1.87461e-20)
(-4.14104 1.01662 3.64905e-20)
(-4.19671 0.821371 3.33733e-20)
(-4.24729 0.626417 2.6102e-20)
(-4.29745 0.423356 8.4776e-23)
(-4.34144 0.217044 -7.30418e-22)
(-4.38298 0.00384445 -1.92902e-21)
(-4.56875 2.48744 3.74891e-20)
(-4.66303 2.19057 -3.42102e-20)
(-4.71421 1.98368 3.29758e-20)
(-4.8353 1.71297 1.4688e-20)
(-4.91465 1.46977 -9.05527e-21)
(-5.01273 1.2014 1.23041e-20)
(-5.08125 0.9407 1.53174e-21)
(-5.15425 0.666229 3.46156e-21)
(-5.21268 0.388371 3.32831e-21)
(-5.27406 0.0957104 -1.00531e-21)
(-5.03906 3.33568 7.05501e-20)
(-5.25499 2.90523 2.63817e-20)
(-5.33935 2.65432 -1.85284e-20)
(-5.54766 2.28339 -5.44586e-20)
(-5.64554 1.9772 5.42044e-21)
(-5.79654 1.61523 2.25501e-20)
(-5.88742 1.27206 7.4665e-21)
(-6.00813 0.895739 7.13256e-21)
(-6.10126 0.516612 -2.60804e-21)
(-6.20979 0.108649 -3.55747e-21)
(-5.2085 4.33675 -7.10128e-20)
(-5.58861 3.76119 -1.75995e-19)
(-5.64108 3.47852 1.63264e-20)
(-5.97539 2.9816 4.16861e-20)
(-6.10913 2.58546 1.22841e-19)
(-6.37358 2.0876 -3.97472e-20)
(-6.51737 1.62431 3.86139e-20)
(-6.72394 1.10679 -2.26868e-20)
(-6.86515 0.595576 3.49384e-21)
(-7.03437 0.0470039 -7.80767e-21)
(-4.88657 5.48364 -2.95876e-19)
(-5.47561 4.82572 1.65759e-19)
(-5.59968 4.36988 3.27716e-20)
(-6.16218 3.73361 -1.23853e-19)
(-6.38877 3.16938 -1.35982e-19)
(-6.79641 2.52671 1.25614e-20)
(-6.98861 1.9159 -8.52394e-20)
(-7.27484 1.26158 -1.29926e-19)
(-7.43904 0.6203 3.90156e-20)
(-7.64685 -0.0471692 1.07336e-21)
(-4.40619 6.60388 6.24389e-19)
(-5.551 5.51801 1.31547e-19)
(-5.68612 5.01881 -3.85502e-19)
(-6.48227 4.18542 7.14696e-19)
(-6.68984 3.55482 1.64857e-19)
(-7.19349 2.78964 1.60936e-19)
(-7.37078 2.10233 1.46653e-20)
(-7.69868 1.3513 1.52721e-19)
(-7.84346 0.635734 -8.07919e-20)
(-8.05118 -0.104386 4.83391e-20)
(0.021215 -0.11192 -6.23856e-21)
(0.0459541 -0.120935 -7.25126e-21)
(0.0734392 -0.130291 6.72638e-21)
(0.103683 -0.139989 3.78728e-21)
(0.136622 -0.150038 -2.29494e-20)
(0.172066 -0.160514 4.98288e-20)
(0.20985 -0.171692 -5.11262e-21)
(0.250709 -0.184294 9.85007e-20)
(0.296967 -0.199994 -3.12879e-20)
(0.345149 -0.222756 -1.50574e-20)
(-0.919377 -0.160378 1.7513e-22)
(-0.911187 -0.200519 -8.06211e-21)
(-0.899934 -0.24233 2.92828e-20)
(-0.885452 -0.285963 -5.09444e-20)
(-0.867728 -0.330953 1.70027e-20)
(-0.84728 -0.376281 2.40491e-20)
(-0.825153 -0.421699 -7.09692e-21)
(-0.802347 -0.46983 -9.31085e-22)
(-0.780426 -0.526389 -3.00195e-20)
(-0.763116 -0.595006 2.1594e-20)
(-2.17223 -0.186618 1.29781e-21)
(-2.17619 -0.281715 -1.18247e-20)
(-2.17804 -0.381156 3.52103e-20)
(-2.17493 -0.484644 -1.98393e-20)
(-2.16366 -0.589662 -1.46511e-20)
(-2.14667 -0.69224 6.79442e-20)
(-2.13749 -0.791781 -4.29334e-20)
(-2.15404 -0.896857 8.41379e-21)
(-2.19251 -1.02224 1.21879e-20)
(-2.19442 -1.16989 -1.47943e-20)
(-3.41056 -0.218991 6.75395e-21)
(-3.43555 -0.377194 6.49095e-21)
(-3.45787 -0.541376 -1.39075e-20)
(-3.46748 -0.711295 2.29375e-21)
(-3.45286 -0.88292 3.41065e-20)
(-3.42161 -1.04873 -2.20683e-20)
(-3.41791 -1.20583 6.7479e-20)
(-3.497 -1.36829 -5.26808e-20)
(-3.63793 -1.56345 2.43101e-20)
(-3.65647 -1.79606 1.31069e-20)
(-4.42208 -0.215515 -1.83008e-21)
(-4.46213 -0.44258 7.87451e-21)
(-4.49894 -0.677664 -3.42533e-20)
(-4.51584 -0.922014 3.247e-21)
(-4.48662 -1.17262 -3.18568e-20)
(-4.41482 -1.41994 2.52253e-21)
(-4.37937 -1.65556 -4.24098e-20)
(-4.50244 -1.89506 3.5552e-20)
(-4.77257 -2.18033 7.44716e-22)
(-4.83272 -2.52222 -4.82914e-20)
(-5.3278 -0.208032 7.23906e-22)
(-5.38135 -0.525164 -5.98002e-21)
(-5.42863 -0.852182 2.09296e-21)
(-5.45544 -1.19193 3.86137e-21)
(-5.4203 -1.54419 -1.82289e-20)
(-5.3072 -1.90179 -1.02385e-20)
(-5.21028 -2.25039 2.13186e-20)
(-5.33411 -2.60317 8.17932e-21)
(-5.71883 -3.01355 1.89083e-20)
(-5.82286 -3.48855 2.68469e-20)
(-6.29254 -0.312884 2.70128e-21)
(-6.36622 -0.753628 1.70737e-21)
(-6.41788 -1.20125 -7.35513e-21)
(-6.45235 -1.66063 -3.19358e-20)
(-6.42331 -2.13245 -2.72449e-20)
(-6.29247 -2.61771 7.22293e-21)
(-6.13288 -3.09943 -4.42955e-20)
(-6.2092 -3.58297 4.2765e-20)
(-6.63541 -4.11969 -2.0379e-19)
(-6.72846 -4.69878 -3.08929e-19)
(-7.14189 -0.507003 7.85238e-22)
(-7.2297 -1.08138 8.04023e-21)
(-7.26822 -1.65469 3.14979e-20)
(-7.29423 -2.23493 -6.8081e-20)
(-7.26618 -2.81808 -2.59337e-20)
(-7.13939 -3.41574 -2.5651e-19)
(-6.93285 -4.01503 3.14538e-20)
(-6.92203 -4.60493 -5.34823e-20)
(-7.2901 -5.20974 5.15412e-19)
(-7.30081 -5.80744 3.09748e-19)
(-7.75273 -0.70734 -9.83604e-21)
(-7.84153 -1.38126 -3.97765e-20)
(-7.85401 -2.04753 1.73729e-19)
(-7.85739 -2.71429 9.94653e-20)
(-7.81496 -3.36879 1.24659e-19)
(-7.70414 -4.02511 3.03631e-19)
(-7.47814 -4.68407 2.39049e-19)
(-7.3568 -5.32365 -1.45844e-19)
(-7.59385 -5.90591 -3.41263e-19)
(-7.48289 -6.42762 6.36481e-19)
(-8.12915 -0.820311 -3.16296e-20)
(-8.20298 -1.54731 1.06439e-19)
(-8.1862 -2.26191 -2.11555e-19)
(-8.15593 -2.97366 -1.61041e-20)
(-8.07753 -3.6611 -1.23581e-19)
(-7.96838 -4.32631 -2.27376e-19)
(-7.7565 -4.97589 5.13788e-19)
(-7.523 -5.61307 5.12297e-19)
(-7.5576 -6.15661 -1.10691e-19)
(-7.44903 -6.513 -1.11627e-18)
(0.396478 -0.315647 0)
(0.992712 -0.0255761 0)
(1.10402 -0.398469 0)
(1.59021 -0.356888 0)
(2.08239 -0.321734 0)
(2.50961 -0.288005 0)
(2.89062 -0.246678 0)
(3.1969 -0.200293 0)
(3.45686 -0.155834 0)
(3.62293 -0.116421 0)
(3.75825 -0.0849925 0)
(3.80186 -0.0595634 0)
(3.85553 -0.0402663 0)
(3.82251 -0.0249113 0)
(3.8405 -0.0129072 0)
(3.75973 -0.00407249 0)
(3.76545 0.00390856 0)
(3.64513 0.00894465 0)
(3.64506 0.0132556 0)
(3.483 0.0178245 0)
(-0.733795 -0.768885 0)
(0.380695 -0.211158 0)
(0.252296 -1.38389 0)
(0.807948 -0.913829 0)
(1.32751 -0.85367 0)
(1.7637 -0.755171 0)
(2.14639 -0.620537 0)
(2.46741 -0.477486 0)
(2.72359 -0.346228 0)
(2.90294 -0.237354 0)
(3.03562 -0.154861 0)
(3.10031 -0.0924235 0)
(3.1604 -0.0492163 0)
(3.15818 -0.016557 0)
(3.19088 0.00524028 0)
(3.14873 0.0206452 0)
(3.17377 0.0337441 0)
(3.10036 0.039094 0)
(3.1164 0.047093 0)
(3.01396 0.0512867 0)
(-1.97097 -1.49638 0)
(-0.853471 -0.966186 0)
(-0.373208 -1.9489 0)
(-0.152935 -1.14111 0)
(0.593432 -1.39041 0)
(1.06261 -1.18991 0)
(1.45826 -0.934336 0)
(1.78383 -0.689834 0)
(2.03075 -0.480031 0)
(2.20996 -0.317368 0)
(2.32833 -0.196886 0)
(2.4058 -0.112192 0)
(2.45943 -0.0551385 0)
(2.48389 -0.0141857 0)
(2.51846 0.00984646 0)
(2.51141 0.0300278 0)
(2.54586 0.0425224 0)
(2.5129 0.0498805 0)
(2.53921 0.0604496 0)
(2.48712 0.0649001 0)
(-3.04649 -2.25972 0)
(-2.38124 -1.82884 0)
(-0.790667 -2.51445 0)
(-0.931748 -1.883 0)
(0.087962 -2.00306 0)
(0.575351 -1.60441 0)
(0.98671 -1.23008 0)
(1.31385 -0.895042 0)
(1.55421 -0.619422 0)
(1.71906 -0.409815 0)
(1.82353 -0.256763 0)
(1.89855 -0.152955 0)
(1.94057 -0.0811284 0)
(1.97869 -0.0333526 0)
(2.0027 -0.00346925 0)
(2.02029 0.0220979 0)
(2.04837 0.0351246 0)
(2.04032 0.0485811 0)
(2.0672 0.0606793 0)
(2.03966 0.068845 0)
(-3.69255 -3.09147 0)
(-3.56651 -2.81606 0)
(-1.3409 -3.2071 0)
(-1.26992 -2.5963 0)
(-0.332997 -2.44077 0)
(0.239591 -1.96267 0)
(0.674232 -1.48945 0)
(1.0014 -1.06843 0)
(1.22905 -0.730126 0)
(1.37618 -0.478254 0)
(1.47047 -0.300166 0)
(1.53594 -0.181007 0)
(1.57271 -0.0995977 0)
(1.61414 -0.0478816 0)
(1.63024 -0.0136429 0)
(1.66325 0.0137783 0)
(1.67803 0.0285298 0)
(1.68707 0.0458893 0)
(1.70503 0.0594307 0)
(1.68567 0.0710661 0)
(-4.08143 -4.09009 0)
(-4.11727 -3.84177 0)
(-1.91715 -3.97799 0)
(-1.42096 -3.35543 0)
(-0.562596 -2.92939 0)
(0.0522445 -2.31548 0)
(0.487681 -1.72157 0)
(0.799839 -1.21374 0)
(1.00666 -0.818241 0)
(1.13576 -0.531758 0)
(1.21904 -0.333789 0)
(1.27429 -0.202321 0)
(1.30964 -0.114569 0)
(1.34838 -0.0591188 0)
(1.36269 -0.0223678 0)
(1.40102 0.00693005 0)
(1.40427 0.0238807 0)
(1.42379 0.0434175 0)
(1.4262 0.0598677 0)
(1.41091 0.0728892 0)
(-4.47812 -5.29968 0)
(-4.17421 -4.94757 0)
(-2.22858 -4.76051 0)
(-1.45572 -4.03067 0)
(-0.642838 -3.35534 0)
(-0.0315091 -2.60232 0)
(0.383813 -1.90397 0)
(0.670412 -1.32449 0)
(0.85289 -0.883513 0)
(0.964158 -0.570781 0)
(1.03594 -0.358092 0)
(1.08302 -0.218297 0)
(1.11738 -0.126444 0)
(1.15175 -0.0680155 0)
(1.16728 -0.0298917 0)
(1.20347 0.00199434 0)
(1.19985 0.0205653 0)
(1.2225 0.0421864 0)
(1.20891 0.0618001 0)
(1.19955 0.0740543 0)
(-4.87903 -6.48893 0)
(-4.04633 -6.03426 0)
(-2.27566 -5.49959 0)
(-1.3703 -4.60478 0)
(-0.607009 -3.7321 0)
(-0.0352467 -2.84335 0)
(0.33906 -2.05186 0)
(0.590764 -1.41214 0)
(0.746386 -0.934151 0)
(0.839888 -0.600572 0)
(0.900511 -0.376519 0)
(0.941166 -0.230828 0)
(0.97378 -0.135918 0)
(1.0041 -0.0752043 0)
(1.02085 -0.0359899 0)
(1.05128 -0.00130981 0)
(1.04445 0.0183766 0)
(1.06439 0.0423669 0)
(1.03905 0.0641817 0)
(1.03775 0.0744041 0)
(-5.07766 -7.32653 0)
(-3.81025 -6.8696 0)
(-2.14404 -6.04516 0)
(-1.20426 -4.98887 0)
(-0.508079 -3.98815 0)
(0.00423219 -3.01064 0)
(0.328388 -2.15665 0)
(0.542557 -1.47633 0)
(0.671838 -0.97254 0)
(0.748656 -0.623966 0)
(0.799059 -0.39148 0)
(0.834343 -0.241376 0)
(0.864496 -0.143892 0)
(0.891464 -0.081247 0)
(0.908285 -0.0408281 0)
(0.932078 -0.00350069 0)
(0.923928 0.0171116 0)
(0.93812 0.0434793 0)
(0.906628 0.0662403 0)
(0.913826 0.0740454 0)
(-5.13274 -7.46283 0)
(-3.53338 -7.22061 0)
(-1.93189 -6.31714 0)
(-1.01703 -5.15737 0)
(-0.396362 -4.12317 0)
(0.0572923 -3.10811 0)
(0.333249 -2.21957 0)
(0.512713 -1.51749 0)
(0.618679 -0.998257 0)
(0.680807 -0.640541 0)
(0.722217 -0.402812 0)
(0.752768 -0.249814 0)
(0.780066 -0.150352 0)
(0.804203 -0.0860521 0)
(0.819934 -0.0443179 0)
(0.837542 -0.00464163 0)
(0.828821 0.0168269 0)
(0.836541 0.0452275 0)
(0.80365 0.0678365 0)
(0.818336 0.0732675 0)
(-5.13412 -7.00963 2.89106e-19)
(-3.3574 -7.12774 -1.72395e-19)
(-1.79229 -6.37411 3.55826e-20)
(-0.895056 -5.16542 2.24898e-20)
(-0.330137 -4.15055 9.17523e-22)
(0.0916556 -3.14291 8.4531e-22)
(0.338319 -2.23887 -6.08902e-22)
(0.495399 -1.52928 -3.45522e-21)
(0.586633 -1.00319 1.62699e-23)
(0.638943 -0.642407 3.99906e-22)
(0.674154 -0.404124 -5.65108e-22)
(0.701229 -0.251432 1.84464e-22)
(0.726044 -0.152109 1.47917e-22)
(0.748025 -0.0875021 5.03563e-22)
(0.762093 -0.0451091 -1.06152e-22)
(0.775212 -0.00404702 4.39206e-22)
(0.766004 0.0178657 -2.98861e-22)
(0.768629 0.0474064 4.96754e-23)
(0.736964 0.0690709 9.26603e-23)
(0.756181 0.0725443 -2.13364e-23)
(-4.15534 -7.75517 1.1621e-19)
(-2.81076 -7.23049 -1.52978e-19)
(-1.38088 -6.38288 6.50697e-20)
(-0.632457 -5.05685 2.67421e-20)
(-0.18675 -4.01468 -1.65397e-21)
(0.174807 -3.03223 1.74821e-21)
(0.372303 -2.14512 2.27292e-21)
(0.49759 -1.46618 -1.82931e-21)
(0.570243 -0.964681 1.42214e-21)
(0.611887 -0.620755 -6.78667e-22)
(0.641389 -0.393012 4.97827e-22)
(0.665584 -0.246388 -1.45142e-22)
(0.688529 -0.150254 3.79072e-22)
(0.70908 -0.0870294 4.77607e-22)
(0.721915 -0.0449425 -3.11292e-23)
(0.73212 -0.00345776 -8.73084e-23)
(0.722769 0.0185421 1.36938e-24)
(0.721964 0.0487232 -2.19551e-22)
(0.692076 0.069497 -1.28517e-24)
(0.714023 0.071792 3.94186e-23)
(-3.81337 -7.89903 1.89322e-19)
(-2.6008 -7.1063 -1.61614e-20)
(-1.25094 -6.37801 3.49855e-20)
(-0.515899 -5.07345 1.43939e-20)
(-0.124129 -3.9706 7.9765e-21)
(0.215386 -3.00356 1.36575e-21)
(0.391633 -2.10684 1.32258e-22)
(0.496524 -1.431 2.49253e-21)
(0.555423 -0.938771 -1.08009e-21)
(0.587405 -0.604159 -1.43411e-23)
(0.611029 -0.383858 -1.95213e-22)
(0.631915 -0.242081 -2.84306e-22)
(0.652558 -0.148652 1.44132e-22)
(0.671384 -0.0866101 -5.1954e-22)
(0.682587 -0.0446941 -6.19738e-22)
(0.689887 -0.00282091 -5.67012e-23)
(0.680411 0.0192833 4.03746e-22)
(0.676433 0.0500095 4.12248e-22)
(0.649363 0.069678 -3.55712e-23)
(0.673863 0.070898 6.66456e-23)
(-2.99092 -8.6385 4.78654e-19)
(-2.11643 -7.28467 -6.44086e-20)
(-0.952023 -6.37771 -3.18255e-20)
(-0.308807 -5.0839 3.7871e-21)
(-0.0177824 -3.89583 7.44816e-21)
(0.267118 -2.94282 -4.721e-22)
(0.412744 -2.06055 6.41722e-22)
(0.49392 -1.39645 -1.8069e-21)
(0.540041 -0.916821 4.47796e-22)
(0.563703 -0.591074 1.01941e-22)
(0.582105 -0.377017 2.08387e-22)
(0.599806 -0.239107 -4.35316e-22)
(0.618012 -0.147734 6.0194e-22)
(0.634948 -0.0864832 7.42986e-22)
(0.6442 -0.044471 4.77052e-22)
(0.648664 -0.00215302 -3.05069e-23)
(0.639054 0.0201194 -3.74985e-22)
(0.632254 0.05129 -4.2388e-22)
(0.608894 0.0696604 5.11525e-23)
(0.635632 0.0699093 -7.28405e-23)
(-2.50333 -8.84833 2.84435e-19)
(-1.80888 -7.29094 3.93782e-20)
(-0.801283 -6.3115 -2.52666e-20)
(-0.177316 -5.11093 3.30899e-20)
(0.0631632 -3.8665 3.65469e-21)
(0.30587 -2.89957 -1.80969e-21)
(0.430516 -2.02606 -2.71206e-22)
(0.490383 -1.36684 2.64955e-22)
(0.52429 -0.897383 7.7576e-23)
(0.540393 -0.579593 -2.30566e-23)
(0.554156 -0.371202 4.1621e-22)
(0.568956 -0.236736 -5.73508e-22)
(0.584763 -0.14712 4.82493e-22)
(0.599745 -0.0864543 -7.97777e-23)
(0.606818 -0.044191 -5.84903e-22)
(0.608579 -0.00144385 4.13451e-22)
(0.598818 0.0210263 -2.00342e-23)
(0.58963 0.0525013 3.51328e-22)
(0.570699 0.0694116 -2.47252e-22)
(0.59925 0.0688427 5.40742e-23)
(-1.7518 -9.35101 -5.95958e-20)
(-1.34298 -7.50607 -6.15125e-20)
(-0.559894 -6.28497 3.80252e-20)
(-0.0122974 -5.11933 -1.18701e-20)
(0.162598 -3.8449 -1.96055e-21)
(0.346862 -2.85325 1.00506e-21)
(0.447027 -1.99436 8.83721e-23)
(0.486557 -1.34117 -1.31445e-22)
(0.50855 -0.880499 -2.19576e-23)
(0.517555 -0.569645 6.1491e-23)
(0.527053 -0.366239 7.79698e-24)
(0.539201 -0.234797 6.07347e-22)
(0.552711 -0.146684 -2.07213e-22)
(0.565741 -0.0864383 2.31557e-22)
(0.570492 -0.0438145 2.85394e-22)
(0.569742 -0.000687697 4.48244e-22)
(0.559819 0.0219869 1.65677e-22)
(0.548745 0.0535958 3.47321e-23)
(0.534772 0.06892 9.69551e-23)
(0.564628 0.0677201 -1.73285e-23)
(-1.18013 -9.51197 9.43116e-20)
(-0.971967 -7.57216 -7.22841e-20)
(-0.387471 -6.22843 2.8708e-20)
(0.11292 -5.11191 8.06303e-21)
(0.253008 -3.84299 -2.76245e-21)
(0.385949 -2.81791 1.9615e-22)
(0.462041 -1.9677 9.38007e-23)
(0.482889 -1.31968 4.48003e-23)
(0.493195 -0.866188 -1.5467e-23)
(0.495391 -0.561295 -3.19718e-22)
(0.500826 -0.362187 2.81231e-22)
(0.510485 -0.23332 1.25361e-23)
(0.521798 -0.146432 9.93258e-23)
(0.532907 -0.0864252 1.583e-22)
(0.535272 -0.0433403 3.05588e-22)
(0.532249 0.00011137 -3.73621e-22)
(0.522167 0.0229858 7.93615e-23)
(0.509757 0.0545408 -2.57365e-22)
(0.501071 0.0681944 1.66682e-22)
(0.531673 0.0665682 -1.40571e-22)
(-0.454224 -9.8643 1.13298e-19)
(-0.504753 -7.77879 -6.77606e-20)
(-0.159319 -6.23189 -4.82818e-20)
(0.250774 -5.09848 1.39295e-20)
(0.348321 -3.84554 -8.76693e-22)
(0.42786 -2.79068 -2.02185e-21)
(0.476621 -1.94512 -1.25423e-22)
(0.479762 -1.30213 -7.09399e-23)
(0.478567 -0.854387 -8.27432e-23)
(0.474121 -0.554494 1.8978e-22)
(0.475574 -0.359032 4.71443e-23)
(0.482813 -0.232308 -1.6047e-22)
(0.492005 -0.146368 -1.06899e-22)
(0.501231 -0.086413 2.3983e-22)
(0.501208 -0.0427778 -5.08447e-22)
(0.496187 0.000942952 1.34546e-22)
(0.485968 0.0240029 7.68717e-23)
(0.472793 0.0553086 -2.20803e-22)
(0.469521 0.0672523 -1.42699e-22)
(0.500293 0.0654132 6.28395e-23)
(0.168877 -10.012 -8.74008e-20)
(-0.0812417 -7.89278 -1.58777e-20)
(0.0490008 -6.23464 1.24928e-20)
(0.372751 -5.08136 -5.36796e-21)
(0.438576 -3.85185 3.11616e-21)
(0.471774 -2.77379 -7.85218e-22)
(0.491535 -1.92732 -1.79312e-22)
(0.477509 -1.28841 1.85594e-22)
(0.464966 -0.845034 1.25207e-24)
(0.453947 -0.549176 -9.41555e-23)
(0.451416 -0.35673 1.34687e-22)
(0.456229 -0.231737 -1.73596e-22)
(0.463338 -0.146483 1.49767e-22)
(0.470714 -0.0864001 -4.31699e-23)
(0.468355 -0.0421417 3.52531e-23)
(0.461632 0.00179222 -1.26995e-23)
(0.451315 0.0250137 -9.83137e-23)
(0.437946 0.055876 1.9063e-22)
(0.440022 0.0661164 6.13098e-23)
(0.470402 0.0642793 4.41269e-23)
(0.879406 -10.2659 1.16287e-20)
(0.410807 -8.09846 -9.25928e-22)
(0.303651 -6.29416 -7.16458e-21)
(0.506166 -5.0782 3.15038e-21)
(0.529753 -3.86136 -5.68759e-22)
(0.518911 -2.76641 -3.45565e-22)
(0.507749 -1.91468 5.56307e-23)
(0.476461 -1.27839 -2.40461e-24)
(0.452652 -0.838068 -4.78481e-23)
(0.43505 -0.54528 -2.80783e-23)
(0.428468 -0.355234 -3.33704e-23)
(0.430793 -0.231582 2.9511e-23)
(0.435822 -0.146771 2.67516e-23)
(0.441371 -0.0863898 -5.28915e-23)
(0.43677 -0.0414523 -3.46632e-24)
(0.42865 0.00264085 -1.86146e-23)
(0.41829 0.0259917 -2.41996e-23)
(0.405272 0.0562262 2.32658e-23)
(0.412452 0.0648149 -2.74563e-23)
(0.441921 0.0631878 -1.84785e-23)
)
;

boundaryField
{
    inlet
    {
        type            freestream;
        freestreamValue uniform (1 0 0);
        value           uniform (1 0 0);
    }
    outlet
    {
        type            freestream;
        freestreamValue uniform (1 0 0);
        value           nonuniform List<vector> 
40
(
(0.203543 0.0561707 0)
(0.177308 0.0556942 0)
(0.151585 0.0550907 0)
(0.127838 0.0542151 0)
(0.107752 0.0527054 0)
(0.092875 0.0499813 0)
(0.0840613 0.0452531 0)
(0.0809533 0.0375646 0)
(0.0818016 0.0259105 0)
(0.0837967 0.00951931 0)
(0.41478 0.0621567 -1.76509e-23)
(0.388923 0.0612 4.18903e-23)
(0.364305 0.0603273 6.94908e-23)
(0.340891 0.0595436 -1.46843e-22)
(0.31866 0.0588495 -1.25591e-23)
(0.297598 0.0582423 5.27405e-23)
(0.277697 0.0577154 -5.09312e-23)
(0.258958 0.0572549 6.1661e-23)
(0.241383 0.0568391 3.54051e-23)
(0.224976 0.0564785 -1.62421e-23)
(0.756181 0.0725443 -2.13364e-23)
(0.714023 0.071792 3.94186e-23)
(0.673863 0.070898 6.66456e-23)
(0.635632 0.0699093 -7.28405e-23)
(0.59925 0.0688427 5.40742e-23)
(0.564628 0.0677201 -1.73285e-23)
(0.531673 0.0665682 -1.40571e-22)
(0.500293 0.0654132 6.28395e-23)
(0.470402 0.0642793 4.41269e-23)
(0.441921 0.0631878 -1.84785e-23)
(3.483 0.0178245 0)
(3.01396 0.0512867 0)
(2.48712 0.0649001 0)
(2.03966 0.068845 0)
(1.68567 0.0710661 0)
(1.41091 0.0728892 0)
(1.19955 0.0740543 0)
(1.03775 0.0744041 0)
(0.913826 0.0740454 0)
(0.818336 0.0732675 0)
)
;
    }
    top
    {
        type            symmetryPlane;
    }
    bottom
    {
        type            symmetryPlane;
    }
    cylinder
    {
        type            rotatingWallVelocity;
        origin          (0 0 0);
        axis            (0 0 1);
        omega           constant -35;
        value           nonuniform List<vector> 
80
(
(0.693559 -17.4725 1.51577e-23)
(2.06007 -17.364 1.06401e-22)
(3.41388 -17.149 -3.12593e-24)
(4.74671 -16.8287 6.22689e-23)
(6.05041 -16.4052 -3.34169e-22)
(7.31702 -15.8811 1.15273e-22)
(8.53877 -15.2595 1.41969e-21)
(9.7082 -14.5442 4.90188e-21)
(10.8181 -13.7396 -3.07934e-21)
(11.8618 -12.8506 -3.14662e-21)
(17.4725 -0.693559 -1.51577e-23)
(17.364 -2.06007 -1.06401e-22)
(17.149 -3.41388 3.12593e-24)
(16.8287 -4.74671 6.45495e-23)
(16.4052 -6.05041 -9.70299e-22)
(15.8811 -7.31702 -1.15273e-22)
(15.2595 -8.53877 -1.41969e-21)
(14.5442 -9.7082 9.90858e-22)
(13.7396 -10.8181 -4.2828e-21)
(12.8506 -11.8618 3.14662e-21)
(12.8506 11.8618 3.14662e-21)
(13.7396 10.8181 -4.2828e-21)
(14.5442 9.7082 9.90858e-22)
(15.2595 8.53877 -1.41969e-21)
(15.8811 7.31702 -1.15273e-22)
(16.4052 6.05041 -9.70299e-22)
(16.8287 4.74671 6.45495e-23)
(17.149 3.41388 3.12593e-24)
(17.364 2.06007 -1.06401e-22)
(17.4725 0.693559 -1.51577e-23)
(0.693559 17.4725 1.51577e-23)
(2.06007 17.364 1.06401e-22)
(3.41388 17.149 -3.12593e-24)
(4.74671 16.8287 6.22689e-23)
(6.05041 16.4052 -3.34169e-22)
(7.31702 15.8811 1.15273e-22)
(8.53877 15.2595 1.41969e-21)
(9.7082 14.5442 -9.90858e-22)
(10.8181 13.7396 -3.07934e-21)
(11.8618 12.8506 -3.14662e-21)
(-11.8618 12.8506 -3.14662e-21)
(-10.8181 13.7396 -3.07934e-21)
(-9.7082 14.5442 4.90188e-21)
(-8.53877 15.2595 1.41969e-21)
(-7.31702 15.8811 1.15273e-22)
(-6.05041 16.4052 -3.34169e-22)
(-4.74671 16.8287 6.22689e-23)
(-3.41388 17.149 -3.12593e-24)
(-2.06007 17.364 1.06401e-22)
(-0.693559 17.4725 1.51577e-23)
(-12.8506 11.8618 3.14662e-21)
(-13.7396 10.8181 -4.2828e-21)
(-14.5442 9.7082 9.90858e-22)
(-15.2595 8.53877 -1.41969e-21)
(-15.8811 7.31702 -1.15273e-22)
(-16.4052 6.05041 -9.70299e-22)
(-16.8287 4.74671 6.45495e-23)
(-17.149 3.41388 3.12593e-24)
(-17.364 2.06007 -1.06401e-22)
(-17.4725 0.693559 -1.51577e-23)
(-17.4725 -0.693559 -1.51577e-23)
(-17.364 -2.06007 -1.06401e-22)
(-17.149 -3.41388 3.12593e-24)
(-16.8287 -4.74671 -6.22689e-23)
(-16.4052 -6.05041 -9.70299e-22)
(-15.8811 -7.31702 -1.15273e-22)
(-15.2595 -8.53877 -1.41969e-21)
(-14.5442 -9.7082 9.90858e-22)
(-13.7396 -10.8181 -4.2828e-21)
(-12.8506 -11.8618 3.14662e-21)
(-11.8618 -12.8506 -3.14662e-21)
(-10.8181 -13.7396 -3.07934e-21)
(-9.7082 -14.5442 -9.90858e-22)
(-8.53877 -15.2595 1.41969e-21)
(-7.31702 -15.8811 1.15273e-22)
(-6.05041 -16.4052 -3.34169e-22)
(-4.74671 -16.8287 6.22689e-23)
(-3.41388 -17.149 -3.12593e-24)
(-2.06007 -17.364 1.06401e-22)
(-0.693559 -17.4725 1.51577e-23)
)
;
    }
    frontandback
    {
        type            empty;
    }
}


// ************************************************************************* //
