/*--------------------------------*- C++ -*----------------------------------*\
  =========                 |
  \\      /  F ield         | OpenFOAM: The Open Source CFD Toolbox
   \\    /   O peration     | Website:  https://openfoam.org
    \\  /    A nd           | Version:  6.0
     \\/     M anipulation  |
\*---------------------------------------------------------------------------*/
FoamFile
{
    version     2.0;
    format      ascii;
    class       surfaceScalarField;
    location    "23.2575";
    object      phi;
}
// * * * * * * * * * * * * * * * * * * * * * * * * * * * * * * * * * * * * * //

dimensions      [0 3 -1 0 0 0 0];

internalField   nonuniform List<scalar> 
4670
(
0.00111104
-0.211051
0.20994
0.00458962
-0.17424
0.170762
0.00984913
-0.154076
0.148817
0.0162493
-0.141963
0.135563
0.0232766
-0.133845
0.126818
0.0305566
-0.127614
0.120334
0.0378381
-0.122239
0.114958
0.0449711
-0.117243
0.11011
0.0518825
-0.112381
0.105469
-0.107422
0.100756
0.0585481
0.0013125
-0.212364
0.00510327
-0.178031
0.0106546
-0.159628
0.0172601
-0.148568
0.0243786
-0.140963
0.0316332
-0.134868
0.0387856
-0.129391
0.0457078
-0.124166
0.0523562
-0.119029
-0.113813
0.0587476
0.00149948
-0.213863
0.00555916
-0.182091
0.0113323
-0.165401
0.0180532
-0.155289
0.0251621
-0.148072
0.0322878
-0.141994
0.0392114
-0.136315
0.0458317
-0.130786
0.0521367
-0.125334
-0.11986
0.0581841
0.00166402
-0.215527
0.00594489
-0.186372
0.011867
-0.171323
0.0186132
-0.162035
0.0256147
-0.155074
0.0325151
-0.148894
0.0391211
-0.142921
0.0453611
-0.137026
0.0512555
-0.131228
-0.125506
0.0569013
0.00180751
-0.217335
0.00625741
-0.190822
0.0122536
-0.177319
0.018937
-0.168719
0.0257401
-0.161877
0.0323288
-0.155483
0.0385402
-0.149132
0.0443335
-0.142819
0.0497596
-0.136654
-0.130699
0.0549522
0.00192942
-0.219264
0.0064957
-0.195388
0.0124932
-0.183316
0.0190324
-0.175258
0.0255566
-0.168401
0.0317608
-0.161687
0.0375151
-0.154887
0.042808
-0.148112
0.0477174
-0.141564
-0.135394
0.0524125
0.0020309
-0.221295
0.00666269
-0.20002
0.0125935
-0.189247
0.018916
-0.181581
0.0250941
-0.174579
0.0308574
-0.167451
0.0361105
-0.16014
0.0408679
-0.15287
0.0452275
-0.145923
-0.139553
0.0493863
0.00211535
-0.223411
0.00676635
-0.204671
0.0125692
-0.19505
0.0186121
-0.187623
0.0243878
-0.180355
0.0296657
-0.172729
0.0343868
-0.164861
0.0385877
-0.15707
0.042371
-0.149707
-0.143111
0.0459297
0.00219278
-0.225603
0.00682395
-0.209302
0.0124461
-0.200672
0.0181586
-0.193336
0.0234884
-0.185685
0.0282431
-0.177483
0.0323935
-0.169011
0.0359896
-0.160666
0.0391277
-0.152845
-0.146014
0.0420306
0.00228915
-0.227893
0.00685596
-0.213869
0.0122533
-0.20607
0.017607
-0.19869
0.0224809
-0.190559
0.0267125
-0.181715
0.0302806
-0.172579
0.0332153
-0.163601
0.0355885
-0.155218
-0.148196
0.0377699
0.247084
0.00180123
-0.248886
0.245181
0.00190365
0.243177
0.00200396
0.241088
0.00208866
0.238934
0.00215387
0.236735
0.00219905
0.234511
0.00222418
0.232281
0.00223022
0.23007
0.00221088
0.00217746
0.247376
0.00411413
-0.249689
0.24469
0.0045896
0.241668
0.00502658
0.238339
0.00541703
0.234739
0.00575436
0.230902
0.00603612
0.226864
0.00626208
0.22266
0.00643428
0.218319
0.00655155
0.00662777
0.240775
0.00586564
-0.242527
0.238527
0.00683819
0.235807
0.00774606
0.232643
0.00858083
0.229064
0.00933365
0.225102
0.00999864
0.220789
0.0105744
0.216161
0.0110625
0.211245
0.0114677
0.0118031
0.229065
0.006859
-0.230058
0.227547
0.00835588
0.225518
0.00977547
0.222993
0.0111055
0.219992
0.0123346
0.216538
0.0134524
0.212656
0.0144563
0.208374
0.0153446
0.203712
0.0161302
0.0168249
0.215325
0.00723753
-0.215704
0.214444
0.00923726
0.213064
0.011155
0.211196
0.0129744
0.208849
0.0146815
0.206041
0.0162604
0.202789
0.0177082
0.199118
0.0190157
0.195036
0.0202118
0.0213025
0.201509
0.00722625
-0.201498
0.201057
0.00968917
0.200144
0.0120681
0.198775
0.0143432
0.196959
0.0164983
0.194709
0.0185101
0.192039
0.0203779
0.18898
0.0220747
0.18553
0.0236624
0.0251173
0.188653
0.00702419
-0.188451
0.188433
0.00990958
0.187792
0.0127083
0.186738
0.0153976
0.185277
0.0179596
0.183426
0.0203611
0.181197
0.0226063
0.178639
0.0246325
0.175737
0.026565
0.0282747
0.177165
0.00677033
-0.176912
0.177031
0.0100438
0.176514
0.0132254
0.175621
0.0162905
0.174361
0.0192197
0.172755
0.0219671
0.170818
0.0245435
0.16863
0.0268208
0.166144
0.0290502
0.0308179
0.167074
0.00654364
-0.166847
0.16694
0.0101774
0.166455
0.0137108
0.165627
0.0171181
0.164467
0.0203799
0.162999
0.0234356
0.161237
0.0263052
0.159314
0.0287438
0.157149
0.0312148
0.0327495
0.15822
-0.15806
0.0063834
0.158046
0.0103509
0.157552
0.0142052
0.15675
0.0179199
0.155651
0.0214789
0.154279
0.0248076
0.152637
0.0279476
0.150888
0.0304924
0.149004
0.0330989
0.0335579
0.255468
-0.00031883
-0.25515
0.255615
-0.000146952
0.255549
6.66691e-05
0.255253
0.000295616
0.254725
0.000528244
0.253967
0.000758059
0.252987
0.000979306
0.2518
0.00118761
0.250426
0.00137351
0.0015406
0.251349
-0.00221091
-0.249457
0.252856
-0.00165394
0.253966
-0.0010432
0.254657
-0.000395686
0.254916
0.000269451
0.254736
0.000938403
0.254116
0.00159926
0.253061
0.00224211
0.251581
0.00285373
0.00343244
0.235678
-0.00529999
-0.232589
0.238356
-0.00433095
0.240596
-0.00328328
0.242373
-0.00217348
0.243668
-0.00102505
0.244464
0.000142387
0.244751
0.00131179
0.244525
0.0024686
0.243782
0.00359689
0.00468742
0.21627
-0.00909855
-0.212471
0.219683
-0.00774407
0.222674
-0.00627412
0.225215
-0.00471442
0.227284
-0.00309406
0.228863
-0.00143682
0.229939
0.000236162
0.230501
0.00190658
0.230541
0.00355631
0.00517066
0.197619
-0.013246
-0.193471
0.201409
-0.011534
0.204797
-0.00966215
0.207757
-0.00767447
0.21027
-0.00560733
0.212322
-0.00348813
0.213899
-0.00134147
0.214994
0.000811901
0.215597
0.00295294
0.00506399
0.181386
-0.0175221
-0.17711
0.185317
-0.0154649
0.188855
-0.0131998
0.191979
-0.0107987
0.194676
-0.00830411
0.196936
-0.00574829
0.198754
-0.00315921
0.200124
-0.000558076
0.20104
0.0020366
0.00460592
0.167868
-0.0218293
-0.163561
0.17181
-0.0194072
0.175349
-0.016739
0.178479
-0.0139279
0.181188
-0.0110138
0.183478
-0.00803795
0.18535
-0.00503143
0.186805
-0.00201259
0.187839
0.00100228
0.003994
0.156771
-0.0261818
-0.152418
0.16067
-0.0233061
0.164129
-0.020198
0.167172
-0.0169712
0.169796
-0.0136376
0.17201
-0.0102525
0.173827
-0.00684788
0.175249
-0.00343492
0.176277
-2.60048e-05
0.00335983
0.147671
-0.0305849
-0.143268
0.151473
-0.0271084
0.154792
-0.0235174
0.15769
-0.0198687
0.160176
-0.0161233
0.162265
-0.0123418
0.163973
-0.0085555
0.165305
-0.00476713
0.166263
-0.000983908
0.00277513
0.140095
-0.136356
-0.034324
0.143746
-0.0307597
0.146928
-0.0266996
0.149637
-0.0225777
0.15196
-0.0184456
0.153908
-0.0142906
0.155487
-0.0101345
0.156704
-0.00598346
0.15756
-0.00184057
0.00227593
0.0436094
0.0905678
-0.0850687
-0.0491085
0.0380157
0.097339
-0.0917452
0.0323553
0.105661
-0.100001
0.0266685
0.116161
-0.110474
0.0210122
0.129619
-0.123963
0.0154713
0.146837
-0.141296
0.0101853
0.168367
-0.163081
0.00541755
0.193926
-0.189158
0.00169797
0.221023
-0.217303
0.243622
-0.241924
0.0435732
0.0960194
-0.0490249
0.0380135
0.102899
0.0323741
0.111301
0.0266927
0.121842
0.0210257
0.135286
0.0154626
0.1524
0.010155
0.173674
0.00538384
0.198697
0.00168798
0.224719
0.24531
0.0432723
0.101404
-0.0486571
0.0377681
0.108403
0.0321742
0.116895
0.0265259
0.127491
0.0208789
0.140933
0.0153265
0.157953
0.0100305
0.17897
0.00528608
0.203441
0.00163897
0.228366
0.246949
0.0427113
0.10671
-0.0480171
0.0372797
0.113834
0.0317528
0.122421
0.0261635
0.13308
0.0205665
0.14653
0.015058
0.163461
0.00980865
0.18422
0.00512657
0.208123
0.00156355
0.231929
0.248513
0.0418896
0.111932
-0.0471112
0.0365438
0.11918
0.0311042
0.127861
0.0255999
0.138584
0.0200835
0.152047
0.0146535
0.168891
0.00948841
0.189385
0.00490772
0.212704
0.00146523
0.235371
0.249978
0.0407948
0.117069
-0.0459325
0.0355468
0.124428
0.0302164
0.133192
0.0248259
0.143975
0.0194234
0.157449
0.0141088
0.174206
0.00906797
0.194426
0.00462965
0.217142
0.00134487
0.238656
0.251323
0.0393883
0.122117
-0.0444362
0.0342611
0.129555
0.0290723
0.13838
0.0238318
0.149215
0.0185807
0.1627
0.0134213
0.179365
0.00854694
0.1993
0.00429382
0.221395
0.00120437
0.241746
0.252527
0.0376212
0.127062
-0.0425663
0.0326478
0.134529
0.0276501
0.143378
0.0226054
0.15426
0.0175482
0.167758
0.0125873
0.184326
0.00792437
0.203963
0.00390112
0.225419
0.00104494
0.244602
0.253572
0.0353183
0.131776
-0.0400322
0.0306457
0.139201
0.025947
0.148077
0.0211527
0.159054
0.0163317
0.172579
0.0116127
0.189045
0.00720714
0.208369
0.0034616
0.229164
0.00087884
0.247185
0.254451
0.0323705
-0.0369499
0.0283044
0.0239627
0.0194565
0.014925
0.0104986
0.00639588
0.0029707
0.000698387
0.0297177
0.0379394
-0.0330562
-0.0346009
0.0252564
0.0444434
-0.0399821
0.0212107
0.0531477
-0.049102
0.0174206
0.0645611
-0.060771
0.0137967
0.0793311
-0.0757072
0.010298
0.0982771
-0.0947783
0.00693208
0.122281
-0.118915
0.00380741
0.152076
-0.148951
0.00125333
0.187532
-0.184978
0.22702
-0.225767
0.0321273
0.0428092
-0.0369971
0.0274433
0.0491274
0.0230155
0.0575754
0.0188408
0.0687358
0.0148713
0.0833007
0.0110695
0.102079
0.00744361
0.125907
0.00410589
0.155413
0.00138692
0.190251
0.228407
0.034379
0.0477044
-0.0392742
0.0294949
0.0540114
0.0247646
0.0623058
0.0202473
0.0732531
0.0159432
0.0876048
0.011837
0.106185
0.00794448
0.129799
0.00438183
0.158976
0.00148533
0.193148
0.229893
0.0363943
0.052726
-0.0414159
0.0313419
0.0590638
0.0263751
0.0672726
0.0215729
0.0780553
0.0169692
0.0922085
0.012575
0.110579
0.0084218
0.133952
0.0046359
0.162762
0.00156827
0.196215
0.231461
0.0381836
0.0578908
-0.0433484
0.0329797
0.0642678
0.0278199
0.0724324
0.022782
0.0830932
0.0179183
0.0970722
0.0132624
0.115235
0.0088646
0.13835
0.0048667
0.16676
0.0016394
0.199443
0.2331
0.0397403
0.0631833
-0.0450328
0.034404
0.0696041
0.0290849
0.0777515
0.0238531
0.0883249
0.0187687
0.102157
0.0138821
0.120122
0.0092622
0.14297
0.00506957
0.170953
0.00169802
0.202814
0.234798
0.0410515
0.0685782
-0.0464465
0.035607
0.0750486
0.0301596
0.0831988
0.0247712
0.0937133
0.0195039
0.107424
0.0144198
0.125206
0.00960509
0.147785
0.00524022
0.175317
0.00174372
0.206311
0.236542
0.0421051
0.0740457
-0.0475726
0.03658
0.0805738
0.0310352
0.0887436
0.0255251
0.0992234
0.0201114
0.112838
0.0148641
0.130453
0.00988503
0.152764
0.00537463
0.179828
0.00177586
0.209909
0.238318
0.0428911
0.0795535
-0.0483989
0.0373154
0.0861495
0.0317043
0.0943547
0.0261064
0.104821
0.0205817
0.118362
0.0152066
0.135828
0.0100967
0.157874
0.00547272
0.184452
0.0017991
0.213583
0.240117
0.0434043
-0.0489196
0.0378086
0.0321623
0.0265094
0.0209086
0.0154407
0.0102336
0.00552757
0.00180738
-0.0286081
0.0268412
-0.0312893
-0.0252092
0.0243373
-0.0277362
-0.0224008
0.0213526
-0.024161
-0.0201469
0.0183182
-0.0205721
-0.0184445
0.015474
-0.0171764
-0.0172724
0.0129156
-0.0140877
-0.0165955
0.0106812
-0.0113581
-0.0163672
0.00877425
-0.00900259
-0.0165332
0.00716774
-0.00700179
0.00580756
-0.0170387
-0.00530204
-0.0362164
0.0230754
-0.0328594
0.0209803
-0.0300579
0.0185511
-0.0278298
0.0160901
-0.0261489
0.013793
-0.0249758
0.0117425
-0.024264
0.00996949
-0.023961
0.00847124
-0.0240123
0.00721901
0.00616251
-0.0243673
-0.045537
0.0195105
-0.0423312
0.0177745
-0.0396175
0.0158373
-0.0374351
0.0139077
-0.03576
0.0121179
-0.034549
0.0105315
-0.0337514
0.00917191
-0.0333141
0.00803393
-0.0331858
0.00709076
0.0062989
-0.0333222
-0.0573548
0.0160943
-0.0542838
0.0147035
-0.0516585
0.0132121
-0.0495039
0.0117531
-0.0477966
0.0104106
-0.0464947
0.00922956
-0.0455492
0.00822646
-0.0449109
0.00739558
-0.0445345
0.00671438
0.00614758
-0.0443832
-0.0724204
0.0128075
-0.0694578
0.011741
-0.0668871
0.0106414
-0.0647184
0.0095844
-0.0629283
0.0086205
-0.0614785
0.00777969
-0.060325
0.00707302
-0.059425
0.00649558
-0.0587406
0.00602998
0.00564955
-0.0582426
-0.091594
0.00962313
-0.0887083
0.00885525
-0.0861556
0.00808865
-0.083935
0.00736383
-0.0820238
0.00670931
-0.0803883
0.00614413
-0.0789908
0.00567554
-0.0777953
0.00530008
-0.0767707
0.00500539
0.00477285
-0.075894
-0.115839
0.00654695
-0.113027
0.00604388
-0.110491
0.00555256
-0.108223
0.00509528
-0.1062
0.00468657
-0.104394
0.00433785
-0.102772
0.00405375
-0.101304
0.0038323
-0.0999637
0.00366504
0.00353978
-0.0987306
-0.146079
0.0036752
-0.143431
0.00339536
-0.141003
0.00312486
-0.138787
0.00287878
-0.136761
0.00266098
-0.1349
0.00247735
-0.133177
0.0023304
-0.131564
0.00221928
-0.130037
0.00213778
0.00207595
-0.128573
-0.182589
0.00128594
-0.180374
0.00118023
-0.178327
0.00107853
-0.176441
0.000991849
-0.174695
0.000915457
-0.173069
0.000851283
-0.171539
0.000800092
-0.170081
0.000761782
-0.168676
0.000732465
0.000697892
-0.167298
-0.224481
-0.223301
-0.222222
-0.221231
-0.220315
-0.219464
-0.218664
-0.217902
-0.217169
-0.216472
-0.017839
0.00462363
-0.00382332
-0.0188977
0.00350419
-0.00244546
-0.0202022
0.00235355
-0.00104908
-0.0217628
0.00106878
0.000491855
-0.0236107
-0.000440058
0.00228793
-0.0257886
-0.00224144
0.00441932
-0.0283359
-0.00438346
0.00693078
-0.0312803
-0.00690626
0.00985067
-0.0346829
-0.00986867
0.0132713
-0.0137243
-0.0382482
0.0172895
-0.024989
0.00524535
-0.0258476
0.00436283
-0.0269366
0.00344251
-0.0282688
0.00240101
-0.029873
0.0011641
-0.0317844
-0.000330002
-0.0340322
-0.00213572
-0.0366278
-0.00431065
-0.0395472
-0.00694922
-0.0104227
-0.0428488
-0.0336955
0.00561862
-0.0342814
0.00494874
-0.0350783
0.00423942
-0.0361004
0.00342308
-0.0373736
0.00243733
-0.0389288
0.0012252
-0.0407947
-0.000269858
-0.0429959
-0.00210949
-0.0455611
-0.00438399
-0.00730845
-0.0486754
-0.0444391
0.00567451
-0.0446826
0.00519232
-0.0451168
0.00467357
-0.0457576
0.00406384
-0.0466311
0.00331088
-0.0477701
0.0023642
-0.0492125
0.00117252
-0.0510049
-0.000317075
-0.053219
-0.00216991
-0.00448584
-0.0560416
-0.0579232
0.00535512
-0.0577665
0.00503565
-0.0577798
0.00468683
-0.0579818
0.00426588
-0.0584015
0.00373055
-0.0590765
0.00303917
-0.0600544
0.00215046
-0.0613964
0.00102485
-0.0631876
-0.000378691
-0.0020977
-0.0655757
-0.0751674
0.00462854
-0.0745769
0.00444517
-0.0741333
0.00424318
-0.0738581
0.00399076
-0.0737831
0.00365552
-0.0739497
0.00320575
-0.0744103
0.00261102
-0.0752291
0.00184372
-0.0764868
0.000878997
-0.000294553
-0.07829
-0.0976164
0.00351433
-0.0966066
0.0034353
-0.095713
0.00334967
-0.0949588
0.00323647
-0.0943758
0.00307258
-0.0940058
0.00283577
-0.0938999
0.00250507
-0.0941177
0.00206151
-0.094727
0.00148834
0.000781
-0.0958026
-0.127189
0.00213033
-0.125869
0.00211503
-0.124622
0.00210287
-0.12347
0.00208408
-0.12244
0.00204321
-0.121571
0.00196648
-0.120906
0.00184062
-0.120498
0.00165301
-0.120399
0.00138979
0.00104166
-0.12066
-0.165938
0.000770325
-0.164597
0.000773963
-0.163278
0.00078394
-0.161994
0.000799946
-0.160763
0.000812797
-0.159613
0.000816498
-0.158577
0.000804889
-0.157696
0.000771787
-0.157014
0.000707364
0.000588744
-0.156561
-0.215701
-0.214927
-0.214143
-0.213343
-0.212531
-0.211714
-0.210909
-0.210137
-0.20943
-0.208841
-0.00059738
-0.208244
-0.000777941
-0.15638
-7.37964e-05
-0.121364
0.00155521
-0.0974316
0.00401098
-0.0807457
0.00716657
-0.0687313
0.0109128
-0.0597878
0.0151971
-0.0529597
0.0201042
-0.0477559
-0.0441472
0.0260033
-0.000472822
-0.207771
-0.000349288
-0.156504
0.000794058
-0.122508
0.00295479
-0.0995923
0.00600462
-0.0837956
0.00979398
-0.0725207
0.0141847
-0.0641785
0.019057
-0.057832
0.0242833
-0.0529822
-0.0494539
0.02959
-0.000335261
-0.207436
0.000116377
-0.156956
0.00171702
-0.124108
0.00441031
-0.102286
0.00802609
-0.0874113
0.0123804
-0.076875
0.0172996
-0.0690977
0.0226139
-0.0631463
0.0281252
-0.0584935
-0.0548793
0.0335506
-0.000190477
-0.207245
0.000614364
-0.15776
0.00269185
-0.126186
0.00592305
-0.105517
0.0100933
-0.0915816
0.0149857
-0.0817675
0.0204015
-0.0745134
0.0261518
-0.0688966
0.0320343
-0.064376
-0.0606491
0.0378041
-3.16813e-05
-0.207214
0.00114683
-0.158939
0.00371559
-0.128754
0.00748759
-0.109289
0.0122029
-0.0962969
0.0176147
-0.0871793
0.0235066
-0.0804053
0.0296853
-0.0750752
0.0359604
-0.0706512
-0.0668054
0.0421168
0.000141943
-0.207356
0.00171075
-0.160508
0.0047782
-0.131822
0.0090855
-0.113596
0.0143274
-0.101539
0.0202291
-0.093081
0.0265605
-0.0867367
0.0331289
-0.0816435
0.0397587
-0.077281
-0.0733073
0.0462606
0.000330023
-0.207686
0.00229968
-0.162477
0.00586288
-0.135385
0.0106868
-0.11842
0.016421
-0.107273
0.0227643
-0.0994243
0.0294751
-0.0934475
0.036363
-0.0885315
0.0432684
-0.0841864
-0.0800671
0.0500282
0.000530944
-0.208217
0.00290418
-0.164851
0.00694756
-0.139428
0.0122536
-0.123726
0.0184275
-0.113447
0.0251437
-0.106141
0.0321517
-0.100456
0.0392654
-0.0956451
0.0463422
-0.0912632
-0.0869734
0.0532485
0.000744606
-0.208961
0.0035145
-0.16762
0.00800751
-0.143921
0.0137441
-0.129463
0.0202874
-0.11999
0.0272902
-0.113143
0.0344965
-0.107662
0.0417275
-0.102876
0.0488603
-0.0983961
-0.0939077
0.0557946
0.000979163
0.00412049
0.0090157
0.0151158
0.0219433
0.0291335
0.0364293
0.0436636
0.0507367
0.0575849
0.0676036
-0.454857
0.445802
0.0705287
-0.380792
0.377867
0.0720471
-0.324927
0.323409
0.0729658
-0.278523
0.277605
0.0733091
-0.240523
0.24018
0.0732922
-0.207759
0.207776
0.0730068
-0.178649
0.178934
0.0725498
-0.152273
0.15273
0.0719681
-0.128353
0.128935
0.0713555
-0.106551
0.107163
0.070701
-0.0869582
0.0876126
0.0700788
-0.0698552
0.0704774
0.0694914
-0.0538865
0.0544739
0.0689043
-0.0430008
0.0435879
0.0684387
-0.0289682
0.0294337
0.068013
-0.0257362
0.0261619
0.0675632
-0.0141474
0.0145972
0.0673782
-0.0103966
0.0105815
0.0673028
-0.0116217
0.0116971
0.0129899
-0.0124161
0.064516
-0.460626
0.0664766
-0.382752
0.0679119
-0.326362
0.0691277
-0.279739
0.0698388
-0.241234
0.0701716
-0.208092
0.0702052
-0.178682
0.0700286
-0.152097
0.0696891
-0.128014
0.0692803
-0.106142
0.0687929
-0.0864708
0.0683105
-0.0693728
0.0678293
-0.0534052
0.067331
-0.0425025
0.0669427
-0.0285799
0.0665641
-0.0253576
0.0661767
-0.0137599
0.0660596
-0.0102795
0.0660189
-0.0115811
0.0135257
0.0608348
-0.463276
0.0619545
-0.383872
0.0633913
-0.327799
0.0649319
-0.28128
0.0660299
-0.242332
0.0667282
-0.20879
0.0670973
-0.179051
0.0672187
-0.152218
0.0671398
-0.127935
0.0669539
-0.105956
0.0666542
-0.0861711
0.0663328
-0.0690513
0.0659804
-0.0530529
0.0655963
-0.0421184
0.0653096
-0.0282932
0.0650054
-0.0250534
0.0647115
-0.013466
0.0646902
-0.0102582
0.0647146
-0.0116055
0.0139865
0.0566564
-0.463031
0.0570464
-0.384262
0.0585303
-0.329283
0.0604042
-0.283154
0.0619031
-0.243831
0.0629836
-0.209871
0.0637058
-0.179774
0.0641438
-0.152656
0.0643442
-0.128135
0.0643997
-0.106012
0.0643069
-0.0860783
0.0641661
-0.0689105
0.0639636
-0.0528504
0.0637166
-0.0418714
0.0635538
-0.0281304
0.0633493
-0.0248489
0.0631772
-0.0132939
0.063277
-0.010358
0.0633944
-0.0117228
0.0143376
0.0521218
-0.460201
0.0518745
-0.384015
0.0533875
-0.330796
0.0555748
-0.285341
0.0574811
-0.245737
0.05896
-0.21135
0.060054
-0.180868
0.0608279
-0.15343
0.0613263
-0.128634
0.0616411
-0.106326
0.0617733
-0.0862105
0.0618311
-0.0689682
0.0617976
-0.0528169
0.0617086
-0.0417824
0.0616896
-0.0281114
0.0616082
-0.0247675
0.0615837
-0.0132695
0.061827
-0.0106013
0.0620627
-0.0119585
0.0145467
0.0473503
-0.455139
0.0464706
-0.383135
0.0479565
-0.332282
0.0504434
-0.287828
0.0527752
-0.248069
0.0546763
-0.213251
0.0561639
-0.182355
0.0572943
-0.154561
0.0581095
-0.129449
0.0587011
-0.106918
0.0590754
-0.0865848
0.0593483
-0.0692411
0.0595013
-0.0529699
0.0595889
-0.04187
0.0597317
-0.0282542
0.0597947
-0.0248306
0.0599406
-0.0134154
0.0603469
-0.0110075
0.0607242
-0.0123358
0.0145846
0.041982
-0.447734
0.0404371
-0.38159
0.0420042
-0.333849
0.0449067
-0.290731
0.0477513
-0.250914
0.0501295
-0.215629
0.0520466
-0.184272
0.0535601
-0.156074
0.0547137
-0.130602
0.0556005
-0.107805
0.0562337
-0.0872181
0.0567372
-0.0697445
0.0570929
-0.0533257
0.0573737
-0.0421508
0.0576943
-0.0285749
0.0579214
-0.0250576
0.0582576
-0.0137516
0.0588437
-0.0115936
0.0593834
-0.0128755
0.0144244
0.0352404
-0.437045
0.0333522
-0.379702
0.035337
-0.335834
0.0388727
-0.294266
0.0423639
-0.254405
0.0453024
-0.218567
0.0477019
-0.186672
0.0496352
-0.158007
0.0511537
-0.132121
0.0523566
-0.109008
0.0532665
-0.0881279
0.0540158
-0.0704938
0.0545896
-0.0538995
0.0550786
-0.0426397
0.0555915
-0.0290878
0.0560002
-0.0254663
0.0565438
-0.0142952
0.0573243
-0.0123741
0.0580451
-0.0135964
0.014042
0.0291406
-0.424155
0.0270088
-0.37757
0.0289703
-0.337795
0.0328226
-0.298119
0.0368251
-0.258408
0.0402976
-0.22204
0.0431885
-0.189563
0.0455587
-0.160378
0.04746
-0.134022
0.0489952
-0.110543
0.0501961
-0.0893289
0.0512043
-0.0715019
0.0520096
-0.0547049
0.0527194
-0.0433495
0.0534372
-0.0298057
0.0540432
-0.0260723
0.0548084
-0.0150604
0.0557954
-0.013361
0.056714
-0.014515
0.013416
0.0292736
-0.415659
0.0245916
-0.372888
0.0247127
-0.337916
0.0276395
-0.301045
0.0315753
-0.262343
0.0353561
-0.225821
0.0386447
-0.192851
0.0414133
-0.163146
0.0436858
-0.136295
0.0455526
-0.11241
0.0470507
-0.090827
0.0483236
-0.0727748
0.0493711
-0.0557524
0.0503106
-0.044289
0.0512443
-0.0307394
0.0520619
-0.0268898
0.0530586
-0.0160572
0.0542648
-0.0145673
0.0553952
-0.0156453
0.0125283
0.240606
-0.355111
-0.301154
0.203376
-0.335657
0.172844
-0.307385
0.15098
-0.279181
0.136667
-0.248031
0.126719
-0.215873
0.119385
-0.185517
0.113848
-0.157609
0.109591
-0.132038
0.106278
-0.109096
0.103701
-0.0882499
0.101728
-0.0708024
0.100272
-0.0542956
0.0991739
-0.0431913
0.0986102
-0.0301757
0.0980813
-0.0263609
0.0980233
-0.0159992
0.0985445
-0.0150885
0.0985774
-0.0156782
0.0127113
0.273853
-0.292076
-0.336888
0.232318
-0.294122
0.201272
-0.276339
0.177505
-0.255413
0.160531
-0.231058
0.148226
-0.203567
0.138879
-0.17617
0.131684
-0.150414
0.126125
-0.126479
0.121781
-0.104752
0.118413
-0.0848823
0.1158
-0.0681892
0.11388
-0.0523758
0.112406
-0.0417171
0.111599
-0.0293685
0.110845
-0.0256076
0.110706
-0.0158592
0.111201
-0.0155844
0.111005
-0.0154821
0.0129501
0.315552
-0.232389
-0.375239
0.271027
-0.249598
0.237207
-0.242519
0.209528
-0.227733
0.188347
-0.209877
0.172768
-0.187988
0.160936
-0.164339
0.15175
-0.141228
0.144621
-0.11935
0.13904
-0.0991713
0.134719
-0.0805611
0.131334
-0.0648047
0.128847
-0.0498881
0.126908
-0.0397782
0.12578
-0.0282411
0.124737
-0.0245641
0.12448
-0.0156024
0.12486
-0.0159645
0.124342
-0.0149644
0.0132188
0.355826
-0.17875
-0.409465
0.309912
-0.203683
0.273885
-0.206492
0.243901
-0.197749
0.219362
-0.185337
0.200438
-0.169065
0.185843
-0.149744
0.174351
-0.129736
0.165322
-0.110321
0.158224
-0.0920734
0.152726
-0.0750629
0.148396
-0.0604743
0.14521
-0.0467018
0.142694
-0.0372622
0.141155
-0.0267028
0.139745
-0.0231543
0.139311
-0.0151684
0.139449
-0.0161016
0.138507
-0.0140231
0.0134495
0.395412
-0.133096
-0.441067
0.350616
-0.158887
0.312902
-0.168778
0.281098
-0.165946
0.253796
-0.158035
0.231501
-0.14677
0.213851
-0.132093
0.199758
-0.115644
0.188503
-0.0990659
0.179566
-0.083137
0.172607
-0.0681039
0.167108
-0.0549752
0.163047
-0.0426403
0.159811
-0.0340261
0.157747
-0.0246388
0.155878
-0.0212856
0.155174
-0.0144647
0.154886
-0.0158129
0.153439
-0.012576
0.0135026
0.431781
-0.0954434
-0.469433
0.390802
-0.117908
0.352979
-0.130956
0.320032
-0.132998
0.290929
-0.128932
0.265838
-0.121679
0.245126
-0.111381
0.228239
-0.0987568
0.214491
-0.0853178
0.203399
-0.0720451
0.194656
-0.0593602
0.18772
-0.0480395
0.18255
-0.0374703
0.178413
-0.0298888
0.175672
-0.0218979
0.173226
-0.0188399
0.172109
-0.0133473
0.171157
-0.0148611
0.169181
-0.0106001
0.0131366
0.466213
-0.0651742
-0.496482
0.430658
-0.082353
0.394594
-0.094892
0.361257
-0.0996612
0.330963
-0.0986381
0.303716
-0.094433
0.28012
-0.087784
0.260283
-0.0789205
0.243794
-0.0688285
0.230245
-0.0584957
0.219377
-0.0484929
0.210705
-0.0393676
0.204142
-0.0309072
0.198888
-0.0246341
0.195272
-0.0182826
0.192096
-0.0156636
0.190351
-0.0116021
0.188467
-0.0129768
0.186043
-0.0081768
0.0119954
0.502726
-0.0407075
-0.527192
0.472451
-0.0520786
0.439202
-0.0616433
0.406204
-0.066663
0.374971
-0.0674052
0.345919
-0.0653805
0.319661
-0.0615263
0.296766
-0.056025
0.277273
-0.0493361
0.260966
-0.0421881
0.247644
-0.0351709
0.236925
-0.0286486
0.22866
-0.0226426
0.222055
-0.0180294
0.217332
-0.0135591
0.21324
-0.0115718
0.210587
-0.00894941
0.207529
-0.0099187
0.204858
-0.00550551
0.00964613
0.547993
-0.0199086
-0.568792
0.5215
-0.0255862
0.490657
-0.0307999
0.457982
-0.0339877
0.425527
-0.0349501
0.394402
-0.0342561
0.365384
-0.0325079
0.339241
-0.0298824
0.316434
-0.0265289
0.297045
-0.0227992
0.280964
-0.0190898
0.267909
-0.0155943
0.257665
-0.0123984
0.249497
-0.00986072
0.243443
-0.00750527
0.238253
-0.00638158
0.23442
-0.0051164
0.230064
-0.00556345
0.227378
-0.00281872
0.0057062
0.612451
-0.63236
0.586865
0.556065
0.522077
0.487127
0.452871
0.420363
0.390481
0.363952
0.341153
0.322063
0.306469
0.29407
0.28421
0.276704
0.270323
0.265206
0.259643
0.256824
0.332941
0.00395171
-0.330509
0.334411
0.00888048
0.334828
0.013788
0.334109
0.0186396
0.33216
0.0234274
0.328897
0.028071
0.324112
0.0327319
0.31774
0.036865
0.308906
0.0419326
0.0413098
0.349884
0.00247689
-0.34841
0.350852
0.00791328
0.351268
0.0133715
0.351095
0.0188129
0.350304
0.0242185
0.34888
0.0294947
0.346897
0.034715
0.344406
0.0393564
0.341825
0.0445136
0.0462463
0.369685
0.00169343
-0.368901
0.370456
0.00714202
0.371233
0.0125944
0.372036
0.0180104
0.372892
0.0233622
0.373793
0.0285939
0.374748
0.0337594
0.37547
0.0386344
0.376113
0.0438712
0.0471201
0.390676
0.00116291
-0.390146
0.391546
0.00627276
0.392761
0.0113787
0.394317
0.0164546
0.396198
0.0214817
0.398359
0.0264323
0.400808
0.0313107
0.403445
0.0359976
0.40659
0.0407261
0.0442451
0.41113
0.000747833
-0.410715
0.412115
0.00528752
0.413676
0.00981744
0.415819
0.0143124
0.418553
0.0187474
0.42189
0.0230957
0.42586
0.02734
0.430422
0.0314364
0.435682
0.0354653
0.0388607
0.43206
0.000391086
-0.431703
0.433166
0.00418148
0.435032
0.00795141
0.437666
0.0116779
0.441075
0.0153391
0.445256
0.0189146
0.450209
0.0223872
0.45591
0.0257354
0.462409
0.0289658
0.0318366
0.455753
0.000120016
-0.455482
0.456873
0.00306178
0.458846
0.00597791
0.461676
0.00884787
0.465364
0.0116519
0.469907
0.0143712
0.475306
0.0169885
0.481553
0.0194878
0.488661
0.0218584
0.0240155
0.485719
-3.53721e-05
-0.485564
0.486784
0.00199707
0.488758
0.00400414
0.491636
0.00596904
0.495413
0.00787569
0.500075
0.00970896
0.505608
0.011455
0.511995
0.0131012
0.519217
0.0146367
0.0160398
0.527253
-6.48495e-05
-0.527224
0.528249
0.001001
0.530204
0.00204936
0.533103
0.00306987
0.536927
0.00405257
0.541647
0.00498813
0.547234
0.00586796
0.553651
0.00668436
0.560857
0.00743077
0.00810534
0.58911
-0.589175
0.590111
0.592161
0.595231
0.599283
0.604271
0.610139
0.616824
0.624254
0.279705
-0.0328776
-0.281151
0.28818
-0.0392346
0.295372
-0.0338914
0.301519
-0.0287254
0.307514
-0.0244402
0.313257
-0.0200332
0.318518
-0.0153958
0.3232
-0.0106654
0.327228
-0.00586904
-0.00100488
0.318533
-0.0360986
-0.315312
0.322834
-0.0435357
0.327484
-0.0385412
0.331362
-0.0326037
0.334852
-0.0279303
0.33823
-0.0234113
0.34136
-0.0185256
0.34412
-0.0134249
0.346477
-0.00822671
-0.00293713
0.359003
-0.0385569
-0.356544
0.360218
-0.0447509
0.361733
-0.0400563
0.363172
-0.0340432
0.364284
-0.0290423
0.365294
-0.0244206
0.366291
-0.0195233
0.36723
-0.0143639
0.368093
-0.00908957
-0.0037452
0.397764
-0.0388414
-0.397479
0.395663
-0.0426509
0.394008
-0.0384007
0.392911
-0.0329464
0.391929
-0.0280605
0.391044
-0.0235352
0.390395
-0.018875
0.390028
-0.0139968
0.38994
-0.0090015
-0.00395082
0.431853
-0.0365899
-0.434105
0.427049
-0.0378463
0.422852
-0.0342039
0.419599
-0.0296935
0.416916
-0.0253773
0.414638
-0.0212574
0.412834
-0.0170714
0.411573
-0.0127355
0.410867
-0.00829509
-0.0037992
0.461431
-0.0318688
-0.466152
0.455045
-0.0314604
0.44934
-0.0284992
0.444662
-0.0250155
0.440803
-0.0215179
0.437598
-0.018053
0.435051
-0.014524
0.433207
-0.0108918
0.432089
-0.00717712
-0.00341275
0.490162
-0.025339
-0.496691
0.483026
-0.0243245
0.476609
-0.0220821
0.47114
-0.0195469
0.466544
-0.0169215
0.462733
-0.0142422
0.459698
-0.0114897
0.457466
-0.0086596
0.456057
-0.00576803
-0.00283784
0.523602
-0.017709
-0.531232
0.516049
-0.0167717
0.509231
-0.0152637
0.503274
-0.0135905
0.498176
-0.0118235
0.493919
-0.0099853
0.490511
-0.00808132
0.487971
-0.00611984
0.486318
-0.00411495
-0.00208348
0.5687
-0.00928764
-0.577122
0.56069
-0.00876141
0.553424
-0.00799789
0.546986
-0.00715185
0.541408
-0.00624545
0.536713
-0.00529061
0.532926
-0.00429449
0.530071
-0.00326464
0.528166
-0.00221021
-0.00114134
0.635533
-0.644821
0.626772
0.618774
0.611622
0.605377
0.600086
0.595791
0.592527
0.590317
0.127379
0.0120787
-0.012526
0.128822
0.0368562
-0.0382998
0.131459
0.062408
-0.0650447
0.135371
0.0904976
-0.0944093
0.141519
0.120238
-0.126386
0.149682
0.156562
-0.164725
0.163866
0.192687
-0.206872
0.180568
0.246499
-0.263202
0.221549
0.279056
-0.320037
0.3554
-0.415002
0.148731
0.0114421
0.150691
0.0348964
0.154258
0.0588412
0.159451
0.0853048
0.167657
0.112032
0.178124
0.146095
0.196885
0.173927
0.21797
0.225414
0.266949
0.230077
0.307037
0.173603
0.0106056
0.176147
0.0323524
0.180791
0.0541969
0.187472
0.0786237
0.198028
0.101476
0.211127
0.132996
0.234237
0.150817
0.260108
0.199543
0.306272
0.183913
0.256764
0.202586
0.00955481
0.205758
0.0291801
0.211543
0.048412
0.219794
0.070373
0.232621
0.0886488
0.248426
0.11719
0.273751
0.125492
0.303894
0.1694
0.342448
0.145359
0.201733
0.23635
0.00827653
0.240173
0.0253573
0.247037
0.0415482
0.256859
0.0605508
0.271313
0.0741951
0.289881
0.0986223
0.314474
0.100899
0.348461
0.135413
0.379782
0.114038
0.147411
0.275657
0.00678729
0.280106
0.0209079
0.287801
0.0338532
0.299067
0.0492844
0.314126
0.0591362
0.334963
0.0777857
0.357415
0.0784473
0.392411
0.100417
0.419864
0.0865844
0.101123
0.321407
0.00515523
0.326365
0.0159492
0.334535
0.0256839
0.346784
0.0370353
0.361741
0.0441793
0.383197
0.0563291
0.404062
0.0575822
0.435958
0.0685212
0.461364
0.0611788
0.065796
0.374699
0.00346814
0.379931
0.010717
0.388299
0.0173161
0.400771
0.0245634
0.415483
0.0294666
0.435696
0.0361168
0.455598
0.0376799
0.482167
0.0419524
0.504946
0.0383999
0.03951
0.436841
0.00176746
0.442127
0.00543035
0.450601
0.00884293
0.462806
0.0123577
0.477349
0.0149244
0.495718
0.0177478
0.514651
0.0187468
0.536574
0.0200295
0.556442
0.0185315
0.0188301
0.50938
0.51481
0.523653
0.536011
0.550935
0.568683
0.58743
0.607459
0.625991
0.0714472
0.0105066
-0.0112423
0.0720759
0.0331325
-0.0337612
0.0725669
0.0566575
-0.0571484
0.0728197
0.0819017
-0.0821545
0.0727195
0.109794
-0.109693
0.0720202
0.141177
-0.140477
0.0703581
0.17886
-0.177198
0.0671635
0.222614
-0.219419
0.0609334
0.283688
-0.277458
0.354539
-0.342714
0.0713728
0.00983996
0.0718802
0.0326251
0.0722096
0.056328
0.0722588
0.0818525
0.0719451
0.110107
0.0710021
0.14212
0.0691721
0.18069
0.0658796
0.225906
0.0598909
0.289677
0.365405
0.071251
0.00929073
0.071589
0.0322871
0.0717082
0.0562089
0.0715034
0.0820572
0.0709259
0.110685
0.069683
0.143363
0.0676429
0.18273
0.0641914
0.229357
0.0584515
0.295417
0.375199
0.0710832
0.00890637
0.0712053
0.0321651
0.0710665
0.0563477
0.0705593
0.0825644
0.0696678
0.111576
0.0680688
0.144962
0.0657769
0.185022
0.0620955
0.233039
0.056641
0.300871
0.383823
0.0708709
0.00873329
0.0707322
0.0323038
0.0702894
0.0567904
0.0694337
0.0834202
0.0681778
0.112832
0.0661689
0.146971
0.0635829
0.187608
0.0595929
0.237029
0.054502
0.305962
0.391214
0.0706157
0.00881647
0.0701736
0.0327459
0.0693825
0.0575815
0.0681345
0.0846682
0.0664635
0.114503
0.0639954
0.149439
0.0610695
0.190534
0.0566921
0.241406
0.0520952
0.310559
0.397377
0.0703197
0.00919919
0.0695337
0.0335319
0.0683518
0.0587634
0.0666698
0.0863502
0.0645325
0.11664
0.0615619
0.152409
0.0582431
0.193852
0.0534143
0.246235
0.0494924
0.314481
0.402433
0.0699851
0.00992264
0.0688173
0.0346996
0.0672033
0.0603774
0.065046
0.0885075
0.0623903
0.119296
0.0588804
0.155919
0.0551059
0.197627
0.0497987
0.251542
0.0467849
0.317495
0.406652
0.0696157
0.0110246
0.0680317
0.0362835
0.0659459
0.0624632
0.0632717
0.0911817
0.0600421
0.122526
0.0559588
0.160003
0.0516612
0.201925
0.0459316
0.257272
0.0439193
0.319507
0.410539
0.0692283
0.0672121
0.0646306
0.061403
0.0575425
0.05282
0.0478729
0.0419431
0.0414133
0.0695044
0.0130201
-0.0118198
0.0686089
0.0366809
-0.0357853
0.0679809
0.060586
-0.0599581
0.0675198
0.0852076
-0.0847465
0.0670178
0.110602
-0.1101
0.0661119
0.13696
-0.136054
0.0640188
0.163292
-0.161199
0.0595553
0.188521
-0.184058
0.0494924
0.206915
-0.196852
0.210355
-0.195463
0.0699224
0.0138137
0.069412
0.0371914
0.0691213
0.0608766
0.0689534
0.0853755
0.0686965
0.110859
0.06802
0.137636
0.0661287
0.165184
0.0620331
0.192617
0.052586
0.216362
0.225943
0.070283
0.0142549
0.0700929
0.0373814
0.0700786
0.060891
0.0701412
0.0853129
0.0700698
0.110931
0.0695673
0.138139
0.06786
0.166891
0.0640759
0.196401
0.0551107
0.225327
0.24178
0.0705972
0.0143871
0.070681
0.0372975
0.0708987
0.0606734
0.0711492
0.0850624
0.0712208
0.110859
0.0708449
0.138515
0.069268
0.168468
0.065692
0.199977
0.0571359
0.233883
0.2575
0.0708648
0.0142544
0.0711752
0.0369871
0.0715796
0.060269
0.0719753
0.0846666
0.0721501
0.110685
0.0718555
0.138809
0.0703626
0.169961
0.0669263
0.203413
0.0587805
0.242029
0.272932
0.0710847
0.0139021
0.0715732
0.0364986
0.0721171
0.0597251
0.0726136
0.08417
0.0728533
0.110445
0.0726016
0.139061
0.0711658
0.171397
0.0678437
0.206735
0.0600936
0.249779
0.287993
0.0712559
0.0133768
0.071873
0.0358815
0.0725074
0.0590907
0.0730574
0.0836201
0.0733213
0.110181
0.0730735
0.139309
0.0716677
0.172802
0.0684365
0.209966
0.061049
0.257167
0.302595
0.0713779
0.0127262
0.0720734
0.035186
0.0727481
0.058416
0.0733017
0.0830665
0.0735462
0.109937
0.0732592
0.139596
0.0718497
0.174212
0.0686804
0.213136
0.0616232
0.264224
0.316646
0.0714504
0.0119985
0.0721739
0.0344625
0.0728383
0.0577516
0.0733442
0.0825606
0.0735228
0.109758
0.0731499
0.139969
0.0716984
0.175663
0.0685592
0.216275
0.0618041
0.270979
0.330051
0.0714734
0.0721747
0.0727779
0.073184
0.0732486
0.0727398
0.0712055
0.0680613
0.0615823
0.505853
0.00146294
0.5015
0.00435384
0.49438
0.0071194
0.484877
0.00950335
0.473526
0.0113512
0.460993
0.0125323
0.448122
0.0128709
0.435789
0.0123335
0.425128
0.0106606
0.00825072
0.416878
0.433425
0.00291333
0.429106
0.00867199
0.422076
0.0141495
0.412635
0.0189445
0.401237
0.0227492
0.388486
0.0252832
0.375183
0.0261738
0.362223
0.0252935
0.350799
0.0220845
0.0173295
0.341721
0.371286
0.00439694
0.36687
0.0130888
0.359658
0.0213614
0.349858
0.0287438
0.337819
0.0347891
0.324058
0.0390442
0.309336
0.0408952
0.294626
0.0400033
0.281277
0.0354333
0.0282843
0.270323
0.318061
0.00587088
0.313662
0.0174869
0.306413
0.0286112
0.2964
0.0387566
0.283818
0.0473708
0.269037
0.0538255
0.252713
0.0572192
0.235869
0.0568472
0.220046
0.0512561
0.0416312
0.206699
0.272509
0.00726775
0.268318
0.0216777
0.261322
0.0356076
0.251476
0.0486027
0.238785
0.0600616
0.223393
0.0692172
0.205751
0.0748612
0.186812
0.0757865
0.168274
0.069794
0.0577234
0.152182
0.233537
0.00852905
0.22972
0.0254949
0.223261
0.042067
0.213988
0.0578753
0.201713
0.0723369
0.186304
0.0846259
0.167905
0.0932603
0.147203
0.0964882
0.125917
0.0910804
0.0769346
0.106705
0.200189
0.00961977
0.196851
0.0288337
0.191128
0.0477899
0.182746
0.0662572
0.171349
0.0837339
0.156527
0.0994478
0.138059
0.111728
0.116153
0.118394
0.0923081
0.114925
0.0996942
0.0695485
0.17164
0.0105301
0.168819
0.0316546
0.16393
0.052679
0.156626
0.0735614
0.146434
0.0939266
0.132703
0.113179
0.114851
0.12958
0.0924423
0.140803
0.0664616
0.140906
0.126442
0.0397134
0.147193
0.0112632
0.144883
0.0339645
0.140839
0.0567231
0.134677
0.079723
0.125863
0.102741
0.113577
0.125464
0.0969279
0.146229
0.0747714
0.162959
0.0471911
0.168486
0.157664
0.0159697
0.12627
0.124449
0.121214
0.116191
0.108831
0.0982411
0.0832712
0.0621729
0.0338069
-0.00399228
0.407674
0.00920348
0.399437
0.00823689
0.392182
0.00725543
0.385942
0.00624036
0.380749
0.00519211
0.376634
0.00411497
0.373621
0.00301389
0.371727
0.00189329
0.37097
0.000757253
-0.000390152
0.37136
0.334395
0.0165294
0.327832
0.0147997
0.322029
0.0130582
0.317021
0.0112482
0.312848
0.00936554
0.309542
0.00742116
0.307128
0.00542717
0.305628
0.00339368
0.305055
0.00133008
-0.00075411
0.305419
0.264852
0.0220001
0.259963
0.0196885
0.255621
0.0173998
0.25186
0.0150097
0.248723
0.0125023
0.246247
0.0098979
0.244455
0.00721837
0.243368
0.00448067
0.242998
0.00170075
-0.00110444
0.243348
0.202928
0.0257711
0.199582
0.0230346
0.196597
0.0203854
0.194002
0.017604
0.191847
0.0146571
0.190167
0.0115783
0.188983
0.0084024
0.188308
0.00515557
0.188145
0.00186389
-0.00144369
0.188484
0.149873
0.0280804
0.147863
0.0250439
0.14607
0.0221788
0.14452
0.0191543
0.143257
0.0159192
0.142309
0.0125265
0.141683
0.00902868
0.141371
0.00546715
0.141351
0.00188481
-0.00167049
0.141577
0.105568
0.0292178
0.104641
0.0259709
0.103836
0.0229842
0.103169
0.0198208
0.102668
0.0164205
0.10233
0.0128645
0.102129
0.00922957
0.102018
0.0055782
0.101928
0.00197505
-0.00151295
0.10177
0.0692244
0.0295418
0.0690459
0.0261494
0.0689388
0.0230912
0.0689009
0.0198587
0.0689164
0.016405
0.0689353
0.0128456
0.0688833
0.00928159
0.0686668
0.0057947
0.0681793
0.00246258
-0.000645655
0.067312
0.0397024
0.0295529
0.0397749
0.0260769
0.0399101
0.022956
0.0400824
0.0196864
0.0402143
0.0162731
0.0402027
0.0128573
0.0399341
0.00955014
0.0392927
0.00643607
0.0381731
0.00358225
0.0010318
0.0364956
0.0156165
0.029906
0.0151075
0.0265859
0.014835
0.0232284
0.0147007
0.0198207
0.0145415
0.0164323
0.014195
0.0132038
0.0135201
0.010225
0.0124067
0.00754944
0.0107862
0.00520281
0.00317891
0.00863907
-0.0053755
-0.00652585
-0.00745843
-0.00820982
-0.0089539
-0.00983784
-0.0109709
-0.012424
-0.014223
-0.0163461
0.372907
-0.00154707
0.375612
-0.00270471
0.379473
-0.00386092
0.384484
-0.00501109
0.390634
-0.00615026
0.397907
-0.00727319
0.406282
-0.00837414
0.415728
-0.00944668
0.426211
-0.0104832
-0.0114679
0.437679
0.306725
-0.00285298
0.308969
-0.0049483
0.312141
-0.00703324
0.316226
-0.00909635
0.321201
-0.0111254
0.327036
-0.0131076
0.333691
-0.0150291
0.341119
-0.0168753
0.349267
-0.0186311
-0.0202771
0.358077
0.244417
-0.00392186
0.246191
-0.00672193
0.248646
-0.00948897
0.251751
-0.0122009
0.25546
-0.0148344
0.259718
-0.0173661
0.264462
-0.0197728
0.269618
-0.0220314
0.275111
-0.024124
-0.0260504
0.280884
0.189303
-0.00474101
0.190564
-0.00798271
0.192214
-0.0111386
0.194186
-0.0141726
0.196401
-0.0170499
0.198775
-0.0197397
0.201218
-0.0222164
0.203645
-0.0244584
0.20598
-0.0264586
-0.02827
0.208199
0.14199
-0.00515358
0.142509
-0.0085021
0.143044
-0.0116733
0.143496
-0.0146251
0.143772
-0.0173259
0.143791
-0.019758
0.14349
-0.0219153
0.142827
-0.0237959
0.141792
-0.0254232
-0.0269432
0.140465
0.101444
-0.00482718
0.100845
-0.00790299
0.0998769
-0.0107055
0.0984658
-0.013214
0.0965702
-0.0154303
0.0941904
-0.0173782
0.0913647
-0.0190897
0.088149
-0.0205802
0.0846359
-0.0219101
-0.0233696
0.0810623
0.0659665
-0.00348168
0.0640729
-0.00600939
0.0615996
-0.0082322
0.058564
-0.0101784
0.0550359
-0.0119022
0.051134
-0.0134762
0.0470021
-0.0149578
0.0427595
-0.0163376
0.0385431
-0.0176937
-0.0195591
0.0347326
0.0342189
-0.00120498
0.031356
-0.00314649
0.0279736
-0.00484979
0.0241915
-0.00639624
0.0201723
-0.00788308
0.0161071
-0.00941107
0.0121875
-0.0110382
0.00853953
-0.0126896
0.00526166
-0.0144158
-0.0170305
0.00273298
0.005996
0.00143808
0.0029446
-9.50791e-05
-0.000385716
-0.00151948
-0.00383246
-0.0029495
-0.007217
-0.00449855
-0.010363
-0.00626512
-0.0130989
-0.00830223
-0.0152621
-0.0105263
-0.0167618
-0.0129162
-0.0162027
-0.0175896
-0.0187314
-0.0212719
-0.0238405
-0.0262981
-0.0285087
-0.0303545
-0.031726
-0.0324017
-0.0320466
-0.0309598
0.453286
-0.0156063
0.473577
-0.0202919
0.49818
-0.0246031
0.526412
-0.0282311
0.557601
-0.0311892
0.590562
-0.0329617
0.623923
-0.0333607
0.656327
-0.0324034
0.686412
-0.030085
0.713603
-0.027191
0.736958
-0.0233557
0.756741
-0.0197823
0.77232
-0.0155795
0.785044
-0.0127243
0.793465
-0.00842103
0.800554
-0.00708895
0.803751
-0.00319667
0.805046
-0.00129524
0.805123
-7.63645e-05
0.00524095
0.372308
-0.0298381
0.390623
-0.038606
0.412424
-0.046404
0.43733
-0.0531373
0.464732
-0.0585918
0.49342
-0.0616499
0.522243
-0.0621836
0.549958
-0.0601181
0.575606
-0.055733
0.598564
-0.0501491
0.618177
-0.0429685
0.63468
-0.0362854
0.647652
-0.0285513
0.658064
-0.0231362
0.665176
-0.0155334
0.670898
-0.0128109
0.67364
-0.00593823
0.675032
-0.0026873
0.675182
-0.000226982
0.00917931
0.293562
-0.0425159
0.309718
-0.0547623
0.329194
-0.0658796
0.35218
-0.0761231
0.377784
-0.0841964
0.404477
-0.0883426
0.430929
-0.0886356
0.45577
-0.0849593
0.47828
-0.0782431
0.497803
-0.0696713
0.514141
-0.0593067
0.527539
-0.0496838
0.537875
-0.0388877
0.545951
-0.0312118
0.55155
-0.0211322
0.555788
-0.0170494
0.557972
-0.0081217
0.55929
-0.00400598
0.559525
-0.000461192
0.0118898
0.218821
-0.0531373
0.233516
-0.0694578
0.253439
-0.085802
0.278174
-0.100858
0.305309
-0.111331
0.332436
-0.115469
0.357838
-0.114038
0.380306
-0.107427
0.399573
-0.0975102
0.415366
-0.0854641
0.428095
-0.0720363
0.438097
-0.0596851
0.445565
-0.0463558
0.451273
-0.0369204
0.455158
-0.0250171
0.45798
-0.0198716
0.459585
-0.0097259
0.460616
-0.00503707
0.460948
-0.000793499
0.0136023
0.151059
-0.0637312
0.168726
-0.0871249
0.194065
-0.111141
0.223441
-0.130235
0.252669
-0.140559
0.279248
-0.142048
0.302012
-0.136801
0.320668
-0.126083
0.335668
-0.112511
0.347298
-0.0970935
0.356363
-0.0811013
0.363203
-0.0665253
0.36819
-0.0513433
0.371993
-0.0407233
0.374478
-0.0275016
0.376322
-0.0217162
0.377525
-0.0109288
0.378288
-0.00580006
0.37882
-0.00132536
0.0145417
0.0967907
-0.0794596
0.122298
-0.112632
0.154228
-0.143072
0.186171
-0.162177
0.214415
-0.168804
0.237772
-0.165406
0.256246
-0.155274
0.270479
-0.140316
0.281368
-0.1234
0.289496
-0.105222
0.29571
-0.0873154
0.300265
-0.0710797
0.303567
-0.0546458
0.306117
-0.0432736
0.307701
-0.029085
0.309008
-0.0230232
0.309976
-0.0118967
0.31057
-0.00639447
0.311337
-0.00209275
0.0149278
0.0593676
-0.104095
0.0927264
-0.145991
0.127678
-0.178024
0.15845
-0.192949
0.183297
-0.193651
0.202421
-0.18453
0.216688
-0.169541
0.227213
-0.150842
0.234986
-0.131173
0.240656
-0.110892
0.244936
-0.0915956
0.248011
-0.0741539
0.250257
-0.0568918
0.252017
-0.0450345
0.253063
-0.0301308
0.25408
-0.0240399
0.254886
-0.0127028
0.255387
-0.00689517
0.256336
-0.00304177
0.0149606
0.0356974
-0.137059
0.0735567
-0.18385
0.107936
-0.212403
0.135675
-0.220688
0.156632
-0.214608
0.171884
-0.199782
0.182758
-0.180415
0.190517
-0.158601
0.196088
-0.136744
0.200087
-0.11489
0.203064
-0.0945732
0.205172
-0.0762618
0.206731
-0.0584506
0.207965
-0.0462689
0.208681
-0.0308461
0.209508
-0.0248675
0.210175
-0.0133694
0.210621
-0.00734172
0.21166
-0.00408077
0.0147972
0.0210977
-0.175746
0.0601279
-0.22288
0.0923276
-0.244603
0.11662
-0.24498
0.133947
-0.231935
0.145956
-0.211791
0.154194
-0.188654
0.15991
-0.164317
0.16391
-0.140743
0.166741
-0.117721
0.168811
-0.0966437
0.17026
-0.0777109
0.171343
-0.0595334
0.172204
-0.0471298
0.172703
-0.0313446
0.173379
-0.0255437
0.173917
-0.0139077
0.174327
-0.00775156
0.175371
-0.00512487
0.0145455
0.0118593
-0.218565
0.0504848
-0.261506
0.0799577
-0.274076
0.100757
-0.265779
0.11484
-0.246017
0.124176
-0.221127
0.13037
-0.194847
0.13456
-0.168507
0.137417
-0.1436
0.139412
-0.119716
0.140829
-0.0980603
0.141819
-0.0787008
0.142551
-0.0602657
0.143143
-0.0477217
0.143489
-0.0316906
0.144029
-0.0260838
0.14446
-0.0143389
0.144832
-0.00812303
0.145823
-0.00611561
0.0142691
0.0522421
-0.244804
0.0715169
-0.28078
0.080751
-0.28331
0.0839454
-0.268973
0.0837544
-0.245826
0.0820267
-0.2194
0.0798093
-0.19263
0.0776582
-0.166356
0.0757954
-0.141737
0.0743511
-0.118272
0.0733537
-0.0970629
0.0727659
-0.078113
0.0726106
-0.0601104
0.0728064
-0.0479175
0.0732731
-0.0321574
0.0741423
-0.026953
0.0751592
-0.0153558
0.0763929
-0.00935672
0.07811
-0.00783275
0.0127421
0.0565793
-0.271793
0.074774
-0.298975
0.0830161
-0.291552
0.0854741
-0.271431
0.0849711
-0.245323
0.0831826
-0.217611
0.0810145
-0.190462
0.0789288
-0.16427
0.0770999
-0.139908
0.075644
-0.116816
0.0745768
-0.0959958
0.0738717
-0.0774078
0.0735504
-0.0597891
0.0735308
-0.047898
0.0737527
-0.0323792
0.0743372
-0.0275376
0.0750252
-0.0160437
0.0759157
-0.0102473
0.0772528
-0.00916976
0.0116461
0.0609481
-0.299191
0.0774795
-0.315507
0.0846262
-0.298699
0.0864093
-0.273214
0.0856677
-0.244582
0.0838714
-0.215815
0.0817852
-0.188376
0.079788
-0.162273
0.0780137
-0.138134
0.0765664
-0.115369
0.0754524
-0.0948817
0.0746537
-0.0766091
0.0741943
-0.0593297
0.0739885
-0.0476922
0.0740006
-0.0323912
0.0743367
-0.0278737
0.0747353
-0.0164424
0.0753324
-0.0108444
0.0763369
-0.0101742
0.0109315
0.0649279
-0.326315
0.0794999
-0.330079
0.0855556
-0.304754
0.0867747
-0.274434
0.0858836
-0.243691
0.0841379
-0.214069
0.0821642
-0.186402
0.0802721
-0.160381
0.078565
-0.136427
0.0771394
-0.113943
0.0759946
-0.093737
0.075123
-0.0757375
0.0745495
-0.0587562
0.0741859
-0.0473286
0.0740218
-0.0322271
0.0741442
-0.0279961
0.0742952
-0.0165933
0.0746458
-0.011195
0.0753649
-0.0108933
0.0105473
0.0681947
-0.352393
0.0806996
-0.342584
0.085715
-0.30977
0.0865065
-0.275225
0.0855627
-0.242747
0.0839342
-0.212441
0.0821147
-0.184582
0.080356
-0.158622
0.0787387
-0.13481
0.0773558
-0.11256
0.0762022
-0.0925834
0.0752819
-0.0748172
0.0746201
-0.0580945
0.0741288
-0.0468373
0.0738224
-0.0319207
0.0737656
-0.0279394
0.0737104
-0.0165381
0.0738604
-0.0113449
0.0743404
-0.0113734
0.010443
0.070556
-0.376688
0.0810289
-0.353056
0.0850932
-0.313834
0.085603
-0.275735
0.0847001
-0.241844
0.0832478
-0.210988
0.0816214
-0.182956
0.0800252
-0.157026
0.078524
-0.133308
0.0772093
-0.111245
0.076073
-0.0914472
0.075132
-0.0738761
0.0744105
-0.057373
0.0738231
-0.04625
0.0734086
-0.0315061
0.0732073
-0.0277381
0.0729874
-0.0163182
0.0729812
-0.0113388
0.073267
-0.0116592
0.0105687
0.0719153
-0.398575
0.0804867
-0.361628
0.0837251
-0.317073
0.0840974
-0.276107
0.0833214
-0.241068
0.0820943
-0.209761
0.080693
-0.181555
0.0792851
-0.155618
0.0779249
-0.131948
0.076704
-0.110024
0.0756124
-0.0903556
0.0746795
-0.0729432
0.0739277
-0.0566211
0.0732768
-0.0455991
0.0727882
-0.0310175
0.0724766
-0.0274265
0.0721329
-0.0159746
0.0720137
-0.0112195
0.0721486
-0.0117941
0.0108755
0.0722488
-0.417575
0.0791035
-0.368483
0.0816685
-0.319638
0.0820345
-0.276473
0.0814602
-0.240494
0.0804971
-0.208798
0.0793466
-0.180404
0.0781489
-0.154421
0.0769528
-0.130752
0.0758502
-0.108922
0.0748302
-0.0893356
0.0739344
-0.0720474
0.0731815
-0.0558683
0.0724998
-0.0449173
0.0719703
-0.0304881
0.0715821
-0.0270382
0.0711549
-0.0155474
0.0709635
-0.0110281
0.0709889
-0.0118195
0.0113159
0.0715903
-0.433371
0.0769349
-0.373827
0.0789925
-0.321695
0.0794628
-0.276943
0.0791513
-0.240182
0.078482
-0.208129
0.0776028
-0.179525
0.0766344
-0.153452
0.0756233
-0.129741
0.0746624
-0.107961
0.0737398
-0.088413
0.072909
-0.0712166
0.0721841
-0.0551433
0.0715033
-0.0442366
0.0709652
-0.02995
0.0705331
-0.0266061
0.0700615
-0.0150758
0.0698367
-0.0108034
0.069792
-0.0117747
0.0118441
0.0700156
0.074055
0.0757684
0.0764298
0.0764275
0.0760746
0.0754837
0.074762
0.0739557
0.0731582
0.0723578
0.0716186
0.0709491
0.0703004
0.0697841
0.0693399
0.0688613
0.0686395
0.0685619
)
;

boundaryField
{
    inlet
    {
        type            calculated;
        value           nonuniform List<scalar> 
40
(
-0.126932
-0.148094
-0.172766
-0.201535
-0.235072
-0.274167
-0.319775
-0.373012
-0.43514
-0.507612
-0.0707115
-0.0707062
-0.0707018
-0.0706989
-0.0706978
-0.0706989
-0.0707024
-0.0707085
-0.0707176
-0.0707298
-0.0707047
-0.070716
-0.0707242
-0.0707294
-0.070732
-0.0707324
-0.0707307
-0.0707273
-0.0707226
-0.0707172
-0.507316
-0.434875
-0.37277
-0.319535
-0.273906
-0.234798
-0.20128
-0.172551
-0.147926
-0.126826
)
;
    }
    outlet
    {
        type            calculated;
        value           nonuniform List<scalar> 
40
(
0.0983943
0.110767
0.124074
0.138277
0.153385
0.169547
0.187185
0.207207
0.231317
0.26253
0.066729
0.065483
0.0642538
0.0630433
0.0618535
0.0606863
0.0595436
0.0584275
0.05734
0.0562829
0.079637
0.0783487
0.0770515
0.0757491
0.0744447
0.0731414
0.0718417
0.0705484
0.0692638
0.06799
0.799882
0.671244
0.556814
0.459235
0.377881
0.310951
0.256303
0.211824
0.175623
0.146099
)
;
    }
    top
    {
        type            symmetryPlane;
        value           uniform 0;
    }
    bottom
    {
        type            symmetryPlane;
        value           uniform 0;
    }
    cylinder
    {
        type            calculated;
        value           nonuniform List<scalar> 
80
(
-1.12478e-18
-1.04662e-18
1.92416e-18
7.63975e-18
-7.54998e-18
9.2755e-18
-2.19312e-18
-4.84809e-18
-6.57167e-19
1.06217e-17
1.06364e-18
-4.29818e-18
4.76689e-18
-6.4224e-18
-3.5236e-18
-6.72805e-18
-2.35953e-17
-1.87396e-18
1.49339e-17
-2.47098e-17
8.77955e-18
-1.49339e-17
1.87396e-18
9.71748e-18
7.44156e-18
-8.54206e-18
6.4224e-18
-4.76689e-18
4.29818e-18
1.55428e-19
1.12478e-18
1.04662e-18
-1.92416e-18
-7.63975e-18
1.85097e-18
2.64536e-18
1.74077e-17
4.84809e-18
-1.32206e-17
-2.23662e-17
1.06217e-17
1.32206e-17
-4.84809e-18
1.03479e-17
9.2755e-18
-1.85097e-18
7.63975e-18
1.92416e-18
-1.04662e-18
-1.12478e-18
-8.77955e-18
1.05613e-18
-1.87396e-18
-2.04458e-17
7.86324e-18
8.54206e-18
-6.4224e-18
4.76689e-18
-4.29818e-18
-1.55428e-19
1.55428e-19
4.29818e-18
-4.76689e-18
6.4224e-18
-8.54206e-18
7.44156e-18
2.04458e-17
1.87396e-18
-1.05613e-18
8.77955e-18
-1.06217e-17
6.57167e-19
4.84809e-18
2.19312e-18
1.65231e-17
7.54998e-18
-7.63975e-18
-1.92416e-18
1.04662e-18
1.12478e-18
)
;
    }
    frontandback
    {
        type            empty;
        value           nonuniform 0();
    }
}


// ************************************************************************* //
