/*--------------------------------*- C++ -*----------------------------------*\
  =========                 |
  \\      /  F ield         | OpenFOAM: The Open Source CFD Toolbox
   \\    /   O peration     | Website:  https://openfoam.org
    \\  /    A nd           | Version:  6.0
     \\/     M anipulation  |
\*---------------------------------------------------------------------------*/
FoamFile
{
    version     2.0;
    format      ascii;
    class       surfaceScalarField;
    location    "13.25";
    object      phi;
}
// * * * * * * * * * * * * * * * * * * * * * * * * * * * * * * * * * * * * * //

dimensions      [0 3 -1 0 0 0 0];

internalField   nonuniform List<scalar> 
4670
(
0.00317172
-0.425937
0.422765
0.0101315
-0.390661
0.383701
0.0184745
-0.372633
0.36429
0.0268292
-0.356266
0.347912
0.0346202
-0.339491
0.3317
0.0417063
-0.322114
0.315028
0.0481627
-0.304759
0.298303
0.0541519
-0.288161
0.282172
0.0598586
-0.272801
0.267095
-0.258857
0.25324
0.0654758
0.00332886
-0.429265
0.010303
-0.397635
0.0184836
-0.380814
0.0265509
-0.364334
0.0339865
-0.346927
0.0407005
-0.328828
0.0468026
-0.310861
0.0524716
-0.29383
0.0578993
-0.278229
-0.264246
0.0632882
0.00344052
-0.432706
0.0103534
-0.404548
0.0182942
-0.388755
0.0260008
-0.37204
0.0330188
-0.353945
0.0393098
-0.335119
0.0450155
-0.316567
0.0503272
-0.299142
0.0554398
-0.283342
-0.269371
0.0605653
0.0034833
-0.436189
0.0102698
-0.411335
0.0179042
-0.396389
0.0251852
-0.379321
0.0317263
-0.360486
0.0375421
-0.340935
0.0428058
-0.321831
0.0477188
-0.304055
0.0524765
-0.288099
-0.274196
0.0573014
0.00347981
-0.439669
0.0100725
-0.417927
0.0173376
-0.403654
0.0241361
-0.38612
0.0301461
-0.366496
0.0354312
-0.34622
0.0401933
-0.326593
0.044645
-0.308507
0.0489858
-0.29244
-0.278673
0.0534632
0.00342615
-0.443095
0.00976609
-0.424267
0.0166089
-0.410497
0.0228817
-0.392393
0.028324
-0.371938
0.0330387
-0.350935
0.037244
-0.330798
0.0411593
-0.312422
0.0450016
-0.296282
-0.28274
0.0490682
0.00333303
-0.446428
0.00936974
-0.430304
0.0157391
-0.416866
0.0214402
-0.398094
0.0262807
-0.376779
0.030405
-0.355059
0.0340387
-0.334432
0.0373854
-0.315769
0.0406568
-0.299554
-0.286204
0.0441205
0.00321926
-0.449647
0.00892556
-0.43601
0.0147788
-0.42272
0.0198461
-0.403161
0.0240068
-0.380939
0.0274657
-0.358518
0.0304874
-0.337454
0.0332637
-0.318545
0.0358959
-0.302186
-0.288608
0.0383002
0.00312713
-0.452775
0.00851316
-0.441396
0.013844
-0.42805
0.0182452
-0.407562
0.0216349
-0.384329
0.0242339
-0.361117
0.0263372
-0.339557
0.0282129
-0.320421
0.0300258
-0.303999
-0.290229
0.0316464
0.00311908
-0.455894
0.00819535
-0.446472
0.0130518
-0.432907
0.016876
-0.411386
0.0195866
-0.38704
0.0213088
-0.362839
0.0221489
-0.340397
0.0222409
-0.320513
0.0222301
-0.303988
-0.29329
0.0252913
0.480905
0.00253909
-0.483444
0.478126
0.00277911
0.475269
0.00285683
0.472475
0.00279398
0.469686
0.00278895
0.466891
0.00279487
0.464109
0.00278224
0.461342
0.00276672
0.458612
0.00273013
0.0027185
0.482322
0.00503652
-0.48482
0.47934
0.00576114
0.476003
0.00619388
0.472395
0.00640233
0.468537
0.00664645
0.464467
0.00686548
0.460212
0.00703672
0.455805
0.00717366
0.451237
0.00729798
0.00748346
0.462248
0.00629624
-0.463508
0.460503
0.00750593
0.458305
0.00839257
0.455657
0.00904971
0.45262
0.00968359
0.449248
0.0102372
0.445584
0.0107009
0.441665
0.011093
0.43745
0.0115133
0.012026
0.431387
0.00655096
-0.431642
0.430703
0.00818969
0.429557
0.00953868
0.427944
0.0106624
0.425926
0.0117024
0.423591
0.0125715
0.420962
0.0133302
0.418055
0.0139999
0.414871
0.0146972
0.0155111
0.400238
0.0063177
-0.400005
0.400082
0.00834578
0.399495
0.0101264
0.398502
0.011655
0.397149
0.0130555
0.395536
0.0141849
0.393663
0.0152031
0.39165
0.0160128
0.38944
0.0169068
0.0179116
0.372361
0.00599465
-0.372038
0.37232
0.00838693
0.371884
0.0105622
0.371113
0.0124265
0.370021
0.0141467
0.368759
0.0154469
0.367267
0.0166955
0.365833
0.0174465
0.364289
0.0184513
0.0193612
0.348452
0.00579431
-0.348252
0.348304
0.00853443
0.347787
0.01108
0.346986
0.0132274
0.34586
0.0152728
0.344656
0.016651
0.343226
0.0181254
0.342145
0.0185269
0.34091
0.0196863
0.0198744
0.328119
0.00579201
-0.328117
0.327784
0.00886924
0.327088
0.0117761
0.326137
0.0141786
0.324817
0.0165926
0.323496
0.0179719
0.321862
0.0197597
0.321049
0.01934
0.319858
0.0208767
0.01922
0.310623
0.00599678
-0.310828
0.310097
0.00939546
0.309215
0.0126577
0.308105
0.0152886
0.30656
0.0181372
0.305049
0.0194834
0.302995
0.0218135
0.302317
0.0200178
0.301261
0.021933
0.0164932
0.295229
-0.29566
0.00642748
0.294517
0.0101074
0.293475
0.0136998
0.292255
0.0165083
0.290572
0.0198201
0.288922
0.0211338
0.28643
0.0243056
0.285259
0.021189
0.284027
0.023165
0.00722987
0.4944
-0.000429319
-0.49397
0.494492
-9.20912e-05
0.494219
0.000272722
0.493604
0.00061498
0.492638
0.000966248
0.491326
0.00131202
0.489714
0.00161166
0.487833
0.00188132
0.485672
0.00216086
0.00222792
0.483094
-0.00359506
-0.479929
0.485668
-0.00266554
0.487642
-0.00170131
0.488996
-0.000738807
0.489732
0.000229292
0.489862
0.0011822
0.48941
0.00206398
0.488399
0.00289271
0.486834
0.00372565
0.00424203
0.447719
-0.00844929
-0.442865
0.452002
-0.00694854
0.45566
-0.00535958
0.458664
-0.00374218
0.461022
-0.0021288
0.462744
-0.000539593
0.463837
0.000970865
0.464307
0.00242248
0.464201
0.00383128
0.00493552
0.408333
-0.0139725
-0.40281
0.413319
-0.0119342
0.417691
-0.00973216
0.421444
-0.00749454
0.424594
-0.00527878
0.427151
-0.00309711
0.429117
-0.000994972
0.430506
0.00103322
0.431367
0.00297006
0.00466113
0.374723
-0.0196179
-0.369078
0.379793
-0.0170036
0.384249
-0.0141881
0.388121
-0.0113671
0.391431
-0.00858839
0.394187
-0.00585325
0.396401
-0.00320858
0.3981
-0.000666489
0.399317
0.00175342
0.00397294
0.347783
-0.0252138
-0.342187
0.352669
-0.0218899
0.356913
-0.0184322
0.360609
-0.0150624
0.363756
-0.0117359
0.366367
-0.00846417
0.368475
-0.0053168
0.370118
-0.00230854
0.371312
0.000559337
0.00324657
0.326187
-0.030818
-0.320583
0.330798
-0.0265003
0.334736
-0.0223701
0.338166
-0.0184927
0.341037
-0.0146073
0.343372
-0.010799
0.345235
-0.00717952
0.346665
-0.00373855
0.347672
-0.000447862
0.00266695
0.308387
-0.0365074
-0.302697
0.312762
-0.0308753
0.316408
-0.0260168
0.319559
-0.0216434
0.322133
-0.017181
0.324174
-0.0128405
0.325771
-0.00877645
0.32696
-0.00492687
0.327742
-0.00122989
0.00229157
0.293258
-0.0417426
-0.288023
0.297516
-0.035133
0.30096
-0.0294615
0.30377
-0.0244535
0.306016
-0.0194264
0.307783
-0.0146075
0.309133
-0.0101269
0.310093
-0.00588667
0.310658
-0.00179519
0.00212227
0.279874
-0.278905
-0.0427117
0.284199
-0.0394581
0.288052
-0.0333152
0.290288
-0.0266892
0.292056
-0.0211939
0.293555
-0.0161066
0.294667
-0.0112389
0.295387
-0.00660662
0.29572
-0.00212859
0.00218251
0.056986
0.223331
-0.21765
-0.0626666
0.051017
0.235073
-0.229104
0.0447567
0.248407
-0.242146
0.0381701
0.264001
-0.257415
0.0312194
0.283093
-0.276142
0.0239003
0.30768
-0.300361
0.0163205
0.340578
-0.332998
0.0088946
0.384201
-0.376775
0.00274504
0.434474
-0.428325
0.476154
-0.473409
0.0564633
0.228971
-0.0621034
0.050522
0.241015
0.0442869
0.254642
0.0377249
0.270563
0.0308009
0.290017
0.0235181
0.314963
0.0159988
0.348097
0.00867916
0.39152
0.00268008
0.440473
0.478834
0.0556721
0.234537
-0.0612379
0.0497969
0.24689
0.0436207
0.260818
0.0371141
0.27707
0.0302457
0.296885
0.0230266
0.322182
0.0155931
0.355531
0.00839847
0.398715
0.00255882
0.446313
0.481393
0.0548651
0.24005
-0.0603779
0.0490228
0.252732
0.0428811
0.266959
0.0364137
0.283537
0.0295953
0.303703
0.0224445
0.329333
0.0151097
0.362866
0.00806082
0.405764
0.00240766
0.451966
0.4838
0.0536041
0.245424
-0.0589784
0.0478868
0.25845
0.0418571
0.272989
0.0354942
0.2899
0.0287798
0.310418
0.0217418
0.336371
0.0145429
0.370065
0.00767488
0.412632
0.00224127
0.4574
0.486042
0.0528225
0.250873
-0.0582717
0.0470111
0.264261
0.040919
0.279081
0.0345486
0.296271
0.0278832
0.317083
0.0209436
0.343311
0.0138949
0.377113
0.00723066
0.419296
0.00204943
0.462581
0.488091
0.0509581
0.256082
-0.0561665
0.0453372
0.269882
0.0394305
0.284988
0.0332434
0.302458
0.0267511
0.323575
0.0199872
0.350075
0.0131437
0.383957
0.00672943
0.42571
0.00183975
0.467471
0.489931
0.0507937
0.262106
-0.0568185
0.0444629
0.276213
0.0382098
0.291241
0.0319411
0.308726
0.0255037
0.330013
0.018892
0.356687
0.0122723
0.390577
0.00616238
0.43182
0.0015982
0.472035
0.491529
0.0474091
0.268023
-0.0533258
0.0415822
0.28204
0.0359882
0.296835
0.0301111
0.314603
0.0239287
0.336195
0.0175696
0.363046
0.0112522
0.396894
0.00550703
0.437565
0.00133632
0.476206
0.492865
0.0458923
-0.0567738
0.0399091
0.034047
0.0280673
0.0220754
0.0160432
0.0101274
0.00482797
0.00110503
0.0540277
0.169596
-0.165242
-0.0583818
0.0478692
0.178632
-0.172473
0.0416531
0.188803
-0.182587
0.0354572
0.201051
-0.194855
0.0292329
0.216545
-0.210321
0.0228794
0.237456
-0.231102
0.0163074
0.267279
-0.260707
0.00958545
0.310785
-0.304063
0.0034154
0.370551
-0.364381
0.443521
-0.440105
0.0532892
0.174871
-0.0585638
0.0479196
0.184001
0.0422566
0.194466
0.0363091
0.206999
0.0300797
0.222775
0.023564
0.243971
0.0167587
0.274084
0.0098175
0.317726
0.00351253
0.376856
0.447033
0.0536544
0.179884
-0.0586682
0.0484316
0.189224
0.0428493
0.200049
0.0369197
0.212928
0.0306354
0.229059
0.0239936
0.250613
0.0170213
0.281056
0.00991751
0.32483
0.00351
0.383263
0.450543
0.0545313
0.184798
-0.0594444
0.0492316
0.194524
0.0435515
0.205729
0.0375088
0.218971
0.0310952
0.235473
0.0243025
0.257406
0.0171721
0.288187
0.00993276
0.332069
0.0034661
0.38973
0.454009
0.0554359
0.189874
-0.0605125
0.0499812
0.199978
0.0441751
0.211535
0.038008
0.225138
0.0314618
0.242019
0.0245286
0.264339
0.017255
0.29546
0.0099087
0.339416
0.00341172
0.396227
0.457421
0.0562014
0.195168
-0.0614946
0.0505947
0.205585
0.0446632
0.217466
0.0383798
0.231421
0.0317164
0.248682
0.0246624
0.271393
0.017275
0.302848
0.00984723
0.346843
0.00334468
0.402729
0.460766
0.0568193
0.200645
-0.0622969
0.0510741
0.21133
0.0450229
0.223518
0.0386311
0.237813
0.0318643
0.255449
0.0247104
0.278547
0.0172355
0.310323
0.00975424
0.354325
0.00327258
0.409211
0.464038
0.0572597
0.206259
-0.0628738
0.0513964
0.217194
0.0452432
0.229671
0.0387605
0.244296
0.0319099
0.2623
0.024679
0.285778
0.0171431
0.317859
0.00963973
0.361828
0.00319444
0.415656
0.467233
0.0574617
0.21195
-0.0631521
0.0515215
0.223134
0.0452991
0.235893
0.0387538
0.250841
0.0318459
0.269208
0.0245649
0.293059
0.0169974
0.325426
0.00950529
0.36932
0.00312583
0.422036
0.470358
0.0574003
-0.0631011
0.0514296
0.0451767
0.038603
0.0316688
0.0243664
0.016794
0.00933937
0.00305036
-0.154899
0.0530756
-0.0634183
-0.150459
0.0447705
-0.0492111
-0.147298
0.0392822
-0.0424429
-0.145117
0.0325598
-0.0347408
-0.143693
0.026426
-0.0278501
-0.143058
0.0202229
-0.0208582
-0.143197
0.0140827
-0.0139432
-0.144126
0.00795761
-0.00702884
-0.145839
0.00189238
-0.000179631
-0.00405498
-0.148316
0.00653269
-0.165504
0.0461062
-0.160789
0.0400557
-0.157095
0.0355882
-0.154592
0.0300572
-0.15295
0.0247841
-0.152157
0.0194302
-0.152177
0.0141018
-0.153005
0.00878606
-0.154625
0.00351219
-0.00167273
-0.157007
-0.17624
0.0397592
-0.171642
0.0354572
-0.167785
0.0317315
-0.165007
0.0272793
-0.16312
0.0228971
-0.1621
0.0184099
-0.161911
0.0139131
-0.16254
0.00941459
-0.163965
0.00493766
0.000519774
-0.166158
-0.188836
0.03374
-0.184104
0.0307254
-0.180098
0.027725
-0.177052
0.0242336
-0.174871
0.0207159
-0.173547
0.0170863
-0.173059
0.0134251
-0.173391
0.0097469
-0.174527
0.00607341
0.00243328
-0.176441
-0.20447
0.0278892
-0.199519
0.0257739
-0.19528
0.0234859
-0.191912
0.020866
-0.189367
0.0181712
-0.187655
0.0153736
-0.186765
0.0125351
-0.186689
0.00967056
-0.187414
0.00679911
0.00394152
-0.188922
-0.225204
0.0219909
-0.219984
0.0205541
-0.215429
0.0189306
-0.211655
0.0170919
-0.208651
0.0151672
-0.206436
0.013159
-0.205011
0.0111103
-0.204374
0.00903371
-0.204519
0.00694366
0.00485418
-0.205432
-0.254599
0.0158828
-0.249042
0.0149979
-0.244083
0.0139713
-0.239807
0.0128162
-0.23623
0.0115895
-0.233375
0.0103044
-0.231251
0.00898615
-0.229861
0.00764398
-0.229203
0.00628498
0.00491799
-0.229266
-0.297759
0.00957862
-0.291895
0.00913391
-0.28653
0.00860665
-0.281737
0.00802286
-0.27754
0.00739266
-0.273966
0.00673038
-0.271025
0.00604549
-0.268726
0.0053443
-0.267066
0.00462525
0.00388866
-0.266037
-0.358433
0.00363103
-0.352792
0.00349272
-0.347508
0.00332292
-0.342642
0.00315696
-0.338217
0.00296751
-0.334255
0.002768
-0.330766
0.00255713
-0.327762
0.00233951
-0.325245
0.00210901
0.00184457
-0.323201
-0.436474
-0.432981
-0.429659
-0.426502
-0.423534
-0.420766
-0.418209
-0.415869
-0.41376
-0.411916
-0.15152
-0.00975427
0.0129577
-0.155376
-0.0152404
0.0190961
-0.159804
-0.0203824
0.0248105
-0.164692
-0.0250988
0.0299868
-0.169886
-0.0293138
0.0345082
-0.175202
-0.0329781
0.0382935
-0.180407
-0.0361604
0.0413663
-0.185233
-0.0390745
0.0439003
-0.190045
-0.0417496
0.0465619
-0.0451145
-0.192983
0.0480519
-0.160111
-0.00665043
-0.16386
-0.0114914
-0.16817
-0.0160722
-0.172935
-0.0203342
-0.178018
-0.0242305
-0.183252
-0.0277439
-0.188477
-0.0309354
-0.193621
-0.033931
-0.198498
-0.0368727
-0.0405489
-0.203063
-0.169083
-0.00372512
-0.172671
-0.00790366
-0.176846
-0.0118966
-0.181518
-0.0156625
-0.186574
-0.0191744
-0.191886
-0.0224317
-0.197347
-0.0254745
-0.202898
-0.0283803
-0.208424
-0.0313465
-0.0347886
-0.214184
-0.179108
-0.00105776
-0.182467
-0.0045442
-0.186457
-0.007907
-0.191001
-0.0111189
-0.196009
-0.0141661
-0.201384
-0.0170562
-0.207044
-0.0198152
-0.212921
-0.0225025
-0.21899
-0.0252783
-0.0283042
-0.225474
-0.191201
0.00122074
-0.194196
-0.0015487
-0.19786
-0.00424357
-0.202132
-0.00684726
-0.206942
-0.0093556
-0.212218
-0.0117803
-0.217893
-0.0141399
-0.223912
-0.0164842
-0.230278
-0.0189114
-0.0214592
-0.237123
-0.207114
0.00290312
-0.209521
0.000857993
-0.212617
-0.00114721
-0.216358
-0.00310647
-0.220695
-0.0050183
-0.225581
-0.00689396
-0.230965
-0.0087559
-0.236809
-0.0106408
-0.243122
-0.0125981
-0.0146237
-0.249958
-0.230073
0.00370999
-0.231582
0.00236656
-0.233771
0.00104152
-0.236614
-0.000263098
-0.240083
-0.0015495
-0.24415
-0.00282627
-0.248787
-0.00411935
-0.253974
-0.00545379
-0.259716
-0.00685597
-0.00831493
-0.266025
-0.265678
0.00335144
-0.265949
0.00263758
-0.26684
0.00193266
-0.268347
0.00124325
-0.270451
0.000555006
-0.273147
-0.000130026
-0.276433
-0.000833914
-0.280299
-0.00158784
-0.284752
-0.00240265
-0.00327748
-0.28979
-0.321633
0.00178322
-0.320548
0.00155245
-0.319941
0.00132541
-0.319817
0.00111963
-0.320173
0.000911156
-0.321005
0.000702189
-0.322327
0.000487891
-0.324162
0.000247409
-0.326527
-3.80077e-05
-0.00039741
-0.329407
-0.410133
-0.40858
-0.407255
-0.406135
-0.405224
-0.404522
-0.404034
-0.403786
-0.403825
-0.404222
0.000433717
-0.404656
0.0038331
-0.332807
0.00950271
-0.295459
0.0163979
-0.27292
0.0237653
-0.257325
0.0311432
-0.244501
0.0383068
-0.232638
0.0452673
-0.221145
0.0523318
-0.210128
-0.200334
0.0596833
0.000765371
-0.405421
0.00469804
-0.336739
0.0109121
-0.301673
0.0182856
-0.280294
0.026031
-0.26507
0.033676
-0.252146
0.0409878
-0.23995
0.0479276
-0.228085
0.0545421
-0.216742
-0.206356
0.060564
0.0011075
-0.406529
0.00555384
-0.341186
0.0122696
-0.308389
0.0200612
-0.288085
0.0281265
-0.273136
0.0360102
-0.26003
0.0435014
-0.247441
0.0505218
-0.235105
0.0569555
-0.223176
-0.211932
0.0625317
0.0014211
-0.40795
0.00636723
-0.346132
0.0135388
-0.315561
0.0216742
-0.296221
0.0299655
-0.281427
0.0379735
-0.268038
0.0455063
-0.254973
0.0525116
-0.24211
0.0589832
-0.229648
-0.217854
0.0649051
0.00173728
-0.409687
0.00714471
-0.351539
0.0147106
-0.323126
0.023117
-0.304627
0.0315618
-0.289872
0.0396312
-0.276107
0.0471618
-0.262504
0.054132
-0.24908
0.0605708
-0.236087
-0.223764
0.0664807
0.00204337
-0.41173
0.00786854
-0.357364
0.0157612
-0.331019
0.0243602
-0.313226
0.0328787
-0.29839
0.0409369
-0.284166
0.0484106
-0.269978
0.0553192
-0.255989
0.0617362
-0.242504
-0.22974
0.0677117
0.00234076
-0.414071
0.00853157
-0.363555
0.0166768
-0.339164
0.0253891
-0.321938
0.0339071
-0.306908
0.0418913
-0.29215
0.0492569
-0.277343
0.0560563
-0.262789
0.0623892
-0.248836
-0.235681
0.0683312
0.0026231
-0.416694
0.00912209
-0.370054
0.0174411
-0.347483
0.0261839
-0.330681
0.034626
-0.315351
0.0424735
-0.299997
0.0496842
-0.284554
0.0563435
-0.269448
0.0625788
-0.255072
-0.241603
0.0685006
0.00289698
-0.419591
0.00964184
-0.376799
0.018048
-0.35589
0.0267342
-0.339367
0.0350229
-0.323639
0.0426696
-0.307644
0.0496734
-0.291558
0.0561495
-0.275924
0.0622492
-0.261172
-0.247468
0.068114
0.00317372
0.0100761
0.0184767
0.0270211
0.0350822
0.042466
0.0492112
0.0554595
0.0613827
0.0671541
0.0603515
-1.11811
1.12323
0.0600119
-0.924027
0.924367
0.0595155
-0.798197
0.798694
0.0602408
-0.684667
0.683942
0.0602147
-0.574281
0.574307
0.0594558
-0.473917
0.474676
0.058474
-0.383133
0.384115
0.0574591
-0.302411
0.303426
0.0565346
-0.230847
0.231771
0.0557881
-0.167688
0.168434
0.0551675
-0.109994
0.110614
0.0544929
-0.0581801
0.0588547
0.0536272
-0.00456432
0.00543
0.0530154
0.0375772
-0.0369654
0.053451
0.066782
-0.0672176
0.0537514
0.0341281
-0.0344285
0.0534111
-0.00119999
0.00154023
0.0498832
-0.0763291
0.0798571
0.0428977
-0.0846604
0.0916459
0.0713631
-0.0673831
0.0538344
-1.10866
0.052104
-0.922297
0.0517653
-0.797859
0.0530161
-0.685918
0.0539242
-0.575189
0.0540904
-0.474084
0.0539448
-0.382988
0.0536585
-0.302125
0.0533475
-0.230536
0.0531107
-0.167451
0.0529136
-0.109797
0.0526045
-0.057871
0.0520718
-0.00403157
0.0517263
0.0379227
0.0522437
0.0662647
0.052405
0.0339668
0.051861
-0.000655791
0.0481831
-0.0726513
0.0414422
-0.0779192
0.0750273
0.0471576
-1.09525
0.0439093
-0.919049
0.0436983
-0.797648
0.045534
-0.687754
0.0473998
-0.577055
0.048525
-0.475209
0.0492352
-0.383698
0.0496921
-0.302581
0.0500057
-0.230849
0.0502881
-0.167733
0.0505257
-0.110034
0.0505998
-0.0579451
0.050418
-0.00384979
0.050346
0.0379947
0.0509461
0.0656646
0.0509919
0.033921
0.0502921
4.40448e-05
0.0465301
-0.0688894
0.040089
-0.0714781
0.078349
0.0403698
-1.07832
0.0357862
-0.914465
0.0355822
-0.797444
0.0379142
-0.690086
0.040692
-0.579832
0.0427877
-0.477305
0.0443701
-0.38528
0.0455844
-0.303796
0.0465341
-0.231799
0.0473437
-0.168543
0.0480246
-0.110715
0.0484956
-0.0584161
0.048678
-0.00403225
0.0488842
0.0377886
0.0495696
0.0649792
0.0495256
0.0339649
0.0487167
0.000853022
0.0449315
-0.0651043
0.0388375
-0.0653841
0.081306
0.0340093
-1.05886
0.028311
-0.908767
0.0276552
-0.796788
0.0302121
-0.692643
0.0338185
-0.583439
0.0368963
-0.480382
0.0393713
-0.387755
0.0413586
-0.305783
0.0429554
-0.233396
0.0442995
-0.169887
0.0454299
-0.111845
0.0463073
-0.0592935
0.0468632
-0.00458809
0.0473506
0.0373011
0.0481257
0.0642041
0.0480191
0.0340716
0.0471457
0.00172642
0.0433935
-0.0613521
0.0376863
-0.0596769
0.0838803
0.0281016
-1.0379
0.0206631
-0.901328
0.0191361
-0.795261
0.0219907
-0.695497
0.0266115
-0.58806
0.0308088
-0.48458
0.0342408
-0.391187
0.0370297
-0.308572
0.0392886
-0.235655
0.0411748
-0.171773
0.0427595
-0.11343
0.0440494
-0.0605835
0.0449841
-0.00552283
0.0457547
0.0365306
0.0466259
0.0633329
0.0464843
0.0342131
0.0455887
0.0026221
0.0419202
-0.0576836
0.0366324
-0.0543891
0.0860572
0.019073
-1.01285
0.00911052
-0.891366
0.007968
-0.794118
0.0123221
-0.699851
0.0187067
-0.594444
0.0243954
-0.490268
0.0289391
-0.395731
0.0325926
-0.312225
0.0355422
-0.238604
0.0379832
-0.174214
0.0400273
-0.115474
0.0417335
-0.0622897
0.0430501
-0.00683938
0.0441053
0.0354755
0.0450809
0.0623572
0.0449325
0.0343615
0.0440537
0.00350094
0.0405145
-0.0541444
0.0356721
-0.0495467
0.087825
0.00273982
-0.977289
-0.00710228
-0.881523
-0.00548106
-0.79574
0.00154064
-0.706873
0.0102148
-0.603119
0.0176529
-0.497706
0.0234488
-0.401527
0.0280407
-0.316817
0.0317192
-0.242283
0.0347326
-0.177228
0.0372431
-0.117985
0.0393681
-0.0644147
0.0410678
-0.00853911
0.0424098
0.0341335
0.0435006
0.0612664
0.0433734
0.0344886
0.0425474
0.004327
0.0391779
-0.050775
0.0348009
-0.0451697
0.0891748
-0.00568901
-0.939954
-0.0140688
-0.873144
-0.0132158
-0.796593
-0.00640401
-0.713685
0.00278605
-0.612309
0.0112088
-0.506129
0.0180198
-0.408338
0.0234833
-0.322281
0.0278742
-0.246674
0.0314568
-0.18081
0.0344306
-0.120958
0.0369702
-0.0669543
0.0390494
-0.0106183
0.0406782
0.0325047
0.0418947
0.0600499
0.0418154
0.034568
0.0410746
0.00506787
0.0379104
-0.0476108
0.0340135
-0.0412728
0.0900997
0.0306106
-0.945273
0.00509835
-0.847631
-0.00625673
-0.785237
-0.00731932
-0.712622
-0.00186264
-0.617765
0.0058382
-0.51383
0.0130452
-0.415545
0.0191231
-0.328359
0.0241203
-0.251671
0.0282263
-0.184916
0.0316425
-0.124375
0.0345771
-0.0698889
0.0370224
-0.0130636
0.0389233
0.0306038
0.0402689
0.0587043
0.0402607
0.0345761
0.0396292
0.00569933
0.0367172
-0.0446987
0.0333137
-0.0378694
0.0906057
0.393525
-0.79794
-0.540858
0.326519
-0.780625
0.263131
-0.721849
0.202442
-0.651934
0.158413
-0.573736
0.129353
-0.48477
0.108981
-0.395172
0.0945427
-0.313921
0.0847493
-0.241877
0.0782402
-0.178407
0.074188
-0.120322
0.0717704
-0.0674714
0.0709635
-0.0122567
0.0715078
0.0300594
0.0736117
0.0566005
0.0741656
0.0340222
0.0731143
0.00675061
0.0671233
-0.0387077
0.0595453
-0.0302913
0.091814
0.456112
-0.652082
-0.601969
0.359521
-0.684035
0.289321
-0.651649
0.230401
-0.593014
0.18386
-0.527195
0.150641
-0.451551
0.126791
-0.371323
0.109354
-0.296483
0.0971684
-0.229692
0.0889195
-0.170158
0.0837134
-0.115116
0.0805994
-0.0643573
0.0796811
-0.0113384
0.0803988
0.0293418
0.0829089
0.0540903
0.0835244
0.0334067
0.0822843
0.00799071
0.0757707
-0.0321941
0.0680429
-0.0225636
0.0922227
0.541717
-0.521573
-0.672227
0.436623
-0.578941
0.354211
-0.569237
0.281808
-0.520612
0.221703
-0.467089
0.178094
-0.407943
0.14776
-0.340989
0.126032
-0.274755
0.110788
-0.214448
0.100454
-0.159824
0.0939124
-0.108575
0.0900436
-0.0604885
0.0890369
-0.0103317
0.090042
0.0283367
0.0930684
0.0510639
0.0938311
0.0326441
0.0924813
0.0093405
0.0855816
-0.0252944
0.0779983
-0.0149802
0.0913726
0.592264
-0.396667
-0.71717
0.474031
-0.460707
0.381575
-0.476781
0.311042
-0.450079
0.252466
-0.408513
0.205278
-0.360755
0.170115
-0.305826
0.144358
-0.248998
0.125809
-0.195899
0.113005
-0.14702
0.104839
-0.100409
0.100101
-0.0557502
0.0990253
-0.00925613
0.100461
0.0269006
0.10415
0.0473752
0.105217
0.0315771
0.10389
0.0106671
0.096902
-0.0183059
0.0898167
-0.00789495
0.0887002
0.640371
-0.293291
-0.743746
0.53364
-0.353976
0.441595
-0.384737
0.364949
-0.373433
0.296639
-0.340203
0.238846
-0.302961
0.195532
-0.262511
0.164662
-0.218128
0.14244
-0.173678
0.126774
-0.131354
0.116622
-0.090258
0.110848
-0.0499757
0.109695
-0.00810299
0.111737
0.0248588
0.116257
0.0428548
0.11788
0.0299537
0.1168
0.011747
0.110149
-0.0116547
0.103971
-0.00171697
0.0835319
0.666971
-0.207425
-0.752838
0.567454
-0.254459
0.470679
-0.287962
0.38826
-0.291014
0.320536
-0.272479
0.264587
-0.247012
0.220182
-0.218106
0.186364
-0.18431
0.160784
-0.148098
0.142006
-0.112575
0.129502
-0.0777545
0.122489
-0.0429631
0.121214
-0.00682796
0.124041
0.0220325
0.12959
0.0373058
0.132129
0.0274141
0.131631
0.0122453
0.125841
-0.00586433
0.121038
0.0030858
0.0751602
0.674837
-0.138753
-0.743509
0.592852
-0.172474
0.507257
-0.202366
0.429306
-0.213063
0.362223
-0.205396
0.303435
-0.188225
0.252985
-0.167656
0.212544
-0.143869
0.181717
-0.117271
0.159074
-0.0899317
0.143837
-0.0625184
0.135403
-0.0345291
0.13396
-0.00538433
0.137735
0.0182577
0.144541
0.0304991
0.148435
0.0235205
0.148963
0.0117173
0.144583
-0.00148406
0.141685
0.00598384
0.0629703
0.67735
-0.0850514
-0.731052
0.611078
-0.106201
0.535997
-0.127286
0.461161
-0.138228
0.393108
-0.137342
0.333054
-0.12817
0.280851
-0.115453
0.23751
-0.100529
0.203385
-0.0831456
0.177711
-0.0642573
0.16001
-0.0448182
0.150197
-0.0247159
0.148611
-0.00379849
0.153485
0.0133846
0.16181
0.022174
0.167499
0.0178316
0.169553
0.0096634
0.167047
0.00102135
0.166581
0.00644958
0.0465534
0.690641
-0.0410401
-0.734653
0.635608
-0.0511676
0.570446
-0.0621243
0.501137
-0.0689183
0.433862
-0.0700673
0.372088
-0.0663968
0.316857
-0.0602219
0.269183
-0.0528548
0.230229
-0.0441913
0.200377
-0.0344054
0.179629
-0.0240705
0.168181
-0.0132671
0.166397
-0.00201439
0.172455
0.00732595
0.182555
0.0120745
0.190367
0.0100197
0.194337
0.00569258
0.193911
0.00144779
0.196188
0.00417238
0.0257182
0.739056
-0.780096
0.687888
0.625764
0.556845
0.486778
0.420381
0.360159
0.307305
0.263113
0.228708
0.204638
0.19137
0.189356
0.196682
0.208757
0.218776
0.224469
0.225917
0.230089
0.627176
0.000350933
-0.621099
0.631223
0.00606061
0.632841
0.0120815
0.631967
0.0173824
0.627952
0.0238349
0.620997
0.0280885
0.609085
0.0362177
0.592959
0.0373157
0.56617
0.0499533
0.0325417
0.652657
-0.00306301
-0.649243
0.654706
0.00401161
0.655232
0.0115551
0.653801
0.0188134
0.650531
0.0271054
0.644552
0.0340675
0.637366
0.0434033
0.627347
0.0473346
0.620603
0.0566974
0.0511758
0.67438
-0.00424447
-0.673198
0.675141
0.00324997
0.675636
0.0110601
0.675744
0.0187051
0.676154
0.0266959
0.676528
0.0336936
0.678245
0.041686
0.678604
0.0469758
0.679118
0.0561833
0.0580671
0.691859
-0.00459162
-0.691512
0.692801
0.00230848
0.694549
0.00931165
0.697024
0.0162306
0.700418
0.0233013
0.703982
0.0301296
0.707983
0.0376848
0.710738
0.044221
0.714556
0.0523653
0.0554534
0.700667
-0.00440057
-0.700858
0.701457
0.00151784
0.70325
0.0075194
0.705913
0.0135672
0.70951
0.0197042
0.713894
0.0257454
0.719704
0.0318748
0.726537
0.0373881
0.735476
0.043427
0.0471827
0.69761
-0.00376784
-0.698242
0.698196
0.000931124
0.70007
0.00564549
0.703299
0.010338
0.708022
0.0149818
0.714245
0.0195221
0.722103
0.0240167
0.731176
0.0283154
0.741811
0.0327923
0.0361555
0.688582
-0.00307542
-0.689274
0.689207
0.000305759
0.691181
0.00367177
0.69452
0.00699882
0.699235
0.0102671
0.705302
0.0134547
0.712768
0.0165509
0.721582
0.0195013
0.732003
0.022372
0.0246494
0.683477
-0.00223107
-0.684322
0.683841
-5.75598e-05
0.685422
0.0020906
0.68823
0.00419077
0.692275
0.00622149
0.697568
0.00816252
0.704122
0.00999661
0.711918
0.0117054
0.720997
0.013293
0.0145942
0.696471
-0.0012183
-0.697484
0.696554
-0.000140654
0.69773
0.00091498
0.699987
0.00193378
0.703306
0.00290183
0.707662
0.0038063
0.713023
0.00463575
0.719349
0.00537999
0.72661
0.00603202
0.00655125
0.74808
-0.749299
0.74794
0.748855
0.750789
0.75369
0.757497
0.762132
0.767512
0.773544
0.513569
0.00833868
-0.564619
0.538484
-0.0643731
0.554989
-0.0498206
0.563958
-0.0356578
0.573785
-0.0310217
0.584655
-0.0269765
0.595085
-0.0216684
0.604695
-0.0162167
0.613442
-0.010876
-0.00547458
0.58619
0.000522039
-0.578373
0.594522
-0.072705
0.606426
-0.0617248
0.613784
-0.0430158
0.619302
-0.0365396
0.625962
-0.0336365
0.632996
-0.0287031
0.639335
-0.0225551
0.644763
-0.0163045
-0.00995416
0.644886
-0.00957762
-0.634786
0.647717
-0.0755364
0.6524
-0.0664073
0.65761
-0.0482262
0.660753
-0.0396823
0.663426
-0.0363094
0.666498
-0.0317758
0.669371
-0.0254276
0.671598
-0.0185319
-0.0115541
0.700852
-0.0192875
-0.691142
0.696442
-0.0711265
0.693676
-0.0636417
0.694183
-0.0487333
0.694259
-0.0397584
0.693293
-0.0353436
0.692385
-0.0308678
0.691884
-0.0249259
0.6916
-0.0182485
-0.0114659
0.743965
-0.0273985
-0.735854
0.732584
-0.0597458
0.723267
-0.054324
0.718463
-0.0439295
0.714942
-0.0362372
0.711001
-0.0314034
0.707145
-0.0270114
0.704092
-0.0218732
0.702012
-0.0161684
-0.0103115
0.761062
-0.0304411
-0.75802
0.746376
-0.0450598
0.733589
-0.0415366
0.724995
-0.0353355
0.718621
-0.0298635
0.712822
-0.0256036
0.707511
-0.0217007
0.703181
-0.0175432
0.700091
-0.0130787
-0.00846264
0.755125
-0.0261696
-0.759396
0.741178
-0.0311136
0.72858
-0.0289387
0.718836
-0.0255914
0.711185
-0.0222125
0.70469
-0.0191077
0.699094
-0.0161053
0.694566
-0.0130149
0.691274
-0.00978722
-0.00646263
0.744944
-0.018055
-0.753059
0.733291
-0.0194607
0.72256
-0.0182069
0.713446
-0.0164781
0.705817
-0.0145836
0.699363
-0.012653
0.693945
-0.0106879
0.689591
-0.00866071
0.686368
-0.00656451
-0.00441583
0.753197
-0.0091554
-0.762096
0.743254
-0.00951799
0.733999
-0.00895224
0.725722
-0.00820101
0.71848
-0.00734095
0.712244
-0.0064178
0.707003
-0.00544662
0.702775
-0.00443238
0.699592
-0.00338204
-0.00230735
0.805297
-0.814453
0.795779
0.786827
0.778626
0.771285
0.764867
0.759421
0.754988
0.751606
0.128915
0.0311338
-0.0329276
0.134522
0.0955075
-0.101114
0.144643
0.162602
-0.172723
0.159904
0.236414
-0.251676
0.181933
0.317015
-0.339043
0.210684
0.408374
-0.437126
0.250139
0.503632
-0.543087
0.296091
0.60906
-0.655012
0.39325
0.681852
-0.77901
0.772013
-0.943382
0.15067
0.0288295
0.157528
0.0886492
0.169956
0.150174
0.188113
0.218257
0.215542
0.289586
0.249585
0.374331
0.303149
0.450068
0.35501
0.557198
0.472332
0.56453
0.665971
0.175938
0.0260123
0.184079
0.080508
0.199293
0.134961
0.220362
0.197188
0.254617
0.255331
0.293037
0.335912
0.363473
0.379631
0.424671
0.496001
0.538677
0.450525
0.569861
0.205302
0.0227343
0.214556
0.0712543
0.232728
0.116788
0.256075
0.173841
0.29754
0.213866
0.338573
0.294879
0.419743
0.298461
0.490261
0.425482
0.595272
0.345514
0.473992
0.23938
0.0190801
0.249581
0.0610537
0.27032
0.0960492
0.295457
0.148704
0.341465
0.167858
0.385924
0.250419
0.463345
0.221041
0.545925
0.342902
0.63172
0.259719
0.369857
0.278772
0.015111
0.289908
0.0499175
0.311745
0.0742124
0.339375
0.121074
0.383206
0.124027
0.435258
0.198367
0.495698
0.160601
0.587126
0.251474
0.655151
0.191695
0.266988
0.324178
0.0109579
0.336401
0.0376951
0.357053
0.0535598
0.388185
0.0899416
0.424125
0.0880873
0.482459
0.140033
0.527221
0.115838
0.613281
0.165414
0.67179
0.133185
0.179382
0.376822
0.00700354
0.389772
0.0247453
0.408184
0.035148
0.440492
0.0576336
0.470105
0.058474
0.524982
0.0851569
0.563801
0.0770189
0.632784
0.0964317
0.683556
0.0824137
0.109879
0.438544
0.00345311
0.451144
0.0121454
0.468415
0.0178771
0.498199
0.0278499
0.526533
0.0301399
0.571884
0.0398061
0.609985
0.0389178
0.662129
0.0442874
0.705341
0.0392012
0.0531239
0.511104
0.523249
0.541127
0.568976
0.599116
0.638922
0.67784
0.722128
0.761329
0.071956
0.0328333
-0.0340265
0.0738844
0.100292
-0.10222
0.0764362
0.170873
-0.173425
0.079263
0.246656
-0.249483
0.082012
0.328162
-0.330911
0.0839697
0.417323
-0.41928
0.0844175
0.512653
-0.513101
0.0832843
0.621204
-0.620071
0.0782122
0.761721
-0.756649
0.950748
-0.935202
0.0718157
0.031763
0.0734489
0.0986586
0.0755705
0.168751
0.0778648
0.244361
0.0799994
0.326028
0.0813746
0.415947
0.0812825
0.512746
0.0798354
0.622651
0.0752369
0.76632
0.963881
0.0716314
0.0308628
0.0729225
0.0973675
0.0745601
0.167114
0.0762603
0.242661
0.0777041
0.324584
0.0783987
0.415253
0.0776725
0.513472
0.0758164
0.624507
0.07153
0.770606
0.974173
0.0714056
0.0301787
0.0723113
0.0964619
0.0734161
0.166009
0.0744641
0.241613
0.0751454
0.323903
0.0750614
0.415337
0.0736037
0.514929
0.0712722
0.626839
0.0673276
0.774551
0.981123
0.0711412
0.0297551
0.0716214
0.0959817
0.0721498
0.16548
0.0724919
0.241271
0.0723447
0.32405
0.071387
0.416294
0.0690994
0.517217
0.0662115
0.629727
0.0622593
0.778503
0.984404
0.0708407
0.0296346
0.0708589
0.0959634
0.0707724
0.165567
0.07036
0.241683
0.0693241
0.325086
0.0674009
0.418218
0.0641998
0.520418
0.0607498
0.633177
0.057287
0.781966
0.983419
0.0705067
0.0298578
0.07003
0.09644
0.0692949
0.166302
0.0680851
0.242893
0.0661066
0.327064
0.063127
0.421197
0.0589164
0.524629
0.0546681
0.637425
0.0507255
0.785908
0.977978
0.0701414
0.0304632
0.0691397
0.0974417
0.0677259
0.167716
0.0656822
0.244937
0.0627146
0.330032
0.0586015
0.42531
0.053426
0.529804
0.048576
0.642275
0.0472412
0.787243
0.968401
0.0697489
0.0314858
0.0681933
0.0989973
0.066068
0.169841
0.0631599
0.247845
0.0591666
0.334025
0.0537939
0.430683
0.0474095
0.536189
0.0408493
0.648835
0.039239
0.788853
0.954314
0.0693625
0.0672456
0.0643637
0.0605328
0.0555149
0.0490725
0.042174
0.0359978
0.0458413
0.0703639
0.0421036
-0.0417106
0.071937
0.123679
-0.125252
0.0751063
0.205445
-0.208615
0.0791706
0.287949
-0.292013
0.0830351
0.370123
-0.373987
0.0855785
0.450612
-0.453155
0.084884
0.530749
-0.530054
0.0769301
0.607501
-0.599547
0.0587779
0.679637
-0.661485
0.749297
-0.748901
0.0708472
0.0420546
0.0728503
0.121676
0.0764152
0.20188
0.0809833
0.283381
0.0856477
0.365458
0.0896117
0.446648
0.092027
0.528333
0.0898154
0.609713
0.0808484
0.688604
0.771582
0.0712085
0.0416713
0.0734648
0.11942
0.0771984
0.198147
0.0819108
0.278669
0.0867849
0.360584
0.0910171
0.442416
0.0940026
0.525348
0.0927054
0.61101
0.0829124
0.698397
0.795826
0.0715022
0.0410084
0.0739376
0.116984
0.0777526
0.194332
0.0824725
0.273949
0.0873289
0.355728
0.0913553
0.438389
0.0939039
0.522799
0.0919065
0.613007
0.0808551
0.709449
0.817237
0.0717348
0.0401175
0.0742818
0.114437
0.0781085
0.190505
0.0827487
0.269309
0.0874863
0.35099
0.0912271
0.434648
0.093324
0.520702
0.0912991
0.615032
0.0810615
0.719686
0.837786
0.0719088
0.0390498
0.0745033
0.111843
0.078279
0.186729
0.0827777
0.26481
0.0873575
0.34641
0.0908981
0.431108
0.0928288
0.518772
0.0913718
0.616489
0.0822898
0.728768
0.858581
0.0720256
0.0378563
0.0746047
0.109264
0.0782659
0.183068
0.0825636
0.260512
0.0869391
0.342035
0.0903132
0.427734
0.0921436
0.516941
0.0911405
0.617492
0.0829138
0.736995
0.879198
0.0720867
0.0365878
0.0745891
0.106761
0.0780705
0.179587
0.0821029
0.25648
0.0862022
0.337936
0.089357
0.424579
0.0909796
0.515319
0.0901475
0.618324
0.0827318
0.744411
0.899056
0.0720941
0.0352945
0.0744608
0.104395
0.0776967
0.176351
0.0813959
0.25278
0.0851329
0.334199
0.0879807
0.421731
0.0892849
0.514014
0.0884591
0.61915
0.0819216
0.750948
0.917825
0.0720499
0.0742246
0.0771505
0.0804485
0.0837357
0.0861865
0.0870996
0.0861789
0.080478
0.50006
0.00665057
0.480748
0.0193122
0.45001
0.0307376
0.410152
0.039858
0.364117
0.0460353
0.315409
0.0487085
0.26799
0.0474187
0.226177
0.0418125
0.194472
0.0317055
0.0170527
0.177419
0.427966
0.0129849
0.409498
0.0377801
0.380049
0.0601871
0.341379
0.0785283
0.295837
0.091577
0.24634
0.0982054
0.196368
0.0973906
0.149873
0.0883077
0.111131
0.0704477
0.0434945
0.0846889
0.366123
0.0190855
0.348262
0.0556408
0.319536
0.088913
0.281132
0.116933
0.234745
0.137964
0.182587
0.150364
0.127304
0.152674
0.0719942
0.143617
0.0204751
0.121967
0.0871569
-0.0231873
0.313414
0.0247154
0.296818
0.0722371
0.269716
0.116015
0.232634
0.154015
0.186374
0.184224
0.132092
0.204646
0.0714262
0.213339
0.00679528
0.208248
-0.0582049
0.186967
0.148449
-0.119497
0.268595
0.0296192
0.253977
0.0868542
0.229637
0.140355
0.195542
0.18811
0.151933
0.227833
0.0995888
0.25699
0.0390585
0.273869
-0.0309119
0.278219
-0.109049
0.265104
0.22611
-0.18671
0.230459
0.0336477
0.218257
0.099056
0.197465
0.161147
0.167454
0.218121
0.127472
0.267815
0.0767816
0.30768
0.0148931
0.335758
-0.0589753
0.352087
-0.142674
0.348802
0.310513
-0.227077
0.197935
0.0367778
0.188226
0.108764
0.171263
0.178111
0.146062
0.243322
0.111561
0.302316
0.0669378
0.352304
0.0123008
0.390395
-0.0555227
0.419911
-0.144417
0.437696
0.410328
-0.244232
0.170117
0.0390814
0.162739
0.116142
0.149459
0.191391
0.128993
0.263787
0.0997601
0.331549
0.059437
0.392627
0.00598383
0.443848
-0.0612964
0.487191
-0.148141
0.524541
0.511206
-0.249019
0.146258
0.0406899
0.140895
0.121505
0.130948
0.201338
0.115062
0.279673
0.0918153
0.354796
0.0593513
0.425091
0.0153544
0.487845
-0.0401105
0.542656
-0.116809
0.601239
0.631113
-0.236716
0.125814
0.122067
0.11479
0.10245
0.0832587
0.0551944
0.0129852
-0.0439064
-0.104152
-0.221941
0.172805
0.00461399
0.169665
0.00314023
0.168048
0.00161715
0.167986
6.14838e-05
0.169514
-0.00152797
0.172662
-0.00314751
0.177456
-0.00479413
0.183922
-0.00646571
0.192082
-0.00816034
-0.00987581
0.201958
0.0819752
0.00732763
0.0801679
0.00494759
0.0793041
0.00248088
0.0794383
-7.27281e-05
0.0806176
-0.00270726
0.0828759
-0.00540579
0.0862357
-0.00815399
0.0907098
-0.0109398
0.0963011
-0.0137516
-0.0165769
0.103002
-0.0249518
0.00909215
-0.0264895
0.00648518
-0.0277265
0.00371786
-0.0285759
0.000776671
-0.0289725
-0.00231062
-0.0288682
-0.00551014
-0.0282291
-0.00879307
-0.0270352
-0.0121337
-0.0252808
-0.015506
-0.018882
-0.0229757
-0.121259
0.0108546
-0.12317
0.0083953
-0.125084
0.00563256
-0.126924
0.00261681
-0.12863
-0.000605308
-0.130152
-0.00398811
-0.131454
-0.00749078
-0.132514
-0.0110742
-0.133323
-0.014697
-0.0183139
-0.133891
-0.188842
0.0129876
-0.19108
0.0106326
-0.193386
0.0079384
-0.195718
0.00494962
-0.198032
0.0017082
-0.200288
-0.00173195
-0.202461
-0.00531817
-0.204538
-0.00899645
-0.206526
-0.0127095
-0.0163968
-0.208443
-0.230015
0.0159255
-0.232718
0.0133356
-0.235449
0.0106699
-0.238166
0.00766582
-0.240835
0.00437718
-0.243431
0.000864103
-0.245942
-0.00280668
-0.248371
-0.00656761
-0.250731
-0.0103492
-0.0140817
-0.253046
-0.249752
0.021446
-0.254341
0.0179248
-0.258657
0.0149854
-0.262591
0.0116
-0.266193
0.00797873
-0.269463
0.00413457
-0.272411
0.000141557
-0.275045
-0.00393391
-0.277381
-0.00801276
-0.0120157
-0.279448
-0.257519
0.0299459
-0.264344
0.0247501
-0.27078
0.0214217
-0.276459
0.0172792
-0.281468
0.0129876
-0.285769
0.00843505
-0.289384
0.00375669
-0.292329
-0.000988523
-0.294635
-0.00570736
-0.0103146
-0.296336
-0.252164
0.0453943
-0.26286
0.0354463
-0.272315
0.030877
-0.280144
0.0251074
-0.286824
0.019668
-0.29242
0.0140312
-0.297029
0.00836524
-0.300675
0.00265776
-0.303377
-0.0030048
-0.00854229
-0.30515
-0.239965
-0.25373
-0.265295
-0.274929
-0.283111
-0.289938
-0.295516
-0.299887
-0.303071
-0.305081
0.213568
-0.0116104
0.226927
-0.0133584
0.242043
-0.0151161
0.25892
-0.0168775
0.277555
-0.0186352
0.297936
-0.0203807
0.320041
-0.0221053
0.343844
-0.0238024
0.369318
-0.0254746
-0.0271046
0.396423
0.110794
-0.0194024
0.119647
-0.0222111
0.129516
-0.0249853
0.140344
-0.0277048
0.152056
-0.0303472
0.164563
-0.0328879
0.177758
-0.035301
0.191523
-0.0375667
0.205741
-0.0396928
-0.0416035
0.22024
-0.0201501
-0.022228
-0.0168479
-0.0255134
-0.0131352
-0.028698
-0.00909704
-0.031743
-0.00483645
-0.0346077
-0.000482704
-0.0372416
0.00379001
-0.0395737
0.0077689
-0.0415456
0.0113312
-0.043255
-0.0446749
0.0144026
-0.13425
-0.0218682
-0.134448
-0.0253163
-0.134552
-0.028594
-0.134644
-0.031651
-0.134806
-0.0344457
-0.135154
-0.0368937
-0.135937
-0.0387907
-0.137519
-0.0399629
-0.139847
-0.0409273
-0.0423933
-0.142129
-0.210329
-0.0199819
-0.212231
-0.0234145
-0.214216
-0.0266093
-0.216346
-0.0295211
-0.21864
-0.0321513
-0.221136
-0.0343977
-0.224161
-0.0357665
-0.228364
-0.0357592
-0.233482
-0.0358094
-0.0387584
-0.237117
-0.255352
-0.0176765
-0.257681
-0.021085
-0.260092
-0.0241987
-0.262637
-0.0269756
-0.265292
-0.0294964
-0.26798
-0.0317097
-0.271003
-0.0327435
-0.275302
-0.0314602
-0.28064
-0.0304718
-0.036059
-0.283339
-0.281282
-0.0158418
-0.282915
-0.0194519
-0.284401
-0.0227134
-0.28582
-0.0255562
-0.287206
-0.0281105
-0.288444
-0.0304714
-0.289647
-0.0315412
-0.291735
-0.0293722
-0.294697
-0.02751
-0.0356201
-0.295135
-0.297475
-0.0147028
-0.298072
-0.0188551
-0.298159
-0.0226257
-0.297825
-0.0258907
-0.297231
-0.0287041
-0.296399
-0.0313038
-0.295113
-0.0328272
-0.293788
-0.0306968
-0.292906
-0.0283916
-0.0388542
-0.289672
-0.306021
-0.0138319
-0.306007
-0.0188685
-0.305133
-0.0235004
-0.303441
-0.0275828
-0.301128
-0.0310163
-0.298496
-0.0339365
-0.295138
-0.0361849
-0.290082
-0.0357524
-0.284858
-0.033616
-0.0463067
-0.277405
-0.305955
-0.305728
-0.304417
-0.302013
-0.298522
-0.294165
-0.288983
-0.280835
-0.267889
-0.266144
0.493695
-0.0972719
0.584679
-0.0909845
0.672931
-0.0882522
0.763414
-0.0904823
0.852806
-0.0893923
0.937059
-0.0842527
1.01303
-0.0759742
1.07921
-0.0661768
1.13325
-0.0540444
1.17559
-0.0423385
1.20434
-0.0287436
1.22279
-0.0184518
1.22795
-0.00516206
1.22814
-0.00018966
1.21615
0.0119864
1.20396
0.0121955
1.1961
0.00785922
1.17125
0.0248452
1.19763
-0.0263771
-0.0141215
0.302581
-0.179613
0.362359
-0.150763
0.434464
-0.160357
0.511529
-0.167547
0.588031
-0.165894
0.66159
-0.157812
0.729178
-0.143562
0.788102
-0.125101
0.836628
-0.10257
0.874797
-0.0805074
0.901801
-0.0557476
0.919694
-0.0363452
0.927297
-0.0127649
0.929435
-0.00232763
0.922819
0.0186027
0.917447
0.0175669
0.905224
0.0200825
0.894687
0.0353827
0.931594
-0.0632848
-0.0301772
0.093215
-0.258425
0.142713
-0.200261
0.219536
-0.23718
0.298703
-0.246714
0.37555
-0.242742
0.446726
-0.228988
0.509451
-0.206287
0.562022
-0.177672
0.60439
-0.144939
0.636688
-0.112805
0.65958
-0.0786403
0.673857
-0.0506223
0.680433
-0.0193402
0.682089
-0.00398405
0.677192
0.0234995
0.670049
0.0247103
0.655814
0.0343176
0.667252
0.0239448
0.710598
-0.106631
-0.0414811
-0.0520217
-0.348532
0.0146487
-0.266931
0.101478
-0.32401
0.182615
-0.327851
0.256482
-0.316608
0.321124
-0.29363
0.375573
-0.260736
0.419487
-0.221586
0.453738
-0.17919
0.478722
-0.137789
0.495725
-0.0956434
0.505108
-0.0600054
0.509213
-0.023445
0.508192
-0.00296283
0.500419
0.0312719
0.490573
0.0345565
0.482861
0.0420301
0.509506
-0.00270097
0.545521
-0.142646
-0.0428537
-0.140193
-0.445456
-0.0522834
-0.354841
0.034372
-0.410665
0.112261
-0.40574
0.180572
-0.384919
0.238188
-0.351246
0.284943
-0.307491
0.321353
-0.257995
0.348816
-0.206653
0.368107
-0.157079
0.380736
-0.108272
0.387166
-0.0664358
0.389589
-0.0258682
0.386133
0.000493957
0.376605
0.0408
0.368209
0.0429519
0.368539
0.0416998
0.397582
-0.0317436
0.419681
-0.164744
-0.0359378
-0.190545
-0.53825
-0.0879826
-0.457404
-0.0043501
-0.494297
0.0702248
-0.480315
0.132924
-0.447618
0.183361
-0.401684
0.222524
-0.346655
0.251914
-0.287385
0.27336
-0.228099
0.28799
-0.171709
0.297352
-0.117635
0.301954
-0.0710376
0.303125
-0.0270392
0.29846
0.00515881
0.289573
0.0496878
0.284555
0.0479697
0.289515
0.0367392
0.313251
-0.0554795
0.322825
-0.174318
-0.0246427
-0.211696
-0.621689
-0.102006
-0.567094
-0.0208571
-0.575446
0.0485887
-0.549761
0.104092
-0.503122
0.146625
-0.444216
0.178338
-0.378368
0.201362
-0.310409
0.217675
-0.244412
0.228564
-0.182598
0.235441
-0.124512
0.238733
-0.0743296
0.23899
-0.0272963
0.234241
0.0099079
0.22722
0.0567089
0.22518
0.0500091
0.231472
0.0304481
0.24801
-0.0720179
0.248996
-0.175304
-0.0120508
-0.210232
-0.70113
-0.100088
-0.677238
-0.0219875
-0.653546
0.0396594
-0.611408
0.0866204
-0.550083
0.121125
-0.47872
0.145991
-0.403234
0.163534
-0.327952
0.175653
-0.256531
0.183614
-0.190559
0.188591
-0.12949
0.190897
-0.0766352
0.190572
-0.0269711
0.186365
0.0141148
0.181347
0.0617264
0.181186
0.0501703
0.18706
0.0245748
0.197365
-0.0823232
0.193293
-0.171232
8.8178e-05
-0.192777
-0.785758
-0.0880981
-0.781917
-0.0145808
-0.727064
0.0373814
-0.66337
0.0754476
-0.588149
0.102532
-0.505804
0.121486
-0.422188
0.134527
-0.340993
0.143332
-0.265336
0.149044
-0.19627
0.15258
-0.133025
0.154147
-0.0782023
0.153508
-0.0263325
0.150055
0.0175678
0.146696
0.0650853
0.147473
0.0493934
0.152318
0.0197304
0.158073
-0.0880785
0.151421
-0.16458
0.0109903
-0.162729
-0.889173
-0.0720288
-0.872618
-0.00617199
-0.79292
0.0365986
-0.70614
0.06692
-0.61847
0.087902
-0.526787
0.102161
-0.436447
0.111735
-0.350566
0.118032
-0.271634
0.122077
-0.200315
0.124522
-0.13547
0.125565
-0.0792456
0.124772
-0.0255399
0.122091
0.0202494
0.119933
0.0672433
0.121047
0.0482787
0.124837
0.0159412
0.127435
-0.0906767
0.119785
-0.15693
0.020353
0.0935722
-0.923062
0.112068
-0.891114
0.115873
-0.796725
0.111704
-0.701971
0.104779
-0.611546
0.0963294
-0.518337
0.0879527
-0.428071
0.0804917
-0.343105
0.0742974
-0.265439
0.0694525
-0.19547
0.0658327
-0.131851
0.0631645
-0.0765773
0.0607818
-0.0231572
0.058675
0.0223562
0.0584217
0.0674966
0.0608085
0.0458919
0.0647837
0.0119659
0.066826
-0.0927189
0.0622027
-0.152307
0.0246916
0.104757
-0.967254
0.112293
-0.89865
0.114491
-0.798923
0.109387
-0.696867
0.102454
-0.604613
0.0944762
-0.510359
0.0866495
-0.420244
0.0797168
-0.336173
0.0739486
-0.259671
0.0694113
-0.190933
0.0659789
-0.128418
0.0633744
-0.0739728
0.0609646
-0.0207474
0.0588544
0.0244664
0.0586107
0.0677403
0.0607622
0.0437404
0.0641867
0.00854144
0.065334
-0.0938662
0.0599805
-0.146953
0.0293096
0.101163
-1.00589
0.107182
-0.90467
0.109506
-0.801246
0.105498
-0.69286
0.099233
-0.598347
0.09205
-0.503176
0.0849066
-0.4131
0.0785518
-0.329818
0.0732354
-0.254355
0.0690255
-0.186723
0.0658057
-0.125198
0.0632925
-0.0714596
0.0609069
-0.0183618
0.0588393
0.026534
0.0586395
0.0679402
0.0605623
0.0418175
0.0634375
0.00566629
0.0637733
-0.094202
0.0578117
-0.140992
0.0341352
0.099437
-1.04042
0.103742
-0.908975
0.104641
-0.802145
0.101354
-0.689573
0.0956305
-0.592623
0.0892221
-0.496768
0.0828036
-0.406682
0.0770612
-0.324076
0.0722203
-0.249514
0.0683536
-0.182856
0.0653585
-0.122203
0.0629556
-0.0690567
0.0606276
-0.0160338
0.058642
0.0285196
0.0585042
0.068078
0.0602002
0.0401216
0.0625477
0.00331873
0.062139
-0.0937933
0.0556888
-0.134541
0.0390823
0.0946919
-1.06863
0.0987973
-0.91308
0.0990398
-0.802388
0.0966794
-0.687213
0.0916339
-0.587578
0.0859947
-0.491129
0.080317
-0.401004
0.0752098
-0.318968
0.070875
-0.245179
0.0673825
-0.179364
0.0646396
-0.11946
0.0623758
-0.0667928
0.0601418
-0.0137999
0.0582728
0.0303885
0.0582082
0.0681427
0.0596798
0.0386499
0.0615274
0.00147119
0.0604457
-0.0927115
0.0536229
-0.127719
0.0440716
0.0901896
-1.09111
0.0937331
-0.916624
0.0932642
-0.801919
0.0915811
-0.68553
0.0872623
-0.583259
0.0823844
-0.486251
0.0774578
-0.396078
0.0729996
-0.31451
0.0691938
-0.241373
0.0661061
-0.176276
0.0636487
-0.117003
0.0615608
-0.064705
0.0594613
-0.0117003
0.0577416
0.0321082
0.0577574
0.0681268
0.0590089
0.0373984
0.0603887
9.13957e-05
0.0587085
-0.0910313
0.0516237
-0.120634
0.0490311
0.0848258
-1.1076
0.0878892
-0.919687
0.0871256
-0.801155
0.0860413
-0.684445
0.0825211
-0.579739
0.0784138
-0.482143
0.0742494
-0.391913
0.070453
-0.310714
0.0671943
-0.238115
0.0645375
-0.173619
0.0623974
-0.114863
0.0605239
-0.0628315
0.0585996
-0.00977596
0.0570587
0.0336491
0.0571588
0.0680267
0.0581964
0.0363608
0.0591452
-0.0008574
0.0569427
-0.0888288
0.0497002
-0.113391
0.053896
0.0792699
-1.11837
0.0816201
-0.922037
0.0807105
-0.800246
0.0801088
-0.683844
0.0774268
-0.577057
0.0741094
-0.478826
0.0707187
-0.388523
0.0675971
-0.307592
0.0649013
-0.235419
0.0626971
-0.171415
0.060903
-0.113069
0.0592811
-0.0612096
0.0575712
-0.00806605
0.0562345
0.0349857
0.0564199
0.0678413
0.0572524
0.0355284
0.0578109
-0.00141589
0.0551634
-0.0861813
0.0478599
-0.106088
0.0586088
0.073232
-1.12349
0.0748303
-0.923636
0.0739768
-0.799392
0.0738143
-0.683681
0.0719986
-0.575241
0.0694988
-0.476326
0.0668946
-0.385918
0.0644609
-0.305158
0.0623421
-0.2333
0.0606088
-0.169682
0.0591855
-0.111646
0.0578497
-0.0598738
0.0563903
-0.00660667
0.0552791
0.0360969
0.0555492
0.0675712
0.0561884
0.0348892
0.0564006
-0.00162807
0.053385
-0.0831656
0.0461096
-0.0988125
0.0631191
0.0669008
0.0676319
0.0669337
0.0671945
0.0662603
0.0646103
0.0628069
0.0610742
0.0595454
0.0582981
0.0572668
0.0562477
0.0550711
0.0542027
0.0545562
0.055017
0.0549292
0.0516208
0.0444541
)
;

boundaryField
{
    inlet
    {
        type            calculated;
        value           nonuniform List<scalar> 
40
(
-0.127122
-0.148365
-0.173121
-0.202024
-0.235726
-0.274802
-0.320025
-0.372868
-0.434994
-0.507651
-0.0707628
-0.0707454
-0.0707312
-0.0707215
-0.0707176
-0.0707202
-0.0707298
-0.0707468
-0.0707715
-0.0708043
-0.0707569
-0.0707982
-0.0708252
-0.0708393
-0.0708439
-0.0708411
-0.0708321
-0.0708182
-0.0708009
-0.0707818
-0.506711
-0.434301
-0.372224
-0.319044
-0.273498
-0.234488
-0.201065
-0.17242
-0.147866
-0.126835
)
;
    }
    outlet
    {
        type            calculated;
        value           nonuniform List<scalar> 
40
(
0.0583369
0.0676343
0.0788483
0.0924891
0.10914
0.12941
0.153875
0.182998
0.217023
0.255807
0.0389177
0.037778
0.0367673
0.0358805
0.035112
0.0344555
0.0339043
0.0334512
0.0330886
0.0328078
0.0578641
0.0553626
0.052986
0.0507417
0.0486336
0.0466642
0.0448353
0.0431471
0.0415993
0.0401902
1.21175
0.94765
0.721902
0.546894
0.412765
0.31153
0.236404
0.181154
0.140519
0.110422
)
;
    }
    top
    {
        type            symmetryPlane;
        value           uniform 0;
    }
    bottom
    {
        type            symmetryPlane;
        value           uniform 0;
    }
    cylinder
    {
        type            calculated;
        value           nonuniform List<scalar> 
80
(
-2.24957e-18
-2.09323e-18
3.84833e-18
1.52795e-17
-1.51e-17
1.8551e-17
-4.38623e-18
-9.69617e-18
-1.31433e-18
2.12433e-17
2.12727e-18
-8.59637e-18
9.53378e-18
-1.28448e-17
-7.04719e-18
-1.34561e-17
-4.71905e-17
-3.74792e-18
2.98678e-17
-4.94195e-17
1.75591e-17
-2.98678e-17
3.74792e-18
1.9435e-17
1.48831e-17
-1.70841e-17
1.28448e-17
-9.53378e-18
8.59637e-18
3.10856e-19
2.24957e-18
2.09323e-18
-3.84833e-18
-1.52795e-17
3.70194e-18
5.29072e-18
3.48153e-17
9.69617e-18
-2.64412e-17
-4.47323e-17
2.12433e-17
2.64412e-17
-9.69617e-18
2.06958e-17
1.8551e-17
-3.70194e-18
1.52795e-17
3.84833e-18
-2.09323e-18
-2.24957e-18
-1.75591e-17
2.11226e-18
-3.74792e-18
-4.08916e-17
1.57265e-17
1.70841e-17
-1.28448e-17
9.53378e-18
-8.59637e-18
-3.10856e-19
3.10856e-19
8.59637e-18
-9.53378e-18
1.28448e-17
-1.70841e-17
1.48831e-17
4.08916e-17
3.74792e-18
-2.11226e-18
1.75591e-17
-2.12433e-17
1.31433e-18
9.69617e-18
4.38623e-18
3.30463e-17
1.51e-17
-1.52795e-17
-3.84833e-18
2.09323e-18
2.24957e-18
)
;
    }
    frontandback
    {
        type            empty;
        value           nonuniform 0();
    }
}


// ************************************************************************* //
