/*--------------------------------*- C++ -*----------------------------------*\
  =========                 |
  \\      /  F ield         | OpenFOAM: The Open Source CFD Toolbox
   \\    /   O peration     | Website:  https://openfoam.org
    \\  /    A nd           | Version:  6.0
     \\/     M anipulation  |
\*---------------------------------------------------------------------------*/
FoamFile
{
    version     2.0;
    format      ascii;
    class       volScalarField;
    location    "16.05";
    object      p;
}
// * * * * * * * * * * * * * * * * * * * * * * * * * * * * * * * * * * * * * //

dimensions      [0 2 -2 0 0 0 0];

internalField   nonuniform List<scalar> 
9600
(
-166.541
-146.018
-131.199
-118.936
-107.775
-97.7586
-88.8387
-80.8884
-73.7949
-67.4581
-61.7866
-56.6983
-52.1212
-47.9924
-44.2576
-40.8702
-37.79
-34.9803
-32.4081
-30.0698
-167.742
-147.186
-132.297
-119.95
-108.709
-98.6229
-89.6431
-81.6419
-74.505
-68.1309
-62.4269
-57.3099
-52.707
-48.5548
-44.7987
-41.3917
-38.2934
-35.4663
-32.8766
-30.5257
-168.941
-148.334
-133.372
-120.944
-109.625
-99.4702
-90.4318
-82.381
-75.2019
-68.7915
-63.0558
-57.9108
-53.2827
-49.1077
-45.3307
-41.9044
-38.7881
-35.9435
-33.3364
-30.9731
-170.13
-149.465
-134.426
-121.917
-110.521
-100.299
-91.2038
-83.1046
-75.8844
-69.4388
-63.6724
-58.5001
-53.8475
-49.6502
-45.8528
-42.4076
-39.2736
-36.4117
-33.7875
-31.4124
-171.304
-150.578
-135.459
-122.868
-111.397
-101.109
-91.9577
-83.8114
-76.5514
-70.0716
-64.2754
-59.0767
-54.4005
-50.1817
-46.3644
-42.9009
-39.7497
-36.8709
-34.23
-31.8441
-172.458
-151.668
-136.469
-123.796
-112.251
-101.898
-92.692
-84.5
-77.2013
-70.6886
-64.8637
-59.6397
-54.9407
-50.7013
-46.8651
-43.384
-40.2163
-37.3212
-34.6643
-32.2688
-173.588
-152.735
-137.454
-124.7
-113.08
-102.664
-93.4051
-85.1688
-77.8329
-71.2884
-65.4361
-60.188
-55.4673
-51.2083
-47.3542
-43.8566
-40.6733
-37.7628
-35.091
-32.6873
-174.691
-153.774
-138.411
-125.577
-113.884
-103.406
-94.0954
-85.8162
-78.4445
-71.8696
-65.9912
-60.7201
-55.9791
-51.7017
-47.8309
-44.3181
-41.1206
-38.1959
-35.5105
-33.1006
-175.764
-154.783
-139.34
-126.425
-114.661
-104.123
-94.7612
-86.4405
-79.0343
-72.4305
-66.5272
-61.2346
-56.4746
-52.1802
-48.2942
-44.7677
-41.5575
-38.6202
-35.9231
-33.5094
-176.805
-155.76
-140.238
-127.243
-115.409
-104.811
-95.4006
-87.0398
-79.6005
-72.9691
-67.0424
-61.7296
-56.952
-52.6423
-48.7427
-45.2042
-41.9831
-39.035
-36.3286
-33.9142
-177.813
-156.704
-141.102
-128.03
-116.126
-105.47
-96.0117
-87.612
-80.141
-73.4832
-67.5344
-62.2029
-57.4094
-53.0859
-49.1746
-45.6259
-42.396
-39.4392
-36.7259
-34.3136
-178.786
-157.614
-141.933
-128.783
-116.81
-106.097
-96.5925
-88.1551
-80.6534
-73.9703
-68.0006
-62.6517
-57.8437
-53.5084
-49.5873
-46.0309
-42.7946
-39.8318
-37.1142
-34.7062
-179.724
-158.487
-142.728
-129.5
-117.461
-106.691
-97.1413
-88.667
-81.1353
-74.4277
-68.4378
-63.0724
-58.2512
-53.9056
-49.977
-46.4157
-43.1763
-40.211
-37.4928
-35.0933
-180.627
-159.323
-143.486
-130.182
-118.076
-107.251
-97.6562
-89.1457
-81.5845
-74.8527
-68.8431
-63.4615
-58.6275
-54.2723
-50.3374
-46.7732
-43.5338
-40.5704
-37.858
-35.4779
-181.492
-160.12
-144.206
-130.827
-118.655
-107.775
-98.1357
-89.5892
-81.9986
-75.2427
-69.2132
-63.8155
-58.9688
-54.6039
-50.6626
-47.0954
-43.8566
-40.8974
-38.1983
-35.8507
-182.324
-160.88
-144.887
-131.435
-119.196
-108.262
-98.5781
-89.9953
-82.3749
-75.5942
-69.5444
-64.1303
-59.2708
-54.8968
-50.9497
-47.3799
-44.1416
-41.1865
-38.5009
-36.1794
-183.132
-161.608
-145.531
-132.004
-119.699
-108.71
-98.9818
-90.3622
-82.7109
-75.9039
-69.8316
-64.399
-59.5254
-55.1423
-51.1919
-47.6252
-44.3953
-41.4503
-38.7738
-36.4557
-183.934
-162.311
-146.139
-132.533
-120.163
-109.121
-99.3475
-90.6905
-83.0065
-76.1703
-70.0713
-64.6146
-59.7202
-55.3213
-51.3634
-47.8016
-44.5897
-41.6714
-39.03
-36.7769
-184.727
-162.989
-146.712
-133.025
-120.592
-109.497
-99.6804
-90.9852
-83.2668
-76.398
-70.2671
-64.7782
-59.8508
-55.419
-51.4306
-47.8442
-44.6179
-41.7108
-39.1613
-37.1678
-185.437
-163.618
-147.251
-133.487
-120.994
-109.849
-99.9886
-91.2549
-83.5008
-76.5973
-70.4308
-64.9038
-59.934
-55.4528
-51.4042
-47.7398
-44.4141
-41.4118
-38.8583
-36.9899
-191.61
-191.586
-191.491
-191.37
-191.23
-191.062
-190.863
-190.631
-190.369
-190.079
-189.762
-189.42
-189.054
-188.664
-188.253
-187.821
-187.371
-186.906
-186.431
-185.952
-168.938
-168.967
-168.946
-168.892
-168.808
-168.692
-168.542
-168.36
-168.146
-167.905
-167.636
-167.342
-167.023
-166.681
-166.316
-165.93
-165.524
-165.097
-164.648
-164.163
-151.619
-151.69
-151.722
-151.718
-151.679
-151.605
-151.499
-151.362
-151.196
-151.002
-150.783
-150.539
-150.271
-149.982
-149.67
-149.337
-148.982
-148.603
-148.194
-147.747
-137.081
-137.17
-137.225
-137.246
-137.232
-137.185
-137.108
-137.002
-136.87
-136.712
-136.531
-136.327
-136.102
-135.857
-135.591
-135.305
-134.998
-134.667
-134.309
-133.918
-124.045
-124.135
-124.196
-124.224
-124.221
-124.187
-124.125
-124.038
-123.926
-123.791
-123.634
-123.458
-123.263
-123.05
-122.819
-122.571
-122.304
-122.017
-121.706
-121.367
-112.549
-112.631
-112.686
-112.713
-112.711
-112.68
-112.624
-112.544
-112.442
-112.319
-112.177
-112.017
-111.842
-111.651
-111.446
-111.226
-110.991
-110.74
-110.469
-110.174
-102.464
-102.535
-102.582
-102.602
-102.594
-102.561
-102.504
-102.425
-102.326
-102.208
-102.073
-101.923
-101.76
-101.584
-101.397
-101.199
-100.99
-100.768
-100.53
-100.273
-93.5819
-93.6403
-93.6757
-93.6867
-93.6722
-93.6335
-93.5725
-93.4911
-93.3911
-93.2741
-93.142
-92.9969
-92.8406
-92.6747
-92.5008
-92.3198
-92.1315
-91.9346
-91.7262
-91.5022
-85.7187
-85.7652
-85.7898
-85.7912
-85.7687
-85.7235
-85.6573
-85.572
-85.4693
-85.351
-85.2191
-85.0759
-84.9236
-84.7643
-84.6003
-84.4328
-84.2622
-84.0876
-83.9063
-83.7134
-78.7249
-78.7605
-78.7751
-78.7675
-78.7373
-78.6856
-78.6139
-78.5242
-78.4179
-78.2971
-78.1639
-78.0208
-77.8703
-77.7153
-77.5586
-77.4021
-77.2471
-77.0933
-76.9379
-76.7757
-72.4759
-72.5019
-72.5075
-72.4918
-72.4545
-72.3967
-72.3199
-72.2256
-72.1155
-71.9915
-71.8561
-71.7116
-71.5613
-71.4087
-71.2571
-71.1095
-70.9685
-70.8343
-70.7048
-70.5739
-66.8688
-66.8863
-66.8841
-66.8612
-66.8177
-66.7544
-66.6727
-66.5741
-66.4601
-66.3327
-66.1942
-66.0474
-65.8959
-65.7435
-65.5949
-65.454
-65.3252
-65.2098
-65.1066
-65.009
-61.819
-61.8291
-61.82
-61.7909
-61.7419
-61.6737
-61.5877
-61.485
-61.3671
-61.236
-61.0939
-60.9437
-60.7894
-60.6354
-60.4874
-60.3505
-60.2318
-60.1338
-60.0582
-59.9967
-57.2561
-57.2598
-57.2447
-57.2102
-57.1564
-57.084
-56.994
-56.8876
-56.766
-56.631
-56.4848
-56.3303
-56.1718
-56.0138
-55.8637
-55.7274
-55.6161
-55.5334
-55.4867
-55.4655
-53.1214
-53.1194
-53.0991
-53.0599
-53.002
-52.9259
-52.8325
-52.7227
-52.5976
-52.4587
-52.3081
-52.1484
-51.9843
-51.8198
-51.6645
-51.5247
-51.4171
-51.3458
-51.3295
-51.3533
-49.3655
-49.3584
-49.3334
-49.2902
-49.2287
-49.1494
-49.053
-48.9401
-48.8117
-48.6689
-48.5137
-48.3482
-48.177
-48.0037
-47.8395
-47.6907
-47.5819
-47.5159
-47.5311
-47.6019
-45.9464
-45.9348
-45.9056
-45.8587
-45.794
-45.7119
-45.6127
-45.497
-45.3654
-45.2187
-45.0586
-44.8866
-44.7068
-44.522
-44.3444
-44.1794
-44.0616
-43.9927
-44.0418
-44.156
-42.8264
-42.8112
-42.7789
-42.7294
-42.6625
-42.5785
-42.4774
-42.3595
-42.2252
-42.0751
-41.9101
-41.7315
-41.5423
-41.3442
-41.1486
-40.9591
-40.8189
-40.7328
-40.8237
-40.9893
-39.9701
-39.9534
-39.9203
-39.8707
-39.8045
-39.7214
-39.6214
-39.5045
-39.3708
-39.2208
-39.0545
-38.8731
-38.6778
-38.4698
-38.2567
-38.0398
-37.8612
-37.7307
-37.8508
-38.1365
-37.3629
-37.3403
-37.3029
-37.2511
-37.1841
-37.1016
-37.0031
-36.8887
-36.7579
-36.6111
-36.4478
-36.2686
-36.0729
-35.8619
-35.6367
-35.3985
-35.1678
-34.9573
-34.9761
-35.4046
-180.681
-181.657
-182.543
-183.411
-184.265
-185.087
-185.864
-186.592
-187.271
-187.899
-188.476
-189.003
-189.477
-189.901
-190.276
-190.602
-190.882
-191.12
-191.321
-191.489
-157.811
-158.789
-159.713
-160.606
-161.47
-162.295
-163.074
-163.804
-164.486
-165.12
-165.704
-166.24
-166.726
-167.165
-167.556
-167.9
-168.2
-168.457
-168.67
-168.835
-140.649
-141.603
-142.52
-143.4
-144.24
-145.038
-145.792
-146.501
-147.165
-147.784
-148.357
-148.884
-149.366
-149.804
-150.197
-150.546
-150.852
-151.115
-151.333
-151.503
-126.604
-127.509
-128.383
-129.22
-130.016
-130.771
-131.484
-132.155
-132.785
-133.372
-133.917
-134.42
-134.881
-135.3
-135.678
-136.016
-136.312
-136.568
-136.782
-136.954
-114.245
-115.092
-115.911
-116.696
-117.441
-118.147
-118.813
-119.439
-120.027
-120.574
-121.082
-121.55
-121.98
-122.371
-122.724
-123.039
-123.316
-123.556
-123.758
-123.921
-103.479
-104.27
-105.035
-105.768
-106.464
-107.12
-107.738
-108.319
-108.862
-109.367
-109.835
-110.266
-110.661
-111.02
-111.343
-111.631
-111.884
-112.103
-112.287
-112.436
-94.1016
-94.8434
-95.5604
-96.2456
-96.894
-97.5046
-98.0779
-98.6146
-99.1149
-99.5795
-100.009
-100.403
-100.764
-101.091
-101.384
-101.645
-101.873
-102.07
-102.234
-102.366
-85.8686
-86.5683
-87.2429
-87.8856
-88.4918
-89.0606
-89.5926
-90.0889
-90.5502
-90.9771
-91.3705
-91.7312
-92.0597
-92.3567
-92.6226
-92.8579
-93.0627
-93.2375
-93.3824
-93.4976
-78.5883
-79.2526
-79.8908
-80.4962
-81.0647
-81.5957
-82.0904
-82.5501
-82.9758
-83.3686
-83.7295
-84.0594
-84.3591
-84.6292
-84.87
-85.0821
-85.2657
-85.421
-85.5483
-85.6479
-72.1127
-72.7477
-73.3549
-73.9277
-74.4626
-74.9595
-75.4204
-75.8468
-76.2402
-76.6021
-76.9336
-77.2359
-77.5098
-77.7558
-77.9745
-78.166
-78.3308
-78.4689
-78.5807
-78.6663
-66.3244
-66.9356
-67.5168
-68.061
-68.5654
-69.0312
-69.4609
-69.8568
-70.2207
-70.5544
-70.8594
-71.1369
-71.3877
-71.6124
-71.8115
-71.985
-72.1333
-72.2564
-72.3546
-72.428
-61.1289
-61.7219
-62.2815
-62.8002
-63.2764
-63.7131
-64.1138
-64.4812
-64.8178
-65.1257
-65.4065
-65.6616
-65.8918
-66.0976
-66.2794
-66.4371
-66.571
-66.6811
-66.7675
-66.8302
-56.4499
-57.0299
-57.5719
-58.0672
-58.5166
-58.9256
-59.2988
-59.6394
-59.9503
-60.2342
-60.4929
-60.7277
-60.9394
-61.1284
-61.2949
-61.4388
-61.5602
-61.6589
-61.735
-61.7885
-52.2256
-52.7977
-53.3246
-53.7972
-54.2206
-54.6029
-54.9494
-55.2642
-55.5508
-55.8123
-56.0506
-56.2669
-56.462
-56.636
-56.789
-56.9208
-57.0312
-57.1201
-57.1872
-57.2327
-48.4059
-48.9768
-49.489
-49.9372
-50.3341
-50.69
-51.0102
-51.2996
-51.563
-51.8034
-52.0228
-52.2222
-52.4023
-52.563
-52.7041
-52.8253
-52.9262
-53.0064
-53.0657
-53.1042
-44.9445
-45.5278
-46.0249
-46.4439
-46.8124
-47.1414
-47.4349
-47.6992
-47.9401
-48.1605
-48.3622
-48.5462
-48.7127
-48.8615
-48.9921
-49.1039
-49.1964
-49.269
-49.3216
-49.3538
-41.7833
-42.4016
-42.8891
-43.2755
-43.6135
-43.9144
-44.1806
-44.4201
-44.6395
-44.8412
-45.0267
-45.1968
-45.3514
-45.4899
-45.6114
-45.7151
-45.8004
-45.8665
-45.913
-45.9398
-38.8799
-39.5281
-40.0149
-40.3766
-40.6845
-40.9555
-41.195
-41.412
-41.6121
-41.7975
-41.9694
-42.1284
-42.2737
-42.4044
-42.5192
-42.6171
-42.6972
-42.7586
-42.8008
-42.8235
-36.3662
-36.9178
-37.3639
-37.7246
-38.0072
-38.2406
-38.4518
-38.6481
-38.8298
-38.9992
-39.1587
-39.3081
-39.4458
-39.5701
-39.6798
-39.7736
-39.8503
-39.9089
-39.9486
-39.9691
-34.6687
-34.9268
-35.1161
-35.4834
-35.7505
-35.9192
-36.0812
-36.2464
-36.3993
-36.5407
-36.6761
-36.8053
-36.9254
-37.034
-37.1295
-37.2108
-37.2764
-37.3252
-37.3562
-37.3689
-24.2204
-26.3454
-28.6984
-31.2646
-34.0722
-37.1544
-40.5442
-44.2795
-48.4052
-52.9745
-58.0507
-63.7117
-70.0548
-77.2056
-85.3348
-94.6775
-105.462
-117.868
-133.51
-155.286
-24.6604
-26.8061
-29.1728
-31.7556
-34.5827
-37.6864
-41.0999
-44.8616
-49.0166
-53.6187
-58.732
-64.4349
-70.8261
-78.0324
-86.226
-95.6432
-106.511
-119.003
-134.721
-156.546
-25.1049
-27.2706
-29.6509
-32.2506
-35.0978
-38.2236
-41.6614
-45.45
-49.6351
-54.2708
-59.4218
-65.1676
-71.6078
-78.8704
-87.129
-96.6208
-107.572
-120.149
-135.933
-157.786
-25.5532
-27.7379
-30.1314
-32.7485
-35.6159
-38.7643
-42.2269
-46.0429
-50.2585
-54.9283
-60.1176
-65.9069
-72.3966
-79.716
-88.0398
-97.6061
-108.641
-121.303
-137.159
-159.049
-26.0037
-28.2066
-30.6133
-33.2479
-36.1361
-39.3073
-42.795
-46.6389
-50.8854
-55.5896
-60.8177
-66.6507
-73.1903
-80.5668
-88.956
-98.5968
-109.714
-122.465
-138.4
-160.337
-26.4552
-28.6757
-31.0956
-33.7482
-36.6575
-39.8519
-43.3652
-47.2372
-51.5151
-56.2541
-61.5212
-67.3983
-73.988
-81.4219
-89.8768
-99.5923
-110.793
-123.632
-139.649
-161.638
-26.9064
-29.1439
-31.5772
-34.2485
-37.1796
-40.3976
-43.9369
-47.8376
-52.1471
-56.9214
-62.2279
-68.1494
-74.7895
-82.281
-90.802
-100.593
-111.877
-124.804
-140.902
-162.944
-27.3567
-29.6106
-32.0576
-34.7482
-37.7016
-40.944
-44.5097
-48.4395
-52.7812
-57.5911
-62.9373
-68.9034
-75.5943
-83.1437
-91.7308
-101.597
-112.964
-125.978
-142.157
-164.252
-27.8051
-30.075
-32.5361
-35.2469
-38.2234
-41.4906
-45.0833
-49.0427
-53.4168
-58.2626
-63.6488
-69.6598
-76.4015
-84.0089
-92.6623
-102.603
-114.054
-127.154
-143.412
-165.561
-28.2514
-30.537
-33.0126
-35.7445
-38.7449
-42.0375
-45.6577
-49.647
-54.0539
-58.9358
-64.362
-70.418
-77.2105
-84.8758
-93.5954
-103.611
-115.144
-128.331
-144.667
-166.868
-28.6953
-30.9965
-33.4873
-36.2414
-39.2665
-42.5852
-46.2333
-50.2528
-54.6925
-59.6105
-65.0767
-71.1774
-78.0205
-85.7435
-94.529
-104.619
-116.234
-129.506
-145.919
-168.173
-29.1377
-31.4543
-33.9611
-36.7385
-39.7891
-43.1344
-46.8106
-50.8603
-55.3329
-60.2866
-65.7925
-71.9375
-78.8308
-86.6109
-95.4617
-105.626
-117.322
-130.677
-147.167
-169.472
-29.5789
-31.9118
-34.4359
-37.2379
-40.3147
-43.6868
-47.391
-51.4706
-55.9754
-60.9643
-66.5091
-72.6978
-79.6404
-87.477
-96.3924
-106.63
-118.406
-131.844
-148.408
-170.764
-30.0222
-32.3717
-34.9139
-37.7414
-40.845
-44.2437
-47.9755
-52.0843
-56.6204
-61.6435
-67.2261
-73.4573
-80.4484
-88.3404
-97.3194
-107.629
-119.485
-133.004
-149.641
-172.046
-30.4717
-32.8407
-35.4025
-38.2557
-41.3851
-44.8089
-48.5666
-52.7027
-57.2684
-62.324
-67.9429
-74.2152
-81.2532
-89.1993
-98.2406
-108.621
-120.555
-134.155
-150.864
-173.316
-30.9345
-33.3231
-35.9041
-38.7823
-41.936
-45.3833
-49.1648
-53.3261
-57.9191
-63.0051
-68.6583
-74.9698
-82.0531
-90.0517
-99.1539
-109.604
-121.615
-135.294
-152.075
-174.574
-31.4326
-33.8452
-36.4402
-39.3359
-42.5071
-45.9721
-49.7726
-53.9551
-58.572
-63.6855
-69.3704
-75.719
-82.8456
-90.895
-100.056
-110.574
-122.661
-136.42
-153.273
-175.82
-31.9776
-34.4044
-37.0017
-39.9077
-43.0929
-46.5723
-50.3877
-54.5873
-59.2246
-64.3624
-70.0766
-76.4599
-83.6278
-91.7261
-100.945
-111.529
-123.689
-137.526
-154.454
-177.053
-32.6721
-35.0759
-37.6272
-40.5191
-43.7046
-47.1869
-51.0086
-55.2193
-59.8729
-65.032
-70.7727
-77.1885
-84.3958
-92.541
-101.815
-112.462
-124.694
-138.608
-155.617
-178.279
-33.4969
-35.7334
-38.2303
-41.1331
-44.3232
-47.8028
-51.6255
-55.8438
-60.5107
-65.6887
-71.4539
-77.9003
-85.145
-93.3352
-102.662
-113.371
-125.668
-139.654
-156.745
-179.498
-17.708
-19.0062
-20.8493
-23.0515
-25.5
-28.2001
-31.185
-34.4865
-38.1393
-42.1851
-46.6744
-51.6686
-57.244
-63.499
-70.5715
-78.662
-87.9749
-98.716
-112.653
-133.088
-18.1648
-19.577
-21.4649
-23.6327
-26.0341
-28.7007
-31.6652
-34.9552
-38.603
-42.6497
-47.145
-52.1502
-57.7419
-64.0195
-71.1226
-79.2537
-88.6183
-99.4177
-113.41
-133.886
-18.2301
-19.8582
-21.8479
-24.0539
-26.4731
-29.1503
-32.1209
-35.4154
-39.0688
-43.1236
-47.6304
-52.6512
-58.2634
-64.5674
-71.7043
-79.8787
-89.2973
-100.156
-114.195
-134.683
-18.3971
-20.1004
-22.1403
-24.3883
-26.8445
-29.5515
-32.5449
-35.8576
-39.5274
-43.5985
-48.1233
-53.1648
-58.8017
-65.1359
-72.3098
-80.53
-90.0052
-100.929
-115.027
-135.544
-18.6363
-20.3637
-22.434
-24.7126
-27.1989
-29.9338
-32.9524
-36.2882
-39.9799
-44.073
-48.6208
-53.6875
-59.3531
-65.721
-72.9352
-81.2043
-90.7393
-101.734
-115.905
-136.471
-18.8654
-20.63
-22.7341
-25.0407
-27.553
-30.3132
-33.3562
-36.7162
-40.4322
-44.5502
-49.1241
-54.2193
-59.917
-66.3218
-73.5797
-81.9011
-91.4994
-102.57
-116.82
-137.446
-19.0895
-20.8975
-23.0344
-25.3684
-27.9071
-30.6931
-33.7615
-37.1467
-40.8883
-45.033
-49.6353
-54.7615
-60.4939
-66.9386
-74.2433
-82.6203
-92.285
-103.433
-117.767
-138.455
-19.3351
-21.1783
-23.3416
-25.7004
-28.2647
-31.0766
-34.1709
-37.5822
-41.3507
-45.5235
-50.156
-55.3152
-61.0845
-67.5716
-74.9258
-83.3612
-93.095
-104.323
-118.741
-139.496
-19.609
-21.4797
-23.6643
-26.0445
-28.6322
-31.4687
-34.5883
-38.0257
-41.8217
-46.0236
-50.6875
-55.8813
-61.6893
-68.2208
-75.6268
-84.1232
-93.9287
-105.239
-119.743
-140.566
-19.9067
-21.8019
-24.0054
-26.4046
-29.0135
-31.8729
-35.0167
-38.4799
-42.3033
-46.5348
-51.231
-56.4604
-62.3087
-68.8863
-76.3461
-84.9057
-94.7851
-106.18
-120.772
-141.665
-20.2249
-22.1439
-24.3645
-26.7811
-29.4099
-32.291
-35.4582
-38.9465
-42.7972
-47.0584
-51.7873
-57.0534
-62.9431
-69.5683
-77.0835
-85.7082
-95.6636
-107.144
-121.825
-142.79
-20.5629
-22.5048
-24.7409
-27.1738
-29.8215
-32.7234
-35.9134
-39.4264
-43.3042
-47.5952
-52.3573
-57.6606
-63.5926
-70.2666
-77.8388
-86.5303
-96.5635
-108.132
-122.903
-143.939
-20.9202
-22.8838
-25.1342
-27.5823
-30.248
-33.1702
-36.3824
-39.9199
-43.8246
-48.1455
-52.9411
-58.2822
-64.2574
-70.9813
-78.6117
-87.3716
-97.4841
-109.141
-124.003
-145.111
-21.2951
-23.2794
-25.5431
-28.0058
-30.689
-33.6309
-36.865
-40.4267
-44.3583
-48.7093
-53.5387
-58.918
-64.9372
-71.7119
-79.4018
-88.2313
-98.4247
-110.172
-125.126
-146.306
-21.6851
-23.6896
-25.9661
-28.443
-31.1433
-34.1048
-37.3605
-40.9463
-44.9049
-49.2861
-54.1496
-59.5678
-65.6315
-72.458
-80.2083
-89.1088
-99.3844
-111.223
-126.27
-147.522
-22.088
-24.1124
-26.4013
-28.8923
-31.6097
-34.5906
-37.868
-41.478
-45.4637
-49.8754
-54.7733
-60.2308
-66.3397
-73.2187
-81.0306
-90.0031
-100.362
-112.294
-127.434
-148.759
-22.5014
-24.5457
-26.8469
-29.3521
-32.0868
-35.0872
-38.3864
-42.0208
-46.0337
-50.4762
-55.409
-60.9063
-67.0611
-73.9934
-81.8675
-90.9132
-101.357
-113.384
-128.619
-150.017
-22.9233
-24.9873
-27.301
-29.8207
-32.5729
-35.5932
-38.9145
-42.5735
-46.6141
-51.0877
-56.0557
-61.5933
-67.7946
-74.7808
-82.7181
-91.8376
-102.367
-114.49
-129.824
-151.298
-23.3515
-25.4355
-27.7619
-30.2966
-33.0668
-36.1073
-39.451
-43.1351
-47.2037
-51.7088
-56.7125
-62.2908
-68.5391
-75.5799
-83.5809
-92.7747
-103.39
-115.61
-131.047
-152.605
-23.7843
-25.8887
-28.2282
-30.7784
-33.5671
-36.6282
-39.9947
-43.7043
-47.8013
-52.3383
-57.3782
-62.9977
-69.2933
-76.3891
-84.4543
-93.7227
-104.423
-116.739
-132.281
-153.941
-16.129
-15.3993
-15.0174
-14.7886
-14.6251
-14.4943
-14.3935
-14.3145
-14.2579
-14.2209
-14.2039
-14.206
-14.2271
-14.2671
-14.326
-14.4038
-14.5006
-14.6165
-14.752
-14.907
-18.0908
-17.4863
-17.026
-16.7455
-16.5415
-16.3893
-16.273
-16.1842
-16.1206
-16.0791
-16.0592
-16.0595
-16.08
-16.1202
-16.1799
-16.2592
-16.3579
-16.4761
-16.6139
-16.7715
-20.1236
-19.6123
-19.1673
-18.8621
-18.6287
-18.4559
-18.3235
-18.2239
-18.1524
-18.1058
-18.0827
-18.0815
-18.1019
-18.1431
-18.205
-18.2873
-18.3898
-18.5124
-18.6552
-18.8183
-22.4269
-21.9399
-21.5144
-21.1953
-20.9406
-20.7469
-20.5965
-20.483
-20.4005
-20.3458
-20.3165
-20.3113
-20.3292
-20.3694
-20.4315
-20.5151
-20.62
-20.7458
-20.8926
-21.0604
-24.9507
-24.4788
-24.0659
-23.7376
-23.4687
-23.258
-23.0918
-22.9649
-22.8714
-22.808
-22.7723
-22.7625
-22.7774
-22.8161
-22.8781
-22.9628
-23.0697
-23.1986
-23.3491
-23.5217
-27.6999
-27.2462
-26.8438
-26.5097
-26.2311
-26.0069
-25.8275
-25.6885
-25.5848
-25.5132
-25.4712
-25.4569
-25.469
-25.5064
-25.5684
-25.6543
-25.7636
-25.8958
-26.0507
-26.2285
-30.7134
-30.2753
-29.8817
-29.5442
-29.2581
-29.0229
-28.8321
-28.6822
-28.569
-28.4896
-28.4414
-28.4228
-28.4321
-28.4683
-28.5305
-28.618
-28.7301
-28.8661
-29.0258
-29.2096
-34.0308
-33.6033
-33.2153
-32.8754
-32.5831
-32.3385
-32.1376
-31.9778
-31.8557
-31.7688
-31.7148
-31.6919
-31.6987
-31.734
-31.7968
-31.8862
-32.0016
-32.142
-32.3073
-32.498
-37.6914
-37.2696
-36.8841
-36.5414
-36.2432
-35.9901
-35.78
-35.611
-35.4806
-35.3867
-35.3271
-35.3004
-35.3049
-35.3396
-35.4034
-35.4954
-35.6146
-35.7602
-35.9321
-36.1306
-41.7392
-41.3187
-40.9323
-40.5855
-40.281
-40.0198
-39.8009
-39.6231
-39.4848
-39.3841
-39.3193
-39.2889
-39.2916
-39.3262
-39.3915
-39.4867
-39.6106
-39.7624
-39.9418
-40.1495
-46.2253
-45.8017
-45.4111
-45.0583
-44.7463
-44.4764
-44.2485
-44.0621
-43.9159
-43.8085
-43.7386
-43.7049
-43.706
-43.7408
-43.8082
-43.9073
-44.0367
-44.1957
-44.3839
-44.6021
-51.2113
-50.78
-50.3814
-50.0198
-49.6984
-49.4185
-49.1807
-48.9849
-48.8304
-48.7161
-48.6409
-48.6037
-48.6033
-48.6386
-48.7086
-48.8121
-48.9479
-49.1149
-49.313
-49.5431
-56.7729
-56.3287
-55.9176
-55.5436
-55.2096
-54.9174
-54.6679
-54.4612
-54.2971
-54.1748
-54.0936
-54.0523
-54.05
-54.0856
-54.1581
-54.2664
-54.409
-54.5848
-54.7938
-55.0371
-63.0078
-62.5444
-62.115
-61.7234
-61.3725
-61.0643
-60.7998
-60.5795
-60.4034
-60.2711
-60.1819
-60.1351
-60.1296
-60.1645
-60.2389
-60.3515
-60.5008
-60.6856
-60.9059
-61.163
-70.0521
-69.5616
-69.1065
-68.6905
-68.3166
-67.9867
-67.7022
-67.4638
-67.2717
-67.1258
-67.0254
-66.9701
-66.9588
-66.9908
-67.0651
-67.1805
-67.3355
-67.5285
-67.7596
-68.0299
-78.1043
-77.5768
-77.0863
-76.6367
-76.231
-75.8715
-75.5596
-75.2963
-75.082
-74.9166
-74.7998
-74.731
-74.7095
-74.7344
-74.805
-74.9199
-75.0776
-75.2763
-75.5156
-75.7967
-87.3679
-86.7912
-86.2525
-85.7564
-85.3069
-84.9064
-84.5568
-84.259
-84.0133
-83.8199
-83.6785
-83.5886
-83.5494
-83.5603
-83.6204
-83.7285
-83.883
-84.082
-84.3244
-84.6115
-98.0471
-97.4037
-96.798
-96.2384
-95.7296
-95.2746
-94.8744
-94.5298
-94.2412
-94.0084
-93.8314
-93.7095
-93.6424
-93.629
-93.6684
-93.7595
-93.9015
-94.0935
-94.3342
-94.6221
-111.893
-111.153
-110.458
-109.818
-109.237
-108.716
-108.254
-107.852
-107.509
-107.226
-107.003
-106.838
-106.733
-106.685
-106.693
-106.757
-106.879
-107.061
-107.302
-107.587
-132.18
-131.319
-130.534
-129.82
-129.173
-128.59
-128.07
-127.613
-127.218
-126.887
-126.618
-126.412
-126.268
-126.186
-126.165
-126.204
-126.31
-126.489
-126.738
-127.018
-15.0809
-15.2725
-15.4817
-15.7087
-15.9534
-16.216
-16.4964
-16.7945
-17.1098
-17.4418
-17.7898
-18.1515
-18.5215
-18.8943
-19.2696
-19.6384
-19.9511
-20.176
-20.4134
-20.6395
-16.9484
-17.1434
-17.3565
-17.5876
-17.8365
-18.1033
-18.3877
-18.6893
-19.0077
-19.342
-19.6908
-20.0516
-20.4205
-20.7918
-21.1603
-21.5187
-21.8491
-22.1183
-22.3008
-22.4766
-19.0013
-19.203
-19.4233
-19.662
-19.919
-20.1939
-20.4864
-20.7961
-21.1222
-21.4637
-21.8187
-22.1848
-22.5582
-22.9344
-23.307
-23.6689
-24.0121
-24.3186
-24.5586
-24.777
-21.2489
-21.4568
-21.684
-21.9301
-22.1948
-22.4778
-22.7786
-23.0965
-23.4306
-23.7797
-24.1418
-24.5143
-24.8938
-25.2759
-25.655
-26.0248
-26.3789
-26.708
-27.0026
-27.2913
-23.7158
-23.93
-24.164
-24.4176
-24.6903
-24.9816
-25.2908
-25.6173
-25.9599
-26.3173
-26.6874
-27.0676
-27.4547
-27.8448
-28.2332
-28.6147
-28.9833
-29.3335
-29.6679
-30.0092
-26.4288
-26.6498
-26.8915
-27.1532
-27.4346
-27.735
-28.0537
-28.3898
-28.7421
-29.1091
-29.4888
-29.8788
-30.2759
-30.6768
-31.0777
-31.4742
-31.8616
-32.2368
-32.6056
-32.9854
-29.4169
-29.6457
-29.8959
-30.1668
-30.458
-30.7687
-31.0981
-31.4452
-31.8087
-32.1872
-32.5786
-32.9805
-33.3903
-33.805
-34.2212
-34.6358
-35.0453
-35.4483
-35.8506
-36.2647
-32.7132
-32.9508
-33.2106
-33.492
-33.7943
-34.1168
-34.4585
-34.8183
-35.195
-35.587
-35.9923
-36.4089
-36.8341
-37.2655
-37.7003
-38.1359
-38.5701
-39.0026
-39.4384
-39.8863
-36.3551
-36.6028
-36.8736
-37.1669
-37.482
-37.8179
-38.1738
-38.5484
-38.9405
-39.3484
-39.7704
-40.2045
-40.6483
-41.0996
-41.5563
-42.0162
-42.4778
-42.9415
-43.4114
-43.894
-40.3845
-40.6438
-40.9273
-41.2343
-41.564
-41.9155
-42.2878
-42.6796
-43.0897
-43.5164
-43.9581
-44.4129
-44.8787
-45.3537
-45.8359
-46.3237
-46.8158
-47.313
-47.8186
-48.3378
-44.8491
-45.1217
-45.4197
-45.7423
-46.0889
-46.4583
-46.8495
-47.2613
-47.6924
-48.1412
-48.606
-49.0852
-49.577
-50.0795
-50.5913
-51.1109
-51.6373
-52.1711
-52.715
-53.2738
-49.8038
-50.0913
-50.4057
-50.7462
-51.1119
-51.5018
-51.9147
-52.3496
-52.8049
-53.2793
-53.7712
-54.2789
-54.8008
-55.3353
-55.8812
-56.4371
-57.002
-57.5762
-58.1622
-58.7643
-55.3128
-55.6169
-55.9494
-56.3097
-56.6968
-57.1098
-57.5474
-58.0084
-58.4915
-58.9953
-59.5182
-60.0587
-60.6153
-61.1866
-61.7714
-62.3684
-62.9765
-63.5958
-64.2284
-64.8787
-61.4546
-61.7762
-62.1283
-62.5099
-62.9204
-63.3586
-63.8234
-64.3135
-64.8276
-65.3644
-65.9223
-66.4999
-67.0958
-67.7086
-68.3372
-68.9805
-69.637
-70.3065
-70.991
-71.6948
-68.3371
-68.6762
-69.0479
-69.4515
-69.8862
-70.351
-70.8447
-71.366
-71.9137
-72.4864
-73.0826
-73.7009
-74.34
-74.9986
-75.6757
-76.3701
-77.0803
-77.8054
-78.547
-79.3094
-76.1172
-76.4718
-76.8616
-77.2858
-77.7438
-78.2346
-78.7571
-79.31
-79.8921
-80.5019
-81.1381
-81.7993
-82.4842
-83.1915
-83.9204
-84.6698
-85.4378
-86.2228
-87.0258
-87.8507
-84.9409
-85.3062
-85.7088
-86.1487
-86.6255
-87.1385
-87.6865
-88.2682
-88.8824
-89.5275
-90.2023
-90.9054
-91.6356
-92.3915
-93.1722
-93.9768
-94.8034
-95.6499
-96.5163
-97.406
-94.9522
-95.3174
-95.7215
-96.1667
-96.6531
-97.1799
-97.7457
-98.3491
-98.9885
-99.6624
-100.369
-101.108
-101.878
-102.677
-103.504
-104.358
-105.238
-106.145
-107.078
-108.035
-107.896
-108.238
-108.626
-109.062
-109.545
-110.073
-110.645
-111.258
-111.911
-112.601
-113.329
-114.091
-114.889
-115.719
-116.581
-117.474
-118.402
-119.371
-120.378
-121.403
-127.262
-127.556
-127.915
-128.332
-128.803
-129.323
-129.889
-130.5
-131.153
-131.847
-132.581
-133.354
-134.166
-135.015
-135.9
-136.823
-137.793
-138.824
-139.912
-140.991
-141.95
-122.41
-109.008
-98.3165
-88.6951
-80.0903
-72.4162
-65.546
-59.3829
-53.8486
-48.8731
-44.393
-40.3516
-36.6984
-33.3888
-30.3814
-27.6318
-25.1081
-22.8554
-20.8978
-142.937
-123.42
-109.989
-99.2389
-89.5519
-80.8833
-73.1501
-66.2261
-60.0148
-54.4375
-49.4233
-44.9083
-40.835
-37.1523
-33.8147
-30.7809
-28.0116
-25.4842
-23.2309
-21.2151
-143.977
-124.45
-110.985
-100.177
-90.4243
-81.6913
-73.8986
-66.9211
-60.6621
-55.0426
-49.991
-45.4426
-41.3394
-37.6298
-34.2678
-31.2125
-28.4261
-25.883
-23.5984
-21.5354
-145.061
-125.511
-112.001
-101.132
-91.313
-82.515
-74.6625
-67.6315
-61.3254
-55.6644
-50.5764
-45.9961
-41.8648
-38.1305
-34.747
-31.6738
-28.8734
-26.3188
-24.0199
-21.9439
-146.183
-126.6
-113.038
-102.106
-92.2182
-83.3542
-75.4416
-68.3572
-62.0043
-56.3026
-51.1793
-46.5683
-42.4103
-38.6529
-35.2496
-32.1597
-29.3456
-26.7796
-24.4677
-22.3806
-147.337
-127.717
-114.098
-103.097
-93.1393
-84.2085
-76.2353
-69.0976
-62.6983
-56.9564
-51.7985
-47.1576
-42.974
-39.1945
-35.7726
-32.6671
-29.8407
-27.2656
-24.944
-22.8465
-148.519
-128.858
-115.177
-104.105
-94.0755
-85.0769
-77.0427
-69.8516
-63.406
-57.6244
-52.4323
-47.7621
-43.5532
-39.7522
-36.3118
-33.1908
-30.3517
-27.7664
-25.4335
-23.3233
-149.726
-130.021
-116.275
-105.129
-95.0257
-85.9582
-77.8626
-70.6177
-64.126
-58.3047
-53.0787
-48.3794
-44.1455
-40.323
-36.8642
-33.7273
-30.875
-28.2788
-25.9335
-23.8086
-150.955
-131.203
-117.389
-106.168
-95.9883
-86.8509
-78.6932
-71.3945
-64.8565
-58.9957
-53.7358
-49.0073
-44.7483
-40.904
-37.4262
-34.2728
-31.4063
-28.7977
-26.4383
-24.2974
-152.203
-132.402
-118.518
-107.218
-96.9615
-87.7533
-79.533
-72.1802
-65.5958
-59.6953
-54.4014
-49.6436
-45.3592
-41.4927
-37.9954
-34.8247
-31.9431
-29.3209
-26.9462
-24.7881
-153.47
-133.616
-119.658
-108.278
-97.9435
-88.6636
-80.3802
-72.973
-66.342
-60.4017
-55.0735
-50.2862
-45.976
-42.0868
-38.5693
-35.3806
-32.4829
-29.846
-27.4548
-25.2791
-154.751
-134.842
-120.809
-109.347
-98.9322
-89.5797
-81.2328
-73.7709
-67.0931
-61.1128
-55.7503
-50.9331
-46.5967
-42.6843
-39.1461
-35.9387
-33.024
-30.3715
-27.9631
-25.7694
-156.045
-136.078
-121.967
-110.421
-99.9255
-90.4998
-82.0889
-74.5721
-67.8475
-61.827
-56.4298
-51.5825
-47.2196
-43.2836
-39.7242
-36.4974
-33.5652
-30.8961
-28.4699
-26.2582
-157.35
-137.321
-123.131
-111.499
-100.921
-91.4218
-82.9467
-75.3748
-68.6032
-62.5425
-57.1106
-52.2329
-47.8432
-43.8832
-40.3021
-37.0555
-34.1052
-31.4191
-28.9745
-26.7448
-158.662
-138.569
-124.296
-112.578
-101.918
-92.3438
-83.8043
-76.1773
-69.3586
-63.2576
-57.7908
-52.8827
-48.4659
-44.4817
-40.8786
-37.612
-34.6431
-31.9395
-29.4763
-27.2287
-159.981
-139.818
-125.462
-113.656
-102.912
-93.2635
-84.6593
-76.9773
-70.1118
-63.9707
-58.4691
-53.5304
-49.0866
-45.0781
-41.4529
-38.1659
-35.1783
-32.4569
-29.9748
-27.7098
-161.308
-141.07
-126.625
-114.73
-103.902
-94.1779
-85.5094
-77.7727
-70.8607
-64.6797
-59.1436
-54.1746
-49.7038
-45.671
-42.0236
-38.7163
-35.71
-32.9707
-30.4698
-28.1881
-162.651
-142.326
-127.783
-115.796
-104.883
-95.085
-86.3525
-78.5616
-71.6036
-65.3832
-59.8129
-54.8138
-50.3163
-46.2593
-42.59
-39.2625
-36.2375
-33.4804
-30.961
-28.6636
-164.005
-143.581
-128.934
-116.853
-105.856
-95.9842
-87.1885
-79.3439
-72.3403
-66.0808
-60.4766
-55.4476
-50.9234
-46.8425
-43.1513
-39.8038
-36.7603
-33.9857
-31.4484
-29.1364
-165.325
-144.819
-130.075
-117.901
-106.821
-96.8768
-88.0184
-80.1206
-73.0717
-66.7733
-61.1352
-56.0764
-51.5256
-47.4206
-43.7076
-40.3401
-37.2783
-34.4861
-31.9312
-29.6059
-23.4787
-15.9224
-11.1231
-7.71717
-5.34831
-3.68621
-2.50684
-1.67953
-1.10801
-0.723195
-0.472917
-0.317648
-0.227819
-0.181773
-0.164041
-0.163833
-0.173812
-0.189089
-0.206507
-0.224066
-0.240573
-0.255272
-0.267768
-0.277658
-0.284761
-0.288556
-0.288917
-0.28509
-0.277132
-0.264257
-0.246912
-0.224954
-0.199021
-0.17081
-0.139616
-0.110305
-0.0785776
-0.0529353
-0.0253399
-0.00807964
-23.9406
-16.2898
-11.4081
-7.94042
-5.51861
-3.81808
-2.61006
-1.76085
-1.17278
-0.775273
-0.515139
-0.352083
-0.256006
-0.204882
-0.182984
-0.179337
-0.186467
-0.199381
-0.214838
-0.230771
-0.245928
-0.25951
-0.271081
-0.280206
-0.286672
-0.289938
-0.289854
-0.285663
-0.277398
-0.264293
-0.246768
-0.224715
-0.198736
-0.170559
-0.139451
-0.11025
-0.0786833
-0.053127
-0.0256194
-0.00842863
-24.397
-16.6601
-11.6999
-8.1708
-5.69438
-3.95371
-2.71581
-1.8437
-1.2383
-0.827565
-0.557216
-0.386161
-0.283726
-0.227486
-0.20143
-0.194381
-0.198711
-0.209316
-0.222866
-0.237222
-0.251076
-0.26358
-0.27426
-0.282648
-0.288501
-0.29126
-0.290747
-0.286206
-0.277648
-0.264325
-0.24663
-0.224491
-0.198472
-0.170333
-0.139313
-0.110221
-0.0788114
-0.053336
-0.0259139
-0.00877337
-24.8497
-17.0329
-11.9979
-8.40844
-5.87598
-4.09336
-2.82431
-1.92827
-1.30474
-0.880197
-0.599252
-0.419963
-0.311046
-0.24964
-0.219425
-0.208999
-0.210572
-0.218917
-0.230609
-0.243434
-0.256026
-0.26749
-0.27731
-0.284989
-0.290252
-0.292524
-0.291601
-0.286725
-0.277887
-0.264356
-0.246501
-0.224282
-0.198231
-0.170134
-0.139203
-0.110219
-0.0789612
-0.0535614
-0.026218
-0.00911057
-25.3
-17.4084
-12.3016
-8.65358
-6.0639
-4.23742
-2.93584
-2.01479
-1.37227
-0.933307
-0.641353
-0.453575
-0.338033
-0.271397
-0.23701
-0.223226
-0.222078
-0.228205
-0.238083
-0.249421
-0.26079
-0.271248
-0.280239
-0.287235
-0.291931
-0.293734
-0.292418
-0.287222
-0.278116
-0.264388
-0.246382
-0.224091
-0.198014
-0.16996
-0.13912
-0.110243
-0.079132
-0.0538023
-0.0265311
-0.00943962
-25.7496
-17.7872
-12.6109
-8.90669
-6.25889
-4.38639
-3.05073
-2.10352
-1.44109
-0.987042
-0.683635
-0.487086
-0.364758
-0.292813
-0.25423
-0.237098
-0.233256
-0.237203
-0.245307
-0.255196
-0.265379
-0.274863
-0.283053
-0.28939
-0.29354
-0.294894
-0.2932
-0.287698
-0.278337
-0.264422
-0.246275
-0.223918
-0.19782
-0.169814
-0.139066
-0.110293
-0.079323
-0.054058
-0.0268521
-0.00975984
-26.1999
-18.1708
-12.9265
-9.16836
-6.46162
-4.54075
-3.1693
-2.19471
-1.5114
-1.04157
-0.72622
-0.520591
-0.391293
-0.313946
-0.27113
-0.250649
-0.244134
-0.245932
-0.252298
-0.260773
-0.269802
-0.278343
-0.285759
-0.29146
-0.295085
-0.296007
-0.293952
-0.288157
-0.278553
-0.264461
-0.246181
-0.223765
-0.197651
-0.169694
-0.139039
-0.110368
-0.0795337
-0.0543275
-0.0271802
-0.0100706
-26.6531
-18.5616
-13.2486
-9.43813
-6.67204
-4.70063
-3.29171
-2.28856
-1.58341
-1.09704
-0.769235
-0.554189
-0.417717
-0.334854
-0.287755
-0.263915
-0.25474
-0.254414
-0.259072
-0.266165
-0.27407
-0.281696
-0.288362
-0.29345
-0.296569
-0.297076
-0.294675
-0.288602
-0.278765
-0.264507
-0.246101
-0.223632
-0.197508
-0.169602
-0.139039
-0.110467
-0.0797631
-0.05461
-0.0275146
-0.0103713
-27.112
-18.9606
-13.5748
-9.71335
-6.8889
-4.86567
-3.41793
-2.38518
-1.65726
-1.1536
-0.812801
-0.587975
-0.444103
-0.355597
-0.304152
-0.276932
-0.265102
-0.262671
-0.265645
-0.271385
-0.278195
-0.28493
-0.29087
-0.295365
-0.297997
-0.298106
-0.295374
-0.289034
-0.278977
-0.264561
-0.246038
-0.223521
-0.19739
-0.169536
-0.139067
-0.110589
-0.0800105
-0.0549046
-0.0278544
-0.0106615
-27.5774
-19.3647
-13.9002
-9.99095
-7.11147
-5.03603
-3.54816
-2.48473
-1.7331
-1.2114
-0.857033
-0.622044
-0.470527
-0.376232
-0.320366
-0.289735
-0.275247
-0.270723
-0.272036
-0.276446
-0.282184
-0.288052
-0.293288
-0.29721
-0.299373
-0.299099
-0.29605
-0.289456
-0.279189
-0.264624
-0.245991
-0.223432
-0.197299
-0.169498
-0.13912
-0.110734
-0.0802751
-0.0552103
-0.028199
-0.0109407
-28.0454
-19.7709
-14.2259
-10.2747
-7.34378
-5.21452
-3.68393
-2.588
-1.81138
-1.27068
-0.902094
-0.656507
-0.497069
-0.396821
-0.336443
-0.30236
-0.285202
-0.278593
-0.27826
-0.281361
-0.286049
-0.291072
-0.295623
-0.29899
-0.300699
-0.300059
-0.296706
-0.28987
-0.279405
-0.264699
-0.245963
-0.223366
-0.197234
-0.169486
-0.1392
-0.110901
-0.080556
-0.0555263
-0.0285474
-0.0112085
-28.5127
-20.1918
-14.5713
-10.5799
-7.59568
-5.40683
-3.82829
-2.69665
-1.89303
-1.33198
-0.948295
-0.691553
-0.52385
-0.417443
-0.35244
-0.314847
-0.294998
-0.286302
-0.284334
-0.286142
-0.2898
-0.293996
-0.29788
-0.300709
-0.301982
-0.300988
-0.297345
-0.290279
-0.279625
-0.264786
-0.245955
-0.223324
-0.197196
-0.169501
-0.139305
-0.111089
-0.0808523
-0.0558517
-0.0288992
-0.0114646
-28.9944
-20.6621
-14.9614
-10.917
-7.87057
-5.61466
-3.98253
-2.81167
-1.97879
-1.39584
-0.995998
-0.72742
-0.551029
-0.438207
-0.368429
-0.327248
-0.304671
-0.293877
-0.290279
-0.290806
-0.293448
-0.296833
-0.300067
-0.302373
-0.303223
-0.301891
-0.297969
-0.290684
-0.279851
-0.264887
-0.245967
-0.223305
-0.197185
-0.169541
-0.139434
-0.111297
-0.0811633
-0.0561856
-0.0292535
-0.0117087
-29.5207
-21.1875
-15.3694
-11.2517
-8.14328
-5.82374
-4.13939
-2.92954
-2.0671
-1.46163
-1.04499
-0.764068
-0.578627
-0.459151
-0.384451
-0.339596
-0.314248
-0.301341
-0.296111
-0.295364
-0.297003
-0.299592
-0.302189
-0.303987
-0.304427
-0.302769
-0.298581
-0.291088
-0.280085
-0.265004
-0.246
-0.223311
-0.1972
-0.169608
-0.139588
-0.111525
-0.081488
-0.0565272
-0.0296098
-0.0119405
-30.0606
-21.6605
-15.6844
-11.5045
-8.36617
-6.0075
-4.28384
-3.04164
-2.1531
-1.52671
-1.09386
-0.800751
-0.606248
-0.480062
-0.40039
-0.35183
-0.323697
-0.308674
-0.301819
-0.299812
-0.300462
-0.30227
-0.304246
-0.30555
-0.305595
-0.303622
-0.299181
-0.29149
-0.280327
-0.265136
-0.246054
-0.223341
-0.197242
-0.1697
-0.139764
-0.11177
-0.0818255
-0.0568755
-0.0299674
-0.0121599
-30.472
-21.9596
-15.8623
-11.6736
-8.54808
-6.17224
-4.41818
-3.14813
-2.23624
-1.59041
-1.14205
-0.837035
-0.633588
-0.500736
-0.416108
-0.363856
-0.332954
-0.315835
-0.307377
-0.30413
-0.303812
-0.304858
-0.30623
-0.307056
-0.30672
-0.304448
-0.299765
-0.291887
-0.280572
-0.265279
-0.246126
-0.223393
-0.197307
-0.169814
-0.139962
-0.112032
-0.0821746
-0.0572296
-0.0303257
-0.0123665
-30.7788
-22.3435
-16.2004
-11.9931
-8.84374
-6.41243
-4.59873
-3.28209
-2.3356
-1.66359
-1.19571
-0.876468
-0.662721
-0.522413
-0.43237
-0.376158
-0.342333
-0.323032
-0.312926
-0.308418
-0.307124
-0.307408
-0.308181
-0.308536
-0.307828
-0.305264
-0.300348
-0.292292
-0.280834
-0.265444
-0.246223
-0.223471
-0.197399
-0.169953
-0.14018
-0.112311
-0.0825345
-0.0575887
-0.0306841
-0.0125606
-31.5681
-23.4606
-17.1641
-12.7544
-9.43105
-6.84248
-4.90105
-3.49246
-2.48218
-1.76578
-1.26717
-0.926861
-0.698668
-0.548379
-0.451365
-0.390224
-0.352862
-0.330986
-0.318977
-0.313042
-0.310664
-0.310117
-0.310249
-0.310109
-0.309016
-0.306156
-0.301007
-0.292772
-0.28117
-0.265679
-0.246385
-0.223605
-0.197539
-0.17013
-0.140429
-0.112611
-0.0829088
-0.0579554
-0.0310437
-0.0127435
-33.0308
-25.0592
-18.4031
-13.6402
-10.0837
-7.32361
-5.24323
-3.7305
-2.64738
-1.88048
-1.34691
-0.982656
-0.738139
-0.576658
-0.471891
-0.405309
-0.364075
-0.3394
-0.325337
-0.317875
-0.314347
-0.312927
-0.312392
-0.311743
-0.31026
-0.307105
-0.301726
-0.293317
-0.281574
-0.265983
-0.246615
-0.223803
-0.197735
-0.170355
-0.140716
-0.11294
-0.0833025
-0.058332
-0.0314062
-0.0129151
-32.7252
-24.9031
-18.2361
-13.4736
-10.0091
-7.32655
-5.27305
-3.76415
-2.67971
-1.90895
-1.37015
-1.00085
-0.752134
-0.587347
-0.480051
-0.411562
-0.368893
-0.343133
-0.32824
-0.320132
-0.316089
-0.314251
-0.313369
-0.312433
-0.310712
-0.307367
-0.301838
-0.293326
-0.281515
-0.265904
-0.246547
-0.223787
-0.197799
-0.170501
-0.140968
-0.113243
-0.0836827
-0.0586927
-0.0317602
-0.0130621
-29.4325
-22.7781
-16.5957
-12.2498
-9.20131
-6.82646
-4.957
-3.55946
-2.548
-1.82384
-1.31345
-0.961665
-0.724131
-0.566738
-0.464552
-0.399761
-0.359861
-0.336218
-0.322948
-0.316071
-0.31293
-0.311718
-0.311228
-0.31051
-0.308879
-0.305569
-0.300056
-0.291604
-0.279904
-0.264494
-0.245412
-0.222986
-0.19737
-0.170376
-0.14115
-0.113552
-0.084158
-0.0591503
-0.032231
-0.0132156
-25.9832
-20.5684
-15.0765
-11.1667
-8.48734
-6.40073
-4.7124
-3.42082
-2.47639
-1.79469
-1.30856
-0.969275
-0.737373
-0.58166
-0.479019
-0.412768
-0.371046
-0.345557
-0.330576
-0.322186
-0.317738
-0.315411
-0.313969
-0.312442
-0.310115
-0.306221
-0.300209
-0.291365
-0.27936
-0.263764
-0.244606
-0.222221
-0.196764
-0.16997
-0.141041
-0.113647
-0.0845182
-0.0595742
-0.0327414
-0.0133842
-22.9446
-18.6135
-13.8188
-10.2687
-7.85725
-6.0042
-4.47912
-3.28428
-2.40015
-1.75858
-1.29737
-0.972154
-0.7476
-0.595117
-0.493206
-0.426278
-0.383177
-0.35603
-0.339358
-0.329374
-0.323488
-0.319902
-0.31737
-0.314911
-0.311784
-0.307211
-0.300617
-0.291298
-0.278913
-0.263057
-0.243758
-0.22136
-0.196029
-0.169429
-0.140807
-0.113647
-0.0848131
-0.0599586
-0.0332313
-0.0135174
-20.0327
-16.6461
-12.5945
-9.44289
-7.27006
-5.61758
-4.24729
-3.14971
-2.32474
-1.72198
-1.28525
-0.973836
-0.756346
-0.606953
-0.505788
-0.438306
-0.394005
-0.3654
-0.347226
-0.335815
-0.32863
-0.323892
-0.32035
-0.317016
-0.313125
-0.307901
-0.300749
-0.29098
-0.278242
-0.262162
-0.242765
-0.220401
-0.195243
-0.16887
-0.140586
-0.113664
-0.0851367
-0.0603539
-0.0337346
-0.0136052
-17.3424
-14.733
-11.386
-8.63126
-6.67986
-5.20916
-3.99147
-2.99801
-2.23741
-1.67645
-1.2669
-0.971522
-0.762559
-0.617159
-0.517297
-0.449592
-0.40429
-0.37435
-0.354758
-0.341978
-0.333535
-0.327673
-0.32314
-0.318942
-0.314295
-0.308424
-0.300717
-0.290507
-0.277432
-0.261149
-0.241683
-0.219381
-0.194431
-0.168306
-0.140382
-0.113697
-0.0854862
-0.0607522
-0.0342474
-0.0136397
-14.8718
-12.8707
-10.1614
-7.8202
-6.102
-4.80093
-3.72595
-2.83696
-2.14324
-1.62525
-1.24387
-0.965741
-0.76631
-0.625642
-0.527631
-0.460095
-0.414057
-0.382956
-0.362057
-0.347976
-0.338314
-0.331351
-0.325836
-0.320776
-0.315372
-0.308851
-0.300589
-0.289937
-0.27653
-0.260054
-0.240535
-0.218313
-0.193591
-0.167727
-0.140179
-0.11373
-0.0858465
-0.0611388
-0.0347599
-0.0136136
-12.6525
-11.1278
-8.97198
-7.02042
-5.52949
-4.38722
-3.44709
-2.66329
-2.04028
-1.56766
-1.2159
-0.956317
-0.767482
-0.632289
-0.53666
-0.469674
-0.423169
-0.391093
-0.369014
-0.353719
-0.342897
-0.334869
-0.328396
-0.322487
-0.316334
-0.309167
-0.300353
-0.289265
-0.275535
-0.258877
-0.239322
-0.217197
-0.192721
-0.167131
-0.139973
-0.113755
-0.0862102
-0.0615038
-0.0352646
-0.0135207
-10.6924
-9.52613
-7.82644
-6.23132
-4.96883
-3.98316
-3.16916
-2.48536
-1.9326
-1.50588
-1.18409
-0.943667
-0.766167
-0.637071
-0.544298
-0.478227
-0.431521
-0.398663
-0.375541
-0.359129
-0.347215
-0.33817
-0.330771
-0.324036
-0.31715
-0.309348
-0.299994
-0.28848
-0.274442
-0.257618
-0.238046
-0.216037
-0.191826
-0.166519
-0.139763
-0.11377
-0.0865717
-0.0618387
-0.0357546
-0.0133561
-8.97916
-8.08473
-6.75874
-5.47886
-4.43089
-3.59233
-2.89434
-2.30457
-1.82096
-1.44063
-1.14912
-0.928179
-0.762515
-0.640011
-0.550508
-0.485683
-0.439037
-0.40559
-0.381569
-0.364145
-0.351216
-0.34121
-0.332928
-0.325397
-0.3178
-0.309382
-0.299504
-0.287581
-0.273253
-0.256283
-0.236715
-0.214841
-0.190911
-0.165896
-0.139548
-0.113772
-0.0869239
-0.0621347
-0.0362221
-0.0131176
-7.50101
-6.81384
-5.78718
-4.77488
-3.92191
-3.2223
-2.63224
-2.12895
-1.71013
-1.37438
-1.11233
-0.910556
-0.756836
-0.641221
-0.5553
-0.492005
-0.445657
-0.411813
-0.387041
-0.368717
-0.354858
-0.343956
-0.334838
-0.326549
-0.318272
-0.309262
-0.298883
-0.286572
-0.271976
-0.254882
-0.235339
-0.213617
-0.18998
-0.165264
-0.139325
-0.113756
-0.0872581
-0.0623837
-0.0366588
-0.0128065
-6.24518
-5.7163
-4.92737
-4.13802
-3.45612
-2.88172
-2.38816
-1.96194
-1.6022
-1.30843
-1.07466
-0.891456
-0.749505
-0.640879
-0.558742
-0.497196
-0.451352
-0.417289
-0.39191
-0.372802
-0.358105
-0.346377
-0.336481
-0.327478
-0.318557
-0.308986
-0.298134
-0.285461
-0.270623
-0.253428
-0.23393
-0.212376
-0.189041
-0.164625
-0.139091
-0.113718
-0.0875653
-0.0625793
-0.0370563
-0.0124283
-5.19967
-4.79175
-4.18959
-3.58065
-3.04216
-2.57608
-2.16708
-1.80851
-1.50114
-1.24534
-1.03763
-0.871778
-0.741027
-0.639244
-0.560952
-0.501297
-0.456121
-0.421995
-0.396148
-0.376371
-0.36093
-0.348453
-0.337841
-0.328174
-0.318653
-0.308558
-0.297268
-0.284263
-0.269211
-0.251939
-0.232505
-0.211133
-0.188102
-0.163985
-0.138843
-0.113656
-0.0878367
-0.062718
-0.0374068
-0.0119939
-4.35197
-4.03517
-3.57703
-3.10985
-2.68705
-2.31084
-1.97308
-1.67176
-1.40917
-1.18656
-1.00222
-0.852217
-0.731883
-0.636611
-0.562097
-0.504391
-0.459996
-0.425937
-0.399744
-0.37941
-0.363319
-0.350174
-0.338914
-0.328641
-0.318569
-0.307992
-0.2963
-0.282997
-0.267761
-0.250436
-0.231083
-0.209902
-0.187171
-0.163348
-0.138582
-0.113569
-0.0880641
-0.0627995
-0.0377032
-0.0115197
-3.68546
-3.43555
-3.08569
-2.72626
-2.39292
-2.08793
-1.80784
-1.55355
-1.32822
-1.13374
-0.969613
-0.833605
-0.722625
-0.633329
-0.562383
-0.506595
-0.463039
-0.429141
-0.40271
-0.381921
-0.365274
-0.351543
-0.339706
-0.328889
-0.31832
-0.307308
-0.295258
-0.281692
-0.266302
-0.248948
-0.229687
-0.208702
-0.186261
-0.162723
-0.138307
-0.113458
-0.0882414
-0.0628277
-0.03794
-0.0110275
-3.17797
-2.97575
-2.70482
-2.42435
-2.15747
-1.90667
-1.67157
-1.45459
-1.25925
-1.0878
-0.940592
-0.816541
-0.71371
-0.629727
-0.562032
-0.508052
-0.465337
-0.431661
-0.405078
-0.383925
-0.366813
-0.352577
-0.340238
-0.328942
-0.317935
-0.30654
-0.294176
-0.280384
-0.26487
-0.247506
-0.228347
-0.207555
-0.185388
-0.162121
-0.138022
-0.113327
-0.0883654
-0.0628107
-0.0381139
-0.0105437
-2.8034
-2.63436
-2.41911
-2.19444
-1.97514
-1.7641
-1.56283
-1.37446
-1.20249
-1.04929
-0.915756
-0.801561
-0.705573
-0.626131
-0.561276
-0.508919
-0.466996
-0.433569
-0.406897
-0.385462
-0.367967
-0.353309
-0.340542
-0.328838
-0.317454
-0.30573
-0.293099
-0.279119
-0.263509
-0.246151
-0.227096
-0.20649
-0.184573
-0.161555
-0.137734
-0.113183
-0.088437
-0.0627603
-0.0382248
-0.010097
-2.53538
-2.389
-2.21178
-2.0252
-1.83882
-1.65597
-1.47926
-1.31205
-1.15763
-1.01836
-0.89544
-0.789038
-0.698552
-0.622824
-0.560332
-0.509358
-0.468133
-0.434948
-0.408231
-0.386582
-0.368783
-0.353783
-0.340666
-0.328624
-0.316929
-0.304933
-0.292084
-0.277954
-0.262273
-0.244931
-0.225976
-0.205538
-0.183841
-0.161043
-0.137458
-0.113036
-0.0884621
-0.0626912
-0.0382775
-0.00971578
-2.3512
-2.21993
-2.06769
-1.90609
-1.74161
-1.57793
-1.41827
-1.26597
-1.1241
-0.994929
-0.879818
-0.779236
-0.692921
-0.620047
-0.559398
-0.509521
-0.468863
-0.435889
-0.409153
-0.387348
-0.369319
-0.354055
-0.340667
-0.328361
-0.316423
-0.304216
-0.291198
-0.276955
-0.261224
-0.243904
-0.225036
-0.204742
-0.183223
-0.16061
-0.137209
-0.112901
-0.0884519
-0.0626208
-0.0382801
-0.00942751
-2.2341
-2.11235
-1.9754
-1.82907
-1.67813
-1.52652
-1.37775
-1.2351
-1.10142
-0.978918
-0.869025
-0.772376
-0.68891
-0.618007
-0.558644
-0.50954
-0.46929
-0.436472
-0.409731
-0.387821
-0.369634
-0.354186
-0.340608
-0.328118
-0.316009
-0.303654
-0.290518
-0.276197
-0.260436
-0.243137
-0.224336
-0.204149
-0.182761
-0.160285
-0.137013
-0.112796
-0.0884192
-0.062573
-0.0382304
-0.00926321
-2.17542
-2.05833
-1.92889
-1.79005
-1.64579
-1.50018
-1.35689
-1.21912
-1.08961
-0.970538
-0.863342
-0.768738
-0.686763
-0.616897
-0.558216
-0.509524
-0.469492
-0.436759
-0.410015
-0.388051
-0.369779
-0.354233
-0.340553
-0.327964
-0.315764
-0.303329
-0.290131
-0.27577
-0.259994
-0.242707
-0.223946
-0.203819
-0.182502
-0.160105
-0.136896
-0.112745
-0.0883767
-0.0625783
-0.0381187
-0.00924339
-33.4794
-33.4174
-33.3445
-33.2613
-33.1671
-33.0607
-32.9414
-32.8089
-32.6624
-32.5017
-32.3252
-32.1335
-31.9221
-31.6939
-31.4359
-31.1587
-30.8217
-30.4826
-30.0783
-30.1706
-28.7627
-28.6782
-28.5871
-28.4905
-28.3876
-28.2774
-28.1594
-28.0338
-27.9
-27.758
-27.6064
-27.4457
-27.2713
-27.0858
-26.8768
-26.6604
-26.4119
-26.2212
-26.0628
-26.3579
-24.6406
-24.548
-24.4534
-24.3577
-24.2604
-24.1609
-24.0592
-23.9555
-23.8498
-23.7421
-23.6318
-23.5197
-23.4036
-23.2878
-23.1676
-23.0592
-22.9458
-22.8779
-22.8133
-23.0373
-21.0291
-20.9414
-20.8542
-20.7681
-20.6829
-20.5985
-20.5148
-20.4321
-20.3506
-20.2706
-20.192
-20.1156
-20.0407
-19.9696
-19.8975
-19.83
-19.751
-19.6936
-19.6492
-19.8523
-17.8939
-17.8158
-17.7392
-17.6645
-17.5917
-17.5209
-17.452
-17.3855
-17.3214
-17.2601
-17.2015
-17.146
-17.0925
-17.0418
-16.991
-16.9453
-16.9003
-16.8829
-16.8926
-17.0829
-15.1881
-15.1207
-15.0552
-14.9919
-14.9307
-14.8718
-14.8154
-14.7616
-14.7108
-14.663
-14.6185
-14.5775
-14.54
-14.5072
-14.4787
-14.4583
-14.4426
-14.4452
-14.4653
-14.6123
-12.8606
-12.8042
-12.7495
-12.6969
-12.6463
-12.5979
-12.5519
-12.5086
-12.4681
-12.4308
-12.397
-12.3669
-12.3408
-12.3193
-12.3019
-12.2897
-12.2809
-12.2845
-12.3036
-12.4153
-10.863
-10.8169
-10.7723
-10.7292
-10.6878
-10.6483
-10.6109
-10.5756
-10.5429
-10.5129
-10.4858
-10.4618
-10.4411
-10.4239
-10.4103
-10.4012
-10.3965
-10.4015
-10.4191
-10.4996
-9.1529
-9.11605
-9.08018
-9.04539
-9.01179
-8.9795
-8.9487
-8.91958
-8.89232
-8.8671
-8.84414
-8.82365
-8.80585
-8.79104
-8.7794
-8.77148
-8.76715
-8.76926
-8.78022
-8.83281
-7.6982
-7.66931
-7.64087
-7.61296
-7.58567
-7.55912
-7.53345
-7.50883
-7.48543
-7.4634
-7.44296
-7.42428
-7.40754
-7.39296
-7.38067
-7.37101
-7.36406
-7.3614
-7.36512
-7.39527
-6.47625
-6.45396
-6.43159
-6.40919
-6.38685
-6.36468
-6.34279
-6.32133
-6.30044
-6.28026
-6.26096
-6.24269
-6.22561
-6.20991
-6.19574
-6.18333
-6.17286
-6.16508
-6.16161
-6.17362
-5.46972
-5.45263
-5.43497
-5.41679
-5.39816
-5.37917
-5.35993
-5.34055
-5.32117
-5.30188
-5.28285
-5.26421
-5.2461
-5.22866
-5.21205
-5.19643
-5.18195
-5.16897
-5.15866
-5.15659
-4.66106
-4.64785
-4.63366
-4.61856
-4.60259
-4.58584
-4.56839
-4.55035
-4.53181
-4.51288
-4.49369
-4.47434
-4.45496
-4.43567
-4.41661
-4.39788
-4.37965
-4.36208
-4.3459
-4.33362
-4.02851
-4.01805
-4.00633
-3.9934
-3.97931
-3.96412
-3.94791
-3.93077
-3.91277
-3.89402
-3.8746
-3.85462
-3.83419
-3.8134
-3.79236
-3.77119
-3.74999
-3.72887
-3.70819
-3.68917
-3.54596
-3.53739
-3.52739
-3.51599
-3.50325
-3.48921
-3.47394
-3.45751
-3.44
-3.42147
-3.40203
-3.38174
-3.36071
-3.33902
-3.31675
-3.29402
-3.27089
-3.24748
-3.22386
-3.20093
-3.18609
-3.17881
-3.17001
-3.15973
-3.148
-3.13487
-3.12039
-3.10463
-3.08765
-3.06952
-3.05031
-3.03009
-3.00895
-2.98696
-2.9642
-2.94076
-2.91671
-2.89213
-2.86701
-2.84215
-2.924
-2.9176
-2.90966
-2.9002
-2.88926
-2.87688
-2.86311
-2.848
-2.8316
-2.81398
-2.7952
-2.77532
-2.75443
-2.73258
-2.70986
-2.68633
-2.66207
-2.63714
-2.61153
-2.58589
-2.74017
-2.73438
-2.72705
-2.71822
-2.70791
-2.69615
-2.68299
-2.66848
-2.65265
-2.63558
-2.6173
-2.5979
-2.57741
-2.55592
-2.53348
-2.51017
-2.48605
-2.46118
-2.43557
-2.40965
-2.62091
-2.61551
-2.60861
-2.60021
-2.59036
-2.57907
-2.5664
-2.55236
-2.53702
-2.52041
-2.50259
-2.48361
-2.46352
-2.4424
-2.42028
-2.39725
-2.37335
-2.34864
-2.32318
-2.29715
-2.56075
-2.5556
-2.54897
-2.54089
-2.53137
-2.52043
-2.50812
-2.49446
-2.47948
-2.46323
-2.44575
-2.42708
-2.40727
-2.38636
-2.36441
-2.34147
-2.3176
-2.29284
-2.26726
-2.24091
-33.1162
-33.4095
-32.5945
-32.7733
-33.0407
-33.0664
-33.0768
-33.1445
-33.2172
-33.2765
-33.3337
-33.3924
-33.4478
-33.495
-33.5323
-33.5584
-33.5723
-33.5724
-33.5577
-33.527
-30.3438
-30.4845
-28.9611
-28.68
-28.9758
-29.0173
-28.9138
-28.8864
-28.9204
-28.9509
-28.9686
-28.9849
-29.0009
-29.0109
-29.011
-29.0002
-28.9781
-28.944
-28.8971
-28.8368
-27.031
-27.0207
-25.2806
-24.7656
-25.0993
-25.2734
-25.1837
-25.1038
-25.1094
-25.1316
-25.1307
-25.1143
-25.0936
-25.0683
-25.0347
-24.9915
-24.9388
-24.8773
-24.8069
-24.7278
-23.5734
-23.5804
-21.905
-21.2995
-21.6177
-21.8864
-21.8456
-21.7315
-21.6908
-21.6897
-21.6727
-21.6325
-21.5832
-21.5317
-21.4763
-21.4151
-21.3476
-21.2748
-21.1972
-21.1151
-20.3324
-20.4211
-18.9684
-18.338
-18.572
-18.8531
-18.8507
-18.7233
-18.639
-18.6067
-18.5755
-18.5243
-18.4615
-18.3969
-18.3324
-18.2658
-18.1962
-18.1236
-18.0487
-17.972
-17.4275
-17.5586
-16.3791
-15.7793
-15.9034
-16.135
-16.1514
-16.0334
-15.9287
-15.8729
-15.8319
-15.7799
-15.7168
-15.6513
-15.5869
-15.5229
-15.4578
-15.3915
-15.3241
-15.2562
-14.837
-14.9586
-14.0372
-13.5152
-13.5526
-13.7141
-13.7329
-13.6378
-13.5371
-13.4727
-13.4277
-13.3797
-13.3236
-13.2643
-13.2059
-13.1486
-13.0914
-13.0338
-12.9759
-12.918
-12.5158
-12.6063
-11.9069
-11.4872
-11.4784
-11.5796
-11.5929
-11.5227
-11.4401
-11.3802
-11.337
-11.2951
-11.2484
-11.1989
-11.1496
-11.1011
-11.0532
-11.0054
-10.9576
-10.91
-10.4463
-10.5099
-9.99715
-9.68212
-9.65799
-9.7182
-9.72533
-9.67627
-9.61522
-9.56702
-9.53028
-9.49584
-9.45902
-9.42021
-9.38112
-9.34252
-9.30431
-9.26624
-9.22823
-9.19041
-8.63356
-8.68307
-8.32502
-8.10304
-8.07942
-8.11495
-8.11841
-8.08606
-8.04475
-8.01021
-7.98253
-7.9566
-7.92947
-7.90102
-7.87211
-7.84324
-7.8144
-7.78548
-7.75644
-7.72731
-7.08618
-7.13111
-6.89705
-6.75121
-6.73422
-6.75611
-6.75904
-6.74018
-6.71536
-6.69387
-6.67595
-6.65884
-6.6409
-6.62195
-6.60236
-6.58238
-6.56202
-6.54123
-6.51998
-6.49831
-5.80635
-5.8502
-5.71057
-5.62363
-5.61535
-5.63094
-5.63578
-5.62801
-5.61645
-5.60618
-5.59733
-5.58846
-5.5787
-5.56793
-5.55628
-5.54385
-5.53064
-5.51662
-5.50178
-5.48614
-4.78728
-4.83
-4.75732
-4.71319
-4.71368
-4.72758
-4.73557
-4.73651
-4.73498
-4.73351
-4.73211
-4.73006
-4.72693
-4.72263
-4.71721
-4.71068
-4.70303
-4.69424
-4.6843
-4.67324
-4.00871
-4.04905
-4.01966
-4.00403
-4.0118
-4.02634
-4.03751
-4.0447
-4.05009
-4.05482
-4.05885
-4.06182
-4.06352
-4.06389
-4.06293
-4.06062
-4.05695
-4.0519
-4.04547
-4.03767
-3.43562
-3.47233
-3.46819
-3.46973
-3.48263
-3.49845
-3.51213
-3.52334
-3.53305
-3.54171
-3.54928
-3.55555
-3.56043
-3.56386
-3.56583
-3.56631
-3.56528
-3.56273
-3.55865
-3.55306
-3.02565
-3.05817
-3.06743
-3.07845
-3.09446
-3.11134
-3.12662
-3.14012
-3.15225
-3.16315
-3.17276
-3.18098
-3.18774
-3.193
-3.19673
-3.19891
-3.19952
-3.19854
-3.19597
-3.19182
-2.73929
-2.76789
-2.78373
-2.79956
-2.81717
-2.8346
-2.85067
-2.86528
-2.87856
-2.89055
-2.90118
-2.9104
-2.91814
-2.92437
-2.92907
-2.9322
-2.93375
-2.9337
-2.93206
-2.92882
-2.5458
-2.57134
-2.59013
-2.60819
-2.62642
-2.64397
-2.66028
-2.67528
-2.68898
-2.70137
-2.7124
-2.72202
-2.73018
-2.73685
-2.74201
-2.74562
-2.74768
-2.74816
-2.74707
-2.7444
-2.42441
-2.44789
-2.46785
-2.48677
-2.5051
-2.52251
-2.53875
-2.55374
-2.56747
-2.5799
-2.59098
-2.60067
-2.60893
-2.61573
-2.62105
-2.62486
-2.62715
-2.6279
-2.62711
-2.62478
-2.36428
-2.38691
-2.40737
-2.42662
-2.44496
-2.46228
-2.47843
-2.49334
-2.50699
-2.51933
-2.53032
-2.53994
-2.54814
-2.55491
-2.56022
-2.56405
-2.56639
-2.56724
-2.56658
-2.56441
0.731909
0.720638
0.692831
0.644472
0.570774
0.464315
0.314502
0.106859
-0.177554
-0.562591
-1.07709
-1.75588
-2.6417
-3.79177
-5.2945
-7.2729
-9.96982
-13.6111
-18.7956
-26.7255
0.631272
0.619394
0.591149
0.541977
0.467219
0.359635
0.208836
0.000615349
-0.283708
-0.667813
-1.18056
-1.85684
-2.73955
-3.88425
-5.37549
-7.32644
-9.94169
-13.4838
-18.1666
-25.2886
0.527266
0.515638
0.488051
0.439823
0.366629
0.261725
0.115345
-0.0859043
-0.35972
-0.728641
-1.2202
-1.86733
-2.70995
-3.79662
-5.19916
-7.01186
-9.36455
-12.5674
-16.4093
-22.4187
0.419961
0.408426
0.381249
0.333854
0.262288
0.160431
0.0193622
-0.173155
-0.433332
-0.781909
-1.24427
-1.85042
-2.63591
-3.64175
-4.92016
-6.55792
-8.57207
-11.3572
-14.441
-19.3447
0.309897
0.298388
0.271513
0.224862
0.154812
0.0558566
-0.0800553
-0.263932
-0.510333
-0.837928
-1.26957
-1.83219
-2.55608
-3.4784
-4.6247
-6.0975
-7.7941
-10.1711
-12.7533
-16.641
0.197719
0.186313
0.159879
0.114214
0.0460037
-0.0496604
-0.179972
-0.354723
-0.586787
-0.892719
-1.29253
-1.81062
-2.47032
-3.31129
-4.32605
-5.64744
-7.09437
-9.08277
-11.3396
-14.3888
0.0841609
0.0729562
0.0471577
0.00281444
-0.0630696
-0.154797
-0.27868
-0.44329
-0.659752
-0.942543
-1.30838
-1.78012
-2.37178
-3.13096
-4.01874
-5.18557
-6.44941
-8.07068
-10.0413
-12.4561
-0.029931
-0.0408434
-0.0658224
-0.108531
-0.171636
-0.25883
-0.375522
-0.529057
-0.728735
-0.987082
-1.31692
-1.74062
-2.26174
-2.9348
-3.70622
-4.7044
-5.82062
-7.11706
-8.78051
-10.7116
-0.143596
-0.15413
-0.178113
-0.218901
-0.27883
-0.361003
-0.469934
-0.61179
-0.79402
-1.02738
-1.32064
-1.69533
-2.148
-2.72884
-3.3977
-4.22009
-5.19093
-6.22387
-7.57282
-9.10614
-0.255763
-0.265837
-0.288658
-0.327265
-0.383675
-0.460439
-0.561222
-0.691093
-0.855792
-1.06427
-1.32231
-1.64776
-2.03836
-2.52417
-3.10015
-3.75836
-4.57337
-5.40069
-6.46004
-7.64982
-0.365267
-0.374807
-0.39632
-0.432527
-0.485144
-0.556217
-0.648654
-0.766488
-0.914113
-1.0983
-1.32389
-1.60143
-1.93697
-2.33308
-2.81967
-3.34084
-3.99877
-4.6597
-5.47345
-6.37106
-0.470863
-0.479809
-0.499897
-0.533541
-0.582181
-0.647417
-0.731513
-0.837523
-0.96895
-1.13006
-1.32632
-1.5599
-1.84549
-2.16533
-2.56556
-2.97973
-3.49554
-4.01552
-4.63144
-5.29256
-0.571244
-0.579551
-0.598138
-0.629128
-0.673719
-0.733122
-0.809086
-0.903786
-1.02013
-1.16017
-1.3299
-1.52589
-1.76568
-2.0257
-2.34775
-2.67906
-3.07765
-3.47978
-3.94178
-4.42166
-0.665054
-0.672703
-0.689761
-0.718086
-0.758671
-0.812411
-0.880639
-0.964842
-1.06738
-1.18896
-1.3349
-1.50039
-1.6997
-1.9141
-2.17114
-2.4374
-2.74523
-3.05436
-3.40046
-3.74856
-0.750899
-0.757893
-0.773447
-0.799188
-0.835935
-0.884346
-0.945412
-1.02016
-1.11036
-1.21625
-1.34156
-1.48275
-1.64845
-1.82755
-2.0341
-2.2497
-2.49009
-2.7303
-2.99211
-3.24861
-0.827327
-0.833698
-0.847834
-0.871163
-0.904368
-0.947939
-1.0026
-1.0691
-1.14864
-1.24147
-1.3497
-1.47148
-1.61084
-1.7623
-1.93139
-2.10862
-2.3004
-2.49172
-2.69419
-2.88889
-0.892799
-0.898605
-0.911469
-0.932653
-0.962742
-1.00211
-1.05128
-1.11084
-1.18159
-1.2638
-1.35852
-1.465
-1.58459
-1.71478
-1.85691
-2.00605
-2.16375
-2.32114
-2.48291
-2.63663
-0.945597
-0.950928
-0.962727
-0.982132
-1.00966
-1.0456
-1.09036
-1.14442
-1.2083
-1.28232
-1.36692
-1.46182
-1.56722
-1.6818
-1.80522
-1.93458
-2.06917
-2.20356
-2.33832
-2.46548
-0.98369
-0.988667
-0.999675
-1.01777
-1.04341
-1.07687
-1.11846
-1.16859
-1.22766
-1.29594
-1.37365
-1.46063
-1.55664
-1.66079
-1.77215
-1.88865
-2.00867
-2.12848
-2.24657
-2.3576
-1.00449
-1.00927
-1.01984
-1.03719
-1.0618
-1.09388
-1.13375
-1.18174
-1.23822
-1.30343
-1.3775
-1.46029
-1.55144
-1.65017
-1.75539
-1.86531
-1.97801
-2.09047
-2.20036
-2.30362
2.02159
2.01724
2.00582
1.98384
1.94743
1.89021
1.80376
1.67732
1.49769
1.24918
0.913241
0.46734
-0.118137
-0.888834
-1.91884
-3.3393
-5.31736
-8.20698
-12.3225
-18.5667
1.95107
1.94626
1.93362
1.90998
1.87137
1.81139
1.72158
1.59102
1.40633
1.15152
0.80769
0.351877
-0.245774
-1.03111
-2.07717
-3.51625
-5.51448
-8.42681
-12.586
-18.8929
1.88113
1.87588
1.86205
1.83678
1.796
1.73332
1.64017
1.50553
1.31581
1.05469
0.702913
0.237086
-0.372915
-1.17323
-2.23596
-3.69437
-5.71423
-8.65083
-12.8544
-19.2231
1.81181
1.80613
1.79115
1.76429
1.7214
1.65605
1.55962
1.42094
1.22618
0.958745
0.598988
0.123046
-0.499479
-1.3151
-2.39509
-3.87352
-5.91639
-8.87892
-13.1281
-19.5581
1.74315
1.73707
1.72097
1.69257
1.64762
1.57966
1.47999
1.33729
1.13753
0.863764
0.49598
0.00982114
-0.625404
-1.45664
-2.55447
-4.05359
-6.12068
-9.11059
-13.4064
-19.8963
1.6752
1.66872
1.65156
1.62167
1.5747
1.50418
1.40133
1.25466
1.0499
0.769799
0.393936
-0.102546
-0.750654
-1.59781
-2.71403
-4.23452
-6.32692
-9.34547
-13.6887
-20.236
1.60797
1.60112
1.58295
1.55163
1.50271
1.42969
1.3237
1.17309
0.963359
0.676897
0.292898
-0.214023
-0.875208
-1.73858
-2.87375
-4.4163
-6.53501
-9.58334
-13.9746
-20.5755
1.54151
1.53431
1.5152
1.48249
1.43168
1.35622
1.24713
1.09263
0.87794
0.585101
0.192901
-0.324585
-0.999056
-1.87896
-3.03364
-4.59893
-6.74493
-9.82405
-14.2642
-20.9141
1.47584
1.46833
1.44832
1.4143
1.36165
1.28381
1.17169
1.01333
0.793689
0.494447
0.093969
-0.434218
-1.1222
-2.01896
-3.19371
-4.78244
-6.95666
-10.0674
-14.5577
-21.2506
1.41099
1.40319
1.38236
1.34708
1.29267
1.21251
1.09741
0.93522
0.710642
0.404964
-0.00387874
-0.542919
-1.24466
-2.15861
-3.35398
-4.96689
-7.1703
-10.3131
-14.8555
-21.5845
1.34697
1.33892
1.31736
1.28088
1.22478
1.14236
1.02433
0.858344
0.628829
0.316675
-0.100633
-0.650692
-1.36645
-2.29795
-3.51454
-5.15233
-7.38598
-10.5609
-15.1577
-21.9147
1.28382
1.27556
1.25333
1.21573
1.158
1.07338
0.95248
0.782731
0.548276
0.229597
-0.19629
-0.757554
-1.48763
-2.43704
-3.67546
-5.33882
-7.60397
-10.8105
-15.4652
-22.2412
1.22154
1.21311
1.1903
1.15165
1.09236
1.00562
0.881888
0.708406
0.469003
0.14374
-0.290857
-0.863528
-1.60823
-2.57596
-3.83687
-5.5264
-7.82456
-11.0611
-15.7775
-22.562
1.16015
1.15161
1.1283
1.08868
1.0279
0.93909
0.81258
0.635391
0.391026
0.0591087
-0.384343
-0.968647
-1.72833
-2.71479
-3.9989
-5.71513
-8.04829
-11.3128
-16.0965
-22.88
1.09966
1.09106
1.06735
1.02683
0.964632
0.873819
0.74458
0.563704
0.314355
-0.0242964
-0.476767
-1.07295
-1.84798
-2.85362
-4.16171
-5.90498
-8.27538
-11.5642
-16.4191
-23.1899
1.04009
1.03148
1.00745
0.966106
0.902571
0.809818
0.677897
0.493356
0.238996
-0.106482
-0.568155
-1.17649
-1.96729
-2.99256
-4.32555
-6.09626
-8.50693
-11.8179
-16.7506
-23.5071
0.981429
0.972889
0.948652
0.906555
0.841745
0.747108
0.612545
0.42435
0.164944
-0.187462
-0.658537
-1.27932
-2.08633
-3.13169
-4.49048
-6.28873
-8.74165
-12.0713
-17.076
-23.8207
0.92372
0.915386
0.89109
0.848358
0.782359
0.68589
0.548694
0.356806
0.0922609
-0.267228
-0.747948
-1.38153
-2.20528
-3.27148
-4.6575
-6.48511
-8.98466
-12.3418
-17.4196
-24.2125
0.866937
0.858947
0.834785
0.791592
0.72457
0.626407
0.486655
0.291057
0.0212297
-0.345613
-0.836368
-1.48321
-2.32428
-3.41199
-4.82637
-6.68528
-9.23172
-12.6273
-17.743
-24.686
0.810756
0.802577
0.77816
0.734178
0.665889
0.565913
0.423643
0.22453
-0.0503035
-0.424339
-0.92541
-1.58665
-2.44755
-3.56155
-5.0126
-6.91995
-9.53811
-13.0429
-18.2565
-25.6717
3.47764
3.47946
3.4885
3.49996
3.5093
3.50998
3.49398
3.45174
3.37227
3.24269
3.04675
2.76097
2.34737
1.73831
0.820345
-0.527973
-2.39275
-5.05748
-9.19646
-14.7594
3.40586
3.407
3.41476
3.42379
3.42978
3.42615
3.40476
3.35583
3.26794
3.12752
2.91733
2.61247
2.17316
1.5311
0.568926
-0.856606
-2.83785
-5.57206
-9.70954
-15.3719
3.33401
3.33539
3.34285
3.35061
3.3546
3.34829
3.32365
3.27105
3.17921
3.03491
2.82171
2.51636
2.082
1.4566
0.532772
-0.830647
-2.72215
-5.27304
-9.09977
-14.6915
3.26175
3.26331
3.27042
3.27701
3.27921
3.27052
3.24302
3.18719
3.09195
2.94447
2.72919
2.42469
1.99713
1.39021
0.507165
-0.788076
-2.5975
-5.04178
-8.725
-14.4698
3.18908
3.19063
3.19714
3.20235
3.20254
3.19124
3.16054
3.10095
3.00144
2.84928
2.62924
2.32075
1.89129
1.28684
0.415493
-0.861116
-2.67297
-5.15017
-8.83898
-14.6519
3.1161
3.11753
3.12329
3.127
3.12505
3.11096
3.07683
3.01316
2.90885
2.75111
2.52469
2.20925
1.7726
1.16098
0.28361
-1.00213
-2.85058
-5.39136
-9.06691
-14.811
3.04286
3.04412
3.04906
3.05121
3.04707
3.03015
2.99257
2.92477
2.81558
2.6521
2.41903
2.09614
1.65157
1.03176
0.147172
-1.14485
-3.01221
-5.58214
-9.20895
-14.8962
2.96943
2.97046
2.9745
2.97505
2.9687
2.94896
2.90792
2.836
2.72195
2.5528
2.31315
1.98298
1.53102
0.904577
0.016437
-1.27214
-3.13721
-5.71773
-9.3168
-15.0059
2.89585
2.8966
2.89968
2.89859
2.89
2.8674
2.8229
2.74684
2.62793
2.45305
2.20677
1.8692
1.40982
0.77707
-0.11381
-1.39708
-3.25644
-5.8558
-9.46286
-15.1711
2.82218
2.82262
2.82466
2.82189
2.81102
2.78555
2.73756
2.65734
2.53349
2.35279
2.09968
1.75435
1.2869
0.646823
-0.248988
-1.5315
-3.39111
-6.0199
-9.65182
-15.3713
2.74847
2.74856
2.74951
2.74503
2.73185
2.70348
2.65198
2.56758
2.43875
2.25212
1.99198
1.6385
1.16222
0.513487
-0.389913
-1.67666
-3.5408
-6.20041
-9.8612
-15.5911
2.67479
2.67449
2.6743
2.66809
2.65257
2.62129
2.56627
2.47766
2.34381
2.15118
1.88384
1.5219
1.03619
0.37779
-0.534934
-1.82883
-3.69825
-6.38529
-10.079
-15.8293
2.60118
2.60048
2.5991
2.59113
2.57327
2.53907
2.48052
2.38769
2.24879
2.05009
1.77544
1.40479
0.909195
0.240436
-0.68256
-1.98521
-3.85994
-6.57178
-10.3049
-16.0874
2.52771
2.52658
2.52398
2.51425
2.49403
2.45691
2.39482
2.29776
2.15379
1.94897
1.66691
1.28735
0.781492
0.1018
-0.832178
-2.14505
-4.02616
-6.76184
-10.5401
-16.3638
2.45442
2.45284
2.44901
2.4375
2.41493
2.37488
2.30927
2.20797
2.05891
1.84792
1.55836
1.16973
0.653262
-0.037933
-0.983633
-2.30835
-4.19777
-6.95683
-10.7835
-16.6553
2.38138
2.37934
2.37425
2.36096
2.33604
2.29307
2.22394
2.11842
1.96426
1.74707
1.44993
1.05205
0.524672
-0.178594
-1.13677
-2.4749
-4.37472
-7.15651
-11.0331
-16.9588
2.30863
2.30613
2.29976
2.2847
2.25744
2.21157
2.13893
2.02919
1.86993
1.64651
1.34171
0.93446
0.395889
-0.319982
-1.29134
-2.64418
-4.55633
-7.36015
-11.2868
-17.2716
2.23622
2.23326
2.22562
2.2088
2.17921
2.13046
2.05433
1.94038
1.77601
1.54634
1.23383
0.817078
0.267076
-0.461884
-1.44706
-2.81564
-4.74189
-7.5672
-11.5435
-17.5914
2.16422
2.16079
2.15187
2.13331
2.10142
2.04981
1.97021
1.85207
1.68261
1.44667
1.12639
0.700026
0.138381
-0.604106
-1.60367
-2.98885
-4.93086
-7.77743
-11.802
-17.9156
2.09266
2.08876
2.07859
2.0583
2.02413
1.9697
1.88666
1.76436
1.58981
1.34759
1.0195
0.58341
0.00993413
-0.746477
-1.76099
-3.16349
-5.12282
-7.99072
-12.0617
-18.2414
6.11216
6.11913
6.13402
6.15721
6.18765
6.22352
6.26293
6.30407
6.34525
6.38498
6.42204
6.45553
6.48489
6.50985
6.53034
6.54645
6.55826
6.56572
6.56855
6.56626
6.08106
6.08843
6.10419
6.12876
6.16105
6.1992
6.24127
6.28542
6.3299
6.37317
6.41392
6.45119
6.4843
6.51287
6.53672
6.55578
6.57
6.5792
6.58283
6.58049
6.02372
6.03179
6.04904
6.07597
6.11143
6.15348
6.20012
6.24942
6.29957
6.34889
6.39598
6.43972
6.47929
6.5141
6.54377
6.56797
6.58643
6.59871
6.60352
6.60112
5.94354
5.95248
5.9716
6.00149
6.04092
6.08785
6.14019
6.1959
6.25306
6.30988
6.36482
6.41659
6.46418
6.50676
6.54366
6.57425
6.598
6.61392
6.6193
6.61646
5.84327
5.85315
5.87429
5.90738
5.95109
6.00324
6.06163
6.12413
6.18867
6.25335
6.31649
6.37664
6.43257
6.48321
6.52749
6.56444
6.59321
6.61165
6.61475
6.60948
5.72544
5.73624
5.75935
5.79555
5.84337
5.90051
5.96462
6.03344
6.10481
6.17668
6.24724
6.31488
6.37818
6.43571
6.48593
6.52743
6.55877
6.57567
6.57045
6.5585
5.59262
5.60422
5.62908
5.668
5.7194
5.78078
5.84966
5.92365
6.00045
6.07788
6.15402
6.2271
6.29543
6.35712
6.40996
6.45188
6.48035
6.48782
6.46454
6.43937
5.44745
5.45969
5.48592
5.52698
5.58109
5.64558
5.71781
5.79522
5.87537
5.95595
6.0349
6.11027
6.18001
6.24151
6.29162
6.32727
6.34402
6.32991
6.2746
6.22706
5.29265
5.3053
5.33244
5.37489
5.43066
5.49686
5.57066
5.64935
5.73028
5.81099
5.88924
5.96283
6.02917
6.08462
6.12469
6.14486
6.1376
6.08513
5.97864
5.89601
5.13091
5.14374
5.17129
5.21429
5.27053
5.33689
5.41034
5.48791
5.56674
5.64417
5.71771
5.78479
5.84198
5.88423
5.90525
5.8984
5.85146
5.73886
5.55542
5.4197
4.96482
4.9776
5.00503
5.04775
5.10327
5.16822
5.23933
5.31333
5.38708
5.45762
5.52215
5.57752
5.61911
5.63997
5.63162
5.58454
5.47939
5.27936
4.98491
4.77037
4.7968
4.80929
4.83613
4.87777
4.93142
4.99347
5.06033
5.1284
5.19415
5.25426
5.30548
5.34388
5.36324
5.35399
5.30489
5.20273
5.01821
4.69827
4.24953
3.92039
4.62901
4.64101
4.66682
4.70665
4.75743
4.81523
4.87613
4.93609
4.99114
5.03744
5.07115
5.08729
5.07748
5.02872
4.92681
4.75498
4.47017
3.99384
3.33674
2.84449
4.4633
4.47464
4.49907
4.5365
4.58352
4.63594
4.68939
4.73937
4.78133
4.81084
4.82329
4.81253
4.76757
4.67091
4.50429
4.24713
3.83949
3.16724
2.23997
1.52379
4.30122
4.31178
4.33454
4.36908
4.41167
4.45778
4.5026
4.54106
4.56796
4.57808
4.56589
4.52376
4.43755
4.28378
4.03904
3.68169
3.13576
2.23508
0.967819
-0.0535109
4.14401
4.15368
4.17459
4.2059
4.24354
4.28266
4.31796
4.34374
4.35405
4.3428
4.30332
4.22647
4.09498
3.87841
3.54548
3.07336
2.37158
1.20816
-0.473208
-1.8941
3.99262
4.00132
4.02026
4.0481
4.08047
4.11215
4.13733
4.14958
4.14216
4.10794
4.03888
3.92393
3.74247
3.45596
3.02157
2.41601
1.54806
0.115753
-2.03796
-3.98074
3.84776
3.8555
3.87242
3.89663
3.92349
3.94749
3.96224
3.9606
3.93488
3.87689
3.77711
3.62247
3.38941
3.03161
2.49063
1.73647
0.684173
-1.03365
-3.72254
-6.33589
3.70996
3.71694
3.73206
3.75259
3.77374
3.78968
3.7935
3.77731
3.7325
3.64958
3.51723
3.31955
3.02918
2.5925
1.93278
1.00312
-0.265274
-2.25907
-5.47167
-8.90851
3.57897
3.58477
3.59815
3.61522
3.63113
3.63963
3.63313
3.60292
3.53925
3.43128
3.26592
3.02442
2.6747
2.15492
1.36705
0.230868
-1.32127
-3.65209
-7.41068
-11.9362
6.56193
6.55963
6.55677
6.55347
6.54971
6.54547
6.54074
6.53548
6.5297
6.52338
6.51651
6.50906
6.50103
6.49241
6.48318
6.47333
6.46284
6.45172
6.43993
6.42749
6.57836
6.57598
6.57246
6.5685
6.56413
6.55927
6.55388
6.54796
6.5415
6.53449
6.52692
6.51877
6.51003
6.50068
6.49072
6.48013
6.4689
6.45701
6.44446
6.43123
6.60445
6.60208
6.59742
6.59237
6.58704
6.58122
6.57486
6.56796
6.56052
6.55252
6.54396
6.53483
6.5251
6.51477
6.50382
6.49223
6.48
6.4671
6.45352
6.43925
6.62999
6.6281
6.62234
6.6163
6.61015
6.6035
6.59626
6.58845
6.58007
6.57109
6.56151
6.55132
6.54048
6.529
6.51685
6.50402
6.49048
6.47622
6.46122
6.44546
6.6374
6.63657
6.63031
6.62389
6.61739
6.61029
6.60248
6.59399
6.58481
6.57494
6.56434
6.55301
6.54094
6.52809
6.51446
6.50003
6.48477
6.46866
6.45168
6.4338
6.60296
6.60394
6.59852
6.59285
6.58687
6.58004
6.57226
6.56357
6.55397
6.54344
6.53198
6.51957
6.5062
6.49184
6.4765
6.46013
6.44273
6.42427
6.40472
6.38406
6.50174
6.50565
6.50283
6.49939
6.49511
6.48955
6.48268
6.47453
6.4651
6.45439
6.4424
6.42913
6.41456
6.39868
6.38149
6.36295
6.34304
6.32176
6.29905
6.2749
6.30988
6.31839
6.32016
6.32063
6.31954
6.31658
6.31178
6.30516
6.29675
6.28655
6.27456
6.2608
6.24526
6.22793
6.2088
6.18785
6.16507
6.14042
6.11388
6.0854
6.00388
6.01943
6.02802
6.03439
6.03829
6.03956
6.03826
6.03442
6.02807
6.01923
6.00792
5.99416
5.97794
5.95927
5.93814
5.91453
5.88843
5.8598
5.82861
5.79482
5.55883
5.58477
5.60276
5.61736
5.62838
5.6358
5.63969
5.64009
5.63704
5.6306
5.62078
5.60762
5.59112
5.5713
5.54814
5.52164
5.49177
5.45852
5.42182
5.38163
4.94724
4.98798
5.01815
5.04354
5.06402
5.07967
5.09057
5.0968
5.09843
5.09552
5.0881
5.07623
5.05991
5.03916
5.01399
4.98439
4.95033
4.91178
4.8687
4.82099
4.13989
4.20081
4.24577
4.28443
4.3165
4.34231
4.36193
4.37547
4.38302
4.38465
4.38044
4.37042
4.35463
4.33309
4.30581
4.27278
4.23397
4.18935
4.13885
4.08238
3.10866
3.19593
3.25766
3.31154
3.35667
3.39397
3.42343
3.44523
3.45945
3.4662
3.46555
3.45755
3.44224
3.41966
3.3898
3.35265
3.3082
3.25638
3.19709
3.13023
1.83127
1.95089
2.02979
2.09962
2.15804
2.20719
2.24672
2.27692
2.29781
2.30953
2.31214
2.3057
2.29025
2.2658
2.23237
2.18992
2.13842
2.07779
2.00789
1.92858
0.288081
0.445879
0.541568
0.627604
0.698619
0.75899
0.807732
0.845489
0.872203
0.888021
0.892961
0.887063
0.870332
0.842768
0.80435
0.755046
0.694797
0.623481
0.540907
0.446915
-1.52994
-1.32837
-1.21912
-1.11991
-1.04022
-0.971338
-0.915574
-0.871882
-0.840819
-0.822276
-0.816371
-0.823083
-0.842451
-0.874502
-0.919294
-0.976892
-1.0474
-1.131
-1.22799
-1.33855
-3.63484
-3.39301
-3.28097
-3.17323
-3.08821
-3.01252
-2.9518
-2.90417
-2.87074
-2.85114
-2.84565
-2.85427
-2.87718
-2.91451
-2.96641
-3.03299
-3.11445
-3.21106
-3.32325
-3.45123
-6.09097
-5.79595
-5.67761
-5.55885
-5.47273
-5.39527
-5.33453
-5.28625
-5.25261
-5.23323
-5.22898
-5.24008
-5.26694
-5.30979
-5.36884
-5.44424
-5.53622
-5.64518
-5.77166
-5.91581
-8.8284
-8.47928
-8.38646
-8.28319
-8.21499
-8.14536
-8.09011
-8.04499
-8.01484
-7.99944
-8.0002
-8.01729
-8.0512
-8.1021
-8.17023
-8.25571
-8.3588
-8.47997
-8.61986
-8.77849
-12.1073
-11.7226
-11.6586
-11.5483
-11.4747
-11.3985
-11.3417
-11.2974
-11.2705
-11.2595
-11.2656
-11.2888
-11.3295
-11.3878
-11.4641
-11.5585
-11.6714
-11.8032
-11.9545
-12.1254
6.41436
6.40055
6.38604
6.37083
6.3549
6.33826
6.32088
6.30278
6.28393
6.26434
6.244
6.22292
6.20108
6.1785
6.15516
6.13108
6.10626
6.08069
6.05436
6.02756
6.41731
6.4027
6.38738
6.37135
6.3546
6.33712
6.31891
6.29997
6.2803
6.25988
6.23874
6.21688
6.19429
6.171
6.147
6.12232
6.09696
6.07084
6.04395
6.01759
6.42427
6.40858
6.39215
6.37497
6.35705
6.33836
6.3189
6.29867
6.27767
6.25588
6.23332
6.21
6.1859
6.16106
6.13547
6.10917
6.08213
6.05408
6.0251
5.9982
6.42891
6.41157
6.39342
6.37445
6.35463
6.33396
6.31242
6.29002
6.26674
6.24258
6.21754
6.19163
6.16485
6.13719
6.1087
6.07941
6.04922
6.0176
5.98471
5.95593
6.415
6.39528
6.37459
6.35293
6.33027
6.30661
6.28192
6.2562
6.22943
6.2016
6.17273
6.14279
6.11179
6.07973
6.04666
6.01266
5.97747
5.94005
5.90071
5.86821
6.36225
6.33929
6.31514
6.28978
6.26319
6.23534
6.20621
6.17578
6.14403
6.11096
6.07654
6.04076
6.0036
5.96504
5.92522
5.88429
5.84165
5.79519
5.74527
5.70697
6.24927
6.22214
6.19347
6.16324
6.13141
6.09794
6.06281
6.02599
5.98744
5.94714
5.90506
5.86116
5.81536
5.76768
5.71843
5.66793
5.61485
5.55477
5.48818
5.44195
6.05495
6.02251
5.98803
5.95147
5.91278
5.87192
5.82884
5.78349
5.73584
5.68585
5.63346
5.57857
5.52103
5.46093
5.39901
5.33597
5.26885
5.1888
5.09659
5.04027
5.75837
5.71926
5.6774
5.63276
5.58527
5.53487
5.48149
5.42507
5.36556
5.30291
5.23704
5.16771
5.09463
5.01811
4.93989
4.86129
4.77612
4.66746
4.53698
4.46826
5.33789
5.29059
5.23965
5.18499
5.12653
5.0642
4.9979
4.92754
4.8531
4.77453
4.69169
4.60404
4.51104
4.41358
4.31538
4.2188
4.11148
3.96263
3.77618
3.69249
4.76862
4.71156
4.64972
4.58301
4.51133
4.43457
4.3526
4.26532
4.17274
4.07492
3.97154
3.86146
3.7436
3.62007
3.4984
3.38252
3.24884
3.04355
2.77594
2.6752
4.01987
3.95135
3.87667
3.79575
3.70847
3.61467
3.51414
3.40676
3.29266
3.1721
3.04453
2.90762
2.75907
2.6031
2.45412
2.31894
2.15486
1.8713
1.48874
1.37281
3.05576
2.97372
2.88395
2.78634
2.68076
2.56702
2.44476
2.31377
2.17434
2.02715
1.87156
1.70332
1.51762
1.32126
1.14019
0.987708
0.792829
0.408526
-0.127188
-0.249882
1.83989
1.74189
1.63442
1.51734
1.39051
1.25369
1.10639
0.948142
0.779311
0.601311
0.41403
0.211246
-0.0163264
-0.260641
-0.479584
-0.644884
-0.861095
-1.35722
-2.0814
-2.20396
0.341619
0.225185
0.0974092
-0.0418649
-0.192785
-0.355584
-0.530823
-0.719254
-0.920707
-1.13298
-1.35448
-1.59198
-1.86061
-2.15583
-2.41908
-2.59453
-2.8127
-3.40991
-4.34915
-4.48603
-1.46242
-1.59929
-1.74936
-1.91281
-2.08977
-2.28036
-2.48497
-2.70445
-2.93909
-3.18648
-3.44268
-3.71208
-4.01445
-4.35577
-4.67052
-4.86615
-5.07286
-5.7408
-6.90298
-7.09975
-3.59445
-3.75233
-3.92499
-4.11256
-4.31512
-4.53263
-4.76514
-5.01324
-5.27774
-5.55725
-5.84677
-6.14597
-6.47435
-6.85263
-7.22717
-7.47395
-7.68409
-8.38674
-9.73628
-10.036
-6.07665
-6.25313
-6.4453
-6.65328
-6.87721
-7.1171
-7.37288
-7.64487
-7.93424
-8.24165
-8.56394
-8.89699
-9.25311
-9.66273
-10.1027
-10.4412
-10.6936
-11.389
-12.8137
-13.1784
-8.95438
-9.14618
-9.35411
-9.57847
-9.81965
-10.0779
-10.3536
-10.647
-10.9593
-11.2922
-11.6462
-12.0169
-12.4053
-12.8351
-13.3166
-13.7496
-14.055
-14.6423
-15.9299
-16.2165
-12.3145
-12.5204
-12.7438
-12.9849
-13.244
-13.5216
-13.8179
-14.1329
-14.4669
-14.8202
-15.1938
-15.585
-15.9867
-16.4004
-16.8431
-17.2813
-17.5928
-17.91
-18.7197
-18.84
5.96201
5.83556
5.68755
5.51817
5.32581
5.10835
4.86515
4.59744
4.30761
3.99876
3.67479
3.34041
3.00098
2.6622
2.32976
2.00909
1.70497
1.42137
1.16128
0.926601
0.718273
0.536243
0.379807
0.24753
0.137832
0.0486035
-0.0218953
-0.0758948
-0.114867
-0.140885
-0.155085
-0.159366
-0.154734
-0.143105
-0.125498
-0.104242
-0.0799796
-0.0560416
-0.031622
-0.0112103
5.95841
5.82669
5.67232
5.49827
5.30145
5.07822
4.82886
4.55568
4.26126
3.9487
3.62199
3.28597
2.94603
2.60786
2.27709
1.95901
1.65824
1.37856
1.12272
0.892458
0.688496
0.510651
0.358081
0.229292
0.122655
0.0360494
-0.0322224
-0.0844058
-0.12183
-0.146649
-0.159756
-0.163228
-0.157777
-0.145516
-0.127301
-0.105442
-0.0807978
-0.0562874
-0.0316756
-0.0109746
5.94528
5.80352
5.63998
5.45869
5.25425
5.02081
4.76173
4.48046
4.17937
3.86154
3.53118
3.19327
2.85325
2.51677
2.18932
1.876
1.58114
1.30821
1.05962
0.836776
0.640089
0.469169
0.322954
0.199881
0.0982216
0.0158892
-0.0487962
-0.0980248
-0.132977
-0.155845
-0.167206
-0.169369
-0.162582
-0.149334
-0.130085
-0.107304
-0.0820134
-0.0565549
-0.0317398
-0.0104598
5.90547
5.75116
5.57921
5.38996
5.17699
4.93121
4.66261
4.37402
4.06696
3.74477
3.41192
3.0735
2.735
2.40198
2.07981
1.77332
1.4865
1.22246
0.983167
0.769691
0.582063
0.419672
0.281211
0.165067
0.069388
-0.00781527
-0.0682478
-0.113942
-0.145998
-0.166525
-0.175854
-0.176453
-0.168077
-0.153707
-0.133153
-0.109404
-0.0832497
-0.0567351
-0.0317603
-0.00970082
5.81737
5.651
5.47366
5.27707
5.05831
4.80144
4.52753
4.23509
3.92512
3.60153
3.26904
2.9328
2.59835
2.27121
1.95657
1.659
1.38214
1.12869
0.900212
0.697389
0.519916
0.366951
0.236976
0.128345
0.0390999
-0.0326088
-0.0885323
-0.130456
-0.159489
-0.177504
-0.184738
-0.18365
-0.173623
-0.158095
-0.136104
-0.111482
-0.0842804
-0.0568136
-0.0316875
-0.00872318
5.65734
5.48413
5.30727
5.10556
4.88845
4.62568
4.35363
4.06265
3.75465
3.43419
3.10609
2.77564
2.44843
2.12994
1.82524
1.53861
1.27338
1.03186
0.81524
0.623864
0.457129
0.313995
0.192781
0.091828
0.00911456
-0.0570515
-0.108458
-0.146598
-0.172643
-0.188122
-0.193322
-0.1905
-0.178884
-0.162185
-0.138753
-0.113381
-0.0850044
-0.0568101
-0.031467
-0.00755368
5.40039
5.23182
5.06572
4.86296
4.65943
4.40011
4.13869
3.85621
3.55673
3.24517
2.92646
2.60604
2.28962
1.9827
1.69024
1.41635
1.1641
0.935468
0.731352
0.551797
0.395982
0.262708
0.150199
0.0567987
-0.0195264
-0.080311
-0.127348
-0.161837
-0.185022
-0.198037
-0.201323
-0.196779
-0.183695
-0.165822
-0.141038
-0.115008
-0.0854109
-0.0567415
-0.0310626
-0.00624505
5.01959
4.87321
4.7352
4.53953
4.36438
4.12257
3.88153
3.61653
3.33354
3.03755
2.73374
2.42784
2.12577
1.83318
1.55505
1.29539
1.0571
0.841954
0.650613
0.482916
0.337894
0.214245
0.110152
0.0239872
-0.0462488
-0.101942
-0.144852
-0.175908
-0.196409
-0.207097
-0.208606
-0.2024
-0.187989
-0.168952
-0.142957
-0.116322
-0.0855409
-0.0566139
-0.0304734
-0.00487602
4.4876
4.38456
4.30111
4.12995
3.99832
3.79281
3.58299
3.34608
3.08833
2.81494
2.53163
2.24461
1.96022
1.6844
1.4223
1.17799
0.9543
0.75289
0.574299
0.41824
0.283664
0.169223
0.0731121
-0.00624881
-0.0707857
-0.121745
-0.160821
-0.188705
-0.206722
-0.215253
-0.215127
-0.207351
-0.19175
-0.17158
-0.144531
-0.117318
-0.0854553
-0.0564268
-0.0297312
-0.00353738
3.77863
3.74231
3.7483
3.63409
3.55959
3.41209
3.24609
3.04857
2.82505
2.58125
2.32376
2.05961
1.79578
1.53874
1.29396
1.06572
0.856921
0.669218
0.503117
0.358284
0.233659
0.127897
0.0392496
-0.0337966
-0.0930678
-0.139679
-0.175235
-0.200221
-0.215957
-0.222516
-0.220889
-0.211659
-0.194988
-0.173742
-0.145793
-0.118018
-0.0852152
-0.0561811
-0.0288873
-0.00231553
2.87001
2.93286
3.0651
3.05503
3.0511
2.98293
2.8754
2.72859
2.54802
2.34037
2.11353
1.87568
1.63477
1.398
1.1714
0.959592
0.765682
0.59142
0.437367
0.303217
0.187956
0.0902853
0.00854283
-0.058698
-0.113148
-0.155798
-0.188146
-0.210505
-0.224161
-0.22893
-0.225928
-0.215368
-0.197733
-0.175485
-0.146774
-0.118459
-0.0848739
-0.0558843
-0.0279995
-0.00127887
1.74697
1.96445
2.25021
2.39674
2.48139
2.51017
2.47688
2.39151
2.26184
2.09614
1.90401
1.69521
1.47896
1.26348
1.05552
0.860187
0.680912
0.519643
0.377071
0.252978
0.146445
0.0562547
-0.0191471
-0.0810867
-0.131151
-0.170211
-0.199651
-0.219637
-0.231402
-0.234555
-0.230297
-0.218533
-0.200026
-0.176864
-0.147507
-0.118686
-0.0844745
-0.055551
-0.0271211
-0.000469651
0.406598
0.86777
1.31741
1.66431
1.86376
2.00262
2.05824
2.04388
1.97165
1.85244
1.69806
1.52022
1.32976
1.13608
0.946826
0.767733
0.602651
0.453799
0.322061
0.207361
0.108904
0.0255861
-0.044025
-0.101146
-0.147236
-0.183053
-0.209866
-0.227714
-0.237765
-0.239463
-0.234056
-0.221211
-0.201912
-0.17793
-0.148027
-0.118741
-0.0840499
-0.0552003
-0.0262957
9.72741e-05
-1.15606
-0.32718
0.289082
0.862549
1.21138
1.47203
1.62864
1.69322
1.68325
1.61351
1.49863
1.3527
1.18837
1.01645
0.845605
0.682265
0.530767
0.39366
0.272062
0.166072
0.0750493
-0.00198386
-0.0663264
-0.11908
-0.161579
-0.194472
-0.218915
-0.234839
-0.243337
-0.243725
-0.237269
-0.223456
-0.20344
-0.178732
-0.148364
-0.118666
-0.0836248
-0.0548517
-0.0255546
0.000430202
-2.98477
-1.63852
-0.828022
-0.0134737
0.527192
0.926423
1.19495
1.34551
1.40149
1.38305
1.30841
1.19445
1.05595
0.905248
0.752132
0.603798
0.465111
0.338979
0.226781
0.128811
0.0445905
-0.0267201
-0.0862858
-0.135092
-0.174353
-0.204611
-0.226919
-0.241109
-0.248202
-0.247412
-0.24
-0.225325
-0.204655
-0.179315
-0.148551
-0.118497
-0.0832166
-0.0545221
-0.0249171
0.000553389
-5.1834
-3.17586
-2.07065
-0.987824
-0.204662
0.360872
0.755146
1.0001
1.12655
1.16156
1.12799
1.04603
0.93289
0.802701
0.666474
0.532265
0.405516
0.28953
0.185963
0.0953145
0.0172746
-0.0488551
-0.104109
-0.14936
-0.185707
-0.213598
-0.233984
-0.246614
-0.252437
-0.250586
-0.242305
-0.226862
-0.205602
-0.179715
-0.148614
-0.118264
-0.0828369
-0.0542239
-0.0243921
0.000499527
-7.84715
-5.09359
-3.50017
-2.08489
-1.00669
-0.23931
0.298539
0.648575
0.851967
0.944166
0.95371
0.904713
0.817208
0.707335
0.587528
0.466819
0.351315
0.24477
0.149155
0.0652032
-0.00721712
-0.0686569
-0.120021
-0.162071
-0.195799
-0.22156
-0.240217
-0.251443
-0.256117
-0.253313
-0.244242
-0.228119
-0.206325
-0.179969
-0.148584
-0.117991
-0.0824943
-0.0539651
-0.0239802
0.00030388
-10.8751
-7.37997
-5.08223
-3.25648
-1.85507
-0.863673
-0.171399
0.289875
0.574286
0.726359
0.780812
0.765966
0.704836
0.615682
0.512428
0.405148
0.300671
0.203255
0.115232
0.0375985
-0.0295701
-0.0866614
-0.134442
-0.173557
-0.204892
-0.228713
-0.245794
-0.255743
-0.259367
-0.255696
-0.245901
-0.229165
-0.206884
-0.180121
-0.148492
-0.117703
-0.0821935
-0.0537479
-0.0236732
1.75883e-06
-13.7384
-9.59869
-6.51886
-4.28793
-2.60571
-1.41902
-0.593548
-0.0363957
0.318516
0.523358
0.617984
0.634211
0.597509
0.527866
0.440424
0.3461
0.252319
0.16377
0.0831039
0.0115699
-0.0505565
-0.103497
-0.147876
-0.18422
-0.213306
-0.235309
-0.250918
-0.259674
-0.262318
-0.257838
-0.247363
-0.230063
-0.207327
-0.1802
-0.148356
-0.117406
-0.0819247
-0.0535647
-0.0234536
-0.000372605
-15.4648
-10.9607
-7.28696
-4.83659
-3.01123
-1.73023
-0.842006
-0.238021
0.15263
0.385675
0.502946
0.537667
0.516315
0.459599
0.383156
0.298248
0.212538
0.130892
0.0561016
-0.0104617
-0.0684113
-0.117865
-0.159356
-0.19332
-0.220457
-0.240869
-0.255179
-0.262873
-0.264643
-0.259446
-0.248374
-0.230595
-0.207478
-0.180078
-0.148082
-0.117052
-0.0816538
-0.05341
-0.0233178
-0.000799117
-15.2713
-11.0638
-7.20025
-4.77851
-2.97671
-1.71392
-0.842396
-0.247152
0.138634
0.369804
0.486842
0.522183
0.501844
0.446286
0.371037
0.287314
0.202763
0.122242
0.0485345
-0.0169969
-0.0739745
-0.122521
-0.163174
-0.196369
-0.222813
-0.242603
-0.256367
-0.263589
-0.264961
-0.259454
-0.248134
-0.230214
-0.206993
-0.1796
-0.14764
-0.116711
-0.0814781
-0.0533658
-0.0233367
-0.00120559
-15.0885
-11.0176
-7.17845
-4.77026
-3.00649
-1.7551
-0.893962
-0.302517
0.0823457
0.314772
0.434643
0.473959
0.458353
0.407912
0.337833
0.259069
0.179087
0.102646
0.0324946
-0.0299945
-0.084407
-0.130814
-0.169698
-0.201439
-0.226688
-0.245499
-0.258454
-0.265014
-0.265833
-0.259883
-0.248203
-0.230021
-0.206615
-0.179128
-0.147161
-0.116271
-0.0811818
-0.0532024
-0.0232632
-0.00148365
-15.3435
-11.1357
-7.30314
-4.83283
-3.07957
-1.82038
-0.95813
-0.364628
0.0225593
0.257632
0.380702
0.42381
0.41256
0.366884
0.301761
0.227914
0.152614
0.0804784
0.0141744
-0.0449562
-0.0964921
-0.140473
-0.177334
-0.207402
-0.231271
-0.248948
-0.260962
-0.266747
-0.266917
-0.26044
-0.248326
-0.229821
-0.206188
-0.178572
-0.146593
-0.115737
-0.080814
-0.0529848
-0.023163
-0.00176202
-15.7115
-11.2633
-7.45848
-4.91701
-3.16565
-1.89595
-1.02816
-0.430253
-0.0387595
0.200409
0.327778
0.375462
0.369055
0.328363
0.268196
0.19911
0.128239
0.0601144
-0.00264197
-0.0586945
-0.107602
-0.149368
-0.184377
-0.212913
-0.235512
-0.252142
-0.263282
-0.268346
-0.267907
-0.260938
-0.248417
-0.229613
-0.205768
-0.178038
-0.146053
-0.115236
-0.0804807
-0.0527954
-0.0230932
-0.00205516
-16.1451
-11.4235
-7.63248
-5.01946
-3.2584
-1.97718
-1.10087
-0.497362
-0.10064
0.143249
0.275369
0.327964
0.326635
0.291072
0.235919
0.171576
0.105061
0.0408332
-0.018509
-0.0716224
-0.118035
-0.157707
-0.190973
-0.218066
-0.23947
-0.255115
-0.265432
-0.269818
-0.268805
-0.261373
-0.24847
-0.229389
-0.205348
-0.177519
-0.145535
-0.114766
-0.0801806
-0.0526351
-0.0230542
-0.00236269
-16.588
-11.5971
-7.80767
-5.13389
-3.35535
-2.06274
-1.17594
-0.565731
-0.162954
0.0862453
0.223502
0.281239
0.285096
0.25468
0.204504
0.144833
0.0825854
0.0221632
-0.0338547
-0.0841126
-0.128105
-0.165749
-0.197327
-0.223025
-0.243274
-0.257965
-0.267486
-0.271213
-0.269645
-0.261767
-0.248494
-0.229149
-0.204921
-0.177005
-0.145028
-0.114314
-0.0799028
-0.0524958
-0.02304
-0.00268196
-17.0395
-11.7929
-7.98653
-5.25978
-3.45676
-2.15196
-1.25311
-0.635117
-0.22556
0.0294958
0.172253
0.235354
0.244502
0.219247
0.173998
0.118912
0.0608283
0.0041042
-0.0486906
-0.0961835
-0.137834
-0.173516
-0.203462
-0.227809
-0.246939
-0.260706
-0.269454
-0.272543
-0.270435
-0.262124
-0.248494
-0.228896
-0.20449
-0.176495
-0.144532
-0.11388
-0.0796459
-0.0523762
-0.0230491
-0.00301148
-17.491
-12.0049
-8.1675
-5.39462
-3.56257
-2.24432
-1.33221
-0.705374
-0.288351
-0.026921
0.121676
0.190347
0.20488
0.184798
0.144427
0.0938407
0.0398168
-0.0133171
-0.0629919
-0.107813
-0.147205
-0.180994
-0.209365
-0.232409
-0.250459
-0.263333
-0.271334
-0.273806
-0.271175
-0.262447
-0.248472
-0.228632
-0.204057
-0.175993
-0.144049
-0.113466
-0.0794115
-0.0522773
-0.0230816
-0.00335021
-17.9445
-12.2341
-8.35279
-5.53741
-3.67302
-2.33954
-1.41312
-0.776382
-0.351238
-0.0829443
0.0718116
0.146239
0.166237
0.151328
0.11578
0.0696058
0.0195388
-0.0301111
-0.0767673
-0.119009
-0.156221
-0.188186
-0.215039
-0.236827
-0.253835
-0.265847
-0.273126
-0.275001
-0.271865
-0.262734
-0.248427
-0.228358
-0.203624
-0.1755
-0.143582
-0.113072
-0.0792005
-0.0521998
-0.0231372
-0.00369706
-18.3985
-12.4776
-8.54293
-5.68694
-3.78807
-2.43738
-1.49569
-0.848055
-0.414154
-0.13853
0.0226851
0.103041
0.128572
0.118826
0.0880417
0.04619
-2.39087e-05
-0.0462953
-0.0900324
-0.129784
-0.164894
-0.195101
-0.220492
-0.241069
-0.257072
-0.268253
-0.274833
-0.276132
-0.272508
-0.262989
-0.248362
-0.228076
-0.203192
-0.175018
-0.143131
-0.112701
-0.0790135
-0.0521439
-0.0232154
-0.00405085
-18.8536
-12.7349
-8.73903
-5.84262
-3.90769
-2.53774
-1.57983
-0.920335
-0.477052
-0.19365
-0.0256897
0.0607523
0.0918756
0.0872796
0.0611959
0.0235753
-0.0188885
-0.0618854
-0.102801
-0.140151
-0.173236
-0.201749
-0.225731
-0.245141
-0.260174
-0.270553
-0.276459
-0.277201
-0.273105
-0.263213
-0.24828
-0.227788
-0.202763
-0.174548
-0.142698
-0.112354
-0.0788508
-0.0521099
-0.0233155
-0.00441043
-19.3095
-13.0048
-8.94161
-6.00398
-4.0318
-2.64056
-1.66547
-0.993185
-0.539906
-0.248291
-0.073311
0.0193666
0.056134
0.0566694
0.035222
0.00174191
-0.0370734
-0.0768976
-0.115088
-0.150121
-0.181254
-0.208137
-0.230762
-0.249048
-0.263147
-0.272751
-0.278006
-0.27821
-0.27366
-0.263409
-0.248181
-0.227495
-0.202339
-0.174091
-0.142285
-0.11203
-0.0787127
-0.0520977
-0.0234368
-0.00477462
-19.7664
-13.2866
-9.15125
-6.17084
-4.16031
-2.74584
-1.75256
-1.06659
-0.602706
-0.302456
-0.120189
-0.0211329
0.0213257
0.0269721
0.0100964
-0.0193325
-0.0545984
-0.091349
-0.126906
-0.159706
-0.18896
-0.214273
-0.235592
-0.252795
-0.265993
-0.274851
-0.279478
-0.279164
-0.274174
-0.263578
-0.248069
-0.2272
-0.201922
-0.17365
-0.141892
-0.111732
-0.0785995
-0.0521074
-0.0235784
-0.00514228
-20.2242
-13.5795
-9.36831
-6.34314
-4.29315
-2.85361
-1.84109
-1.14057
-0.665464
-0.356159
-0.166343
-0.0607709
-0.0125761
-0.00184001
-0.0142075
-0.039672
-0.0714848
-0.105258
-0.138272
-0.168919
-0.196363
-0.220165
-0.240227
-0.256388
-0.268719
-0.276856
-0.280878
-0.280063
-0.27465
-0.263724
-0.247944
-0.226904
-0.201513
-0.173225
-0.141521
-0.111459
-0.0785112
-0.0521388
-0.0237395
-0.00551226
-20.6829
-13.883
-9.5931
-6.52095
-4.43029
-2.96394
-1.93108
-1.21515
-0.728207
-0.409431
-0.211805
-0.0995795
-0.0456039
-0.0297982
-0.0377188
-0.0593028
-0.087755
-0.118643
-0.1492
-0.177771
-0.203473
-0.225821
-0.244673
-0.259831
-0.271326
-0.278771
-0.282208
-0.280911
-0.275091
-0.263847
-0.24781
-0.226609
-0.201114
-0.172818
-0.141174
-0.111212
-0.0784479
-0.0521917
-0.0239193
-0.00588344
-21.1428
-14.1967
-9.82586
-6.70439
-4.57174
-3.07689
-2.02259
-1.29037
-0.79098
-0.462313
-0.256615
-0.137598
-0.0777951
-0.0569374
-0.0604689
-0.0782522
-0.103433
-0.131524
-0.159707
-0.186276
-0.2103
-0.231249
-0.248938
-0.26313
-0.273821
-0.280598
-0.283472
-0.281712
-0.275499
-0.263951
-0.247669
-0.226316
-0.200727
-0.17243
-0.140849
-0.110992
-0.0784095
-0.0522658
-0.0241166
-0.0062547
-21.6047
-14.5206
-10.0669
-6.89369
-4.71756
-3.19259
-2.1157
-1.36632
-0.853843
-0.514858
-0.300821
-0.174871
-0.109191
-0.0832952
-0.0824912
-0.0965493
-0.118542
-0.14392
-0.169809
-0.194448
-0.216856
-0.236458
-0.253027
-0.266291
-0.276208
-0.282342
-0.284674
-0.282467
-0.275876
-0.264038
-0.247521
-0.226028
-0.200353
-0.172062
-0.14055
-0.110799
-0.0783959
-0.0523609
-0.0243307
-0.00662501
-22.0698
-14.8555
-10.3168
-7.08922
-4.8679
-3.31118
-2.21051
-1.44307
-0.916869
-0.567131
-0.344481
-0.21145
-0.139838
-0.108912
-0.10382
-0.114224
-0.133108
-0.155854
-0.179523
-0.202299
-0.22315
-0.241457
-0.256948
-0.269318
-0.278491
-0.284006
-0.285816
-0.283179
-0.276226
-0.26411
-0.24737
-0.225747
-0.199994
-0.171715
-0.140276
-0.110634
-0.0784068
-0.0524763
-0.0245605
-0.00699331
-22.539
-15.2018
-10.5763
-7.29147
-5.02301
-3.43285
-2.3072
-1.52076
-0.980159
-0.619212
-0.387662
-0.247393
-0.169785
-0.13383
-0.124494
-0.131306
-0.147156
-0.167344
-0.188864
-0.209842
-0.229193
-0.246252
-0.260707
-0.272218
-0.280674
-0.285594
-0.286902
-0.283852
-0.276551
-0.264169
-0.247218
-0.225473
-0.199652
-0.171391
-0.140029
-0.110496
-0.078442
-0.0526117
-0.0248051
-0.0073586
-23.0103
-15.5586
-10.8454
-7.5008
-5.18312
-3.55783
-2.40593
-1.59953
-1.04383
-0.671202
-0.430447
-0.282769
-0.199092
-0.1581
-0.144552
-0.147831
-0.160714
-0.178414
-0.197853
-0.217092
-0.234996
-0.250854
-0.264311
-0.274995
-0.282762
-0.28711
-0.287936
-0.284489
-0.276853
-0.264218
-0.247066
-0.22521
-0.199327
-0.17109
-0.139808
-0.110386
-0.0785012
-0.0527665
-0.0250722
-0.00772488
)
;

boundaryField
{
    inlet
    {
        type            freestreamPressure;
        freestreamValue uniform 0;
        supersonic      false;
        value           nonuniform List<scalar> 
80
(
0.731909
0.631272
0.527266
0.419961
0.309897
0.197719
0.0841609
-0.029931
-0.143596
-0.255763
-0.365267
-0.470863
-0.571244
-0.665054
-0.750899
-0.827327
-0.892799
-0.945597
-0.98369
-1.00449
2.02159
1.95107
1.88113
1.81181
1.74315
1.6752
1.60797
1.54151
1.47584
1.41099
1.34697
1.28382
1.22154
1.16015
1.09966
1.04009
0.981429
0.92372
0.866937
0.810756
3.47764
3.40586
3.33401
3.26175
3.18908
3.1161
3.04286
2.96943
2.89585
2.82218
2.74847
2.67479
2.60118
2.52771
2.45442
2.38138
2.30863
2.23622
2.16422
2.09266
6.11216
6.08106
6.02372
5.94354
5.84327
5.72544
5.59262
5.44745
5.29265
5.13091
4.96482
4.7968
4.62901
4.4633
4.30122
4.14401
3.99262
3.84776
3.70996
3.57897
)
;
    }
    outlet
    {
        type            freestreamPressure;
        freestreamValue uniform 0;
        supersonic      false;
        value           nonuniform List<scalar> 
80
(
-4.52139e-05
-5.24122e-05
-6.05655e-05
-6.9549e-05
-7.91029e-05
-8.87825e-05
-9.79337e-05
-0.000105711
-0.000111153
-0.000113324
-0.000111497
-0.000105341
-9.50506e-05
-8.13543e-05
-6.54117e-05
-4.86199e-05
-3.24214e-05
-1.81884e-05
-7.21221e-06
-8.66539e-07
-4.91734e-06
-5.51003e-06
-6.18765e-06
-6.95889e-06
-7.83456e-06
-8.82582e-06
-9.94413e-06
-1.12011e-05
-1.2608e-05
-1.41761e-05
-1.59155e-05
-1.78357e-05
-1.99444e-05
-2.22478e-05
-2.47496e-05
-2.74512e-05
-3.03516e-05
-3.34487e-05
-3.6733e-05
-4.01596e-05
-5.73911e-07
-6.88068e-07
-7.96789e-07
-9.07734e-07
-1.02159e-06
-1.13842e-06
-1.25919e-06
-1.38542e-06
-1.51894e-06
-1.66194e-06
-1.81696e-06
-1.98693e-06
-2.17524e-06
-2.3857e-06
-2.62264e-06
-2.8909e-06
-3.19595e-06
-3.54382e-06
-3.94131e-06
-4.39861e-06
-2.67074e-08
-2.19643e-07
-5.31118e-07
-8.87643e-07
-1.22954e-06
-1.50305e-06
-1.65695e-06
-1.649e-06
-1.46235e-06
-1.12232e-06
-6.97242e-07
-2.76861e-07
5.98281e-08
2.67789e-07
3.4026e-07
2.97985e-07
1.73781e-07
9.57993e-10
-1.9297e-07
-3.94342e-07
)
;
    }
    top
    {
        type            symmetryPlane;
    }
    bottom
    {
        type            symmetryPlane;
    }
    cylinder
    {
        type            zeroGradient;
    }
    frontandback
    {
        type            empty;
    }
}


// ************************************************************************* //
