/*--------------------------------*- C++ -*----------------------------------*\
  =========                 |
  \\      /  F ield         | OpenFOAM: The Open Source CFD Toolbox
   \\    /   O peration     | Website:  https://openfoam.org
    \\  /    A nd           | Version:  6.0
     \\/     M anipulation  |
\*---------------------------------------------------------------------------*/
FoamFile
{
    version     2.0;
    format      ascii;
    class       volScalarField;
    location    "10.5";
    object      p;
}
// * * * * * * * * * * * * * * * * * * * * * * * * * * * * * * * * * * * * * //

dimensions      [0 2 -2 0 0 0 0];

internalField   nonuniform List<scalar> 
9600
(
-86.7044
-75.2076
-66.9953
-60.3219
-54.289
-48.8943
-44.1028
-39.8417
-36.0501
-32.6756
-29.6702
-26.9904
-24.5969
-22.4551
-20.5344
-18.8083
-17.2535
-15.8493
-14.5776
-13.4346
-87.425
-75.9152
-67.6659
-60.9453
-54.8652
-49.4274
-44.5977
-40.3036
-36.4836
-33.0849
-30.0587
-27.3607
-24.9514
-22.7955
-20.8622
-19.1247
-17.5594
-16.1451
-14.8635
-13.713
-88.1502
-76.6161
-68.3279
-61.5608
-55.4341
-49.9536
-45.0863
-40.7597
-36.912
-33.4895
-30.4428
-27.7272
-25.3023
-23.1327
-21.187
-19.4382
-17.8626
-16.4384
-15.147
-13.9894
-88.8757
-77.3123
-68.9823
-62.1682
-55.9952
-50.4723
-45.5678
-41.2093
-37.3343
-33.8886
-30.822
-28.0891
-25.6491
-23.466
-21.5083
-19.7485
-18.1627
-16.7287
-15.4276
-14.2634
-89.5973
-78.0022
-69.6285
-62.7669
-56.5477
-50.9828
-46.0417
-41.6517
-37.7501
-34.2816
-31.1956
-28.4459
-25.9911
-23.795
-21.8255
-20.055
-18.4594
-17.0158
-15.7053
-14.5349
-90.3123
-78.6844
-70.2657
-63.3561
-57.0907
-51.4842
-46.5068
-42.0861
-38.1583
-34.6678
-31.5629
-28.7968
-26.3278
-24.119
-22.1382
-20.3574
-18.7522
-17.2994
-15.9799
-14.8038
-91.0185
-79.3572
-70.8928
-63.9348
-57.6233
-51.9755
-46.9625
-42.5115
-38.5583
-35.0462
-31.923
-29.1411
-26.6584
-24.4374
-22.4457
-20.6551
-19.0409
-17.5791
-16.251
-15.07
-91.7141
-80.0189
-71.5085
-64.5018
-58.1444
-52.4558
-47.4078
-42.9272
-38.9491
-35.4161
-32.2752
-29.4781
-26.9821
-24.7496
-22.7476
-20.9476
-19.3248
-17.8546
-16.5184
-15.3333
-92.3977
-80.6683
-72.1116
-65.0563
-58.6532
-52.9241
-47.8416
-43.332
-39.3297
-35.7765
-32.6184
-29.8068
-27.2982
-25.0546
-23.0429
-21.2342
-19.6034
-18.1255
-16.7819
-15.5936
-93.0681
-81.3041
-72.7009
-65.597
-59.1484
-53.3795
-48.2629
-43.725
-39.6992
-36.1263
-32.9518
-30.1262
-27.6056
-25.3517
-23.3308
-21.5141
-19.8761
-18.3911
-17.0409
-15.8506
-93.7241
-81.9253
-73.2754
-66.1229
-59.6292
-53.8208
-48.6708
-44.1052
-40.0564
-36.4646
-33.2742
-30.4352
-27.9032
-25.6395
-23.6102
-21.7863
-20.1417
-18.6504
-17.2946
-16.1034
-94.3653
-82.5308
-73.8341
-66.6331
-60.0945
-54.247
-49.0642
-44.4714
-40.4002
-36.7899
-33.5842
-30.7324
-28.1897
-25.9169
-23.8799
-22.0495
-20.3993
-18.9027
-17.5422
-16.3512
-94.9909
-83.12
-74.3762
-67.1266
-60.5433
-54.6572
-49.4421
-44.8225
-40.7295
-37.1011
-33.8806
-31.0164
-28.4635
-26.1822
-24.1382
-22.3022
-20.6475
-19.1467
-17.7829
-16.5936
-95.6007
-83.692
-74.9007
-67.6027
-60.9749
-55.0505
-49.8034
-45.1576
-41.043
-37.397
-34.1618
-31.2856
-28.7226
-26.4332
-24.3828
-22.542
-20.8838
-19.3803
-18.015
-16.8306
-96.194
-84.2458
-75.4068
-68.0606
-61.3886
-55.4261
-50.1475
-45.4757
-41.3398
-37.6762
-34.4265
-31.5382
-28.9653
-26.6677
-24.611
-22.7655
-21.1042
-19.5989
-18.2344
-17.0588
-96.7712
-84.781
-75.8939
-68.4997
-61.7836
-55.7834
-50.4734
-45.7759
-41.6188
-37.9377
-34.6733
-31.7728
-29.1897
-26.8839
-24.8206
-22.9702
-21.3057
-19.7987
-18.4355
-17.267
-97.3367
-85.2994
-76.3618
-68.9191
-62.1591
-56.1213
-50.7803
-46.0572
-41.8789
-38.1801
-34.9007
-31.9875
-29.3938
-27.0794
-25.0097
-23.1553
-21.4891
-19.9816
-18.6184
-17.4505
-97.9003
-85.8048
-76.8101
-69.3174
-62.5138
-56.4392
-51.0677
-46.3193
-42.1198
-38.4027
-35.1073
-32.18
-29.5739
-27.2492
-25.1721
-23.3142
-21.6486
-20.1445
-18.7875
-17.6398
-98.4627
-86.2966
-77.238
-69.6945
-62.8487
-56.7385
-51.3371
-46.5639
-42.343
-38.6069
-35.2941
-32.3503
-29.7283
-27.3882
-25.297
-23.4274
-21.7533
-20.247
-18.912
-17.8473
-98.981
-86.7599
-77.6448
-70.0531
-63.167
-57.0227
-51.5924
-46.7945
-42.5522
-38.7967
-35.4656
-32.5034
-29.8622
-27.5011
-25.3858
-23.487
-21.7761
-20.2328
-18.893
-17.8653
-103.814
-103.789
-103.718
-103.628
-103.521
-103.391
-103.236
-103.056
-102.853
-102.628
-102.381
-102.113
-101.826
-101.519
-101.194
-100.853
-100.497
-100.129
-99.7534
-99.375
-91.0696
-91.079
-91.0535
-91.003
-90.9287
-90.8293
-90.7042
-90.5544
-90.3809
-90.185
-89.9674
-89.729
-89.4708
-89.1935
-88.8983
-88.5859
-88.2575
-87.9135
-87.5544
-87.1735
-81.3149
-81.3524
-81.3613
-81.3426
-81.2975
-81.227
-81.1317
-81.0128
-80.8711
-80.7078
-80.5235
-80.3193
-80.0959
-79.854
-79.5945
-79.3176
-79.0237
-78.7121
-78.3815
-78.0273
-73.1556
-73.208
-73.2352
-73.2359
-73.211
-73.1617
-73.0895
-72.9951
-72.8795
-72.7435
-72.5879
-72.4136
-72.2212
-72.0116
-71.785
-71.5419
-71.282
-71.0048
-70.7091
-70.3929
-65.8338
-65.891
-65.9257
-65.9363
-65.9231
-65.8873
-65.8301
-65.7524
-65.6551
-65.5389
-65.4046
-65.2531
-65.0851
-64.9011
-64.7018
-64.4871
-64.2572
-64.0114
-63.749
-63.4686
-59.3801
-59.436
-59.4716
-59.4855
-59.4773
-59.4482
-59.3992
-59.3313
-59.2453
-59.142
-59.0221
-58.8866
-58.7361
-58.5714
-58.3929
-58.2009
-57.9954
-57.776
-57.5419
-57.2918
-53.7383
-53.7897
-53.8224
-53.8351
-53.8274
-53.8003
-53.7547
-53.6917
-53.6119
-53.5162
-53.4054
-53.2804
-53.1421
-52.9912
-52.8282
-52.6536
-52.4674
-52.2694
-52.0587
-51.834
-48.7971
-48.8423
-48.8701
-48.8792
-48.8693
-48.8414
-48.7963
-48.7348
-48.6579
-48.5663
-48.4609
-48.3426
-48.2125
-48.0712
-47.9197
-47.7584
-47.5875
-47.4068
-47.2156
-47.0125
-44.4553
-44.494
-44.516
-44.5204
-44.5072
-44.4769
-44.4306
-44.369
-44.2929
-44.2031
-44.1007
-43.9865
-43.8617
-43.7273
-43.5842
-43.4332
-43.2746
-43.1084
-42.9339
-42.7495
-40.6269
-40.659
-40.6753
-40.6749
-40.6578
-40.6247
-40.5764
-40.5137
-40.4372
-40.348
-40.247
-40.1352
-40.0139
-39.8843
-39.7474
-39.6045
-39.456
-39.3023
-39.1426
-38.9752
-37.2378
-37.2639
-37.2748
-37.2698
-37.249
-37.213
-37.1625
-37.0981
-37.0208
-36.9314
-36.8308
-36.7204
-36.6013
-36.4749
-36.3428
-36.2062
-36.0663
-35.9235
-35.7774
-35.626
-34.2258
-34.2465
-34.2526
-34.2435
-34.2192
-34.1804
-34.1277
-34.0617
-33.9833
-33.8933
-33.7927
-33.6827
-33.5648
-33.4406
-33.3118
-33.1802
-33.0475
-32.9146
-32.7814
-32.6458
-31.5389
-31.5549
-31.5568
-31.544
-31.5167
-31.4754
-31.4206
-31.3531
-31.2735
-31.1827
-31.0817
-30.9717
-30.8543
-30.7312
-30.6046
-30.4766
-30.3499
-30.2258
-30.1052
-29.9856
-29.1338
-29.1458
-29.144
-29.128
-29.0981
-29.0546
-28.9981
-28.9292
-28.8485
-28.7568
-28.6551
-28.5447
-28.4271
-28.3042
-28.1786
-28.0529
-27.9307
-27.8142
-27.7062
-27.6034
-26.9745
-26.9829
-26.9779
-26.9593
-26.9271
-26.8817
-26.8238
-26.7536
-26.6719
-26.5793
-26.4769
-26.3657
-26.2473
-26.1237
-25.9979
-25.8728
-25.7536
-25.643
-25.5475
-25.4625
-25.0306
-25.0358
-25.0281
-25.0071
-24.973
-24.9261
-24.8668
-24.7956
-24.713
-24.6196
-24.5162
-24.4039
-24.2843
-24.1592
-24.0318
-23.9054
-23.787
-23.6799
-23.5964
-23.5297
-23.2765
-23.279
-23.2687
-23.2457
-23.2098
-23.1616
-23.1011
-23.029
-22.9454
-22.8511
-22.7466
-22.6329
-22.5114
-22.3838
-22.2532
-22.1231
-22.0024
-21.8956
-21.8228
-21.7725
-21.6896
-21.69
-21.6779
-21.6533
-21.6163
-21.567
-21.5058
-21.4329
-21.3486
-21.2534
-21.1479
-21.0327
-20.9089
-20.778
-20.6426
-20.5063
-20.3791
-20.2678
-20.2055
-20.1705
-20.2498
-20.2492
-20.2365
-20.2117
-20.1748
-20.126
-20.0654
-19.9932
-19.9098
-19.8155
-19.7105
-19.5955
-19.4711
-19.3384
-19.1992
-19.0562
-18.9188
-18.7964
-18.7419
-18.7402
-18.9461
-18.9419
-18.9266
-18.9
-18.8622
-18.8132
-18.753
-18.682
-18.6001
-18.5077
-18.4049
-18.292
-18.1694
-18.0376
-17.897
-17.7496
-17.5989
-17.4546
-17.3703
-17.4122
-96.8548
-97.4691
-98.0315
-98.5853
-99.1291
-99.6515
-100.146
-100.612
-101.047
-101.451
-101.823
-102.163
-102.469
-102.743
-102.984
-103.193
-103.371
-103.52
-103.643
-103.743
-83.9846
-84.6068
-85.1956
-85.7651
-86.3149
-86.8396
-87.3359
-87.8029
-88.2401
-88.6471
-89.0232
-89.3681
-89.6816
-89.9635
-90.2142
-90.434
-90.6235
-90.7832
-90.9136
-91.0112
-74.2735
-74.8833
-75.4695
-76.0313
-76.5685
-77.0799
-77.5644
-78.0215
-78.4506
-78.8513
-79.2232
-79.566
-79.8794
-80.1633
-80.4178
-80.643
-80.839
-81.0055
-81.1419
-81.2458
-66.3478
-66.9287
-67.4899
-68.0274
-68.5401
-69.0281
-69.4913
-69.929
-70.3407
-70.726
-71.0844
-71.4159
-71.72
-71.9969
-72.2463
-72.4682
-72.6626
-72.8291
-72.9675
-73.0768
-59.3831
-59.9285
-60.4569
-60.9637
-61.4472
-61.9073
-62.3441
-62.757
-63.1455
-63.5094
-63.8482
-64.1619
-64.4502
-64.7132
-64.9507
-65.1627
-65.349
-65.5097
-65.6444
-65.7529
-53.3414
-53.8518
-54.3467
-54.8218
-55.2751
-55.7061
-56.1148
-56.5009
-56.864
-57.2038
-57.5202
-57.8131
-58.0823
-58.3279
-58.5498
-58.748
-58.9224
-59.0731
-59.1998
-59.3026
-48.1188
-48.597
-49.0605
-49.5054
-49.9295
-50.3322
-50.7135
-51.0732
-51.411
-51.7267
-52.0204
-52.292
-52.5414
-52.7686
-52.9737
-53.1567
-53.3175
-53.4562
-53.5727
-53.6671
-43.5766
-44.0262
-44.4615
-44.8787
-45.2758
-45.6523
-46.0081
-46.343
-46.657
-46.95
-47.222
-47.4731
-47.7033
-47.9127
-48.1013
-48.2692
-48.4162
-48.5426
-48.6483
-48.7334
-39.6014
-40.0259
-40.4362
-40.8288
-41.2017
-41.5544
-41.8869
-42.1992
-42.4914
-42.7634
-43.0155
-43.2477
-43.4602
-43.653
-43.8261
-43.9797
-44.1138
-44.2284
-44.3236
-44.3994
-36.1027
-36.5056
-36.8942
-37.2651
-37.6164
-37.9478
-38.2594
-38.5512
-38.8236
-39.0766
-39.3106
-39.5258
-39.7221
-39.8999
-40.059
-40.1997
-40.3219
-40.4257
-40.5111
-40.5784
-33.0074
-33.3919
-33.7618
-34.1138
-34.446
-34.7582
-35.0508
-35.3242
-35.5787
-35.8146
-36.0324
-36.2321
-36.4141
-36.5784
-36.725
-36.8541
-36.9657
-37.0598
-37.1366
-37.196
-30.2565
-30.6255
-30.9796
-31.315
-31.63
-31.9249
-32.2004
-32.457
-32.6952
-32.9157
-33.1188
-33.3048
-33.4738
-33.6261
-33.7617
-33.8806
-33.9828
-34.0684
-34.1374
-34.19
-27.8021
-28.1583
-28.4991
-28.82
-29.1195
-29.3985
-29.6581
-29.8993
-30.1227
-30.3291
-30.519
-30.6926
-30.8502
-30.9919
-31.1176
-31.2275
-31.3214
-31.3996
-31.4618
-31.5083
-25.6049
-25.951
-26.2808
-26.5887
-26.8738
-27.138
-27.3829
-27.6098
-27.8195
-28.0131
-28.1909
-28.3534
-28.5007
-28.6329
-28.75
-28.852
-28.9387
-29.0103
-29.0666
-29.1079
-23.6333
-23.972
-24.2925
-24.5882
-24.8597
-25.1098
-25.3407
-25.554
-25.7511
-25.9328
-26.0997
-26.2521
-26.3902
-26.5141
-26.6235
-26.7184
-26.7988
-26.8647
-26.9159
-26.9526
-21.8595
-22.196
-22.5089
-22.792
-23.0498
-23.2862
-23.5035
-23.7038
-23.8889
-24.0596
-24.2165
-24.3598
-24.4897
-24.6059
-24.7085
-24.7973
-24.8721
-24.9328
-24.9795
-25.0121
-20.2509
-20.5961
-20.9056
-21.1756
-21.4191
-21.6418
-21.8459
-22.0339
-22.2078
-22.3684
-22.5162
-22.6513
-22.7738
-22.8835
-22.98
-23.0633
-23.1332
-23.1895
-23.2321
-23.2612
-18.7734
-19.1338
-19.4476
-19.7071
-19.9369
-20.1463
-20.3381
-20.5152
-20.6793
-20.8313
-20.9716
-21.1002
-21.2168
-21.3211
-21.413
-21.492
-21.558
-21.6108
-21.6504
-21.6767
-17.4562
-17.8002
-18.1136
-18.3707
-18.5887
-18.7837
-18.9637
-19.1308
-19.2861
-19.4303
-19.564
-19.6869
-19.7986
-19.8986
-19.9867
-20.0624
-20.1256
-20.1761
-20.2136
-20.2382
-16.5048
-16.7734
-17.0139
-17.2661
-17.4709
-17.6401
-17.7985
-17.9489
-18.0887
-18.2184
-18.339
-18.4501
-18.551
-18.6411
-18.7202
-18.7877
-18.8435
-18.8874
-18.9192
-18.9388
-10.0539
-11.0618
-12.1889
-13.4321
-14.8063
-16.3294
-18.0204
-19.901
-21.998
-24.3434
-26.9767
-29.9469
-33.3162
-37.1643
-41.5973
-46.7561
-52.7684
-59.7308
-68.5707
-80.8202
-10.3553
-11.375
-12.5099
-13.7626
-15.1481
-16.6839
-18.389
-20.2855
-22.4004
-24.766
-27.4223
-30.4189
-33.8185
-37.7015
-42.1748
-47.3795
-53.4427
-60.4565
-69.3396
-81.6129
-10.6599
-11.6912
-12.834
-14.0966
-15.4938
-17.0426
-18.7621
-20.6749
-22.808
-25.1944
-27.8742
-30.8976
-34.328
-38.2465
-42.7604
-48.0111
-54.1248
-61.189
-70.1107
-82.3979
-10.9669
-12.0096
-13.1604
-14.4332
-15.8423
-17.4043
-19.1385
-21.0679
-23.2196
-25.627
-28.3306
-31.3812
-34.8428
-38.797
-43.3517
-48.6483
-54.8121
-61.9273
-70.8915
-83.1994
-11.2755
-12.3294
-13.4883
-14.7716
-16.1929
-17.7684
-19.5176
-21.4637
-23.6343
-26.0629
-28.7906
-31.8686
-35.3616
-39.3517
-43.9473
-49.2898
-55.5039
-62.6709
-71.6811
-84.0158
-11.5851
-12.6501
-13.8173
-15.1113
-16.545
-18.1343
-19.8988
-21.8619
-24.0515
-26.5016
-29.2536
-32.3593
-35.8838
-39.91
-44.5467
-49.9353
-56.1997
-63.4188
-72.476
-84.8401
-11.8954
-12.9712
-14.1467
-15.4518
-16.8984
-18.5017
-20.2816
-22.2619
-24.4709
-26.9426
-29.7191
-32.8526
-36.4089
-40.4714
-45.1493
-50.5843
-56.899
-64.1697
-73.2737
-85.668
-12.2059
-13.2922
-14.4763
-15.7927
-17.2524
-18.8699
-20.6655
-22.6633
-24.8917
-27.3853
-30.1865
-33.348
-36.9362
-41.0351
-45.7544
-51.2357
-57.6006
-64.9227
-74.0729
-86.4978
-12.5163
-13.6129
-14.8056
-16.1338
-17.6068
-19.2388
-21.0503
-23.0656
-25.3136
-27.8292
-30.6552
-33.8448
-37.465
-41.6004
-46.3611
-51.8886
-58.3036
-65.6765
-74.8725
-87.3279
-12.8265
-13.9332
-15.1345
-16.4748
-17.9614
-19.608
-21.4354
-23.4684
-25.7361
-28.2738
-31.1245
-34.3423
-37.9945
-42.1663
-46.9683
-52.542
-59.0068
-66.4301
-75.6713
-88.157
-13.1366
-14.253
-15.4631
-16.8157
-18.3161
-19.9774
-21.8208
-23.8715
-26.1588
-28.7184
-31.5939
-34.8397
-38.5238
-42.7319
-47.5752
-53.1948
-59.709
-67.1821
-76.4677
-88.9834
-13.447
-14.5727
-15.7916
-17.1567
-18.6709
-20.3469
-22.2063
-24.2745
-26.5813
-29.1627
-32.0628
-35.3364
-39.0522
-43.2965
-48.1806
-53.8458
-60.409
-67.9313
-77.2605
-89.8053
-13.7583
-14.8929
-16.1204
-17.498
-19.0261
-20.7166
-22.5917
-24.6772
-27.0032
-29.6061
-32.5305
-35.8317
-39.5789
-43.8589
-48.7836
-54.4939
-61.1055
-68.6763
-78.0482
-90.6214
-14.0718
-15.2145
-16.4502
-17.8402
-19.3817
-21.0864
-22.9768
-25.0792
-27.424
-30.048
-32.9962
-36.3245
-40.1027
-44.4181
-49.3829
-55.1379
-61.7973
-69.4157
-78.8294
-91.4302
-14.389
-15.5389
-16.7821
-18.1839
-19.7382
-21.4564
-23.3614
-25.4801
-27.8431
-30.4876
-33.4591
-36.814
-40.6227
-44.9729
-49.9772
-55.7762
-62.4828
-70.1483
-79.6029
-92.2306
-14.7124
-15.8676
-17.1166
-18.529
-20.0954
-21.8262
-23.7451
-25.8793
-28.2597
-30.924
-33.9182
-37.299
-41.1375
-45.5219
-50.565
-56.4073
-63.1604
-70.8724
-80.3676
-93.0217
-15.0454
-16.2034
-17.4554
-18.8765
-20.4533
-22.1956
-24.1272
-26.2758
-28.6728
-31.3561
-34.3721
-37.7781
-41.6457
-46.0635
-51.1447
-57.0295
-63.8282
-71.5865
-81.1227
-93.8033
-15.3887
-16.5428
-17.794
-19.2229
-20.8099
-22.5629
-24.5063
-26.6684
-29.081
-31.7824
-34.8194
-38.2499
-42.1457
-46.5962
-51.7146
-57.6407
-64.4841
-72.288
-81.8666
-94.5764
-15.7534
-16.8912
-18.1341
-19.5694
-21.1654
-22.9271
-24.8807
-27.0552
-29.4825
-32.2012
-35.2584
-38.7125
-42.6357
-47.1179
-52.2724
-58.2387
-65.1251
-72.974
-82.5981
-95.3436
-16.1002
-17.1983
-18.4531
-19.9087
-21.5157
-23.2852
-25.2481
-27.4342
-29.8754
-32.6105
-35.6871
-39.164
-43.1138
-47.6266
-52.8161
-58.821
-65.748
-73.6381
-83.3085
-96.1081
-5.62319
-6.28682
-7.196
-8.2594
-9.44272
-10.7575
-12.2223
-13.8551
-15.6764
-17.7112
-19.9907
-22.5537
-25.4494
-28.7425
-32.523
-36.9175
-42.0506
-48.046
-55.9296
-67.4646
-5.8296
-6.53317
-7.46393
-8.51965
-9.69102
-10.9985
-12.46
-14.0921
-15.9152
-17.9543
-20.2404
-22.8126
-25.7207
-29.0298
-32.8307
-37.2513
-42.4164
-48.4466
-56.3594
-67.9079
-5.92466
-6.69961
-7.66372
-8.73335
-9.91344
-11.2278
-12.6949
-14.3323
-16.1613
-18.2076
-20.5029
-23.0865
-26.0089
-29.3358
-33.159
-37.6068
-42.8048
-48.87
-56.8076
-68.3555
-6.05946
-6.86217
-7.844
-8.92882
-10.1228
-11.4493
-12.9267
-14.5736
-16.412
-18.4685
-20.7753
-23.3725
-26.311
-29.6575
-33.5044
-37.9808
-43.2128
-49.3158
-57.2863
-68.8467
-6.21939
-7.03423
-8.02882
-9.12645
-10.333
-11.6713
-13.1601
-14.8181
-16.668
-18.7367
-21.0569
-23.6694
-26.6258
-29.9935
-33.8656
-38.3722
-43.6399
-49.7839
-57.7946
-69.3791
-6.38148
-7.21127
-8.21912
-9.32893
-10.5474
-11.8976
-13.3982
-15.0683
-16.9308
-19.013
-21.3481
-23.9774
-26.9532
-30.3436
-34.2427
-38.7813
-44.0864
-50.2734
-58.3279
-69.9421
-6.54905
-7.39505
-8.41525
-9.53672
-10.7672
-12.1296
-13.6426
-15.3255
-17.2015
-19.2983
-21.6494
-24.2967
-27.2933
-30.708
-34.6356
-39.2078
-44.5523
-50.7837
-58.8834
-70.5302
-6.72943
-7.58955
-8.62021
-9.75236
-10.9944
-12.369
-13.8946
-15.5908
-17.4809
-19.5931
-21.9612
-24.6277
-27.6462
-31.0864
-35.0441
-39.6515
-45.0368
-51.314
-59.4601
-71.1416
-6.92406
-7.79644
-8.83616
-9.97803
-11.231
-12.6174
-14.1556
-15.8652
-17.7699
-19.8979
-22.2838
-24.9704
-28.0119
-31.4788
-35.4678
-40.112
-45.5396
-51.8638
-60.0577
-71.7754
-7.1317
-8.01565
-9.06365
-10.2146
-11.478
-12.8758
-14.4264
-16.1495
-18.069
-20.2134
-22.6176
-25.3249
-28.3903
-31.8851
-35.9066
-40.5887
-46.06
-52.4326
-60.6753
-72.4305
-7.35147
-8.24677
-9.30254
-10.462
-11.7355
-13.1445
-14.7074
-16.4441
-18.3785
-20.5397
-22.9627
-25.6915
-28.7816
-32.3051
-36.3601
-41.0814
-46.5976
-53.0197
-61.3122
-73.1057
-7.58293
-8.48942
-9.55255
-10.7203
-12.0036
-13.4236
-14.9988
-16.7491
-18.6987
-20.8768
-23.3192
-26.07
-29.1855
-32.7385
-36.8282
-41.5896
-47.1519
-53.6246
-61.9675
-73.7999
-7.82548
-8.74301
-9.81321
-10.989
-12.2819
-13.713
-15.3004
-17.0644
-19.0293
-21.2248
-23.6868
-26.4602
-29.6018
-33.1852
-37.3103
-42.113
-47.7223
-54.2465
-62.6405
-74.5121
-8.07827
-9.0068
-10.0839
-11.2676
-12.5702
-14.0122
-15.6119
-17.3897
-19.3702
-21.5833
-24.0654
-26.8619
-30.0302
-33.6446
-37.806
-42.6509
-48.3083
-54.8848
-63.3306
-75.2415
-8.34033
-9.27989
-10.3638
-11.5555
-12.8678
-14.3208
-15.9329
-17.7247
-19.721
-21.952
-24.4546
-27.2745
-30.4701
-34.1164
-38.3148
-43.2027
-48.9091
-55.5389
-64.0371
-75.9877
-8.61068
-9.56134
-10.6522
-11.8519
-13.1739
-14.6381
-16.2627
-18.0687
-20.0811
-22.3303
-24.8537
-27.6977
-30.9211
-34.5998
-38.836
-43.7677
-49.524
-56.208
-64.7594
-76.7501
-8.88835
-9.85023
-10.948
-12.1559
-13.4879
-14.9634
-16.6008
-18.4211
-20.4498
-22.7177
-25.2624
-28.1308
-31.3825
-35.0942
-39.3689
-44.3451
-50.1521
-56.8914
-65.4972
-77.5288
-9.1724
-10.1456
-11.2505
-12.4668
-13.8089
-15.2959
-16.9463
-18.7814
-20.8267
-23.1135
-25.6798
-28.5731
-31.8537
-35.5989
-39.9126
-44.934
-50.7922
-57.5877
-66.2499
-78.3244
-9.4619
-10.4465
-11.5586
-12.7836
-14.1362
-15.635
-17.2986
-19.1486
-21.2109
-23.5169
-26.1052
-29.0238
-32.3337
-36.1129
-40.4661
-45.5331
-51.4429
-58.2954
-67.0166
-79.1385
-9.75601
-10.7522
-11.8718
-13.1057
-14.4689
-15.9798
-17.657
-19.5222
-21.6017
-23.9273
-26.5379
-29.4822
-32.8217
-36.6353
-41.0285
-46.1413
-52.1027
-59.0111
-67.7929
-79.9734
-5.03799
-4.73358
-4.55698
-4.42823
-4.33057
-4.25195
-4.19056
-4.14395
-4.11131
-4.09184
-4.08506
-4.09055
-4.108
-4.1371
-4.1776
-4.22925
-4.29183
-4.36511
-4.44893
-4.54324
-5.93543
-5.67642
-5.47765
-5.33313
-5.22309
-5.13647
-5.06927
-5.01843
-4.98267
-4.96091
-4.95249
-4.95689
-4.97369
-5.00255
-5.04317
-5.09527
-5.15859
-5.23286
-5.31789
-5.41363
-6.88839
-6.65761
-6.46196
-6.31135
-6.19308
-6.10017
-6.0281
-5.97382
-5.93568
-5.91243
-5.90327
-5.90758
-5.92487
-5.95474
-5.99683
-6.05085
-6.11649
-6.19347
-6.28153
-6.38064
-7.98129
-7.75663
-7.56299
-7.40751
-7.28175
-7.18173
-7.10346
-7.0442
-7.00215
-6.976
-6.96481
-6.96788
-6.98463
-7.0146
-7.0574
-7.11267
-7.18008
-7.25928
-7.35
-7.45222
-9.18982
-8.9698
-8.77729
-8.61793
-8.48637
-8.38018
-8.29616
-8.23204
-8.18604
-8.15685
-8.14349
-8.14516
-8.16125
-8.19124
-8.23468
-8.29118
-8.36035
-8.44181
-8.53526
-8.6407
-10.5201
-10.3052
-10.1143
-9.95217
-9.81621
-9.70495
-9.616
-9.54751
-9.49789
-9.46589
-9.45052
-9.45097
-9.46657
-9.49676
-9.54106
-9.59903
-9.67025
-9.75429
-9.85083
-9.95988
-11.9927
-11.7813
-11.5916
-11.4274
-11.2878
-11.1721
-11.0787
-11.0062
-10.9532
-10.9185
-10.9012
-10.9006
-10.9158
-10.9464
-10.9917
-11.0514
-11.125
-11.212
-11.312
-11.4251
-13.6287
-13.4187
-13.229
-13.0626
-12.9196
-12.7998
-12.7023
-12.6259
-12.5695
-12.5323
-12.5132
-12.5114
-12.5264
-12.5575
-12.6041
-12.6658
-12.742
-12.8323
-12.9363
-13.054
-15.45
-15.2394
-15.0483
-14.8791
-14.7325
-14.6086
-14.507
-14.4267
-14.3671
-14.3272
-14.3063
-14.3036
-14.3184
-14.3501
-14.3982
-14.4622
-14.5415
-14.6355
-14.7439
-14.8669
-17.4822
-17.269
-17.075
-16.9021
-16.7513
-16.623
-16.517
-16.4328
-16.3697
-16.3271
-16.3043
-16.3005
-16.3152
-16.3477
-16.3975
-16.464
-16.5466
-16.6448
-16.7581
-16.8869
-19.7566
-19.5386
-19.3398
-19.1619
-19.0059
-18.8725
-18.7616
-18.6729
-18.606
-18.5604
-18.5354
-18.5304
-18.5448
-18.5781
-18.6296
-18.6988
-18.7851
-18.8878
-19.0066
-19.1418
-22.3117
-22.0864
-21.8807
-21.696
-21.5334
-21.3936
-21.2768
-21.1828
-21.1114
-21.062
-21.0343
-21.0277
-21.0416
-21.0753
-21.1285
-21.2004
-21.2904
-21.3978
-21.5224
-21.6644
-25.1965
-24.9611
-24.7457
-24.5518
-24.3806
-24.2326
-24.1083
-24.0075
-23.9303
-23.8762
-23.8448
-23.8357
-23.8482
-23.8819
-23.9362
-24.0105
-24.1041
-24.2162
-24.3465
-24.4956
-28.4751
-28.2258
-27.9974
-27.7912
-27.6084
-27.4497
-27.3155
-27.2059
-27.1209
-27.0603
-27.0236
-27.0105
-27.0204
-27.0529
-27.1074
-27.1832
-27.2797
-27.3959
-27.5316
-27.6875
-32.2365
-31.9688
-31.7229
-31.5003
-31.3021
-31.1291
-30.9817
-30.8603
-30.7647
-30.6949
-30.6505
-30.6312
-30.6365
-30.6659
-30.7188
-30.7946
-30.8926
-31.0118
-31.1519
-31.3135
-36.6063
-36.3145
-36.0457
-35.8013
-35.5828
-35.3907
-35.2258
-35.0884
-34.9784
-34.8957
-34.8402
-34.8114
-34.809
-34.8323
-34.881
-34.9545
-35.0518
-35.1719
-35.3142
-35.4794
-41.7086
-41.3862
-41.0878
-40.815
-40.5696
-40.3525
-40.1645
-40.0056
-39.8761
-39.7759
-39.7045
-39.6619
-39.6474
-39.6608
-39.7013
-39.7686
-39.8616
-39.9793
-40.1206
-40.2862
-47.6672
-47.3061
-46.9688
-46.6593
-46.3797
-46.1309
-45.9134
-45.7273
-45.5726
-45.4491
-45.3565
-45.2946
-45.2629
-45.261
-45.2884
-45.3443
-45.4282
-45.5395
-45.677
-45.8399
-55.4996
-55.085
-54.6982
-54.345
-54.0258
-53.7407
-53.4894
-53.2718
-53.0874
-52.9362
-52.818
-52.7324
-52.679
-52.6576
-52.6674
-52.7078
-52.7793
-52.8834
-53.0195
-53.1797
-66.9495
-66.4681
-66.0339
-65.6421
-65.289
-64.9727
-64.6921
-64.4467
-64.2362
-64.0604
-63.9191
-63.8123
-63.7396
-63.7009
-63.6958
-63.724
-63.7876
-63.8914
-64.0359
-64.1972
-4.64783
-4.76202
-4.88573
-5.01875
-5.1609
-5.31198
-5.47177
-5.64001
-5.81637
-6.00044
-6.19171
-6.38925
-6.59131
-6.79549
-6.99969
-7.19971
-7.38103
-7.52425
-7.63011
-7.72613
-5.5199
-5.63599
-5.76179
-5.89705
-6.04155
-6.19505
-6.35727
-6.52791
-6.70657
-6.89274
-7.08573
-7.28453
-7.48754
-7.69239
-7.89613
-8.09564
-8.28511
-8.44693
-8.5576
-8.68107
-6.49066
-6.61078
-6.7409
-6.88073
-7.03002
-7.18849
-7.3558
-7.5316
-7.71541
-7.90667
-8.10458
-8.30807
-8.51561
-8.72507
-8.93374
-9.13898
-9.33753
-9.51904
-9.67099
-9.83673
-7.56578
-7.6898
-7.82417
-7.96856
-8.12268
-8.28619
-8.45874
-8.63989
-8.82911
-9.02577
-9.22903
-9.43776
-9.65049
-9.86529
-10.0799
-10.2921
-10.4991
-10.6951
-10.8797
-11.0822
-8.75796
-8.88604
-9.02484
-9.17399
-9.33316
-9.50198
-9.68004
-9.86685
-10.0619
-10.2643
-10.4735
-10.6881
-10.9069
-11.1281
-11.3499
-11.5706
-11.7877
-11.9982
-12.2067
-12.4334
-10.0813
-10.2139
-10.3576
-10.5121
-10.6769
-10.8516
-11.0358
-11.229
-11.4306
-11.6398
-11.8557
-12.0774
-12.3035
-12.5326
-12.7633
-12.9941
-13.2233
-13.4498
-13.6787
-13.9231
-11.5512
-11.6889
-11.8382
-11.9986
-12.1697
-12.3512
-12.5424
-12.7429
-12.952
-13.169
-13.393
-13.6231
-13.858
-14.0966
-14.3378
-14.5804
-14.8234
-15.0667
-15.3148
-15.5756
-13.1854
-13.3288
-13.4844
-13.6515
-13.8299
-14.0189
-14.2181
-14.427
-14.6448
-14.8708
-15.1043
-15.3443
-15.5897
-15.8396
-16.093
-16.3491
-16.6073
-16.8681
-17.1349
-17.4126
-15.0041
-15.1541
-15.3167
-15.4915
-15.6779
-15.8756
-16.084
-16.3024
-16.5303
-16.7669
-17.0113
-17.2629
-17.5206
-17.7836
-18.0511
-18.3225
-18.5975
-18.8766
-19.1624
-19.4583
-17.0308
-17.1881
-17.3586
-17.542
-17.7377
-17.9451
-18.1639
-18.3933
-18.6327
-18.8814
-19.1386
-19.4036
-19.6754
-19.9535
-20.2371
-20.5258
-20.8193
-21.1181
-21.4241
-21.7397
-19.293
-19.4583
-19.6377
-19.8306
-20.0365
-20.255
-20.4855
-20.7272
-20.9797
-21.2422
-21.514
-21.7943
-22.0824
-22.3777
-22.6795
-22.9875
-23.3015
-23.6218
-23.9496
-24.2871
-21.8236
-21.9976
-22.1865
-22.3899
-22.6071
-22.8377
-23.0812
-23.3368
-23.6039
-23.882
-24.1701
-24.4678
-24.7742
-25.0888
-25.4111
-25.7407
-26.0774
-26.4211
-26.7728
-27.1346
-24.6629
-24.8461
-25.0451
-25.2595
-25.4889
-25.7326
-25.9901
-26.2608
-26.544
-26.8392
-27.1455
-27.4624
-27.7892
-28.1254
-28.4704
-28.8238
-29.1853
-29.5547
-29.9328
-30.3214
-27.8629
-28.055
-28.2641
-28.4898
-28.7316
-28.989
-29.2613
-29.548
-29.8484
-30.1619
-30.4879
-30.8256
-31.1745
-31.5341
-31.9038
-32.2832
-32.6719
-33.0692
-33.476
-33.8941
-31.4959
-31.6962
-31.9147
-32.1512
-32.405
-32.6758
-32.963
-33.2659
-33.5839
-33.9164
-34.2628
-34.6224
-34.9946
-35.3789
-35.7748
-36.1819
-36.5995
-37.0269
-37.4644
-37.9142
-35.6669
-35.8732
-36.0994
-36.3448
-36.6093
-36.8923
-37.1932
-37.5114
-37.8464
-38.1975
-38.564
-38.9454
-39.3411
-39.7505
-40.1732
-40.6088
-41.0565
-41.5152
-41.9847
-42.467
-40.4754
-40.6845
-40.9147
-41.1658
-41.4376
-41.7298
-42.0417
-42.3729
-42.7225
-43.0901
-43.4749
-43.8764
-44.294
-44.7273
-45.1756
-45.6387
-46.1157
-46.6053
-47.1066
-47.6211
-46.0262
-46.2322
-46.4601
-46.711
-46.9849
-47.2813
-47.5997
-47.9392
-48.2993
-48.6791
-49.078
-49.4956
-49.9313
-50.3845
-50.8547
-51.3413
-51.8441
-52.3626
-52.8956
-53.4421
-53.3517
-53.543
-53.7593
-54.0026
-54.272
-54.5667
-54.8854
-55.2273
-55.5914
-55.9772
-56.384
-56.8113
-57.2586
-57.7256
-58.2115
-58.716
-59.2403
-59.7879
-60.3584
-60.9386
-64.3296
-64.4924
-64.692
-64.9243
-65.1861
-65.475
-65.7897
-66.1288
-66.4917
-66.8776
-67.2861
-67.7169
-68.1698
-68.6449
-69.1417
-69.6606
-70.2055
-70.7854
-71.4018
-72.0153
-72.5492
-61.5089
-53.9994
-48.1485
-42.9615
-38.3755
-34.3233
-30.7207
-27.5066
-24.6346
-22.0656
-19.765
-17.7026
-15.8513
-14.1876
-12.6896
-11.3343
-10.1018
-9.00721
-8.08021
-73.1043
-62.0826
-54.5626
-48.6838
-43.4639
-38.8445
-34.76
-31.1274
-27.8862
-24.99
-22.3996
-20.0804
-18.0018
-16.1368
-14.4616
-12.9545
-11.5945
-10.3684
-9.2948
-8.36727
-73.6922
-62.67
-55.1356
-49.2291
-43.9759
-39.3223
-35.2052
-31.5425
-28.274
-25.3536
-22.742
-20.4043
-18.3098
-16.4313
-14.7447
-13.2284
-11.8621
-10.6323
-9.54895
-8.5943
-74.3066
-63.2753
-55.7211
-49.7851
-44.4976
-39.8092
-35.6588
-31.9655
-28.6695
-25.7249
-23.092
-20.7358
-18.6252
-16.7328
-15.0341
-13.5074
-12.1324
-10.8945
-9.79882
-8.82541
-74.9428
-63.8977
-56.3196
-50.3519
-45.029
-40.3047
-36.1205
-32.3962
-29.0726
-26.1035
-23.4492
-21.0744
-18.9475
-17.0409
-15.3297
-13.7918
-12.4066
-11.1587
-10.0504
-9.06207
-75.5975
-64.5361
-56.931
-50.9295
-45.5697
-40.8087
-36.59
-32.8343
-29.4826
-26.4889
-23.8131
-21.4194
-19.2761
-17.355
-15.6309
-14.0815
-12.6859
-11.4284
-10.3088
-9.30808
-76.2686
-65.1889
-57.5546
-51.5173
-46.1193
-41.3207
-37.0667
-33.2791
-29.8991
-26.8806
-24.183
-21.7704
-19.6106
-17.6748
-15.9378
-14.3767
-12.9707
-11.7037
-10.5736
-9.5617
-76.9546
-65.8551
-58.1895
-52.1147
-46.6771
-41.84
-37.5501
-33.7302
-30.3216
-27.278
-24.5586
-22.1269
-19.9504
-18
-16.2499
-14.6772
-13.2608
-11.9846
-10.8445
-9.82196
-77.6541
-66.5333
-58.8348
-52.721
-47.2426
-42.366
-38.0397
-34.187
-30.7495
-27.6806
-24.9392
-22.4884
-20.2951
-18.33
-16.5669
-14.9824
-13.5558
-12.2704
-11.1204
-10.0876
-78.3661
-67.2225
-59.4896
-53.3353
-47.815
-42.898
-38.5346
-34.6487
-31.182
-28.0877
-25.3242
-22.8542
-20.6442
-18.6643
-16.8881
-15.292
-13.855
-12.5603
-11.4005
-10.3576
-79.0893
-67.9216
-60.1527
-53.9566
-48.3933
-43.4352
-39.0342
-35.1148
-31.6187
-28.4988
-25.7132
-23.2239
-20.997
-19.0023
-17.213
-15.6052
-14.1578
-12.8536
-11.6839
-10.631
-79.823
-68.6297
-60.8233
-54.584
-48.9767
-43.9768
-39.5377
-35.5845
-32.0588
-28.9132
-26.1053
-23.5967
-21.3529
-19.3434
-17.5409
-15.9213
-14.4634
-13.1497
-11.97
-10.9072
-80.5662
-69.3455
-61.5002
-55.2166
-49.5643
-44.5218
-40.0442
-36.0569
-32.5015
-29.3302
-26.5
-23.972
-21.7114
-19.687
-17.8712
-16.2398
-14.7713
-13.4479
-12.2581
-11.1855
-81.3179
-70.0681
-62.1823
-55.8532
-50.1551
-45.0696
-40.553
-36.5315
-32.9462
-29.7491
-26.8966
-24.3492
-22.0717
-20.0324
-18.2034
-16.5601
-15.0809
-13.7475
-12.5475
-11.4652
-82.077
-70.796
-62.8684
-56.4929
-50.7482
-45.619
-41.0633
-37.0072
-33.3921
-30.1692
-27.2944
-24.7277
-22.4333
-20.3791
-18.5368
-16.8816
-15.3915
-14.0482
-12.8379
-11.7461
-82.8426
-71.528
-63.5573
-57.1344
-51.3424
-46.1691
-41.5739
-37.4834
-33.8384
-30.5897
-27.6927
-25.1068
-22.7955
-20.7265
-18.871
-17.2037
-15.7028
-14.3494
-13.1287
-12.0276
-83.616
-72.264
-64.2479
-57.7765
-51.9364
-46.7186
-42.0838
-37.9588
-34.284
-31.0098
-28.0907
-25.4857
-23.1578
-21.0739
-19.2052
-17.5261
-16.0143
-14.6507
-13.4196
-12.3094
-84.4017
-73.005
-64.9387
-58.4171
-52.5285
-47.2661
-42.5918
-38.4325
-34.7282
-31.4286
-28.4877
-25.8638
-23.5193
-21.4208
-19.539
-17.848
-16.3254
-14.9516
-13.7103
-12.5913
-85.199
-73.7495
-65.6283
-59.0551
-53.118
-47.8111
-43.0975
-38.9041
-35.1705
-31.8458
-28.8833
-26.2406
-23.8797
-21.7667
-19.8718
-18.1691
-16.6357
-15.2518
-14.0003
-12.8729
-85.9825
-74.4882
-66.3148
-59.6905
-53.7053
-48.3544
-43.6016
-39.3742
-35.6115
-32.2617
-29.2777
-26.6163
-24.239
-22.1116
-20.2038
-18.4893
-16.9453
-15.5512
-14.2895
-13.1542
-10.2387
-6.78899
-4.69892
-3.20494
-2.21077
-1.51476
-1.03196
-0.69842
-0.471239
-0.320067
-0.2229
-0.163633
-0.130437
-0.11463
-0.109879
-0.1116
-0.116516
-0.122336
-0.127524
-0.131147
-0.132763
-0.132365
-0.130345
-0.127575
-0.125448
-0.126105
-0.132134
-0.146487
-0.171174
-0.207361
-0.253322
-0.306323
-0.359145
-0.403716
-0.426989
-0.414825
-0.3677
-0.265756
-0.175678
-0.0150614
-10.5187
-6.99525
-4.86394
-3.33495
-2.312
-1.59557
-1.09671
-0.750942
-0.514243
-0.355588
-0.25245
-0.188356
-0.151208
-0.132134
-0.124665
-0.124115
-0.12713
-0.131361
-0.135224
-0.13775
-0.138463
-0.137332
-0.134722
-0.131483
-0.12898
-0.129307
-0.134988
-0.148886
-0.172917
-0.208154
-0.252848
-0.30423
-0.355244
-0.397887
-0.41975
-0.40677
-0.360324
-0.260016
-0.17224
-0.0144513
-10.7989
-7.20544
-5.03276
-3.46856
-2.41578
-1.67818
-1.16269
-0.804212
-0.557655
-0.391278
-0.28201
-0.212988
-0.171833
-0.149469
-0.13928
-0.13647
-0.137603
-0.140268
-0.142831
-0.144282
-0.144113
-0.142265
-0.139077
-0.135376
-0.132493
-0.132482
-0.1378
-0.151222
-0.17458
-0.208857
-0.25229
-0.302074
-0.351327
-0.392106
-0.412625
-0.398895
-0.353131
-0.254451
-0.168894
-0.0138822
-11.0797
-7.41942
-5.20535
-3.60591
-2.52229
-1.76271
-1.22999
-0.858315
-0.601544
-0.42719
-0.311622
-0.237564
-0.192339
-0.166656
-0.153739
-0.148676
-0.147945
-0.149064
-0.150349
-0.150747
-0.149715
-0.147165
-0.143411
-0.13925
-0.135988
-0.135629
-0.14057
-0.153498
-0.176166
-0.209477
-0.251655
-0.299869
-0.347405
-0.386386
-0.405625
-0.391208
-0.346127
-0.249059
-0.16564
-0.0133533
-11.3612
-7.63712
-5.38164
-3.74717
-2.6317
-1.84928
-1.29873
-0.913345
-0.645981
-0.463383
-0.341331
-0.262119
-0.212755
-0.183716
-0.16806
-0.160748
-0.158165
-0.157757
-0.157784
-0.157148
-0.155271
-0.152033
-0.147721
-0.143107
-0.139462
-0.138747
-0.143296
-0.155714
-0.17768
-0.21002
-0.250953
-0.297624
-0.34349
-0.380738
-0.398758
-0.383711
-0.339311
-0.243839
-0.162475
-0.012864
-11.6435
-7.85856
-5.56159
-3.89252
-2.74424
-1.93805
-1.36904
-0.969405
-0.691048
-0.499916
-0.371183
-0.286689
-0.233107
-0.200672
-0.182259
-0.172698
-0.168272
-0.166353
-0.16514
-0.163489
-0.160782
-0.15687
-0.15201
-0.146945
-0.142916
-0.141835
-0.145979
-0.157872
-0.179125
-0.210492
-0.250192
-0.295351
-0.339593
-0.375173
-0.392031
-0.37641
-0.332686
-0.238789
-0.159397
-0.012414
-11.9269
-8.08397
-5.74525
-4.0422
-2.86018
-2.02921
-1.44106
-1.02661
-0.736828
-0.536856
-0.40123
-0.311313
-0.253426
-0.217545
-0.196354
-0.184539
-0.178278
-0.17486
-0.172423
-0.169773
-0.166251
-0.161676
-0.156275
-0.150764
-0.146348
-0.144894
-0.148621
-0.159976
-0.180505
-0.2109
-0.249381
-0.293059
-0.335724
-0.369698
-0.38545
-0.369307
-0.326249
-0.233907
-0.156404
-0.0120029
-12.2116
-8.3138
-5.93267
-4.19634
-2.97978
-2.12293
-1.51492
-1.08507
-0.783416
-0.574274
-0.431526
-0.336032
-0.273744
-0.234361
-0.210362
-0.196284
-0.18819
-0.183285
-0.179638
-0.176002
-0.17168
-0.166452
-0.160518
-0.154562
-0.149757
-0.147923
-0.151221
-0.162026
-0.181825
-0.21125
-0.248528
-0.290758
-0.331892
-0.364323
-0.379022
-0.362403
-0.32
-0.22919
-0.153495
-0.01163
-12.4982
-8.5484
-6.1235
-4.35471
-3.10309
-2.21931
-1.59073
-1.1449
-0.830901
-0.612241
-0.462125
-0.360889
-0.294092
-0.251142
-0.224302
-0.207947
-0.198021
-0.191634
-0.186788
-0.18218
-0.177069
-0.171199
-0.164739
-0.158341
-0.153143
-0.150922
-0.15378
-0.164025
-0.183089
-0.211548
-0.24764
-0.288456
-0.328106
-0.359054
-0.372751
-0.3557
-0.313939
-0.224635
-0.150668
-0.0112949
-12.7866
-8.78732
-6.31671
-4.51672
-3.23005
-2.31841
-1.66858
-1.20618
-0.879365
-0.650825
-0.493082
-0.385926
-0.314503
-0.267914
-0.238192
-0.219542
-0.207778
-0.199915
-0.193879
-0.18831
-0.18242
-0.175917
-0.168936
-0.162098
-0.156506
-0.15389
-0.156299
-0.165976
-0.184301
-0.211799
-0.246725
-0.28616
-0.324375
-0.353898
-0.366639
-0.349197
-0.308062
-0.22024
-0.14792
-0.0109971
-13.0758
-9.02987
-6.51193
-4.68254
-3.36115
-2.4206
-1.74867
-1.26907
-0.928913
-0.690103
-0.524455
-0.411185
-0.335009
-0.284701
-0.252051
-0.231082
-0.217472
-0.208135
-0.200916
-0.194395
-0.187736
-0.180607
-0.173111
-0.165834
-0.159845
-0.156828
-0.15878
-0.16788
-0.185464
-0.212011
-0.24579
-0.28388
-0.320704
-0.348861
-0.360691
-0.342896
-0.302369
-0.216001
-0.145249
-0.0107358
-13.3646
-9.27871
-6.71271
-4.85491
-3.4983
-2.527
-1.83162
-1.33391
-0.979767
-0.730215
-0.556334
-0.43673
-0.355653
-0.301533
-0.265899
-0.242581
-0.227114
-0.2163
-0.207903
-0.200438
-0.193018
-0.18527
-0.177263
-0.169549
-0.16316
-0.159736
-0.161223
-0.169741
-0.186583
-0.212187
-0.24484
-0.281621
-0.3171
-0.343946
-0.354909
-0.336794
-0.296855
-0.211915
-0.142652
-0.0105106
-13.6566
-9.54272
-6.92556
-5.03711
-3.64337
-2.63879
-1.91816
-1.40121
-1.03225
-0.771376
-0.588863
-0.462655
-0.376501
-0.318455
-0.279768
-0.254063
-0.236718
-0.224422
-0.214848
-0.206443
-0.198268
-0.189907
-0.181393
-0.173242
-0.166452
-0.162615
-0.16363
-0.17156
-0.187661
-0.212333
-0.243883
-0.27939
-0.313569
-0.339158
-0.349293
-0.330891
-0.29152
-0.207978
-0.140128
-0.0103207
-13.959
-9.82477
-7.1463
-5.2236
-3.79287
-2.75431
-2.00758
-1.47069
-1.08631
-0.813609
-0.622087
-0.489008
-0.397592
-0.335499
-0.293683
-0.265545
-0.246299
-0.232509
-0.221756
-0.212415
-0.203489
-0.19452
-0.185501
-0.176915
-0.16972
-0.165465
-0.166002
-0.173342
-0.188704
-0.212452
-0.242923
-0.27719
-0.310117
-0.334499
-0.343845
-0.325186
-0.286354
-0.204188
-0.137675
-0.0101663
-14.2616
-10.096
-7.34643
-5.39451
-3.9353
-2.86722
-2.09628
-1.5403
-1.14079
-0.856268
-0.655641
-0.515577
-0.418804
-0.352591
-0.307597
-0.276997
-0.255836
-0.240548
-0.228618
-0.218345
-0.208676
-0.199104
-0.189585
-0.180565
-0.172963
-0.168286
-0.168341
-0.175087
-0.189713
-0.212552
-0.241965
-0.275029
-0.306743
-0.329972
-0.338563
-0.319672
-0.281363
-0.200538
-0.135289
-0.0100452
-14.52
-10.3182
-7.50811
-5.54287
-4.06751
-2.97534
-2.18247
-1.60869
-1.19474
-0.898693
-0.689072
-0.542057
-0.439925
-0.369585
-0.321407
-0.288345
-0.265273
-0.248497
-0.235402
-0.22421
-0.213809
-0.203645
-0.193635
-0.184185
-0.176179
-0.17108
-0.170651
-0.176802
-0.190697
-0.212639
-0.241015
-0.27291
-0.303452
-0.325575
-0.333444
-0.314347
-0.276536
-0.197026
-0.132967
-0.00995735
-14.7432
-10.5681
-7.714
-5.72915
-4.22735
-3.10133
-2.27961
-1.68383
-1.25288
-0.943723
-0.724113
-0.569523
-0.46164
-0.386924
-0.335406
-0.299786
-0.274746
-0.256451
-0.242174
-0.230056
-0.218921
-0.208165
-0.197663
-0.187783
-0.179371
-0.173845
-0.172927
-0.178485
-0.191654
-0.212715
-0.240081
-0.270843
-0.300255
-0.321318
-0.328496
-0.309213
-0.271874
-0.193648
-0.13071
-0.00990156
-15.1328
-11.0646
-8.1198
-6.05098
-4.47651
-3.28593
-2.41471
-1.78343
-1.32687
-0.999087
-0.765947
-0.601499
-0.486383
-0.406321
-0.350823
-0.312216
-0.284921
-0.264907
-0.249311
-0.236169
-0.224225
-0.212819
-0.201776
-0.191422
-0.182563
-0.176576
-0.175146
-0.180101
-0.192555
-0.212762
-0.239157
-0.268838
-0.297174
-0.317233
-0.323754
-0.3043
-0.267404
-0.190418
-0.128528
-0.00987748
-15.746
-11.7261
-8.61658
-6.41829
-4.75782
-3.49654
-2.56906
-1.89669
-1.41055
-1.06129
-0.812587
-0.636855
-0.513519
-0.427428
-0.367476
-0.325555
-0.295773
-0.273879
-0.256846
-0.242589
-0.229767
-0.217651
-0.206013
-0.195135
-0.185781
-0.17929
-0.177314
-0.181646
-0.193381
-0.212748
-0.238204
-0.266851
-0.294169
-0.313286
-0.319196
-0.2996
-0.263121
-0.187339
-0.126418
-0.00988982
-15.6481
-11.7123
-8.5835
-6.40473
-4.78527
-3.54043
-2.6123
-1.93544
-1.44394
-1.08906
-0.835223
-0.655176
-0.528341
-0.439471
-0.377344
-0.333736
-0.302656
-0.27977
-0.261983
-0.247157
-0.233902
-0.221453
-0.209553
-0.198446
-0.188856
-0.182066
-0.179672
-0.183418
-0.194391
-0.212822
-0.237231
-0.26475
-0.290985
-0.309142
-0.314443
-0.29477
-0.25873
-0.184255
-0.124246
-0.00994391
-14.2886
-10.8572
-7.92566
-5.94847
-4.507
-3.37193
-2.5059
-1.86798
-1.4012
-1.06134
-0.816663
-0.642371
-0.519253
-0.432872
-0.372497
-0.330197
-0.30016
-0.278169
-0.261205
-0.247173
-0.23471
-0.223059
-0.211963
-0.201638
-0.192718
-0.186322
-0.18387
-0.186977
-0.196747
-0.213514
-0.236004
-0.2615
-0.285833
-0.302393
-0.306699
-0.287031
-0.251755
-0.179541
-0.120878
-0.010069
-12.8201
-9.97477
-7.34473
-5.56262
-4.28467
-3.25897
-2.45358
-1.85079
-1.40515
-1.07663
-0.837012
-0.664207
-0.540588
-0.45267
-0.390312
-0.345931
-0.313906
-0.290119
-0.271591
-0.25624
-0.242692
-0.230167
-0.218381
-0.20751
-0.198138
-0.191303
-0.188325
-0.190687
-0.199398
-0.214715
-0.235403
-0.258796
-0.280935
-0.295458
-0.29826
-0.278191
-0.243454
-0.173617
-0.116709
-0.0100362
-11.456
-9.15335
-6.83507
-5.21018
-4.06213
-3.13811
-2.39388
-1.82645
-1.40297
-1.08761
-0.854813
-0.684924
-0.561901
-0.473221
-0.409372
-0.363174
-0.329256
-0.303643
-0.283438
-0.266597
-0.25176
-0.238142
-0.225442
-0.213812
-0.203803
-0.196396
-0.19283
-0.194456
-0.202162
-0.216093
-0.23502
-0.256322
-0.276241
-0.288679
-0.289896
-0.269342
-0.235062
-0.167531
-0.112467
-0.0099407
-10.1447
-8.3171
-6.33385
-4.87655
-3.84357
-3.01361
-2.33107
-1.79946
-1.39808
-1.09622
-0.870649
-0.70398
-0.581806
-0.492588
-0.427447
-0.379611
-0.343959
-0.316663
-0.294912
-0.276702
-0.260689
-0.246084
-0.232573
-0.220275
-0.209702
-0.201766
-0.197609
-0.198448
-0.20506
-0.217498
-0.234556
-0.253679
-0.271312
-0.281648
-0.281281
-0.260299
-0.226502
-0.16137
-0.108134
-0.00988705
-8.92274
-7.48699
-5.82653
-4.54034
-3.6145
-2.87415
-2.25655
-1.76461
-1.38761
-1.101
-0.884097
-0.721621
-0.600916
-0.511555
-0.445363
-0.396029
-0.358723
-0.329792
-0.306523
-0.286965
-0.269795
-0.254224
-0.23992
-0.226972
-0.215844
-0.20737
-0.202591
-0.202591
-0.208041
-0.218915
-0.234036
-0.250927
-0.266237
-0.274471
-0.272528
-0.251171
-0.217863
-0.155198
-0.103737
-0.00988507
-7.79838
-6.67738
-5.31362
-4.20403
-3.38406
-2.72746
-2.17399
-1.7236
-1.37238
-1.10215
-0.895027
-0.737654
-0.619074
-0.530036
-0.463112
-0.41249
-0.373659
-0.343167
-0.318417
-0.297526
-0.279199
-0.262653
-0.247542
-0.233924
-0.222215
-0.21317
-0.207728
-0.206846
-0.21109
-0.220358
-0.233502
-0.248136
-0.261108
-0.267254
-0.263744
-0.24205
-0.209216
-0.14905
-0.0993074
-0.0099237
-6.78371
-5.91167
-4.80762
-3.86854
-3.15211
-2.5742
-2.08327
-1.67607
-1.35229
-1.09958
-0.903269
-0.75187
-0.636064
-0.547818
-0.480497
-0.428818
-0.388618
-0.356665
-0.330498
-0.308309
-0.288842
-0.271323
-0.2554
-0.241098
-0.228786
-0.219141
-0.213002
-0.211199
-0.214197
-0.221826
-0.232965
-0.24533
-0.255963
-0.260045
-0.254989
-0.232991
-0.200615
-0.142957
-0.0948711
-0.00999796
-5.88035
-5.20257
-4.31862
-3.53816
-2.92279
-2.41927
-1.9877
-1.62349
-1.32799
-1.09356
-0.908808
-0.764128
-0.651707
-0.564716
-0.497344
-0.444856
-0.403461
-0.370165
-0.34266
-0.319223
-0.298646
-0.280172
-0.263441
-0.248452
-0.235525
-0.225257
-0.21839
-0.215632
-0.217351
-0.223313
-0.23243
-0.242526
-0.250835
-0.252889
-0.246319
-0.224051
-0.192117
-0.136956
-0.0904595
-0.0101054
-5.08561
-4.55932
-3.85819
-3.21958
-2.69949
-2.26558
-1.88947
-1.56698
-1.30004
-1.08437
-0.911716
-0.774349
-0.665857
-0.580564
-0.513487
-0.460453
-0.418054
-0.383553
-0.354804
-0.330185
-0.308541
-0.289139
-0.271614
-0.25594
-0.242388
-0.23148
-0.22386
-0.220119
-0.220533
-0.224814
-0.231906
-0.23975
-0.245763
-0.245839
-0.237797
-0.215292
-0.183785
-0.131089
-0.0861075
-0.0102418
-4.39563
-3.98713
-3.4352
-2.91939
-2.48629
-2.11666
-1.7916
-1.50845
-1.26942
-1.07253
-0.912203
-0.78254
-0.678417
-0.59522
-0.528771
-0.475457
-0.432259
-0.396706
-0.366825
-0.341103
-0.318448
-0.298152
-0.279854
-0.263504
-0.249325
-0.237765
-0.229371
-0.224627
-0.223722
-0.226321
-0.231401
-0.237027
-0.240796
-0.238956
-0.229496
-0.206783
-0.175686
-0.125399
-0.0818534
-0.010401
-3.80565
-3.48825
-3.05638
-2.64395
-2.2875
-1.97567
-1.69671
-1.44972
-1.23718
-1.05861
-0.910561
-0.788784
-0.689342
-0.608573
-0.543054
-0.489719
-0.445933
-0.409492
-0.378604
-0.351871
-0.328271
-0.307128
-0.288087
-0.271076
-0.256273
-0.244055
-0.234875
-0.229118
-0.226891
-0.227822
-0.230924
-0.234387
-0.235982
-0.232303
-0.221491
-0.198595
-0.167891
-0.119929
-0.0777381
-0.0105757
-3.31012
-3.06252
-2.72578
-2.39808
-2.10683
-1.84546
-1.6072
-1.39266
-1.20453
-1.04333
-0.90718
-0.793246
-0.698642
-0.620545
-0.556215
-0.503098
-0.45893
-0.421771
-0.390011
-0.362372
-0.337905
-0.315971
-0.296223
-0.278574
-0.263158
-0.250281
-0.240314
-0.233545
-0.23001
-0.229306
-0.230485
-0.231861
-0.231372
-0.225946
-0.213859
-0.190801
-0.160472
-0.114725
-0.0738045
-0.010758
-2.90223
-2.70733
-2.44467
-2.1846
-1.94702
-1.72831
-1.52507
-1.3389
-1.17264
-1.02743
-0.902501
-0.79615
-0.706383
-0.6311
-0.568155
-0.515464
-0.471108
-0.433401
-0.400909
-0.372476
-0.347228
-0.324568
-0.30416
-0.285902
-0.269891
-0.256367
-0.24562
-0.237854
-0.233041
-0.230757
-0.23009
-0.229479
-0.22702
-0.219952
-0.206677
-0.183476
-0.153503
-0.109834
-0.0700967
-0.0109402
-2.57357
-2.4178
-2.2117
-2.00425
-1.80947
-1.62572
-1.45178
-1.28979
-1.14259
-1.01165
-0.897001
-0.797766
-0.712678
-0.640237
-0.578803
-0.526701
-0.48233
-0.444234
-0.411151
-0.382041
-0.356107
-0.332793
-0.311779
-0.292951
-0.27637
-0.262219
-0.250713
-0.241983
-0.235942
-0.232153
-0.229745
-0.227271
-0.222977
-0.21439
-0.200027
-0.176698
-0.147058
-0.105306
-0.066659
-0.0111159
-2.31447
-2.18729
-2.0235
-1.85593
-1.69431
-1.53837
-1.38825
-1.24631
-1.11524
-0.996682
-0.891151
-0.798387
-0.717672
-0.647987
-0.588108
-0.536708
-0.492459
-0.454119
-0.420579
-0.39091
-0.364389
-0.340501
-0.318943
-0.299591
-0.282477
-0.267731
-0.255503
-0.245858
-0.238663
-0.233471
-0.229451
-0.225267
-0.219299
-0.209332
-0.19399
-0.170547
-0.141215
-0.101193
-0.0635357
-0.0112805
-2.11487
-2.00827
-1.87542
-1.73733
-1.6007
-1.46623
-1.33492
-1.20911
-1.09128
-0.983104
-0.885396
-0.798308
-0.721527
-0.654402
-0.596037
-0.54539
-0.501365
-0.4629
-0.429026
-0.398913
-0.371904
-0.347528
-0.325493
-0.305675
-0.288076
-0.272781
-0.259884
-0.249396
-0.241146
-0.234682
-0.229211
-0.223496
-0.21604
-0.204852
-0.188651
-0.165108
-0.136052
-0.0975516
-0.0607713
-0.0114325
-1.96533
-1.87329
-1.76249
-1.64557
-1.52723
-1.40881
-1.29185
-1.17858
-1.07121
-0.971404
-0.880132
-0.797809
-0.724405
-0.659538
-0.602561
-0.552654
-0.508908
-0.47041
-0.436308
-0.405858
-0.378461
-0.353683
-0.331249
-0.311029
-0.293005
-0.277225
-0.263736
-0.252501
-0.243324
-0.235751
-0.229023
-0.22199
-0.213259
-0.20103
-0.184101
-0.160473
-0.131656
-0.0944451
-0.0584123
-0.0115733
-1.85805
-1.77598
-1.68029
-1.57798
-1.47245
-1.36551
-1.25898
-1.15495
-1.05543
-0.96199
-0.875705
-0.797141
-0.726452
-0.663442
-0.607642
-0.558395
-0.514933
-0.47646
-0.442215
-0.411524
-0.383837
-0.358748
-0.335998
-0.315454
-0.297081
-0.280898
-0.266914
-0.255061
-0.245119
-0.236636
-0.228885
-0.220783
-0.211023
-0.197957
-0.180446
-0.15675
-0.128124
-0.0919479
-0.0565089
-0.0117086
-1.78744
-1.71174
-1.62561
-1.53261
-1.43536
-1.33593
-1.23631
-1.13849
-1.04429
-0.955241
-0.872432
-0.796526
-0.727785
-0.66613
-0.611208
-0.562471
-0.519247
-0.480823
-0.446499
-0.415653
-0.387769
-0.362465
-0.33949
-0.318711
-0.300083
-0.283602
-0.269253
-0.256943
-0.246438
-0.237291
-0.228794
-0.219916
-0.209413
-0.195744
-0.177813
-0.154072
-0.125575
-0.0901584
-0.0551088
-0.0118529
-1.75124
-1.6787
-1.59737
-1.50906
-1.416
-1.32041
-1.22435
-1.12974
-1.03833
-0.951599
-0.87064
-0.796161
-0.728474
-0.667561
-0.613126
-0.564677
-0.521595
-0.483206
-0.448848
-0.417924
-0.389937
-0.364519
-0.341423
-0.320516
-0.301747
-0.285101
-0.270549
-0.257987
-0.24717
-0.237655
-0.228747
-0.219443
-0.20853
-0.194534
-0.176368
-0.152617
-0.124163
-0.0892151
-0.0542664
-0.0120132
-17.0137
-16.9868
-16.9508
-16.9058
-16.8517
-16.7882
-16.7154
-16.6333
-16.5419
-16.4412
-16.331
-16.2113
-16.0816
-15.942
-15.7903
-15.6274
-15.4431
-15.2492
-15.015
-14.9435
-14.7125
-14.6796
-14.6405
-14.5952
-14.5436
-14.4857
-14.4218
-14.3519
-14.2762
-14.1948
-14.1077
-14.0149
-13.9161
-13.8112
-13.6983
-13.5795
-13.4491
-13.3283
-13.2013
-13.2201
-12.7342
-12.699
-12.6601
-12.6178
-12.572
-12.5229
-12.4706
-12.4153
-12.3573
-12.2967
-12.2336
-12.1681
-12.1001
-12.0301
-11.9575
-11.8849
-11.8082
-11.7398
-11.6615
-11.6798
-11.0105
-10.9771
-10.9415
-10.904
-10.8646
-10.8234
-10.7806
-10.7364
-10.6909
-10.6444
-10.5969
-10.5486
-10.4995
-10.4499
-10.3993
-10.3484
-10.2941
-10.2446
-10.1923
-10.2191
-9.51348
-9.48356
-9.45237
-9.42005
-9.38668
-9.35241
-9.31739
-9.28179
-9.24579
-9.20955
-9.1732
-9.1369
-9.10071
-9.06482
-9.02909
-8.9944
-8.9598
-8.93115
-8.9043
-8.93394
-8.21715
-8.19125
-8.1646
-8.13731
-8.10949
-8.08125
-8.05277
-8.0242
-7.9957
-7.96745
-7.9396
-7.91232
-7.88578
-7.86023
-7.83575
-7.81287
-7.79101
-7.77323
-7.75716
-7.78084
-7.09647
-7.0747
-7.05245
-7.02981
-7.00687
-6.98374
-6.96057
-6.9375
-6.91468
-6.89226
-6.87039
-6.84923
-6.82892
-6.80964
-6.79146
-6.77468
-6.75909
-6.74663
-6.73641
-6.75413
-6.13004
-6.11221
-6.09399
-6.07543
-6.05663
-6.03767
-6.01869
-5.9998
-5.98113
-5.9628
-5.94497
-5.92775
-5.9113
-5.89576
-5.88126
-5.86805
-5.85613
-5.84657
-5.83902
-5.85015
-5.30052
-5.28625
-5.27155
-5.25647
-5.24108
-5.22546
-5.20972
-5.19396
-5.17828
-5.16281
-5.14767
-5.13296
-5.11884
-5.10541
-5.09282
-5.08121
-5.07066
-5.06174
-5.05443
-5.05923
-4.59478
-4.58355
-4.57178
-4.55952
-4.54684
-4.53379
-4.52047
-4.50696
-4.49336
-4.47976
-4.46626
-4.45298
-4.44001
-4.42748
-4.41549
-4.40416
-4.39361
-4.38413
-4.37583
-4.37504
-4.00192
-3.99313
-3.98368
-3.97362
-3.96298
-3.95183
-3.94023
-3.92827
-3.91602
-3.90356
-3.89098
-3.87837
-3.86583
-3.85344
-3.8413
-3.82953
-3.81821
-3.8075
-3.79753
-3.79199
-3.51129
-3.50438
-3.49669
-3.48826
-3.47913
-3.46934
-3.45895
-3.44803
-3.43664
-3.42485
-3.41273
-3.40036
-3.38783
-3.3752
-3.36257
-3.35001
-3.3376
-3.32546
-3.31364
-3.30435
-3.11166
-3.10613
-3.09974
-3.0925
-3.08445
-3.07564
-3.0661
-3.05589
-3.04507
-3.03369
-3.02182
-3.00952
-2.99686
-2.9839
-2.97072
-2.95739
-2.94396
-2.93052
-2.91707
-2.90504
-2.79123
-2.78671
-2.78125
-2.77488
-2.76763
-2.75952
-2.75061
-2.74094
-2.73054
-2.71948
-2.7078
-2.69556
-2.68282
-2.66963
-2.65605
-2.64215
-2.62797
-2.61358
-2.59892
-2.58512
-2.53835
-2.53453
-2.52975
-2.52402
-2.51736
-2.50981
-2.50139
-2.49215
-2.48213
-2.47137
-2.45991
-2.4478
-2.4351
-2.42185
-2.4081
-2.39391
-2.37932
-2.36438
-2.34903
-2.33418
-2.34229
-2.33897
-2.33468
-2.32943
-2.32323
-2.31612
-2.30812
-2.29927
-2.28961
-2.27916
-2.26797
-2.25608
-2.24354
-2.23039
-2.21667
-2.20244
-2.18774
-2.17259
-2.15696
-2.14158
-2.19386
-2.19089
-2.18696
-2.18206
-2.17623
-2.16948
-2.16185
-2.15335
-2.14402
-2.13389
-2.123
-2.11139
-2.09909
-2.08614
-2.0726
-2.05849
-2.04386
-2.02874
-2.01313
-1.99752
-2.08616
-2.08343
-2.07975
-2.07514
-2.0696
-2.06315
-2.05582
-2.04763
-2.03861
-2.02878
-2.01819
-2.00685
-1.99482
-1.98211
-1.96878
-1.95486
-1.94038
-1.92539
-1.90988
-1.89416
-2.0144
-2.01184
-2.00834
-2.00392
-1.9986
-1.99238
-1.98528
-1.97734
-1.96857
-1.95899
-1.94864
-1.93755
-1.92574
-1.91325
-1.90011
-1.88635
-1.87203
-1.85715
-1.84175
-1.82597
-1.97759
-1.97513
-1.97177
-1.9675
-1.96233
-1.9563
-1.94939
-1.94165
-1.93307
-1.92369
-1.91352
-1.9026
-1.89093
-1.87857
-1.86552
-1.85182
-1.8375
-1.8226
-1.80713
-1.79114
-15.7562
-16.023
-15.8981
-16.0505
-16.2182
-16.3143
-16.4008
-16.4953
-16.5852
-16.6665
-16.7411
-16.8093
-16.8697
-16.9214
-16.9639
-16.997
-17.0205
-17.0341
-17.0377
-17.0309
-14.3798
-14.5573
-14.1628
-14.1406
-14.2866
-14.3625
-14.399
-14.4507
-14.5123
-14.5683
-14.6165
-14.659
-14.6956
-14.725
-14.7468
-14.7608
-14.767
-14.7654
-14.7557
-14.7381
-12.817
-12.9633
-12.5094
-12.4113
-12.555
-12.6514
-12.6764
-12.6997
-12.7371
-12.7726
-12.7984
-12.8168
-12.8298
-12.8375
-12.8394
-12.8355
-12.826
-12.811
-12.7906
-12.765
-11.2773
-11.4451
-11.0209
-10.8848
-11.0033
-11.1034
-11.1223
-11.1216
-11.1337
-11.1498
-11.1589
-11.1608
-11.1584
-11.1527
-11.1434
-11.1303
-11.1133
-11.0927
-11.0687
-11.0412
-9.87722
-10.0588
-9.69707
-9.54066
-9.61586
-9.6998
-9.71324
-9.69839
-9.69195
-9.69342
-9.69241
-9.68592
-9.67586
-9.66369
-9.64944
-9.63276
-9.61354
-9.59188
-9.56791
-9.54174
-8.621
-8.78353
-8.48906
-8.3346
-8.3709
-8.43193
-8.44168
-8.42341
-8.40865
-8.40201
-8.39595
-8.38635
-8.37379
-8.35958
-8.34403
-8.32693
-8.3081
-8.2876
-8.26553
-8.24202
-7.48308
-7.60947
-7.37769
-7.24449
-7.25793
-7.29926
-7.3066
-7.29097
-7.27541
-7.2659
-7.258
-7.24806
-7.23583
-7.22218
-7.20753
-7.19183
-7.17494
-7.15687
-7.13771
-7.11755
-6.45468
-6.54764
-6.37196
-6.26828
-6.27237
-6.3
-6.30559
-6.29428
-6.28153
-6.27252
-6.26493
-6.25621
-6.24583
-6.23428
-6.22189
-6.2087
-6.19463
-6.17968
-6.16388
-6.14732
-5.54046
-5.60993
-5.48274
-5.40767
-5.40921
-5.42819
-5.43279
-5.42572
-5.41702
-5.41036
-5.40458
-5.39807
-5.39038
-5.38173
-5.37233
-5.36221
-5.35134
-5.3397
-5.32732
-5.31425
-4.74529
-4.7997
-4.71269
-4.66171
-4.66347
-4.6774
-4.68205
-4.67898
-4.67451
-4.67103
-4.6679
-4.66416
-4.6595
-4.65399
-4.64774
-4.64077
-4.63305
-4.62457
-4.61535
-4.60541
-4.06927
-4.11369
-4.05863
-4.02701
-4.03031
-4.04177
-4.0474
-4.04803
-4.04754
-4.04735
-4.04709
-4.0462
-4.04447
-4.04192
-4.03859
-4.03448
-4.02956
-4.02384
-4.01732
-4.01001
-3.50828
-3.54552
-3.51473
-3.49819
-3.50371
-3.5144
-3.52147
-3.52534
-3.52823
-3.53098
-3.53333
-3.53498
-3.53579
-3.53574
-3.53486
-3.53312
-3.53051
-3.52701
-3.52264
-3.5174
-3.05458
-3.0863
-3.07285
-3.06744
-3.07526
-3.08606
-3.09458
-3.10098
-3.10649
-3.11154
-3.11599
-3.11965
-3.12244
-3.12434
-3.12533
-3.1254
-3.12454
-3.12273
-3.11998
-3.11628
-2.69676
-2.72401
-2.72211
-2.72432
-2.73402
-2.74523
-2.75489
-2.76306
-2.77039
-2.77706
-2.783
-2.7881
-2.79229
-2.79555
-2.79787
-2.79922
-2.7996
-2.79898
-2.79738
-2.7948
-2.42088
-2.44439
-2.44962
-2.45666
-2.46764
-2.4792
-2.48961
-2.49887
-2.5073
-2.51498
-2.52186
-2.52786
-2.53294
-2.53708
-2.54025
-2.54244
-2.54364
-2.54383
-2.54301
-2.54118
-2.21261
-2.23303
-2.24235
-2.25221
-2.26391
-2.27562
-2.2864
-2.29622
-2.30522
-2.31344
-2.32082
-2.32731
-2.33288
-2.33751
-2.34118
-2.34387
-2.34556
-2.34626
-2.34594
-2.34462
-2.05921
-2.07715
-2.08863
-2.09998
-2.11197
-2.12365
-2.13451
-2.14452
-2.15373
-2.16214
-2.16971
-2.1764
-2.18219
-2.18705
-2.19096
-2.19391
-2.19588
-2.19686
-2.19685
-2.19585
-1.95064
-1.96672
-1.97923
-1.99129
-2.00331
-2.01483
-2.02561
-2.0356
-2.04481
-2.05321
-2.06079
-2.06751
-2.07334
-2.07826
-2.08226
-2.08531
-2.08741
-2.08855
-2.08872
-2.08792
-1.87998
-1.89483
-1.90776
-1.92008
-1.932
-1.94333
-1.95395
-1.96381
-1.97291
-1.98122
-1.98871
-1.99536
-2.00114
-2.00603
-2.01002
-2.0131
-2.01524
-2.01645
-2.01671
-2.01603
-1.84413
-1.85847
-1.87162
-1.88407
-1.89594
-1.90718
-1.9177
-1.92747
-1.93647
-1.94468
-1.95207
-1.95862
-1.96432
-1.96915
-1.97308
-1.97612
-1.97825
-1.97946
-1.97976
-1.97914
0.291987
0.285707
0.270405
0.244256
0.20515
0.149891
0.0739908
-0.0286423
-0.166157
-0.349306
-0.592155
-0.912743
-1.33486
-1.88816
-2.61667
-3.57335
-4.86417
-6.61624
-9.06259
-12.907
0.224652
0.217894
0.202104
0.175071
0.134758
0.0780315
0.00045849
-0.103958
-0.243225
-0.427899
-0.671784
-0.99257
-1.41343
-1.96341
-2.68361
-3.62673
-4.87425
-6.57544
-8.7773
-12.1914
0.154655
0.147931
0.132231
0.105189
0.0648988
0.00841901
-0.068453
-0.171385
-0.307919
-0.487965
-0.724417
-1.03371
-1.43703
-1.96084
-2.63938
-3.52173
-4.64959
-6.18962
-8.00748
-10.8078
0.0819851
0.0751808
0.0593961
0.032235
-0.00808101
-0.0642652
-0.140226
-0.241207
-0.374138
-0.548069
-0.774669
-1.06875
-1.44874
-1.9384
-2.56231
-3.36918
-4.35502
-5.69803
-7.19294
-9.40934
0.00695555
3.60427e-05
-0.0158829
-0.0431763
-0.0835145
-0.139384
-0.214387
-0.313331
-0.442505
-0.610065
-0.826352
-1.10458
-1.46001
-1.91459
-2.482
-3.21362
-4.07197
-5.22183
-6.50819
-8.24307
-0.0700373
-0.0770209
-0.0929789
-0.120231
-0.160344
-0.215569
-0.289187
-0.385556
-0.510304
-0.670693
-0.875676
-1.13699
-1.46654
-1.88512
-2.39671
-3.05267
-3.80737
-4.77582
-5.91236
-7.28338
-0.148528
-0.155512
-0.171385
-0.198378
-0.237944
-0.292089
-0.363742
-0.456786
-0.576154
-0.728196
-0.920425
-1.16316
-1.46506
-1.84534
-2.30257
-2.87915
-3.54689
-4.34745
-5.33779
-6.43801
-0.22796
-0.234885
-0.250547
-0.277065
-0.315768
-0.368406
-0.437541
-0.526553
-0.639664
-0.782295
-0.960539
-1.18318
-1.45641
-1.79596
-2.20137
-2.69588
-3.28259
-3.93468
-4.76896
-5.65682
-0.307682
-0.314486
-0.329809
-0.355637
-0.393166
-0.443895
-0.510009
-0.594387
-0.700546
-0.832972
-0.996516
-1.19811
-1.44284
-1.74054
-2.09688
-2.51184
-3.01721
-3.54565
-4.22519
-4.93579
-0.386943
-0.393566
-0.40842
-0.433343
-0.469402
-0.517844
-0.580492
-0.659731
-0.758429
-0.880132
-1.02874
-1.20902
-1.42618
-1.6831
-1.99244
-2.3362
-2.76037
-3.18912
-3.72903
-4.28831
-0.464903
-0.471285
-0.485544
-0.509366
-0.543681
-0.589505
-0.648318
-0.722035
-0.812953
-0.923711
-1.05752
-1.217
-1.40779
-1.62721
-1.89145
-2.17538
-2.523
-2.8707
-3.29324
-3.72568
-0.540638
-0.546725
-0.560279
-0.582828
-0.615172
-0.658114
-0.712824
-0.78079
-0.863812
-0.963732
-1.08318
-1.22313
-1.38899
-1.57556
-1.79774
-2.03272
-2.31302
-2.59354
-2.9217
-3.25173
-0.613152
-0.618899
-0.631659
-0.652802
-0.683009
-0.722894
-0.773356
-0.835514
-0.910738
-1.00025
-1.10607
-1.22829
-1.37121
-1.52978
-1.71462
-1.90942
-2.13385
-2.35893
-2.6132
-2.86382
-0.681388
-0.686764
-0.698668
-0.718324
-0.746302
-0.78306
-0.829265
-0.885737
-0.953474
-1.03327
-1.12653
-1.23305
-1.35559
-1.49055
-1.64386
-1.80553
-1.98551
-2.16601
-2.3636
-2.55478
-0.744231
-0.749222
-0.760246
-0.778392
-0.804138
-0.837813
-0.879897
-0.930978
-0.991752
-1.06273
-1.14477
-1.23767
-1.34281
-1.458
-1.58576
-1.72038
-1.86598
-2.01177
-2.16674
-2.31453
-0.80051
-0.805118
-0.81528
-0.831962
-0.855566
-0.886325
-0.924573
-0.970728
-1.02525
-1.08847
-1.16083
-1.24218
-1.33297
-1.43192
-1.53958
-1.65269
-1.77228
-1.89176
-2.01531
-2.13201
-0.848966
-0.853218
-0.86258
-0.877917
-0.899574
-0.927711
-0.96256
-1.00441
-1.05356
-1.11022
-1.17457
-1.24645
-1.32583
-1.41186
-1.50418
-1.60074
-1.70113
-1.80115
-1.90211
-1.99689
-0.888209
-0.892152
-0.900828
-0.91502
-0.935029
-0.960972
-0.993005
-1.03134
-1.07616
-1.1276
-1.18567
-1.25022
-1.32097
-1.39725
-1.47836
-1.56279
-1.64951
-1.73571
-1.82102
-1.90083
-0.916615
-0.920324
-0.928478
-0.941806
-0.960583
-0.984896
-1.01486
-1.05063
-1.09233
-1.14004
-1.1937
-1.25312
-1.31795
-1.38756
-1.46116
-1.53748
-1.61528
-1.69243
-1.76774
-1.83806
-0.932161
-0.935738
-0.943599
-0.956437
-0.97452
-0.997924
-1.02674
-1.0611
-1.10109
-1.14677
-1.19806
-1.25473
-1.31642
-1.38252
-1.4522
-1.5243
-1.59752
-1.67004
-1.74033
-1.80595
1.12339
1.12196
1.11826
1.11108
1.09906
1.07995
1.05075
1.00743
0.944787
0.85605
0.732765
0.563662
0.335196
0.0266954
-0.38503
-0.954674
-1.73692
-2.91681
-4.6405
-7.39375
1.07942
1.07769
1.07319
1.0649
1.05136
1.0303
0.998678
0.952378
0.886089
0.792882
0.664102
0.488174
0.251236
-0.0679595
-0.492952
-1.0788
-1.88148
-3.08245
-4.84287
-7.62853
1.03565
1.03363
1.02835
1.01895
1.0039
0.980924
0.946895
0.897629
0.827701
0.730018
0.595722
0.412925
0.167432
-0.162559
-0.601063
-1.20333
-2.02711
-3.24982
-5.048
-7.86587
0.992111
0.989804
0.983753
0.973268
0.956746
0.931864
0.89545
0.843234
0.769676
0.667515
0.527679
0.337973
0.0838408
-0.257039
-0.709288
-1.32819
-2.17368
-3.41871
-5.25576
-8.10533
0.948824
0.946244
0.939446
0.9279
0.909923
0.883163
0.844387
0.78924
0.712061
0.60542
0.460024
0.263368
0.00051201
-0.351349
-0.817571
-1.4533
-2.32107
-3.58886
-5.46589
-8.34621
0.90582
0.902976
0.895459
0.882876
0.863472
0.834861
0.793748
0.735689
0.654901
0.543779
0.3928
0.189153
-0.0825156
-0.445451
-0.925873
-1.57861
-2.46923
-3.76009
-5.67825
-8.58792
0.863123
0.860028
0.851822
0.83823
0.817429
0.786996
0.743573
0.682624
0.598237
0.482633
0.326048
0.115366
-0.165209
-0.539316
-1.03417
-1.70409
-2.61812
-3.93224
-5.8928
-8.82999
0.820756
0.817424
0.808563
0.793995
0.771828
0.739605
0.6939
0.630083
0.542111
0.422022
0.259804
0.0420402
-0.24754
-0.632923
-1.14244
-1.82971
-2.76773
-4.10518
-6.10952
-9.07204
0.778742
0.77519
0.765712
0.750199
0.726703
0.692722
0.644765
0.578103
0.486557
0.361981
0.194101
-0.0307964
-0.329488
-0.726258
-1.25068
-1.95546
-2.91807
-4.27878
-6.32841
-9.3138
0.737101
0.733349
0.723294
0.706874
0.682084
0.646381
0.596201
0.526719
0.431611
0.302543
0.128968
-0.103121
-0.411038
-0.819319
-1.35891
-2.08134
-3.06917
-4.45296
-6.54946
-9.5551
0.695853
0.691922
0.681336
0.664046
0.638001
0.600613
0.548242
0.475963
0.377303
0.243736
0.0644303
-0.174915
-0.49218
-0.91211
-1.46713
-2.20739
-3.22106
-4.62768
-6.7726
-9.79594
0.655014
0.65093
0.63986
0.621742
0.594483
0.555446
0.500916
0.425863
0.323661
0.185585
0.000508465
-0.246167
-0.57291
-1.00465
-1.57536
-2.33364
-3.37377
-4.80298
-6.99766
-10.0366
0.614602
0.610393
0.598891
0.579987
0.551556
0.510908
0.454252
0.376448
0.270711
0.128113
-0.0627804
-0.31687
-0.65323
-1.09695
-1.68364
-2.46016
-3.5273
-4.979
-7.22421
-10.2777
0.57463
0.570328
0.558448
0.538805
0.509244
0.467024
0.408274
0.327741
0.218477
0.0713384
-0.125423
-0.387023
-0.73315
-1.18907
-1.79199
-2.58706
-3.68162
-5.15605
-7.45158
-10.5207
0.535109
0.53075
0.51855
0.498213
0.467569
0.423817
0.363004
0.279765
0.166976
0.0152764
-0.187411
-0.456628
-0.812681
-1.28103
-1.90044
-2.71447
-3.83663
-5.33463
-7.67837
-10.7673
0.496051
0.491669
0.479207
0.458224
0.426541
0.381296
0.318455
0.23253
0.11622
-0.0400659
-0.248741
-0.525695
-0.891843
-1.3729
-2.00904
-2.84256
-3.99218
-5.51566
-7.90316
-11.0225
0.45747
0.453113
0.440454
0.418875
0.386199
0.339501
0.27466
0.186064
0.0662298
-0.0946773
-0.309413
-0.594237
-0.97066
-1.46474
-2.11781
-2.97153
-4.14797
-5.69982
-8.12174
-11.2891
0.419389
0.415151
0.4024
0.38031
0.346714
0.298622
0.23182
0.140564
0.0171803
-0.148417
-0.369328
-0.662206
-1.04912
-1.55659
-2.2268
-3.10169
-4.30425
-5.89027
-8.3361
-11.5892
0.381798
0.377764
0.365038
0.342536
0.308118
0.258724
0.190037
0.0961669
-0.0307697
-0.201128
-0.428365
-0.729543
-1.12724
-1.64852
-2.33601
-3.23287
-4.45972
-6.08491
-8.53431
-11.9207
0.344491
0.340286
0.32728
0.304078
0.268574
0.217652
0.146905
0.0503137
-0.080197
-0.255261
-0.488731
-0.798206
-1.20693
-1.74293
-2.44947
-3.37298
-4.63059
-6.31663
-8.78847
-12.4279
1.99769
2.00023
2.0092
2.02315
2.04082
2.06038
2.07945
2.09506
2.10344
2.09992
2.07856
2.03142
1.94712
1.80819
1.58268
1.20866
0.613779
-0.292318
-1.83435
-4.28406
1.95593
1.9581
1.96639
1.97901
1.99482
2.01192
2.02792
2.03972
2.04343
2.03416
2.00562
1.94932
1.85304
1.69809
1.45204
1.05045
0.408679
-0.54918
-2.08895
-4.58726
1.914
1.9163
1.92441
1.93627
1.95083
1.96619
1.97995
1.98903
1.98951
1.97653
1.94384
1.88325
1.78322
1.62626
1.38288
0.993433
0.372847
-0.543365
-1.96945
-4.42531
1.8717
1.87408
1.88196
1.89306
1.90643
1.92016
1.93184
1.93839
1.9359
1.91951
1.88307
1.81867
1.71546
1.55716
1.31682
0.940075
0.341647
-0.549104
-1.91716
-4.40486
1.82905
1.83139
1.8389
1.84913
1.86121
1.87319
1.88266
1.8865
1.8808
1.86064
1.81986
1.75056
1.64217
1.47879
1.23448
0.857606
0.259624
-0.645629
-2.01038
-4.51799
1.78607
1.78832
1.79539
1.80469
1.8154
1.82556
1.83273
1.83376
1.82469
1.80053
1.75502
1.6802
1.56548
1.395
1.143
0.759283
0.152961
-0.776665
-2.14117
-4.63367
1.7428
1.74494
1.75151
1.75985
1.76916
1.77747
1.78232
1.78051
1.76802
1.73979
1.68948
1.609
1.48773
1.30982
1.04973
0.658737
0.0468879
-0.899278
-2.25765
-4.73589
1.69927
1.70126
1.70729
1.71464
1.72253
1.72897
1.73147
1.7268
1.71087
1.67856
1.62342
1.53724
1.40935
1.224
0.955974
0.558113
-0.0563884
-1.01462
-2.37348
-4.85105
1.65551
1.65733
1.66276
1.66908
1.67553
1.68007
1.68021
1.67266
1.65327
1.61682
1.55678
1.46479
1.33012
1.13705
0.860701
0.455011
-0.162952
-1.13466
-2.50437
-4.98685
1.61155
1.61316
1.61796
1.62324
1.6282
1.63083
1.62858
1.61811
1.59522
1.5546
1.48957
1.39165
1.24995
1.04874
0.763371
0.348193
-0.275589
-1.2628
-2.64983
-5.13813
1.56741
1.5688
1.57293
1.57713
1.58059
1.58128
1.57662
1.56322
1.5368
1.49194
1.42187
1.31788
1.16894
0.959175
0.664164
0.238072
-0.393506
-1.39666
-2.80453
-5.30112
1.52313
1.52428
1.52771
1.5308
1.53275
1.53148
1.52439
1.50803
1.47806
1.42893
1.35373
1.24358
1.08723
0.868571
0.563438
0.125428
-0.51541
-1.53427
-2.96593
-5.47507
1.47874
1.47963
1.48233
1.4843
1.48472
1.48148
1.47194
1.45261
1.41906
1.36562
1.28525
1.16883
1.00491
0.777083
0.461438
0.0107445
-0.640738
-1.67533
-3.13362
-5.65964
1.43427
1.43489
1.43683
1.43767
1.43654
1.43131
1.41932
1.39701
1.35986
1.30208
1.21648
1.09371
0.922093
0.684832
0.358306
-0.105735
-0.769325
-1.82
-3.3073
-5.85391
1.38975
1.39009
1.39125
1.39095
1.38826
1.38105
1.36659
1.34129
1.30051
1.23837
1.14749
1.01829
0.838852
0.591928
0.254164
-0.223814
-0.900965
-1.96824
-3.48635
-6.05666
1.34521
1.34526
1.34563
1.34418
1.33993
1.33072
1.3138
1.28549
1.24109
1.17456
1.07835
0.942654
0.755277
0.49848
0.149136
-0.343275
-1.03533
-2.11976
-3.67003
-6.2668
1.30069
1.30045
1.30001
1.29741
1.29159
1.28039
1.261
1.22968
1.18164
1.1107
1.00914
0.866867
0.671451
0.404598
0.0433517
-0.463903
-1.17207
-2.27427
-3.85776
-6.48331
1.25622
1.25567
1.25442
1.25067
1.24329
1.2301
1.20824
1.17392
1.12223
1.04685
0.939904
0.791004
0.587455
0.310385
-0.0630674
-0.58551
-1.31087
-2.43148
-4.04906
-6.70523
1.21182
1.21098
1.20891
1.20401
1.19507
1.17989
1.15558
1.11825
1.06291
0.98309
0.870722
0.715136
0.503365
0.215937
-0.170008
-0.707934
-1.45144
-2.59114
-4.24351
-6.93158
1.16754
1.1664
1.16351
1.15747
1.14698
1.12983
1.10307
1.06274
1.00374
0.919467
0.801653
0.639331
0.419253
0.121343
-0.277366
-0.831036
-1.59354
-2.75301
-4.44076
-7.16141
3.45107
3.45475
3.46266
3.47513
3.49182
3.51204
3.535
3.55993
3.58603
3.61253
3.63867
3.66374
3.68711
3.70822
3.72655
3.74161
3.75294
3.76004
3.76233
3.7591
3.43487
3.43878
3.44719
3.46046
3.47825
3.49983
3.52442
3.55123
3.57944
3.60825
3.63686
3.66452
3.69055
3.7143
3.73518
3.75261
3.76602
3.7748
3.77827
3.77549
3.40493
3.40925
3.41852
3.43318
3.45286
3.47683
3.50428
3.53438
3.5663
3.59918
3.63216
3.66442
3.69517
3.72365
3.74911
3.77083
3.78803
3.79991
3.80551
3.8035
3.36291
3.36774
3.37812
3.39456
3.41669
3.44373
3.47486
3.50922
3.54595
3.58413
3.62282
3.66112
3.6981
3.73286
3.76447
3.79196
3.81432
3.83048
3.83892
3.83792
3.31012
3.31552
3.32714
3.34557
3.37042
3.4009
3.43616
3.47531
3.51746
3.56162
3.60681
3.652
3.69616
3.73821
3.77701
3.81133
3.83985
3.86116
3.87278
3.87277
3.24777
3.25375
3.26662
3.28707
3.31471
3.34869
3.38815
3.4322
3.47988
3.5302
3.5821
3.63447
3.68616
3.73592
3.78239
3.82404
3.85927
3.88617
3.9005
3.90099
3.17709
3.18361
3.19766
3.22002
3.25027
3.28754
3.33095
3.3796
3.43251
3.48865
3.54692
3.60614
3.66507
3.72231
3.77626
3.82511
3.86695
3.89906
3.91433
3.91383
3.09937
3.10635
3.12142
3.14545
3.17797
3.21809
3.26492
3.31753
3.37495
3.43612
3.49989
3.56506
3.6303
3.69407
3.75455
3.80959
3.85696
3.89248
3.90501
3.90051
3.01596
3.0233
3.03919
3.06454
3.09885
3.14121
3.19068
3.24636
3.30724
3.37224
3.44018
3.50984
3.57981
3.64843
3.71359
3.77274
3.82313
3.85818
3.86175
3.84825
2.92824
2.93583
2.95228
2.97855
3.01409
3.05793
3.10915
3.16679
3.22983
3.29715
3.36755
3.43976
3.5123
3.58335
3.65039
3.7103
3.75941
3.78745
3.77266
3.74241
2.83755
2.84527
2.86202
2.88878
2.92493
2.96947
3.02143
3.07983
3.14357
3.21149
3.28235
3.3548
3.42727
3.49765
3.56283
3.61885
3.66049
3.67206
3.62568
3.56726
2.74519
2.75291
2.76969
2.79651
2.83267
2.8771
2.92879
2.98669
3.04963
3.11634
3.1855
3.25564
3.325
3.39107
3.44984
3.49616
3.52238
3.50522
3.4097
3.30709
2.65232
2.65993
2.67651
2.70299
2.73856
2.78212
2.83257
2.88877
2.94941
3.01311
3.07836
3.14351
3.20655
3.26431
3.31149
3.34132
3.34291
3.28244
3.11569
2.94728
2.55999
2.56738
2.58355
2.60932
2.6438
2.68579
2.73413
2.7875
2.84446
2.90341
2.96262
3.02016
3.0736
3.1189
3.14894
3.15487
3.12193
3.00223
2.73761
2.47487
2.46908
2.47618
2.49175
2.51651
2.54944
2.58928
2.63473
2.68431
2.73635
2.78899
2.84019
2.88762
2.92831
2.95705
2.96425
2.93833
2.86081
2.66619
2.27342
1.87904
2.38033
2.38706
2.40189
2.4254
2.45643
2.49363
2.53556
2.58054
2.62661
2.6716
2.71306
2.74813
2.77315
2.78161
2.76071
2.69508
2.56329
2.27956
1.72578
1.1514
2.29431
2.30061
2.31461
2.33667
2.36552
2.39972
2.43764
2.47737
2.51665
2.5529
2.58316
2.60392
2.61063
2.59528
2.54114
2.42712
2.23039
1.84746
1.10365
0.289901
2.21151
2.21737
2.2305
2.25097
2.27743
2.30833
2.34187
2.37588
2.40773
2.4344
2.45234
2.45726
2.44356
2.40181
2.31138
2.14314
1.87164
1.38113
0.421624
-0.706454
2.13227
2.13782
2.15021
2.16911
2.19312
2.22057
2.24948
2.27736
2.30125
2.31759
2.32217
2.30974
2.27332
2.20152
2.06935
1.83671
1.47247
0.86603
-0.308741
-1.82761
2.05653
2.06141
2.07292
2.09012
2.11161
2.13563
2.15996
2.18182
2.19781
2.20379
2.19477
2.1645
2.10465
2.00203
1.82811
1.52942
1.05599
0.304943
-1.09247
-3.10507
3.75347
3.75067
3.74736
3.74361
3.73941
3.73474
3.72957
3.7239
3.71772
3.711
3.70375
3.69595
3.68759
3.67866
3.66914
3.65904
3.64835
3.63706
3.62516
3.61265
3.77085
3.76792
3.76413
3.7599
3.75524
3.75008
3.74439
3.73816
3.73137
3.72403
3.71611
3.7076
3.69849
3.68878
3.67844
3.66749
3.65591
3.64369
3.63084
3.61735
3.80101
3.79782
3.79308
3.78792
3.78237
3.77628
3.76959
3.76232
3.75444
3.74595
3.73684
3.7271
3.71673
3.7057
3.69402
3.68169
3.6687
3.65505
3.64074
3.62577
3.83947
3.83611
3.83015
3.82378
3.8171
3.80982
3.80187
3.79326
3.78399
3.77407
3.76347
3.7522
3.74024
3.72761
3.7143
3.70031
3.68563
3.67029
3.65428
3.6376
3.88127
3.878
3.87071
3.86304
3.85517
3.84666
3.83741
3.82744
3.81675
3.80537
3.79327
3.78046
3.76695
3.75273
3.73781
3.7222
3.70591
3.68894
3.6713
3.653
3.92058
3.91793
3.90943
3.90066
3.89185
3.88236
3.87205
3.86096
3.8491
3.83648
3.82309
3.80893
3.79402
3.77836
3.76195
3.74481
3.72695
3.70837
3.68909
3.66912
3.94916
3.94787
3.93875
3.9295
3.92033
3.91039
3.89949
3.88768
3.875
3.86142
3.84696
3.83163
3.81542
3.79836
3.78044
3.76169
3.74212
3.72174
3.70056
3.67859
3.95524
3.95618
3.94766
3.93904
3.93038
3.9207
3.90984
3.89785
3.88475
3.87055
3.85526
3.83889
3.82145
3.80297
3.78345
3.76292
3.7414
3.71888
3.69541
3.67097
3.92398
3.92825
3.92208
3.91556
3.90855
3.9001
3.89009
3.8786
3.86565
3.85128
3.83549
3.81832
3.7998
3.77994
3.75877
3.73632
3.7126
3.68764
3.66146
3.63407
3.83936
3.8483
3.84648
3.84369
3.83963
3.83355
3.82542
3.81531
3.80328
3.78936
3.7736
3.75604
3.73671
3.71565
3.69291
3.66849
3.64245
3.6148
3.58557
3.55476
3.68531
3.70058
3.70506
3.70759
3.70792
3.70551
3.70042
3.69273
3.6825
3.66981
3.65471
3.63726
3.61751
3.59552
3.57132
3.54496
3.51648
3.48591
3.45327
3.41859
3.44628
3.46987
3.48239
3.4918
3.49794
3.50053
3.49965
3.4954
3.48788
3.47716
3.46333
3.44647
3.42664
3.4039
3.37833
3.34997
3.31886
3.28505
3.24858
3.20944
3.10755
3.14179
3.16382
3.1815
3.19479
3.20357
3.20795
3.20805
3.20398
3.19585
3.18376
3.1678
3.14807
3.12464
3.09759
3.06698
3.03288
2.99533
2.95437
2.91001
2.65541
2.7029
2.73557
2.76272
2.78427
2.80022
2.8107
2.81585
2.81579
2.81066
2.80057
2.78565
2.76599
2.7417
2.71286
2.67956
2.64187
2.59985
2.55353
2.50293
2.07664
2.14011
2.18398
2.22147
2.25203
2.27584
2.29302
2.30371
2.30807
2.30622
2.2983
2.28444
2.26475
2.23934
2.20832
2.17179
2.12982
2.08249
2.02984
1.97189
1.35788
1.44002
1.49485
1.54301
1.58284
1.61485
1.63906
1.6556
1.66459
1.66617
1.66046
1.6476
1.62772
1.60094
1.56738
1.52713
1.48031
1.42698
1.36718
1.30094
0.487629
0.589712
0.653382
0.711373
0.759557
0.79908
0.829694
0.851553
0.864745
0.869397
0.865627
0.853555
0.833299
0.80497
0.768676
0.724517
0.67259
0.61297
0.545682
0.470727
-0.558872
-0.434652
-0.364755
-0.298581
-0.243982
-0.198255
-0.162121
-0.135426
-0.118262
-0.110611
-0.112439
-0.123679
-0.144242
-0.174031
-0.212939
-0.260853
-0.317664
-0.383288
-0.457706
-0.540914
-1.76482
-1.62414
-1.55702
-1.4872
-1.4291
-1.37909
-1.33934
-1.30991
-1.29116
-1.28309
-1.28568
-1.2988
-1.32234
-1.35612
-1.40001
-1.45384
-1.51744
-1.59069
-1.67356
-1.766
-3.20121
-3.02383
-2.95231
-2.87647
-2.81717
-2.76787
-2.73075
-2.7051
-2.69103
-2.68833
-2.6969
-2.71658
-2.74725
-2.78875
-2.84095
-2.90371
-2.97687
-3.06034
-3.15405
-3.258
3.59953
3.5858
3.57145
3.5565
3.54094
3.52477
3.50801
3.49066
3.47272
3.45421
3.43514
3.41552
3.39536
3.37468
3.35348
3.33179
3.30962
3.28699
3.2639
3.24046
3.60323
3.58847
3.57308
3.55707
3.54044
3.52321
3.50539
3.48698
3.46801
3.44849
3.42844
3.40788
3.38682
3.3653
3.34333
3.32094
3.29816
3.27497
3.25136
3.22793
3.61015
3.59388
3.57698
3.55945
3.54131
3.52256
3.50324
3.48334
3.4629
3.44194
3.42047
3.39853
3.37613
3.35331
3.3301
3.30654
3.28264
3.25832
3.23351
3.20992
3.62028
3.60232
3.58373
3.56453
3.54474
3.52438
3.50345
3.48199
3.46001
3.43754
3.4146
3.39121
3.3674
3.3432
3.31863
3.29373
3.26853
3.24275
3.2163
3.19253
3.63406
3.6145
3.59431
3.57353
3.55216
3.53023
3.50774
3.48471
3.46117
3.43713
3.41261
3.38762
3.36219
3.33634
3.31009
3.28352
3.25657
3.22879
3.20013
3.17575
3.64846
3.62715
3.60518
3.58258
3.55935
3.53551
3.51107
3.48604
3.46045
3.4343
3.40761
3.38041
3.35269
3.32449
3.29585
3.26686
3.23739
3.20673
3.17495
3.14919
3.65585
3.63235
3.6081
3.58312
3.55741
3.53099
3.50386
3.47605
3.44756
3.4184
3.38859
3.35815
3.32708
3.29539
3.26316
3.23051
3.1972
3.16205
3.12523
3.09678
3.64559
3.61928
3.59207
3.56394
3.53493
3.50503
3.47425
3.4426
3.41009
3.37674
3.34254
3.30751
3.27165
3.23495
3.19753
3.1596
3.12068
3.07871
3.03389
3.00131
3.60547
3.5757
3.54477
3.51268
3.47943
3.44505
3.40952
3.37286
3.33507
3.29614
3.25609
3.21491
3.17255
3.12903
3.08457
3.03951
2.99293
2.94113
2.88439
2.84642
3.52239
3.4885
3.45308
3.41615
3.3777
3.33775
3.29628
3.25329
3.20879
3.16276
3.11521
3.06608
3.0153
2.96286
2.90927
2.85515
2.79866
2.73323
2.65933
2.61513
3.38186
3.34314
3.30242
3.25971
3.215
3.1683
3.11958
3.06884
3.01606
2.96125
2.90439
2.84537
2.78399
2.72033
2.65539
2.59035
2.52165
2.43764
2.33935
2.28841
3.16766
3.1233
3.07633
3.02677
2.9746
2.91982
2.8624
2.80232
2.73955
2.67411
2.60597
2.53492
2.46054
2.38298
2.30428
2.22658
2.14325
2.03402
1.90109
1.84305
2.86227
2.81123
2.75686
2.69916
2.63812
2.57372
2.50592
2.43467
2.35996
2.2818
2.2002
2.11474
2.02457
1.92991
1.83455
1.74245
1.64203
1.49927
1.31842
1.2539
2.44809
2.38909
2.3259
2.25852
2.18694
2.11114
2.03105
1.94659
1.85771
1.76448
1.66698
1.56454
1.45558
1.3402
1.22481
1.11673
0.997966
0.81427
0.572008
0.503863
1.90868
1.84034
1.76683
1.68816
1.6043
1.51523
1.42087
1.3211
1.21582
1.10514
0.989311
0.867611
0.737536
0.59853
0.460037
0.33525
0.200377
-0.0257994
-0.339097
-0.408833
1.22832
1.14949
1.06441
0.973082
0.875491
0.771607
0.661371
0.544648
0.421293
0.291462
0.155709
0.0136796
-0.13777
-0.30073
-0.463797
-0.605676
-0.751392
-1.01305
-1.40158
-1.48087
0.388227
0.298402
0.201222
0.0966994
-0.015167
-0.134372
-0.260912
-0.394841
-0.536271
-0.685063
-0.840418
-1.00193
-1.17259
-1.35672
-1.54434
-1.70677
-1.86215
-2.14831
-2.60883
-2.71783
-0.632703
-0.732742
-0.841036
-0.957535
-1.08221
-1.21501
-1.35588
-1.50476
-1.66174
-1.82683
-1.99949
-2.17882
-2.36676
-2.56941
-2.78248
-2.97544
-3.1506
-3.4516
-3.96187
-4.10681
-1.86766
-1.97808
-2.09724
-2.22507
-2.36151
-2.50652
-2.66005
-2.82205
-2.9926
-3.17197
-3.36025
-3.55679
-3.7619
-3.98055
-4.2152
-4.44243
-4.64269
-4.92887
-5.41831
-5.54769
-3.37183
-3.49502
-3.62761
-3.76949
-3.9206
-4.08083
-4.25009
-4.42823
-4.61513
-4.81069
-5.01483
-5.2269
-5.44519
-5.66928
-5.9016
-6.13239
-6.32917
-6.52407
-6.83918
-6.86682
3.18303
3.08106
2.96772
2.84372
2.70966
2.56607
2.41378
2.25405
2.08852
1.91903
1.7476
1.57636
1.40751
1.24322
1.0856
0.936527
0.797642
0.670238
0.555231
0.453097
0.363876
0.287111
0.221904
0.166786
0.119902
0.0786457
0.0402206
0.000871628
-0.0427526
-0.0951738
-0.157817
-0.233249
-0.316567
-0.403604
-0.472524
-0.510054
-0.483301
-0.388123
-0.219121
-0.0618278
3.17375
3.06901
2.95174
2.82499
2.68899
2.54366
2.38976
2.22872
2.06229
1.89231
1.72077
1.54979
1.38155
1.2182
1.06179
0.914187
0.776966
0.651378
0.538289
0.438138
0.350936
0.276206
0.213046
0.159992
0.115192
0.0760195
0.0396252
0.00210339
-0.0401627
-0.0920661
-0.155236
-0.232678
-0.319379
-0.411118
-0.484411
-0.526086
-0.501101
-0.405607
-0.231869
-0.0664207
3.16277
3.05264
2.92851
2.79708
2.65751
2.50888
2.35204
2.18868
2.02062
1.84968
1.67782
1.50715
1.33981
1.17791
1.02344
0.878186
0.743642
0.620977
0.510982
0.414028
0.330072
0.258609
0.19872
0.148955
0.107453
0.0715714
0.0383642
0.00369176
-0.0365217
-0.0877123
-0.151948
-0.232805
-0.325109
-0.424285
-0.504593
-0.55265
-0.530242
-0.433573
-0.252331
-0.0728102
3.15419
3.03634
2.90412
2.76676
2.62214
2.46897
2.30834
2.14206
1.97192
1.79973
1.62742
1.45707
1.29079
1.13062
0.978463
0.836002
0.70464
0.585441
0.479096
0.385895
0.305726
0.238043
0.181909
0.135882
0.098092
0.0658911
0.0362238
0.0046726
-0.0333811
-0.0839842
-0.149773
-0.234856
-0.333757
-0.44139
-0.529638
-0.584678
-0.564369
-0.46535
-0.275106
-0.078834
3.14332
3.01606
2.87632
2.73215
2.58181
2.42386
2.25945
2.09036
1.91832
1.7451
1.57264
1.40298
1.23815
1.08011
0.930672
0.791407
0.663605
0.548216
0.445826
0.356632
0.28045
0.216687
0.164384
0.122104
0.0879743
0.0593565
0.0330841
0.00444666
-0.0317308
-0.0820882
-0.149839
-0.239457
-0.345067
-0.461031
-0.556968
-0.618348
-0.598836
-0.496154
-0.296616
-0.0832866
3.11883
2.9816
2.83628
2.68516
2.53028
2.36871
2.20166
2.03087
1.85799
1.68478
1.51314
1.34506
1.1825
1.02732
0.881233
0.745702
0.621901
0.510672
0.412496
0.327482
0.255373
0.195535
0.146983
0.108285
0.0775743
0.0522297
0.0289701
0.00279498
-0.0319894
-0.082529
-0.152517
-0.246579
-0.358418
-0.481842
-0.584429
-0.650702
-0.630396
-0.522893
-0.314844
-0.0856465
3.06709
2.92096
2.77397
2.61718
2.46127
2.29854
2.13114
1.96078
1.789
1.61754
1.44827
1.2831
1.12394
0.972564
0.830596
0.69941
0.580082
0.473357
0.379628
0.298924
0.230928
0.174967
0.130037
0.0947071
0.067124
0.0446808
0.0239742
-0.00026744
-0.0341774
-0.0852724
-0.157565
-0.255636
-0.372782
-0.502273
-0.609951
-0.679281
-0.656712
-0.543657
-0.328776
-0.0858728
2.9742
2.82272
2.68112
2.52153
2.36992
2.20953
2.04521
1.87834
1.71033
1.54292
1.37794
1.21727
1.06279
0.916233
0.779179
0.652935
0.538513
0.436586
0.347478
0.271162
0.207273
0.155107
0.113645
0.0814631
0.0567204
0.0368123
0.0182098
-0.00459307
-0.0380631
-0.0899341
-0.164366
-0.265725
-0.38694
-0.520771
-0.631711
-0.702199
-0.676267
-0.55749
-0.33809
-0.0842402
2.82705
2.67618
2.55029
2.39277
2.2522
2.09899
1.94237
1.78285
1.62185
1.46113
1.30256
1.14808
0.999591
0.85886
0.727459
0.606689
0.497528
0.400614
0.316233
0.24432
0.184481
0.135994
0.0978314
0.0685795
0.0464086
0.0287026
0.0118121
-0.00995239
-0.0432789
-0.095973
-0.172179
-0.275922
-0.399798
-0.536114
-0.648442
-0.718347
-0.688414
-0.564268
-0.34296
-0.0811806
2.61302
2.47089
2.37383
2.22681
2.10509
1.9656
1.82227
1.67454
1.52411
1.37289
1.22292
1.07629
0.935038
0.801042
0.675942
0.561076
0.457441
0.365675
0.286052
0.218498
0.162606
0.117653
0.082609
0.0560748
0.0362293
0.0204351
0.00493789
-0.0160805
-0.0494248
-0.102845
-0.180332
-0.285482
-0.410595
-0.547604
-0.659578
-0.727439
-0.693313
-0.564524
-0.343885
-0.0771569
2.31854
2.1972
2.14398
2.0212
1.92688
1.80931
1.6855
1.55436
1.41821
1.27929
1.14001
1.00277
0.86987
0.74339
0.625113
0.516475
0.418536
0.331969
0.257073
0.193782
0.141701
0.100112
0.0679987
0.0439765
0.0262321
0.0121028
-0.0022492
-0.0227187
-0.0561346
-0.110086
-0.188307
-0.293919
-0.418956
-0.555062
-0.665188
-0.729876
-0.691718
-0.559221
-0.34154
-0.0725848
1.92782
1.84856
1.85443
1.77523
1.71753
1.63114
1.53343
1.42379
1.30554
1.18158
1.0549
0.928414
0.804812
0.686474
0.575408
0.473209
0.381045
0.299661
0.229404
0.170243
0.121807
0.0834002
0.0540259
0.0323188
0.0164727
0.00380056
-0.00959491
-0.0296386
-0.0631051
-0.117343
-0.19576
-0.300989
-0.424825
-0.55871
-0.665801
-0.726517
-0.684728
-0.549525
-0.336651
-0.0677971
1.42641
1.42566
1.50357
1.49024
1.47927
1.43327
1.3682
1.28476
1.18777
1.08113
0.968697
0.854086
0.74052
0.630785
0.527187
0.431534
0.345143
0.268865
0.203118
0.147924
0.102953
0.0675389
0.0407141
0.0211357
0.00700563
-0.00438298
-0.0169638
-0.0366513
-0.0701016
-0.124371
-0.202498
-0.306639
-0.428375
-0.559018
-0.662209
-0.718446
-0.673567
-0.53662
-0.329912
-0.063037
0.807293
0.937723
1.09669
1.16981
1.2169
1.21955
1.19306
1.13992
1.06695
0.979505
0.882572
0.780643
0.67761
0.576754
0.480743
0.391643
0.310954
0.239654
0.178255
0.126847
0.0851488
0.0525383
0.0280795
0.0104556
-0.00212123
-0.0123716
-0.024244
-0.0436083
-0.0769542
-0.131014
-0.208441
-0.310939
-0.429903
-0.556575
-0.655295
-0.706794
-0.659413
-0.521588
-0.321938
-0.0584675
0.0647258
0.391129
0.641129
0.817095
0.935781
0.99473
1.01199
0.992468
0.945564
0.878569
0.797887
0.709064
0.616769
0.524852
0.436388
0.353733
0.278593
0.212093
0.154847
0.107023
0.0684006
0.0384031
0.0161326
0.000299668
-0.0108706
-0.0201061
-0.0313513
-0.0504043
-0.0835535
-0.137192
-0.213592
-0.314035
-0.429758
-0.551984
-0.645914
-0.692615
-0.643307
-0.505343
-0.313235
-0.0541869
-0.830266
-0.236715
0.131978
0.427838
0.636199
0.760712
0.827127
0.844399
0.825327
0.779732
0.71576
0.64021
0.558642
0.475547
0.39445
0.318027
0.248207
0.186269
0.132944
0.088481
0.0527238
0.0251446
0.00488584
-0.00931392
-0.0192149
-0.027546
-0.0382312
-0.0569749
-0.0898409
-0.142882
-0.218
-0.316096
-0.428282
-0.545798
-0.634825
-0.676813
-0.626108
-0.488605
-0.304204
-0.0502461
-1.93791
-1.00974
-0.45554
-0.0124327
0.309131
0.512251
0.635061
0.693476
0.70478
0.682046
0.635583
0.57369
0.502977
0.428671
0.354814
0.28444
0.219726
0.162129
0.1125
0.0711837
0.0380902
0.0127453
-0.00566654
-0.0183773
-0.02713
-0.0346488
-0.0448239
-0.0632502
-0.0957547
-0.14806
-0.221717
-0.31729
-0.425793
-0.538507
-0.622674
-0.660136
-0.608492
-0.471919
-0.295145
-0.0466631
-3.27455
-1.96811
-1.13029
-0.505646
-0.050155
0.244396
0.430913
0.535154
0.579901
0.582054
0.554443
0.507089
0.447796
0.382621
0.31619
0.25194
0.192334
0.139027
0.093016
0.0547493
0.0242179
0.00100829
-0.0156454
-0.0269394
-0.0345941
-0.041324
-0.0509819
-0.0690535
-0.101134
-0.152628
-0.224757
-0.31777
-0.422612
-0.530603
-0.610079
-0.643259
-0.591017
-0.4557
-0.28628
-0.0434365
-4.65076
-2.97863
-1.7965
-0.985259
-0.400216
-0.0173684
0.230284
0.378639
0.455813
0.482297
0.473278
0.440385
0.392537
0.336569
0.277654
0.219615
0.165187
0.116222
0.0738637
0.0386675
0.0107093
-0.0103576
-0.0252427
-0.0350986
-0.0416163
-0.047503
-0.0565861
-0.0742609
-0.105904
-0.156604
-0.227248
-0.317785
-0.4191
-0.522558
-0.597581
-0.626747
-0.574124
-0.440251
-0.277767
-0.0405416
-5.58685
-3.68255
-2.21598
-1.29106
-0.625892
-0.191515
0.0924577
0.267545
0.364974
0.407184
0.410605
0.387733
0.348088
0.298938
0.245752
0.192569
0.142275
0.0968314
0.0574651
0.024797
-0.00104447
-0.0203637
-0.0338352
-0.0425882
-0.0482971
-0.0536539
-0.0624241
-0.079862
-0.111089
-0.160896
-0.22988
-0.317758
-0.415384
-0.514236
-0.584868
-0.61026
-0.557577
-0.425398
-0.269617
-0.0379004
-5.61288
-3.80153
-2.22271
-1.30118
-0.630272
-0.198043
0.0847403
0.259295
0.356745
0.399357
0.403336
0.381079
0.342042
0.293467
0.240811
0.188101
0.138212
0.0930909
0.0539503
0.0213987
-0.00444513
-0.0239005
-0.0376684
-0.046921
-0.0533473
-0.0595536
-0.0690476
-0.0867371
-0.117453
-0.165897
-0.232693
-0.317571
-0.411453
-0.505996
-0.572863
-0.595388
-0.543396
-0.413202
-0.263195
-0.0359668
-5.59764
-3.87108
-2.26168
-1.34733
-0.677411
-0.243954
0.0409181
0.218447
0.319087
0.365026
0.372344
0.353389
0.317563
0.272061
0.222295
0.172253
0.12478
0.0818098
0.0445451
0.0135964
-0.010911
-0.0292874
-0.0422251
-0.0508898
-0.056963
-0.0630346
-0.0725672
-0.0903679
-0.121098
-0.169249
-0.235257
-0.318676
-0.410401
-0.502085
-0.566137
-0.586147
-0.533911
-0.404716
-0.258289
-0.0345507
-5.72811
-3.99055
-2.34449
-1.41379
-0.738229
-0.298242
-0.00899515
0.172717
0.277107
0.326627
0.337414
0.321866
0.289387
0.247145
0.200508
0.153422
0.108692
0.0682207
0.0331916
0.0042049
-0.0186168
-0.0355814
-0.0473741
-0.055151
-0.0605883
-0.0662797
-0.0756918
-0.0935736
-0.124423
-0.172467
-0.2379
-0.320048
-0.409783
-0.498705
-0.55996
-0.577347
-0.524622
-0.39632
-0.253203
-0.0331358
-5.90103
-4.10625
-2.43846
-1.4845
-0.80262
-0.354183
-0.0594014
0.127353
0.23609
0.289591
0.304088
0.292064
0.262942
0.223888
0.180253
0.135956
0.0937814
0.0556151
0.0226328
-0.0045681
-0.0258629
-0.0415539
-0.0523187
-0.059305
-0.0641837
-0.0695491
-0.0788591
-0.0967925
-0.127684
-0.175513
-0.240262
-0.321053
-0.408755
-0.494929
-0.553478
-0.568388
-0.515326
-0.388024
-0.248198
-0.0317746
-6.10381
-4.22423
-2.54151
-1.55916
-0.869838
-0.411779
-0.110703
0.0816148
0.195093
0.252864
0.271285
0.262929
0.237253
0.201426
0.160787
0.119238
0.0795527
0.0436082
0.012579
-0.0129337
-0.0327978
-0.0473062
-0.0571258
-0.0633949
-0.0677781
-0.072864
-0.0820895
-0.100049
-0.130914
-0.178434
-0.2424
-0.321748
-0.407366
-0.490788
-0.546693
-0.559245
-0.505993
-0.379801
-0.243284
-0.0304614
-6.32188
-4.34327
-2.65013
-1.63732
-0.93939
-0.47092
-0.16288
0.0354191
0.153938
0.216175
0.238649
0.23404
0.211849
0.179262
0.141611
0.102792
0.0655671
0.0318103
0.00269722
-0.021165
-0.0396349
-0.0529942
-0.0618984
-0.0674749
-0.0713816
-0.0761985
-0.0853349
-0.103295
-0.134086
-0.181235
-0.244356
-0.32221
-0.405718
-0.486397
-0.539714
-0.550002
-0.496659
-0.371658
-0.238434
-0.0291886
-6.55157
-4.46622
-2.76349
-1.71912
-1.01107
-0.531524
-0.215855
-0.0111696
0.112689
0.179586
0.206237
0.205442
0.186766
0.157418
0.122736
0.0866149
0.0518121
0.0202024
-0.00703463
-0.0292842
-0.0463943
-0.0586344
-0.0666476
-0.0715502
-0.0749924
-0.0795436
-0.0885808
-0.106513
-0.137184
-0.183906
-0.246129
-0.322447
-0.403831
-0.481787
-0.532581
-0.5407
-0.487349
-0.363609
-0.233648
-0.0279555
-6.7895
-4.59396
-2.88068
-1.80449
-1.08472
-0.593515
-0.269571
-0.0581095
0.071379
0.143129
0.174081
0.177171
0.162038
0.135929
0.104197
0.0707397
0.0383185
0.00881205
-0.016593
-0.0372721
-0.0530609
-0.0642158
-0.0713663
-0.0756173
-0.0786099
-0.0829
-0.0918277
-0.109701
-0.140207
-0.186444
-0.247717
-0.322458
-0.401713
-0.476969
-0.525309
-0.531358
-0.47808
-0.355668
-0.228934
-0.026764
-7.034
-4.72736
-3.00127
-1.89336
-1.16022
-0.656824
-0.323986
-0.105371
0.0300275
0.106815
0.142186
0.149227
0.137666
0.114795
0.0859915
0.0551648
0.0250845
-0.00236232
-0.0259792
-0.0451293
-0.0596349
-0.0697376
-0.0760531
-0.0796735
-0.0822301
-0.0862621
-0.0950677
-0.112853
-0.143145
-0.188846
-0.249118
-0.322252
-0.399369
-0.47196
-0.517915
-0.521994
-0.468872
-0.347845
-0.224297
-0.0256132
-7.28378
-4.86674
-3.12499
-1.98562
-1.23754
-0.721402
-0.379071
-0.152934
-0.0113536
0.0706501
0.110554
0.121609
0.113643
0.094007
0.0681096
0.0398794
0.0120996
-0.0133307
-0.0352018
-0.0528632
-0.066122
-0.0752043
-0.0807109
-0.0837208
-0.0858535
-0.0896287
-0.0982985
-0.115963
-0.145996
-0.19111
-0.250337
-0.321834
-0.396815
-0.466777
-0.510421
-0.51263
-0.459739
-0.340149
-0.219742
-0.024504
-7.53798
-5.01229
-3.25173
-2.08115
-1.31662
-0.787208
-0.43481
-0.200788
-0.0527587
0.0346368
0.0791846
0.0943122
0.0899641
0.0735579
0.0505437
0.0248755
-0.000644426
-0.0241006
-0.0442679
-0.0604797
-0.0725268
-0.0806191
-0.0853417
-0.0877593
-0.0894786
-0.0929966
-0.101515
-0.119028
-0.148758
-0.193235
-0.251377
-0.321215
-0.394065
-0.46144
-0.502847
-0.503287
-0.450694
-0.332589
-0.215272
-0.0234365
-7.79596
-5.164
-3.38145
-2.17984
-1.39747
-0.85422
-0.491197
-0.248928
-0.0941887
-0.00122818
0.0480715
0.0673304
0.0666215
0.0534402
0.0332859
0.0101455
-0.0131546
-0.0346787
-0.0531832
-0.0679835
-0.0788532
-0.0859846
-0.0899466
-0.0917891
-0.0931039
-0.0963626
-0.104714
-0.122043
-0.151427
-0.195223
-0.252243
-0.320403
-0.391134
-0.455968
-0.495216
-0.493985
-0.441753
-0.325174
-0.21089
-0.0224107
-8.05725
-5.32181
-3.51421
-2.2816
-1.48009
-0.922428
-0.548238
-0.29736
-0.13565
-0.0369527
0.0172064
0.0406545
0.043606
0.0336446
0.0163277
-0.00431856
-0.0254382
-0.0450713
-0.0619531
-0.0753793
-0.0851045
-0.0913031
-0.0945268
-0.0958098
-0.0967277
-0.0997237
-0.10789
-0.125003
-0.154001
-0.197074
-0.25294
-0.319409
-0.388037
-0.45038
-0.487546
-0.484743
-0.432928
-0.317909
-0.206599
-0.0214269
-8.3215
-5.48559
-3.65008
-2.38636
-1.56452
-0.991839
-0.605948
-0.346096
-0.177157
-0.0725489
-0.0134227
0.0142728
0.0209064
0.0141607
-0.000340767
-0.0185254
-0.0375028
-0.0552851
-0.0705832
-0.0826713
-0.091284
-0.0965765
-0.099083
-0.0998209
-0.100348
-0.103077
-0.11104
-0.127907
-0.156479
-0.198791
-0.253474
-0.318245
-0.384789
-0.444696
-0.479858
-0.475578
-0.424231
-0.310801
-0.2024
-0.020485
-8.58843
-5.6552
-3.78917
-2.4941
-1.65079
-1.06247
-0.664351
-0.395157
-0.218727
-0.108033
-0.043831
-0.0118287
-0.00149013
-0.00502331
-0.0167298
-0.0324843
-0.0493564
-0.0653266
-0.0790788
-0.0898637
-0.0973946
-0.101807
-0.103616
-0.103822
-0.103963
-0.106419
-0.114161
-0.130751
-0.15886
-0.200376
-0.253853
-0.316921
-0.381406
-0.438935
-0.47217
-0.466507
-0.415673
-0.303856
-0.198296
-0.0195851
-8.85781
-5.83046
-3.9316
-2.60479
-1.73894
-1.13436
-0.723482
-0.44457
-0.260385
-0.143427
-0.0740369
-0.0376664
-0.0235982
-0.0239203
-0.0328507
-0.0462047
-0.061007
-0.0752024
-0.0874453
-0.0969607
-0.103439
-0.106995
-0.108126
-0.107812
-0.107572
-0.109747
-0.11725
-0.133534
-0.161145
-0.201833
-0.254085
-0.31545
-0.377904
-0.433113
-0.464501
-0.457546
-0.407263
-0.297076
-0.194287
-0.0187271
-9.12954
-6.01127
-4.07749
-2.71848
-1.82905
-1.20755
-0.783384
-0.494369
-0.302159
-0.178755
-0.104062
-0.0632588
-0.0454339
-0.0425441
-0.0487153
-0.0596967
-0.0724629
-0.0849193
-0.0956878
-0.103966
-0.109421
-0.112144
-0.112614
-0.111791
-0.111171
-0.11306
-0.120304
-0.136253
-0.163335
-0.203166
-0.254177
-0.313845
-0.374299
-0.427251
-0.456867
-0.448708
-0.39901
-0.290465
-0.190373
-0.017911
-9.40364
-6.1976
-4.227
-2.83522
-1.92118
-1.2821
-0.844108
-0.544595
-0.344085
-0.214045
-0.13393
-0.0886263
-0.0670146
-0.0609096
-0.0643362
-0.0729706
-0.0837326
-0.0944839
-0.103812
-0.110884
-0.115341
-0.117254
-0.117079
-0.115757
-0.11476
-0.116354
-0.123321
-0.138909
-0.16543
-0.20438
-0.254137
-0.312117
-0.370605
-0.421363
-0.449284
-0.440006
-0.390921
-0.284026
-0.186556
-0.0171366
-9.68018
-6.3895
-4.38033
-2.95513
-2.01543
-1.35809
-0.905723
-0.595302
-0.386205
-0.249331
-0.163669
-0.113792
-0.0883599
-0.0790329
-0.0797267
-0.0860375
-0.0948246
-0.103903
-0.111822
-0.117717
-0.121203
-0.122327
-0.121523
-0.119711
-0.118337
-0.119628
-0.1263
-0.141499
-0.167434
-0.20548
-0.253976
-0.310279
-0.366839
-0.415468
-0.441768
-0.431452
-0.383003
-0.277761
-0.182835
-0.0164038
-9.95891
-6.58684
-4.53766
-3.07834
-2.11193
-1.43562
-0.968313
-0.646555
-0.428571
-0.284657
-0.193313
-0.138785
-0.109493
-0.0969329
-0.0949021
-0.0989095
-0.105749
-0.113184
-0.119724
-0.12447
-0.127009
-0.127363
-0.125945
-0.12365
-0.1219
-0.122879
-0.129238
-0.144026
-0.169348
-0.206472
-0.253701
-0.308343
-0.363014
-0.409581
-0.434332
-0.423055
-0.37526
-0.271671
-0.179209
-0.0157123
)
;

boundaryField
{
    inlet
    {
        type            freestreamPressure;
        freestreamValue uniform 0;
        supersonic      false;
        value           nonuniform List<scalar> 
80
(
0.291987
0.224652
0.154655
0.0819851
0.00695555
-0.0700373
-0.148528
-0.22796
-0.307682
-0.386943
-0.464903
-0.540638
-0.613152
-0.681388
-0.744231
-0.80051
-0.848966
-0.888209
-0.916615
-0.932161
1.12339
1.07942
1.03565
0.992111
0.948824
0.90582
0.863123
0.820756
0.778742
0.737101
0.695853
0.655014
0.614602
0.57463
0.535109
0.496051
0.45747
0.419389
0.381798
0.344491
1.99769
1.95593
1.914
1.8717
1.82905
1.78607
1.7428
1.69927
1.65551
1.61155
1.56741
1.52313
1.47874
1.43427
1.38975
1.34521
1.30069
1.25622
1.21182
1.16754
3.45107
3.43487
3.40493
3.36291
3.31012
3.24777
3.17709
3.09937
3.01596
2.92824
2.83755
2.74519
2.65232
2.55999
2.46908
2.38033
2.29431
2.21151
2.13227
2.05653
)
;
    }
    outlet
    {
        type            freestreamPressure;
        freestreamValue uniform 0;
        supersonic      false;
        value           nonuniform List<scalar> 
80
(
-0.000344289
-0.000325815
-0.000304499
-0.000283895
-0.000264078
-0.000244523
-0.000224968
-0.000205269
-0.000185304
-0.000164999
-0.000144365
-0.000123529
-0.000102746
-8.23899e-05
-6.29424e-05
-4.49614e-05
-2.90575e-05
-1.58856e-05
-6.15834e-06
-7.27707e-07
-0.000800223
-0.000755193
-0.000713094
-0.000673835
-0.000637338
-0.000603519
-0.000572285
-0.000543536
-0.000517167
-0.000493068
-0.000471129
-0.000451233
-0.000433266
-0.000417144
-0.00040269
-0.000389818
-0.0003784
-0.000368342
-0.000359734
-0.000352657
-0.00225077
-0.00216467
-0.002076
-0.0019885
-0.0019021
-0.00181663
-0.00173236
-0.00164967
-0.00156878
-0.00148995
-0.00141339
-0.00133929
-0.00126779
-0.00119904
-0.00113313
-0.00107015
-0.00101014
-0.00095314
-0.000899166
-0.000848212
-7.93291e-06
-7.46175e-05
-0.000219708
-0.000453853
-0.000774918
-0.00116414
-0.0015885
-0.00200805
-0.00238502
-0.00269116
-0.00291137
-0.00304338
-0.00309489
-0.00307945
-0.00301286
-0.00291039
-0.00278533
-0.00264836
-0.00250689
-0.00236347
)
;
    }
    top
    {
        type            symmetryPlane;
    }
    bottom
    {
        type            symmetryPlane;
    }
    cylinder
    {
        type            zeroGradient;
    }
    frontandback
    {
        type            empty;
    }
}


// ************************************************************************* //
