/*--------------------------------*- C++ -*----------------------------------*\
  =========                 |
  \\      /  F ield         | OpenFOAM: The Open Source CFD Toolbox
   \\    /   O peration     | Website:  https://openfoam.org
    \\  /    A nd           | Version:  6.0
     \\/     M anipulation  |
\*---------------------------------------------------------------------------*/
FoamFile
{
    version     2.0;
    format      ascii;
    class       volScalarField;
    location    "23.25";
    object      p;
}
// * * * * * * * * * * * * * * * * * * * * * * * * * * * * * * * * * * * * * //

dimensions      [0 2 -2 0 0 0 0];

internalField   nonuniform List<scalar> 
9600
(
-177.369
-156.904
-142.068
-129.694
-118.344
-108.086
-98.8913
-90.6477
-83.2516
-76.6087
-70.6311
-65.2384
-60.3598
-55.933
-51.9045
-48.2279
-44.8634
-41.7747
-38.9284
-36.3206
-178.842
-158.329
-143.404
-130.927
-119.479
-109.135
-99.8661
-91.5596
-84.1098
-77.4208
-71.4027
-65.9742
-61.0632
-56.6072
-52.5518
-48.8504
-45.463
-42.3523
-39.4843
-36.86
-180.307
-159.728
-144.712
-132.134
-120.59
-110.161
-100.821
-92.4528
-84.9507
-78.2166
-72.1591
-66.6956
-61.7531
-57.2683
-53.1865
-49.4607
-46.0504
-42.9178
-40.0281
-37.3875
-181.756
-161.105
-145.992
-133.315
-121.677
-111.165
-101.753
-93.3257
-85.7728
-78.9949
-72.899
-67.4014
-62.4282
-57.9154
-53.8078
-50.058
-46.6253
-43.4708
-40.5596
-37.9033
-183.183
-162.455
-147.245
-134.467
-122.736
-112.143
-102.662
-94.1768
-86.5745
-79.7541
-73.6212
-68.0906
-63.0877
-58.5477
-54.415
-50.6419
-47.1873
-44.0114
-41.0791
-38.4083
-184.582
-163.777
-148.467
-135.589
-123.767
-113.094
-103.546
-95.0042
-87.3542
-80.4929
-74.3242
-68.7619
-63.7303
-59.1642
-55.0075
-51.2121
-47.7364
-44.5399
-41.5873
-38.9034
-185.949
-165.066
-149.657
-136.679
-124.767
-114.016
-104.403
-95.8063
-88.1102
-81.2095
-75.0065
-69.4139
-64.355
-59.7642
-55.5846
-51.7681
-48.2726
-45.0564
-42.0849
-39.3897
-187.28
-166.32
-150.812
-137.735
-125.734
-114.908
-105.231
-96.5811
-88.8407
-81.9022
-75.6665
-70.045
-64.9605
-60.3463
-56.1455
-52.3095
-48.7957
-45.5614
-42.5727
-39.8684
-188.573
-167.535
-151.93
-138.755
-126.666
-115.766
-106.027
-97.3265
-89.5435
-82.5689
-76.3023
-70.6536
-65.5451
-60.9094
-56.6891
-52.8354
-49.3053
-46.0549
-43.0511
-40.3409
-189.824
-168.71
-153.008
-139.737
-127.562
-116.589
-106.791
-98.0404
-90.2165
-83.2076
-76.9116
-71.2376
-66.1067
-61.4514
-57.2136
-53.3444
-49.8001
-46.5359
-43.52
-40.8076
-191.032
-169.842
-154.044
-140.678
-128.419
-117.375
-107.518
-98.7204
-90.8572
-83.8155
-77.4919
-71.7942
-66.6431
-61.9701
-57.7171
-53.8347
-50.2787
-47.0032
-43.9783
-41.2672
-192.197
-170.929
-155.036
-141.577
-129.235
-118.122
-108.208
-99.364
-91.4628
-84.3898
-78.0399
-72.3203
-67.1507
-62.4624
-58.1968
-54.304
-50.7394
-47.4558
-44.4251
-41.7179
-193.316
-171.971
-155.984
-142.432
-130.008
-118.827
-108.858
-99.9688
-92.0308
-84.9273
-78.5522
-72.8117
-67.6252
-62.9234
-58.6477
-54.7481
-51.1791
-47.8918
-44.8596
-42.1612
-194.389
-172.966
-156.886
-143.242
-130.738
-119.49
-109.466
-100.533
-92.5584
-85.425
-79.0252
-73.2643
-68.0613
-63.347
-59.0627
-55.1586
-51.5888
-48.303
-45.2773
-42.6013
-195.415
-173.913
-157.74
-144.007
-131.423
-120.108
-110.031
-101.053
-93.043
-85.8798
-79.4552
-73.6741
-68.4549
-63.728
-59.435
-55.5263
-51.9562
-48.6746
-45.6645
-43.0276
-196.398
-174.813
-158.547
-144.724
-132.061
-120.681
-110.55
-101.528
-93.4814
-86.2877
-79.8379
-74.0362
-68.8009
-64.0624
-59.7617
-55.8493
-52.2789
-49.0015
-46.0069
-43.4012
-197.347
-175.671
-159.307
-145.394
-132.653
-121.207
-111.022
-101.955
-93.8707
-86.6446
-80.1669
-74.3422
-69.0892
-64.339
-60.034
-56.1253
-52.5651
-49.2996
-46.3156
-43.7123
-198.282
-176.496
-160.022
-146.016
-133.197
-121.686
-111.448
-102.336
-94.2112
-86.9491
-80.4385
-74.5837
-69.3045
-64.5344
-60.2196
-56.3162
-52.7777
-49.5451
-46.6043
-44.0779
-199.197
-177.286
-160.693
-146.593
-133.698
-122.125
-111.833
-102.675
-94.5087
-87.2068
-80.6569
-74.7624
-69.4424
-64.6314
-60.2783
-56.3434
-52.7857
-49.5659
-46.7371
-44.5253
-200.022
-178.019
-161.323
-147.133
-134.166
-122.532
-112.188
-102.983
-94.7735
-87.4293
-80.836
-74.895
-69.5232
-64.6519
-60.2251
-56.1946
-52.5151
-49.1785
-46.3418
-44.282
-207.191
-207.173
-207.075
-206.946
-206.791
-206.602
-206.376
-206.111
-205.812
-205.479
-205.115
-204.72
-204.296
-203.844
-203.365
-202.86
-202.332
-201.784
-201.219
-200.642
-184.167
-184.208
-184.192
-184.137
-184.046
-183.917
-183.749
-183.542
-183.299
-183.023
-182.715
-182.376
-182.009
-181.613
-181.19
-180.74
-180.265
-179.763
-179.232
-178.659
-166.333
-166.422
-166.466
-166.468
-166.428
-166.349
-166.232
-166.079
-165.891
-165.672
-165.422
-165.143
-164.837
-164.504
-164.144
-163.758
-163.345
-162.903
-162.425
-161.902
-151.217
-151.327
-151.398
-151.428
-151.418
-151.37
-151.287
-151.171
-151.023
-150.847
-150.642
-150.411
-150.155
-149.875
-149.571
-149.242
-148.887
-148.504
-148.088
-147.634
-137.602
-137.713
-137.788
-137.828
-137.83
-137.797
-137.732
-137.636
-137.513
-137.363
-137.188
-136.99
-136.77
-136.529
-136.267
-135.983
-135.678
-135.347
-134.989
-134.598
-125.549
-125.65
-125.719
-125.756
-125.758
-125.729
-125.67
-125.583
-125.471
-125.335
-125.177
-124.999
-124.803
-124.588
-124.357
-124.108
-123.842
-123.555
-123.245
-122.907
-114.937
-115.024
-115.082
-115.109
-115.106
-115.073
-115.012
-114.927
-114.818
-114.688
-114.539
-114.372
-114.19
-113.993
-113.784
-113.562
-113.326
-113.076
-112.806
-112.513
-105.552
-105.624
-105.668
-105.685
-105.672
-105.632
-105.567
-105.478
-105.369
-105.24
-105.094
-104.933
-104.759
-104.575
-104.382
-104.181
-103.971
-103.75
-103.517
-103.264
-97.2077
-97.2646
-97.2962
-97.3012
-97.2791
-97.2311
-97.1594
-97.066
-96.9529
-96.8223
-96.6766
-96.5182
-96.3499
-96.174
-95.993
-95.8083
-95.6203
-95.4276
-95.2267
-95.0119
-89.7498
-89.7935
-89.813
-89.8071
-89.7757
-89.7198
-89.6415
-89.5427
-89.4255
-89.2919
-89.1447
-88.9867
-88.8209
-88.6506
-88.4789
-88.308
-88.1394
-87.9723
-87.8034
-87.6261
-83.051
-83.083
-83.0917
-83.0761
-83.0362
-82.973
-82.8884
-82.7842
-82.6623
-82.5251
-82.3754
-82.2161
-82.0509
-81.8837
-81.7187
-81.5593
-81.4082
-81.2656
-81.1285
-80.9897
-77.0071
-77.0288
-77.0279
-77.0038
-76.9562
-76.8864
-76.7959
-76.6865
-76.56
-76.4187
-76.2655
-76.1036
-75.9372
-75.7708
-75.61
-75.4594
-75.3238
-75.2047
-75.1003
-75.0023
-71.5324
-71.5451
-71.5358
-71.5041
-71.4498
-71.3741
-71.2783
-71.164
-71.0329
-70.8871
-70.7297
-70.5638
-70.3944
-70.2264
-70.0669
-69.9218
-69.7993
-69.7023
-69.632
-69.5786
-66.5564
-66.5611
-66.5445
-66.5061
-66.4459
-66.365
-66.2644
-66.1454
-66.0098
-65.8594
-65.6971
-65.5261
-65.3518
-65.1793
-65.0178
-64.8741
-64.7615
-64.684
-64.6498
-64.6462
-62.02
-62.0177
-61.9945
-61.9503
-61.885
-61.7994
-61.6945
-61.5714
-61.4314
-61.2762
-61.1086
-60.9313
-60.7503
-60.5702
-60.4029
-60.2554
-60.1483
-60.0858
-60.0897
-60.142
-57.8738
-57.8651
-57.8361
-57.7866
-57.7168
-57.6272
-57.5185
-57.3915
-57.2474
-57.0874
-56.914
-56.7296
-56.54
-56.3491
-56.1715
-56.0136
-55.9062
-55.8517
-55.8953
-56.0063
-54.0759
-54.0612
-54.0268
-53.9727
-53.8988
-53.8055
-53.6934
-53.5628
-53.4146
-53.2498
-53.0702
-52.8778
-52.6777
-52.4728
-52.279
-52.1017
-51.9849
-51.9285
-52.0163
-52.1824
-50.5879
-50.5686
-50.5301
-50.4724
-50.3956
-50.2998
-50.185
-50.0516
-49.9
-49.7308
-49.5453
-49.3446
-49.1329
-48.9116
-48.696
-48.4885
-48.3457
-48.2696
-48.4134
-48.6469
-47.374
-47.3522
-47.3121
-47.254
-47.1776
-47.0825
-46.9687
-46.8362
-46.6849
-46.5153
-46.3279
-46.1233
-45.9037
-45.6697
-45.4323
-45.1904
-45.0008
-44.8704
-45.0547
-45.442
-44.4206
-44.3916
-44.3463
-44.2852
-44.2079
-44.1135
-44.0014
-43.8716
-43.7236
-43.5577
-43.3731
-43.1708
-42.9499
-42.7115
-42.4581
-42.189
-41.9343
-41.7051
-41.7688
-42.339
-194.292
-195.455
-196.518
-197.555
-198.569
-199.542
-200.46
-201.32
-202.12
-202.86
-203.539
-204.158
-204.715
-205.212
-205.651
-206.032
-206.359
-206.635
-206.866
-207.056
-171.033
-172.195
-173.293
-174.354
-175.376
-176.35
-177.269
-178.131
-178.935
-179.681
-180.37
-181
-181.572
-182.087
-182.546
-182.951
-183.302
-183.602
-183.851
-184.044
-153.386
-154.514
-155.599
-156.639
-157.632
-158.574
-159.464
-160.301
-161.083
-161.812
-162.487
-163.108
-163.676
-164.19
-164.652
-165.063
-165.423
-165.733
-165.99
-166.192
-138.859
-139.927
-140.96
-141.948
-142.887
-143.777
-144.618
-145.41
-146.151
-146.843
-147.485
-148.076
-148.619
-149.112
-149.557
-149.954
-150.304
-150.606
-150.86
-151.064
-126.055
-127.054
-128.02
-128.945
-129.823
-130.655
-131.439
-132.176
-132.867
-133.511
-134.108
-134.659
-135.164
-135.624
-136.039
-136.409
-136.736
-137.019
-137.258
-137.453
-114.879
-115.811
-116.713
-117.575
-118.393
-119.165
-119.892
-120.574
-121.212
-121.805
-122.354
-122.86
-123.323
-123.745
-124.124
-124.463
-124.761
-125.019
-125.236
-125.414
-105.116
-105.989
-106.833
-107.638
-108.399
-109.116
-109.789
-110.418
-111.004
-111.548
-112.051
-112.513
-112.935
-113.318
-113.662
-113.968
-114.236
-114.467
-114.661
-114.818
-96.5123
-97.3355
-98.1278
-98.8818
-99.5925
-100.259
-100.881
-101.462
-102.001
-102.5
-102.96
-103.381
-103.765
-104.112
-104.423
-104.698
-104.938
-105.143
-105.314
-105.451
-88.8706
-89.6511
-90.3995
-91.1085
-91.7735
-92.3941
-92.9716
-93.5078
-94.0041
-94.4618
-94.8822
-95.2664
-95.6155
-95.9301
-96.211
-96.4585
-96.6731
-96.8552
-97.0049
-97.1227
-82.0391
-82.7842
-83.4952
-84.1647
-84.7888
-85.3679
-85.9043
-86.4001
-86.8573
-87.2775
-87.6624
-88.0133
-88.3313
-88.6171
-88.8712
-89.0941
-89.2861
-89.4475
-89.5786
-89.6795
-75.8993
-76.6157
-77.2952
-77.9298
-78.5165
-79.0575
-79.5559
-80.0145
-80.4358
-80.8218
-81.1746
-81.4954
-81.7855
-82.0456
-82.2761
-82.4773
-82.6495
-82.7929
-82.9075
-82.9938
-70.357
-71.0513
-71.7044
-72.3075
-72.8595
-73.3647
-73.8275
-74.2514
-74.6393
-74.9938
-75.3171
-75.6109
-75.876
-76.1132
-76.3228
-76.505
-76.6598
-76.7874
-76.8878
-76.9611
-65.3367
-66.0152
-66.6465
-67.2204
-67.7391
-68.21
-68.639
-69.0299
-69.3863
-69.7115
-70.0079
-70.2769
-70.5195
-70.7363
-70.9275
-71.0929
-71.2325
-71.3463
-71.4342
-71.4964
-60.7779
-61.4471
-62.0593
-62.6043
-63.0903
-63.528
-63.9241
-64.2832
-64.6097
-64.9075
-65.1788
-65.4253
-65.6476
-65.8462
-66.021
-66.1717
-66.298
-66.3998
-66.4768
-66.5291
-56.6325
-57.3009
-57.8937
-58.4071
-58.8595
-59.2644
-59.628
-59.9558
-60.2536
-60.5254
-60.7735
-60.9992
-61.2032
-61.3855
-61.5458
-61.6835
-61.7982
-61.8894
-61.9569
-62.0005
-52.8542
-53.5387
-54.1112
-54.5865
-55.003
-55.3745
-55.7049
-56.0015
-56.2714
-56.5185
-56.7448
-56.9515
-57.1389
-57.3066
-57.4539
-57.5802
-57.6845
-57.7664
-57.8254
-57.8613
-49.3829
-50.1094
-50.6672
-51.1004
-51.4784
-51.815
-52.1114
-52.3772
-52.6204
-52.8443
-53.0505
-53.24
-53.4126
-53.5676
-53.7037
-53.82
-53.9155
-53.9893
-54.0408
-54.0698
-46.1835
-46.9398
-47.4899
-47.8907
-48.2311
-48.5302
-48.793
-49.0303
-49.2493
-49.4527
-49.6419
-49.8173
-49.9783
-50.1235
-50.2513
-50.3603
-50.4492
-50.5171
-50.5631
-50.5868
-43.4326
-44.0566
-44.5421
-44.9382
-45.247
-45.4979
-45.7243
-45.9353
-46.1309
-46.3138
-46.487
-46.6502
-46.8015
-46.9386
-47.0599
-47.1636
-47.2483
-47.3125
-47.3551
-47.3757
-41.6151
-41.8699
-42.0234
-42.4253
-42.7164
-42.8868
-43.0521
-43.2258
-43.3868
-43.5356
-43.6797
-43.8191
-43.9497
-44.0684
-44.1731
-44.2623
-44.3341
-44.387
-44.4195
-44.4308
-29.4714
-31.8197
-34.401
-37.1956
-40.2309
-43.5394
-47.1528
-51.1072
-55.4451
-60.2173
-65.4845
-71.3217
-77.8244
-85.1179
-93.3758
-102.841
-113.759
-126.331
-142.182
-164.169
-29.9756
-32.3498
-34.9492
-37.7652
-40.8254
-44.1613
-47.8048
-51.7922
-56.167
-60.9802
-66.2933
-72.1825
-78.7445
-86.1059
-94.4422
-103.998
-115.017
-127.694
-143.638
-165.685
-30.4838
-32.8833
-35.5006
-38.3384
-41.4239
-44.7879
-48.462
-52.4834
-56.8957
-61.7507
-67.1107
-73.0528
-79.6749
-87.1051
-95.5205
-105.167
-116.287
-129.066
-145.094
-167.182
-30.9957
-33.4191
-36.0538
-38.9137
-42.0251
-45.4175
-49.1228
-53.1785
-57.6289
-62.5263
-67.9338
-73.9294
-80.6123
-88.1119
-96.6066
-106.343
-117.564
-130.447
-146.564
-168.7
-31.5096
-33.9558
-36.6078
-39.4901
-42.6277
-46.0489
-49.7858
-53.8763
-58.3653
-63.3055
-68.7609
-74.8103
-81.5543
-89.1236
-97.6978
-107.525
-118.846
-131.835
-148.047
-170.242
-32.024
-34.4922
-37.1614
-40.0666
-43.2309
-46.6813
-50.4502
-54.5761
-59.104
-64.0875
-69.5911
-75.6948
-82.5001
-90.1393
-98.7933
-108.711
-120.133
-133.228
-149.538
-171.795
-32.5374
-35.0269
-37.7136
-40.6424
-43.8341
-47.3142
-51.1157
-55.2773
-59.8447
-64.8718
-70.424
-76.5823
-83.4493
-91.1587
-99.8928
-109.901
-121.423
-134.625
-151.032
-173.353
-33.0489
-35.5592
-38.2636
-41.2168
-44.4365
-47.9471
-51.7817
-55.9797
-60.5869
-65.6581
-71.2593
-77.4724
-84.4013
-92.1811
-100.995
-111.094
-122.717
-136.023
-152.526
-174.91
-33.5576
-36.088
-38.8107
-41.7894
-45.0381
-48.5798
-52.4481
-56.6829
-61.3304
-66.446
-72.0963
-78.3644
-85.3553
-93.2055
-102.1
-112.29
-124.012
-137.422
-154.019
-176.467
-34.0633
-36.6135
-39.3549
-42.3601
-45.6387
-49.2123
-53.1149
-57.3869
-62.0751
-67.2352
-72.9348
-79.2578
-86.3107
-94.2311
-103.205
-113.485
-125.307
-138.819
-155.51
-178.02
-34.5654
-37.1354
-39.8966
-42.9296
-46.2392
-49.8454
-53.7828
-58.0923
-62.8211
-68.0257
-73.7744
-80.1521
-87.2665
-95.2568
-104.311
-114.68
-126.6
-140.213
-156.996
-179.568
-35.0651
-37.6548
-40.4367
-43.499
-46.8405
-50.48
-54.4525
-58.7996
-63.569
-68.8177
-74.6149
-81.0468
-88.2221
-96.2815
-105.414
-115.872
-127.889
-141.602
-158.475
-181.107
-35.5628
-38.1736
-40.9779
-44.0712
-47.4457
-51.1186
-55.1261
-59.5102
-64.3194
-69.6114
-75.4563
-81.9413
-89.1765
-97.3041
-106.514
-117.06
-129.173
-142.985
-159.946
-182.636
-36.0623
-38.6948
-41.5228
-44.6484
-48.0565
-51.7629
-55.8047
-60.225
-65.0729
-70.4069
-76.298
-82.8348
-90.1286
-98.3229
-107.609
-118.242
-130.449
-144.357
-161.405
-184.152
-36.5688
-39.2274
-42.0814
-45.2398
-48.6802
-52.4181
-56.4921
-60.9462
-65.8305
-71.2042
-77.1396
-83.7262
-91.0767
-99.3362
-108.697
-119.414
-131.715
-145.718
-162.85
-185.653
-37.091
-39.7764
-42.6565
-45.8469
-49.3181
-53.0853
-57.1888
-61.6741
-66.5919
-72.0027
-77.9797
-84.6138
-92.0189
-100.341
-109.775
-120.575
-132.967
-147.065
-164.28
-187.137
-37.6578
-40.3776
-43.278
-46.4905
-49.9831
-53.772
-57.8988
-62.4098
-67.3567
-72.8008
-78.8163
-85.4951
-92.9524
-101.336
-110.84
-121.721
-134.203
-148.393
-165.692
-188.603
-38.2862
-41.0293
-43.9347
-47.1593
-50.6682
-54.4742
-58.619
-63.1505
-68.1219
-73.5954
-79.6462
-86.3667
-93.8736
-102.316
-111.888
-122.848
-135.416
-149.699
-167.084
-190.053
-39.1116
-41.834
-44.68
-47.8821
-51.3884
-55.1966
-59.3479
-63.8922
-68.8828
-74.3818
-80.4644
-87.224
-94.778
-103.276
-112.915
-123.95
-136.602
-150.975
-168.451
-191.489
-40.1361
-42.6422
-45.4027
-48.6094
-52.1189
-55.922
-60.0729
-64.6253
-69.6316
-75.153
-81.265
-88.0613
-95.6602
-104.212
-113.915
-125.022
-137.753
-152.208
-169.777
-192.913
-21.7357
-23.0985
-25.0524
-27.3903
-29.9751
-32.8043
-35.9088
-39.3174
-43.0607
-47.1758
-51.7081
-56.7133
-62.2619
-68.4477
-75.4058
-83.3386
-92.463
-103.01
-116.788
-137.137
-22.2742
-23.7706
-25.7793
-28.0806
-30.6131
-33.4052
-36.4879
-39.8852
-43.6251
-47.7435
-52.2851
-57.3058
-62.8764
-69.0917
-76.0889
-84.0728
-93.2616
-103.882
-117.733
-138.139
-22.3629
-24.1113
-26.2406
-28.588
-31.1423
-33.948
-37.0395
-40.4439
-44.1922
-48.3222
-52.8796
-57.921
-63.5183
-69.7675
-76.8075
-84.8458
-94.1019
-104.798
-118.712
-139.146
-22.5744
-24.4099
-26.5984
-28.9957
-31.5941
-34.4359
-37.5554
-40.9826
-44.7517
-48.9028
-53.4834
-58.5514
-64.1804
-70.4678
-77.5545
-85.6501
-94.9767
-105.754
-119.745
-140.224
-22.8713
-24.7343
-26.9588
-29.3926
-32.027
-34.9025
-38.0527
-41.5085
-45.305
-49.4836
-54.0932
-59.1931
-64.8583
-71.1882
-78.3255
-86.4821
-95.8828
-106.748
-120.83
-141.373
-23.1548
-25.0619
-27.327
-29.7944
-32.4601
-35.3661
-38.5463
-42.0318
-45.8583
-50.0679
-54.7103
-59.8459
-65.5513
-71.9274
-79.1191
-87.3406
-96.8195
-107.777
-121.958
-142.575
-23.4309
-25.3901
-27.6949
-30.1954
-32.893
-35.8304
-39.0415
-42.5579
-46.4161
-50.6589
-55.3366
-60.5109
-66.2596
-72.6854
-79.9351
-88.2253
-97.7858
-108.839
-123.121
-143.817
-23.7315
-25.733
-28.0701
-30.6006
-33.3293
-36.2984
-39.5412
-43.0897
-46.9811
-51.2588
-55.974
-61.1893
-66.9839
-73.4621
-80.773
-89.1352
-98.7804
-109.931
-124.317
-145.095
-24.0644
-26.0987
-28.4621
-31.019
-33.7763
-36.7754
-40.0494
-43.6302
-47.5555
-51.8693
-56.6235
-61.8817
-67.7243
-74.2575
-81.6321
-90.0691
-99.8021
-111.053
-125.544
-146.406
-24.4235
-26.4876
-28.8744
-31.4548
-34.2384
-37.2658
-40.5696
-44.1823
-48.1416
-52.4921
-57.2863
-62.5888
-68.4813
-75.0714
-82.5121
-91.0264
-100.85
-112.203
-126.8
-147.748
-24.8047
-26.8979
-29.3062
-31.9086
-34.7168
-37.7711
-41.104
-44.7479
-48.7411
-53.1285
-57.9635
-63.3113
-69.2549
-75.9037
-83.4124
-92.0063
-101.922
-113.38
-128.085
-149.119
-25.2075
-27.3287
-29.7569
-32.3797
-35.2115
-38.2919
-41.6531
-45.3279
-49.3548
-53.7794
-58.6555
-64.0495
-70.0455
-76.7543
-84.3328
-93.0082
-103.018
-114.583
-129.397
-150.518
-25.6311
-27.7789
-30.2255
-32.8677
-35.7222
-38.828
-42.217
-45.9224
-49.983
-54.4448
-59.3625
-64.8034
-70.8527
-77.6229
-85.2726
-94.0313
-104.138
-115.81
-130.734
-151.941
-26.0735
-28.2469
-30.7107
-33.3715
-36.2481
-39.3788
-42.7954
-46.531
-50.6253
-55.1246
-60.0844
-65.5728
-71.6763
-78.5089
-86.2313
-95.0748
-105.279
-117.06
-132.095
-153.389
-26.532
-28.7303
-31.2107
-33.8898
-36.7881
-39.9434
-43.3873
-47.1533
-51.2813
-55.8184
-60.8206
-66.3571
-72.5156
-79.4117
-87.208
-96.1377
-106.442
-118.333
-133.479
-154.859
-27.0036
-29.2266
-31.7232
-34.4205
-37.3406
-40.5205
-43.9917
-47.7881
-51.9501
-56.5253
-61.5704
-67.1556
-73.3699
-80.3304
-88.2017
-97.2188
-107.624
-119.627
-134.885
-156.352
-27.4857
-29.7332
-32.2461
-34.9617
-37.9038
-41.1085
-44.6073
-48.4344
-52.6307
-57.2443
-62.3328
-67.9673
-74.2381
-81.264
-89.2112
-98.3169
-108.824
-120.941
-136.313
-157.868
-27.9757
-30.2479
-32.7771
-35.5115
-38.476
-41.7059
-45.2326
-49.0908
-53.3218
-57.9743
-63.1068
-68.7912
-75.1192
-82.2111
-90.2353
-99.4304
-110.041
-122.273
-137.762
-159.407
-28.4713
-30.7683
-33.3144
-36.0681
-39.0556
-42.3112
-45.8662
-49.756
-54.0222
-58.7141
-63.891
-69.6259
-76.0117
-83.1705
-91.2722
-100.557
-111.271
-123.62
-139.23
-160.972
-28.9703
-31.2927
-33.8562
-36.63
-39.6411
-42.9229
-46.5069
-50.4287
-54.7306
-59.4624
-64.6843
-70.4702
-76.9143
-84.1404
-92.3203
-101.696
-112.512
-124.975
-140.708
-162.565
-19.9015
-19.0252
-18.5527
-18.2585
-18.0427
-17.8659
-17.7257
-17.6117
-17.525
-17.462
-17.4233
-17.4076
-17.4151
-17.4456
-17.4992
-17.5759
-17.6759
-17.7996
-17.9473
-18.1193
-22.0261
-21.3004
-20.7383
-20.3856
-20.1222
-19.9204
-19.7614
-19.6354
-19.5398
-19.4709
-19.4281
-19.4099
-19.4162
-19.4466
-19.5009
-19.5791
-19.6813
-19.8076
-19.9582
-20.1333
-24.1993
-23.5859
-23.0438
-22.6638
-22.3666
-22.1408
-21.9627
-21.8237
-21.7184
-21.643
-21.5959
-21.5755
-21.5812
-21.6124
-21.6688
-21.7503
-21.8566
-21.9879
-22.144
-22.3253
-26.651
-26.0665
-25.549
-25.154
-24.8326
-24.5828
-24.3836
-24.2282
-24.1097
-24.0244
-23.9698
-23.9443
-23.9467
-23.9764
-24.0329
-24.1157
-24.2246
-24.3595
-24.5202
-24.7069
-29.3198
-28.7519
-28.2496
-27.8444
-27.507
-27.2374
-27.0196
-26.8483
-26.7166
-26.6209
-26.5584
-26.5272
-26.5259
-26.5535
-26.6096
-26.6935
-26.8047
-26.943
-27.1082
-27.3004
-32.2038
-31.6556
-31.1652
-30.7531
-30.4044
-30.119
-29.8857
-29.7
-29.5561
-29.4505
-29.3803
-29.3434
-29.3385
-29.3643
-29.4202
-29.5054
-29.6193
-29.7614
-29.9316
-30.1301
-35.3394
-34.808
-34.3271
-33.9105
-33.553
-33.2544
-33.0076
-32.8089
-32.6536
-32.5384
-32.4607
-32.4185
-32.41
-32.4342
-32.4902
-32.577
-32.6941
-32.8407
-33.0166
-33.2222
-38.7644
-38.2438
-37.7685
-37.3484
-36.9831
-36.6731
-36.4142
-36.2035
-36.0374
-35.9132
-35.8282
-35.7807
-35.769
-35.7919
-35.8483
-35.9373
-36.0581
-36.2099
-36.3925
-36.6062
-42.5149
-41.9992
-41.5253
-41.1009
-40.728
-40.4075
-40.1373
-39.9154
-39.7391
-39.6062
-39.5144
-39.4619
-39.4473
-39.4692
-39.5266
-39.6184
-39.7438
-39.9017
-40.092
-40.3151
-46.6301
-46.114
-45.6375
-45.2071
-44.8258
-44.4949
-44.2137
-43.9809
-43.7947
-43.6534
-43.5549
-43.4978
-43.4806
-43.502
-43.561
-43.6564
-43.7871
-43.9522
-44.1515
-44.3855
-51.1562
-50.6344
-50.1512
-49.7122
-49.3208
-48.9787
-48.686
-48.4422
-48.2461
-48.0962
-47.9912
-47.9295
-47.91
-47.9313
-47.9923
-48.092
-48.2291
-48.4025
-48.6121
-48.8585
-56.1491
-55.616
-55.1215
-54.6704
-54.2664
-53.9112
-53.6057
-53.3499
-53.143
-52.9841
-52.872
-52.8056
-52.7836
-52.8049
-52.8684
-52.9729
-53.1171
-53.2999
-53.5211
-53.7815
-61.6789
-61.1282
-60.6167
-60.149
-59.7285
-59.3573
-59.0365
-58.7666
-58.5472
-58.3779
-58.2576
-58.1854
-58.1603
-58.1812
-58.2469
-58.3564
-58.5082
-58.701
-58.9347
-59.2103
-67.8381
-67.2622
-66.7269
-66.2363
-65.7939
-65.4019
-65.0618
-64.7743
-64.5394
-64.3568
-64.2259
-64.1459
-64.1159
-64.1349
-64.2019
-64.3156
-64.4745
-64.6773
-64.9238
-65.2152
-74.76
-74.1495
-73.5813
-73.0596
-72.5878
-72.1683
-71.8028
-71.4921
-71.2366
-71.0362
-70.8906
-70.7991
-70.7608
-70.775
-70.8405
-70.9563
-71.1207
-71.3322
-71.5906
-71.897
-82.6447
-81.9877
-81.3753
-80.8115
-80.3001
-79.8434
-79.4435
-79.1014
-78.8177
-78.5924
-78.4255
-78.3162
-78.264
-78.2681
-78.3275
-78.4411
-78.6072
-78.824
-79.0908
-79.4089
-91.7074
-90.9896
-90.3178
-89.6971
-89.1316
-88.6246
-88.1778
-87.7927
-87.4697
-87.2091
-87.0109
-86.8744
-86.7993
-86.7846
-86.8295
-86.9329
-87.0933
-87.3084
-87.5773
-87.9011
-102.178
-101.379
-100.627
-99.9295
-99.2923
-98.7186
-98.2098
-97.767
-97.3907
-97.0811
-96.8381
-96.6615
-96.5506
-96.5047
-96.5227
-96.6036
-96.7467
-96.9508
-97.2146
-97.5366
-115.848
-114.937
-114.079
-113.287
-112.562
-111.908
-111.324
-110.81
-110.367
-109.996
-109.695
-109.465
-109.305
-109.215
-109.194
-109.24
-109.355
-109.543
-109.8
-110.114
-136.035
-134.988
-134.026
-133.145
-132.341
-131.611
-130.956
-130.375
-129.868
-129.436
-129.079
-128.796
-128.588
-128.455
-128.394
-128.407
-128.498
-128.675
-128.934
-129.237
-18.3145
-18.5318
-18.771
-19.0322
-19.3157
-19.6215
-19.9496
-20.2997
-20.6713
-21.0639
-21.4763
-21.906
-22.3465
-22.7911
-23.2399
-23.6828
-24.0632
-24.3476
-24.6563
-24.9501
-20.3323
-20.5539
-20.7981
-21.0647
-21.3538
-21.6652
-21.9987
-22.3539
-22.7302
-23.1264
-23.541
-23.971
-24.4115
-24.8564
-25.2994
-25.732
-26.1346
-26.4719
-26.7173
-26.9485
-22.5313
-22.7606
-23.0132
-23.2888
-23.5872
-23.9082
-24.2515
-24.6163
-25.0018
-25.4067
-25.829
-26.2655
-26.7121
-27.1632
-27.6119
-28.0496
-28.4679
-28.8481
-29.1561
-29.4341
-24.9193
-25.1559
-25.4165
-25.7008
-26.0085
-26.3392
-26.6923
-27.0671
-27.4623
-27.8766
-28.3077
-28.7524
-29.2068
-29.6659
-30.1232
-30.5714
-31.0037
-31.4103
-31.7793
-32.1375
-27.5194
-27.7634
-28.0323
-28.3256
-28.6429
-28.9836
-29.3471
-29.7323
-30.1381
-30.5627
-31.0039
-31.4585
-31.9229
-32.3925
-32.8619
-33.325
-33.7756
-34.2075
-34.622
-35.0418
-30.3564
-30.6086
-30.8866
-31.1898
-31.5177
-31.8696
-32.2446
-32.6416
-33.0594
-33.4961
-33.9494
-34.4164
-34.8937
-35.3771
-35.8623
-36.3444
-36.8182
-37.2799
-37.7349
-38.201
-33.4567
-33.7183
-34.0065
-34.3209
-34.6607
-35.0252
-35.4133
-35.824
-36.2557
-36.7067
-37.1746
-37.6568
-38.15
-38.6507
-39.1553
-39.6598
-40.1605
-40.6556
-41.1506
-41.6585
-36.8503
-37.1224
-37.4223
-37.7493
-38.1027
-38.4816
-38.8848
-39.3112
-39.7592
-40.2269
-40.7123
-41.2127
-41.7252
-42.2469
-42.7745
-43.3051
-43.8359
-44.3666
-44.9019
-45.4513
-40.5701
-40.8544
-41.1676
-41.5091
-41.8781
-42.2734
-42.694
-43.1386
-43.6056
-44.0931
-44.5992
-45.1213
-45.6569
-46.2034
-46.7581
-47.3186
-47.883
-48.4515
-49.0282
-49.6201
-44.653
-44.9512
-45.2797
-45.6379
-46.0246
-46.4389
-46.8797
-47.3454
-47.8345
-48.3453
-48.8757
-49.4235
-49.9864
-50.562
-51.1482
-51.7429
-52.3448
-52.9541
-53.5744
-54.2113
-49.1404
-49.4544
-49.8004
-50.1775
-50.5847
-51.0208
-51.4847
-51.9749
-52.4898
-53.0277
-53.5867
-54.1646
-54.7594
-55.369
-55.9916
-56.6253
-57.2691
-57.9232
-58.5905
-59.2759
-54.0794
-54.4113
-54.777
-55.1755
-55.6059
-56.0669
-56.5573
-57.0756
-57.6203
-58.1896
-58.7816
-59.3946
-60.0264
-60.6753
-61.3397
-62.0179
-62.7088
-63.4125
-64.1314
-64.87
-59.5259
-59.8775
-60.2648
-60.6871
-61.1433
-61.6322
-62.1525
-62.7026
-63.2812
-63.8863
-64.5164
-65.1694
-65.8437
-66.5376
-67.2496
-67.9781
-68.7219
-69.4807
-70.2568
-71.0543
-65.5493
-65.9215
-66.332
-66.7798
-67.264
-67.7833
-68.3364
-68.9218
-69.538
-70.1832
-70.8559
-71.5541
-72.2762
-73.0206
-73.786
-74.5709
-75.3738
-76.194
-77.0335
-77.8965
-72.2489
-72.6415
-73.0751
-73.549
-74.0621
-74.6133
-75.2011
-75.8241
-76.4807
-77.1693
-77.8883
-78.6359
-79.4104
-80.2104
-81.0346
-81.8816
-82.7495
-83.6374
-84.5467
-85.4813
-79.7759
-80.1862
-80.6409
-81.139
-81.6798
-82.2619
-82.8841
-83.5449
-84.2428
-84.976
-85.7431
-86.5423
-87.3721
-88.2309
-89.1176
-90.0308
-90.9686
-91.9291
-92.9129
-93.9238
-88.2772
-88.6993
-89.1688
-89.6852
-90.2481
-90.8564
-91.5088
-92.2039
-92.9399
-93.7154
-94.5286
-95.378
-96.2619
-97.179
-98.128
-99.1075
-100.116
-101.15
-102.211
-103.3
-97.9119
-98.3331
-98.8042
-99.3267
-99.9007
-100.525
-101.198
-101.919
-102.685
-103.494
-104.346
-105.238
-106.169
-107.137
-108.141
-109.18
-110.253
-111.359
-112.497
-113.666
-110.465
-110.861
-111.312
-111.824
-112.394
-113.02
-113.699
-114.431
-115.212
-116.041
-116.916
-117.836
-118.8
-119.805
-120.85
-121.935
-123.063
-124.24
-125.463
-126.709
-129.517
-129.86
-130.279
-130.768
-131.322
-131.937
-132.61
-133.337
-134.118
-134.95
-135.833
-136.764
-137.744
-138.77
-139.842
-140.961
-142.134
-143.377
-144.685
-145.993
-147.19
-127.948
-114.859
-104.416
-94.9592
-86.4389
-78.7814
-71.8729
-65.6287
-59.9809
-54.8675
-50.2316
-46.021
-42.1888
-38.6931
-35.494
-32.5483
-29.8249
-27.3754
-25.2272
-148.423
-129.194
-116.065
-105.549
-96.0119
-87.4133
-79.6829
-72.7081
-66.4045
-60.7036
-55.5425
-50.8632
-46.613
-42.7438
-39.2127
-35.9799
-33.0072
-30.273
-27.8127
-25.5892
-149.715
-130.469
-117.292
-106.703
-97.0849
-88.4069
-80.6031
-73.5622
-67.1996
-61.4464
-56.2388
-51.5182
-47.2306
-43.3277
-39.7658
-36.5055
-33.51
-30.7544
-28.2563
-25.9801
-151.058
-131.779
-118.544
-107.88
-98.1786
-89.4202
-81.5425
-74.4354
-68.0144
-62.2098
-56.9572
-52.1968
-47.8742
-43.9404
-40.3516
-37.0686
-34.0552
-31.2852
-28.7712
-26.4835
-152.444
-133.123
-119.823
-109.078
-99.2927
-90.4528
-82.5007
-75.3275
-68.8486
-62.9935
-57.6969
-52.8984
-48.5426
-44.58
-40.9666
-37.6629
-34.6327
-31.849
-29.3211
-27.0226
-153.867
-134.5
-121.128
-110.299
-100.426
-91.5039
-83.4769
-76.2376
-69.701
-63.7961
-58.4566
-53.6209
-49.2332
-45.2433
-41.6068
-38.284
-35.2388
-32.4443
-29.906
-27.5969
-155.324
-135.905
-122.457
-111.54
-101.578
-92.5721
-84.4696
-77.1641
-70.5702
-64.6159
-59.2339
-54.3619
-49.9429
-45.9263
-42.2669
-38.9249
-35.8641
-33.0574
-30.5062
-28.1826
-156.81
-137.337
-123.807
-112.8
-102.747
-93.6558
-85.4772
-78.1052
-71.4541
-65.4506
-60.0266
-55.1183
-50.6683
-46.6249
-42.9426
-39.581
-36.504
-33.6838
-31.1179
-28.7772
-158.322
-138.791
-125.178
-114.076
-103.931
-94.753
-86.4977
-79.059
-72.3505
-66.2979
-60.8318
-55.8873
-51.4061
-47.3356
-43.6297
-40.2476
-37.1528
-34.3172
-31.7343
-29.3742
-159.857
-140.265
-126.565
-115.367
-105.127
-95.8614
-87.5288
-80.0231
-73.2571
-67.1553
-61.6469
-56.666
-52.1531
-48.055
-44.3248
-40.9211
-37.8073
-34.9546
-32.3531
-29.9722
-161.413
-141.755
-127.966
-116.67
-106.332
-96.9788
-88.5682
-80.9951
-74.1714
-68.0203
-62.4694
-57.4517
-52.9067
-48.7803
-45.0248
-41.5985
-38.4644
-35.5932
-32.9716
-30.569
-162.986
-143.26
-129.378
-117.981
-107.546
-98.1025
-89.6135
-81.9728
-75.0912
-68.8904
-63.2967
-58.2419
-53.6642
-49.5088
-45.7274
-42.2776
-39.1222
-36.2312
-33.5884
-31.1635
-164.573
-144.776
-130.798
-119.298
-108.763
-99.2302
-90.6623
-82.9537
-76.014
-69.7634
-64.1267
-59.0344
-54.4236
-50.2386
-46.4306
-42.9564
-39.7788
-36.8671
-34.2022
-31.7547
-166.171
-146.299
-132.223
-120.619
-109.983
-100.359
-91.7121
-83.9355
-76.9376
-70.6371
-64.9572
-59.827
-55.1827
-50.9678
-47.1325
-43.6334
-40.4329
-37.4997
-34.812
-32.342
-167.776
-147.826
-133.65
-121.94
-111.203
-101.487
-92.7606
-84.9159
-77.8598
-71.5093
-65.7861
-60.618
-55.94
-51.6947
-47.8317
-44.3073
-41.0834
-38.1281
-35.4172
-32.9248
-169.386
-149.354
-135.075
-123.258
-112.418
-102.611
-93.805
-85.8924
-78.7783
-72.378
-66.6116
-61.4055
-56.6936
-52.4178
-48.527
-44.977
-41.7294
-38.7516
-36.0173
-33.5029
-171.004
-150.882
-136.496
-124.569
-113.627
-103.728
-94.8424
-86.8622
-79.6906
-73.2409
-67.4315
-62.1875
-57.4419
-53.1356
-49.217
-45.6414
-42.37
-39.3697
-36.612
-34.0764
-172.635
-152.411
-137.909
-125.87
-114.825
-104.834
-95.8702
-87.8231
-80.5945
-74.0959
-68.2439
-62.9624
-58.1833
-53.8467
-49.9004
-46.2993
-43.0045
-39.9817
-37.2012
-34.6455
-174.274
-153.937
-139.312
-127.159
-116.011
-105.93
-96.888
-88.7746
-81.4896
-74.9425
-69.0483
-63.7296
-58.9171
-54.5503
-50.5766
-46.9502
-43.632
-40.5872
-37.7844
-35.2103
-175.876
-155.443
-140.701
-128.436
-117.186
-107.015
-97.8964
-89.7174
-82.3764
-75.781
-69.8449
-64.4889
-59.6432
-55.2464
-51.2451
-47.5936
-44.2522
-41.1855
-38.3609
-35.7696
-28.902
-20.0483
-14.2065
-9.9722
-6.9268
-4.74172
-3.1615
-2.03394
-1.24603
-0.71125
-0.361581
-0.143336
-0.0154293
0.0524764
0.0819898
0.0879948
0.0804525
0.0658553
0.0483215
0.0303653
0.0134423
-0.00168722
-0.0146991
-0.0255692
-0.0344144
-0.0414576
-0.0469324
-0.0510644
-0.0540506
-0.0559827
-0.0570077
-0.0570175
-0.056192
-0.0541842
-0.0512998
-0.0469017
-0.0412701
-0.0336592
-0.0233164
-0.0110765
-29.4415
-20.4848
-14.544
-10.2353
-7.12683
-4.89464
-3.27981
-2.12602
-1.31842
-0.768753
-0.407677
-0.180531
-0.0455548
0.0280444
0.062186
0.0719728
0.0675271
0.0554652
0.0400032
0.0237357
0.00818514
-0.00583358
-0.017951
-0.0281044
-0.0363801
-0.0429742
-0.0480979
-0.0519573
-0.0547324
-0.0565008
-0.0573962
-0.0573037
-0.0563921
-0.0543169
-0.0513699
-0.0469302
-0.0412542
-0.0336276
-0.0232746
-0.011011
-29.9719
-20.9222
-14.8888
-10.5069
-7.3338
-5.05251
-3.40153
-2.22025
-1.39193
-0.826647
-0.45367
-0.217329
-0.075134
0.00420919
0.042967
0.0564883
0.0550749
0.0454789
0.0320215
0.0173813
0.00314918
-0.00980472
-0.021066
-0.030534
-0.0382651
-0.0444298
-0.0492178
-0.0528161
-0.0553889
-0.0570001
-0.0577707
-0.0575794
-0.0565839
-0.0544428
-0.0514341
-0.0469529
-0.0412333
-0.0335905
-0.0232283
-0.0109413
-30.4954
-21.3603
-15.2399
-10.7871
-7.54817
-5.2157
-3.52696
-2.31688
-1.46679
-0.885098
-0.499696
-0.253838
-0.104254
-0.0190996
0.0242762
0.0414959
0.0430601
0.0358683
0.0243545
0.0112852
-0.00167852
-0.0136105
-0.0240514
-0.0328634
-0.0400736
-0.0458274
-0.050294
-0.0536424
-0.0560212
-0.0574815
-0.0581317
-0.0578447
-0.0567676
-0.0545618
-0.0514926
-0.0469702
-0.0412076
-0.033548
-0.023178
-0.0108668
-31.0142
-21.7993
-15.5966
-11.0761
-7.77062
-5.38478
-3.65648
-2.41621
-1.54322
-0.94429
-0.545897
-0.290171
-0.133003
-0.0419521
0.00605803
0.0269519
0.0314482
0.0266066
0.0169814
0.00543137
-0.00631018
-0.0172601
-0.0269142
-0.0350977
-0.0418092
-0.0471697
-0.0513287
-0.0544377
-0.0566303
-0.0579455
-0.0584798
-0.0581
-0.0569436
-0.0546744
-0.0515455
-0.0469821
-0.0411773
-0.0335002
-0.0231238
-0.0107876
-31.5301
-22.2402
-15.9591
-11.3746
-8.00217
-5.56049
-3.79057
-2.5186
-1.62149
-1.00442
-0.592425
-0.326445
-0.161474
-0.06442
-0.0117436
0.0128123
0.020205
0.0176674
0.0098817
-0.000195903
-0.0107577
-0.0207626
-0.0296611
-0.037242
-0.0434757
-0.0484594
-0.0523237
-0.0552031
-0.0572171
-0.058393
-0.0588153
-0.0583458
-0.0571119
-0.0547808
-0.0515931
-0.0469889
-0.0411425
-0.0334471
-0.0230659
-0.0107041
-32.0453
-22.6853
-16.3283
-11.6832
-8.24359
-5.74343
-3.92963
-2.62437
-1.70188
-1.06571
-0.639443
-0.362783
-0.18976
-0.0865766
-0.0291855
-0.000966701
0.00929651
0.00902417
0.00303534
-0.005612
-0.0150328
-0.0241267
-0.0322987
-0.0393011
-0.0450765
-0.0496991
-0.0532809
-0.0559402
-0.0577828
-0.0588245
-0.0591389
-0.0585824
-0.0572731
-0.0548811
-0.0516357
-0.0469907
-0.0411035
-0.0333891
-0.0230045
-0.0106164
-32.5627
-23.1378
-16.7045
-12.0009
-8.49434
-5.93346
-4.07372
-2.73369
-1.78461
-1.12835
-0.687111
-0.399313
-0.21796
-0.108496
-0.0463248
-0.0144292
-0.00131111
0.000651155
-0.0035776
-0.0108321
-0.0191469
-0.0273611
-0.0348334
-0.0412798
-0.0466153
-0.0508914
-0.0542021
-0.0566502
-0.058328
-0.0592407
-0.0594509
-0.0588102
-0.0574274
-0.0549757
-0.0516735
-0.0469879
-0.0410607
-0.0333263
-0.0229398
-0.0105248
-33.086
-23.599
-17.0843
-12.3236
-8.75203
-6.1297
-4.22258
-2.84658
-1.8698
-1.19251
-0.735575
-0.436152
-0.246168
-0.130253
-0.0632183
-0.0276189
-0.0116513
-0.00747726
-0.0099766
-0.0158709
-0.0231112
-0.0304742
-0.0372715
-0.0431827
-0.0480953
-0.0520386
-0.0550891
-0.0573343
-0.0588539
-0.0596423
-0.059752
-0.0590296
-0.057575
-0.0550649
-0.0517067
-0.0469807
-0.0410142
-0.0332589
-0.0228721
-0.0104297
-33.6163
-24.0647
-17.4608
-12.6467
-9.01559
-6.33247
-4.37663
-2.96332
-1.95767
-1.25836
-0.78498
-0.473418
-0.274475
-0.151918
-0.0799214
-0.0405781
-0.0217566
-0.015386
-0.0161806
-0.0207428
-0.0269366
-0.0334741
-0.039619
-0.0450143
-0.0495199
-0.0531431
-0.0559435
-0.0579937
-0.0593611
-0.06003
-0.0600425
-0.0592409
-0.0577165
-0.055149
-0.0517358
-0.0469693
-0.0409643
-0.0331872
-0.0228015
-0.0103312
-34.1485
-24.5303
-17.8361
-12.9766
-9.29178
-6.54673
-4.5387
-3.08539
-2.04901
-1.32633
-0.835578
-0.511269
-0.30299
-0.173569
-0.0964908
-0.0533496
-0.0316592
-0.0230994
-0.0222081
-0.0254619
-0.0306336
-0.0363687
-0.0418819
-0.046779
-0.0508922
-0.0542073
-0.056767
-0.0586297
-0.0598506
-0.0604043
-0.0603229
-0.0594445
-0.0578519
-0.0552282
-0.0517608
-0.0469541
-0.0409113
-0.0331115
-0.0227284
-0.0102297
-34.678
-25.0125
-18.2372
-13.3362
-9.59572
-6.78147
-4.71383
-3.21556
-2.14538
-1.3973
-0.887855
-0.549983
-0.33188
-0.195313
-0.112999
-0.0659834
-0.0413951
-0.0306438
-0.0280787
-0.0300426
-0.034213
-0.0391661
-0.0440661
-0.048481
-0.0522154
-0.0552334
-0.0575612
-0.0592434
-0.0603232
-0.0607658
-0.0605937
-0.0596409
-0.0579818
-0.0553028
-0.0517823
-0.0469352
-0.0408555
-0.0330319
-0.0226529
-0.0101254
-35.2238
-25.5571
-18.6984
-13.7394
-9.93094
-7.03772
-4.90293
-3.35476
-2.24759
-1.47192
-0.942275
-0.589871
-0.36135
-0.217285
-0.129536
-0.0785423
-0.0510083
-0.0380505
-0.0338147
-0.0345013
-0.0376867
-0.0418749
-0.046178
-0.050125
-0.0534929
-0.0562239
-0.0583279
-0.0598359
-0.0607798
-0.0611153
-0.0608554
-0.0598304
-0.0581064
-0.0553732
-0.0518003
-0.0469131
-0.0407971
-0.0329489
-0.0225754
-0.0100185
-35.8251
-26.1717
-19.1825
-14.1357
-10.2574
-7.29085
-5.09255
-3.49606
-2.35229
-1.5487
-0.998254
-0.630745
-0.391368
-0.239507
-0.146138
-0.091061
-0.060528
-0.0453428
-0.0394342
-0.0388516
-0.0410651
-0.044503
-0.0482232
-0.0517153
-0.0547276
-0.0571808
-0.0590686
-0.0604086
-0.0612212
-0.0614532
-0.0611085
-0.0600133
-0.0582261
-0.0554398
-0.0518153
-0.0468881
-0.0407365
-0.0328626
-0.022496
-0.00990934
-36.4463
-26.7184
-19.5402
-14.4134
-10.5052
-7.50046
-5.25923
-3.62566
-2.45162
-1.62338
-1.05355
-0.671439
-0.421333
-0.261669
-0.162643
-0.103453
-0.0699079
-0.0524957
-0.044924
-0.0430867
-0.0443447
-0.0470486
-0.0502011
-0.0532516
-0.0559196
-0.0581044
-0.0597835
-0.0609613
-0.0616475
-0.0617797
-0.061353
-0.0601898
-0.0583409
-0.0555024
-0.0518273
-0.0468601
-0.0406737
-0.0327731
-0.0224148
-0.00979812
-36.9102
-27.0396
-19.7135
-14.5735
-10.6922
-7.681
-5.4105
-3.74657
-2.5464
-1.69587
-1.10779
-0.711578
-0.450944
-0.283553
-0.1789
-0.115617
-0.0790803
-0.059464
-0.0502536
-0.0471861
-0.0475117
-0.0495027
-0.0521057
-0.0547301
-0.0570666
-0.0589931
-0.0604715
-0.0614935
-0.062058
-0.0620943
-0.0615885
-0.0603594
-0.0584505
-0.055561
-0.0518361
-0.0468292
-0.0406086
-0.0326806
-0.022332
-0.00968497
-37.239
-27.4593
-20.0922
-14.9389
-11.043
-7.97568
-5.63455
-3.91183
-2.66756
-1.78368
-1.17075
-0.756598
-0.483266
-0.306926
-0.195957
-0.128192
-0.0884456
-0.0665057
-0.0555931
-0.0512642
-0.0506445
-0.0519192
-0.0539747
-0.0561769
-0.0581865
-0.0598594
-0.0611414
-0.0620114
-0.0624576
-0.0624007
-0.061818
-0.060525
-0.0585573
-0.0556175
-0.0518436
-0.0467968
-0.0405426
-0.0325861
-0.0222482
-0.00957033
-38.1464
-28.7915
-21.2806
-15.9011
-11.8019
-8.54311
-6.0375
-4.19087
-2.85902
-1.91411
-1.25926
-0.816911
-0.524805
-0.335929
-0.216507
-0.142968
-0.0992168
-0.0744552
-0.0615238
-0.0557295
-0.0540312
-0.054502
-0.0559515
-0.0576927
-0.0593499
-0.0607525
-0.0618279
-0.0625402
-0.0628651
-0.062714
-0.0620541
-0.0606969
-0.0586704
-0.05568
-0.0518566
-0.0467689
-0.0404806
-0.0324937
-0.0221663
-0.0094555
-39.8837
-30.7363
-22.8387
-17.0401
-12.6494
-9.17588
-6.49202
-4.50584
-3.07404
-2.05995
-1.35772
-0.883524
-0.570322
-0.367468
-0.238698
-0.15882
-0.110701
-0.0828794
-0.0677709
-0.0604045
-0.0575557
-0.0571738
-0.0579847
-0.0592432
-0.0605337
-0.0616573
-0.0625209
-0.0630726
-0.0632752
-0.0630295
-0.0622927
-0.0608717
-0.0587868
-0.0557458
-0.0518732
-0.0467443
-0.0404219
-0.0324032
-0.0220864
-0.00934058
-39.5298
-30.5416
-22.635
-16.8152
-12.5186
-9.14586
-6.50639
-4.53052
-3.10039
-2.08473
-1.37847
-0.899682
-0.582519
-0.376561
-0.24546
-0.163873
-0.114512
-0.085788
-0.0700188
-0.0621647
-0.058952
-0.0582948
-0.0588936
-0.0599846
-0.0611395
-0.0621503
-0.0629181
-0.0633875
-0.0635184
-0.0632109
-0.0624186
-0.0609498
-0.0588191
-0.0557394
-0.0518279
-0.0466672
-0.0403203
-0.0322769
-0.0219828
-0.00921518
-35.6295
-27.9541
-20.596
-15.2388
-11.4288
-8.44621
-6.05621
-4.2347
-2.90748
-1.95988
-1.29602
-0.843268
-0.542539
-0.347333
-0.22358
-0.147265
-0.10184
-0.0761294
-0.0627048
-0.0566878
-0.0549166
-0.055385
-0.056853
-0.0586005
-0.0602349
-0.0615781
-0.0625597
-0.0631528
-0.0633419
-0.0630531
-0.062253
-0.0607692
-0.0586136
-0.0555146
-0.0515778
-0.0463987
-0.0400437
-0.0319891
-0.0217624
-0.00900709
-31.5287
-25.2433
-18.6639
-13.8131
-10.4439
-7.82612
-5.68229
-4.01101
-2.78043
-1.8966
-1.27138
-0.839768
-0.549568
-0.358727
-0.235915
-0.158845
-0.111967
-0.0846321
-0.069663
-0.0622863
-0.0593686
-0.0588949
-0.0596023
-0.0607421
-0.0618943
-0.0628555
-0.0635336
-0.0638838
-0.0638745
-0.0634224
-0.0624805
-0.0608773
-0.0586111
-0.0554213
-0.0514
-0.0461556
-0.0397588
-0.0316661
-0.0215094
-0.00874235
-27.9101
-22.8494
-17.0704
-12.648
-9.59853
-7.26842
-5.33912
-3.80149
-2.65483
-1.82796
-1.23989
-0.830301
-0.552334
-0.3677
-0.247377
-0.170638
-0.122954
-0.0942996
-0.077858
-0.0690516
-0.0648427
-0.0632538
-0.0630272
-0.0634025
-0.0639405
-0.0644146
-0.0647094
-0.0647585
-0.0645085
-0.0638619
-0.0627541
-0.0610117
-0.0586185
-0.0553238
-0.0512071
-0.0458883
-0.0394459
-0.0313109
-0.0212329
-0.00845719
-24.4054
-20.4248
-15.5104
-11.57
-8.8115
-6.72808
-5.00001
-3.59663
-2.53317
-1.76122
-1.20911
-0.820783
-0.554272
-0.375298
-0.257233
-0.180824
-0.132477
-0.10271
-0.0850177
-0.074988
-0.0696674
-0.0671125
-0.0660729
-0.065779
-0.065776
-0.0658173
-0.0657675
-0.0655415
-0.0650675
-0.0642363
-0.0629683
-0.0610898
-0.0585716
-0.0551734
-0.050963
-0.0455712
-0.0390867
-0.0309111
-0.0209257
-0.00814925
-21.1307
-18.0508
-13.9693
-10.5132
-8.02723
-6.16658
-4.63341
-3.37086
-2.39698
-1.68345
-1.17034
-0.806072
-0.552981
-0.380867
-0.265784
-0.190128
-0.141362
-0.110636
-0.0917965
-0.0806209
-0.0742492
-0.0707772
-0.0689641
-0.0680331
-0.0675143
-0.0671423
-0.0667621
-0.0662704
-0.0655779
-0.0645649
-0.0631376
-0.0611231
-0.0584794
-0.0549778
-0.0506739
-0.0452096
-0.0386856
-0.0304708
-0.0205909
-0.00782035
-18.0867
-15.7152
-12.3938
-9.44786
-7.256
-5.60742
-4.25664
-3.13448
-2.2537
-1.60013
-1.12674
-0.787591
-0.548943
-0.384466
-0.272963
-0.198511
-0.149638
-0.118163
-0.0983146
-0.0860819
-0.0787154
-0.0743612
-0.0717957
-0.0702401
-0.0692129
-0.0684316
-0.0677231
-0.0669663
-0.0660548
-0.0648586
-0.0632701
-0.0611176
-0.0583468
-0.0547405
-0.0503425
-0.0448061
-0.0382442
-0.0299923
-0.0202296
-0.00747237
-15.3176
-13.508
-10.8568
-8.39659
-6.49321
-5.04452
-3.86561
-2.88323
-2.1
-1.50964
-1.07764
-0.765004
-0.542016
-0.386026
-0.278691
-0.205865
-0.157191
-0.12518
-0.104472
-0.0912873
-0.0829988
-0.0778125
-0.0745287
-0.0723709
-0.07085
-0.0696689
-0.0686377
-0.0676189
-0.0664897
-0.0651101
-0.0633598
-0.0610684
-0.05817
-0.0544589
-0.0499671
-0.0443599
-0.0377619
-0.0294768
-0.0198425
-0.00710736
-12.8462
-11.4618
-9.36619
-7.35291
-5.74341
-4.49643
-3.48
-2.62984
-1.94259
-1.41574
-1.02512
-0.739247
-0.532525
-0.385631
-0.282947
-0.21213
-0.163943
-0.131607
-0.110192
-0.0961664
-0.0870367
-0.0810775
-0.0771184
-0.0743896
-0.0723972
-0.0708316
-0.069488
-0.0682138
-0.0668709
-0.0653101
-0.0633994
-0.0609699
-0.057945
-0.0541305
-0.0495464
-0.0438712
-0.0372391
-0.0289266
-0.0194304
-0.00672804
-10.6669
-9.60605
-7.97083
-6.35781
-5.02644
-3.96972
-3.1026
-2.37588
-1.78217
-1.31906
-0.969979
-0.710905
-0.520769
-0.383405
-0.285761
-0.217279
-0.169844
-0.137389
-0.115422
-0.10067
-0.0907859
-0.0841186
-0.079533
-0.0762698
-0.0738328
-0.0719021
-0.07026
-0.0687395
-0.0671893
-0.0654513
-0.0633834
-0.0608184
-0.0576697
-0.0537548
-0.049081
-0.043342
-0.0366779
-0.028346
-0.0189954
-0.00633792
-8.77448
-7.96135
-6.69767
-5.42584
-4.34805
-3.4729
-2.74647
-2.13342
-1.62638
-1.22362
-0.914338
-0.68112
-0.507296
-0.379586
-0.287223
-0.221327
-0.174872
-0.142487
-0.12012
-0.104759
-0.0942101
-0.0869041
-0.0817453
-0.0779887
-0.0751379
-0.0728651
-0.0709411
-0.0691862
-0.067437
-0.065528
-0.0633081
-0.060612
-0.0573441
-0.0533332
-0.0485738
-0.0427763
-0.0360821
-0.0277408
-0.0185401
-0.00594117
-7.16079
-6.53704
-5.57003
-4.58459
-3.73102
-3.02033
-2.4194
-1.90656
-1.47742
-1.13072
-0.859241
-0.650731
-0.49265
-0.37447
-0.287475
-0.224326
-0.179031
-0.146883
-0.124256
-0.108401
-0.0972793
-0.0894069
-0.0837317
-0.0795258
-0.0762954
-0.0737067
-0.0715201
-0.0695451
-0.0676079
-0.0655362
-0.0631717
-0.0603509
-0.0569703
-0.0528694
-0.0480293
-0.0421801
-0.0354574
-0.0271188
-0.0180681
-0.00554256
-5.81647
-5.33773
-4.605
-3.85239
-3.18684
-2.61807
-2.12696
-1.70185
-1.34108
-1.04426
-0.806927
-0.621015
-0.477551
-0.368439
-0.286716
-0.226373
-0.182356
-0.150579
-0.127817
-0.111577
-0.0999723
-0.0916065
-0.0854734
-0.080865
-0.0772919
-0.0744156
-0.0719885
-0.0698103
-0.0676982
-0.0654744
-0.0629748
-0.0600378
-0.0565528
-0.0523694
-0.047455
-0.0415613
-0.0348118
-0.0264891
-0.017584
-0.00514722
-4.73037
-4.36105
-3.80937
-3.23982
-2.72566
-2.27418
-1.87494
-1.52313
-1.21973
-0.965575
-0.758275
-0.592672
-0.462549
-0.361869
-0.285172
-0.227594
-0.184912
-0.153601
-0.130809
-0.114282
-0.102279
-0.0934911
-0.0869592
-0.0819961
-0.0781186
-0.0749853
-0.0723416
-0.0699791
-0.0677076
-0.0653448
-0.0627219
-0.059679
-0.0560996
-0.0518422
-0.0468608
-0.0409305
-0.0341557
-0.0258627
-0.0170934
-0.00476056
-3.88415
-3.59487
-3.17895
-2.74791
-2.34988
-1.99019
-1.66428
-1.37176
-1.11532
-0.896669
-0.71484
-0.566772
-0.448348
-0.355202
-0.283111
-0.228147
-0.186787
-0.155996
-0.133254
-0.116522
-0.104199
-0.0950586
-0.0881857
-0.0829159
-0.0787732
-0.0754147
-0.07258
-0.0700541
-0.0676407
-0.0651537
-0.0624211
-0.0592843
-0.0556219
-0.0512999
-0.0462598
-0.0403006
-0.0335021
-0.0252521
-0.0166032
-0.0043881
-3.24949
-3.01665
-2.6988
-2.36807
-2.05497
-1.76392
-1.4942
-1.24789
-1.02849
-0.838238
-0.677218
-0.543809
-0.435369
-0.348775
-0.280776
-0.228196
-0.188087
-0.15783
-0.13519
-0.118322
-0.105748
-0.0963177
-0.0891593
-0.0836299
-0.0792611
-0.0757095
-0.0727106
-0.0700434
-0.0675071
-0.0649125
-0.0620854
-0.058868
-0.0551348
-0.0507582
-0.045668
-0.0396871
-0.0328669
-0.0246711
-0.0161217
-0.00403555
-2.79037
-2.5961
-2.34632
-2.08517
-1.83159
-1.58977
-1.36142
-1.14982
-0.958668
-0.790439
-0.645874
-0.524294
-0.424056
-0.342938
-0.278421
-0.227917
-0.188931
-0.159181
-0.13667
-0.119717
-0.106951
-0.0972879
-0.0898961
-0.0841523
-0.0795959
-0.0758836
-0.0727475
-0.0699622
-0.067323
-0.0646386
-0.061733
-0.0584488
-0.0546576
-0.0502362
-0.0451048
-0.0391085
-0.0322689
-0.0241353
-0.01566
-0.00370901
-2.46907
-2.3007
-2.09644
-1.88167
-1.66826
-1.46052
-1.26155
-1.07508
-0.904712
-0.752932
-0.620869
-0.508442
-0.414665
-0.33793
-0.276249
-0.227467
-0.189435
-0.160133
-0.137755
-0.120752
-0.107842
-0.0979982
-0.0904216
-0.0845067
-0.0797999
-0.0759587
-0.0727125
-0.0698325
-0.067111
-0.0643549
-0.061387
-0.0580501
-0.0542133
-0.0497568
-0.044593
-0.0385864
-0.03173
-0.0236621
-0.0152326
-0.00341574
-2.25283
-2.10148
-1.92652
-1.74146
-1.55413
-1.36906
-1.19007
-1.021
-0.865194
-0.725109
-0.602067
-0.496347
-0.407377
-0.333947
-0.274432
-0.226986
-0.189706
-0.160767
-0.138506
-0.121476
-0.108463
-0.0984846
-0.0907687
-0.084724
-0.0799031
-0.0759641
-0.0726347
-0.0696831
-0.0668998
-0.0640901
-0.0610758
-0.0576998
-0.0538294
-0.0493468
-0.0441592
-0.038146
-0.0312761
-0.0232716
-0.0148581
-0.00316751
-2.11758
-1.97692
-1.81959
-1.65233
-1.48081
-1.30976
-1.14334
-0.985335
-0.838906
-0.706426
-0.589317
-0.488059
-0.402321
-0.331137
-0.273109
-0.226587
-0.189835
-0.161154
-0.138981
-0.121936
-0.108855
-0.0987845
-0.0909732
-0.0848394
-0.0799402
-0.0759344
-0.0725482
-0.0695481
-0.0667231
-0.0638774
-0.0608322
-0.0574302
-0.0535373
-0.0490374
-0.0438338
-0.0378169
-0.0309365
-0.0229883
-0.0145525
-0.00298974
-2.05051
-1.91507
-1.7663
-1.60766
-1.44386
-1.2797
-1.11954
-0.967082
-0.825382
-0.696765
-0.582688
-0.483726
-0.399661
-0.329646
-0.272396
-0.22636
-0.189886
-0.161343
-0.139216
-0.122164
-0.109047
-0.0989285
-0.0910669
-0.0848862
-0.0799459
-0.0759051
-0.0724893
-0.0694642
-0.0666175
-0.0637533
-0.0606923
-0.0572768
-0.0533725
-0.0488635
-0.0436516
-0.0376332
-0.0307451
-0.022841
-0.0143339
-0.00292003
-39.9927
-39.9183
-39.8322
-39.7355
-39.6273
-39.506
-39.3706
-39.2206
-39.0548
-38.8734
-38.6738
-38.4573
-38.2175
-37.9591
-37.6644
-37.3488
-36.9622
-36.5811
-36.1413
-36.325
-34.5335
-34.4289
-34.3175
-34.2012
-34.0787
-33.9489
-33.8107
-33.6641
-33.5084
-33.3439
-33.1681
-32.9821
-32.7791
-32.5639
-32.3194
-32.069
-31.7809
-31.5745
-31.4234
-31.8507
-29.6877
-29.5709
-29.4529
-29.3349
-29.2164
-29.0965
-28.9748
-28.8516
-28.7265
-28.6001
-28.4708
-28.3404
-28.2052
-28.0723
-27.9342
-27.8146
-27.6912
-27.6319
-27.5877
-27.9193
-25.3865
-25.2741
-25.1634
-25.0557
-24.9504
-24.8472
-24.7459
-24.6469
-24.5503
-24.4566
-24.3653
-24.2781
-24.1934
-24.1152
-24.0359
-23.9646
-23.8786
-23.8243
-23.7948
-24.0959
-21.6031
-21.5017
-21.4034
-21.3089
-21.2181
-21.1307
-21.0468
-20.9668
-20.8909
-20.8193
-20.7519
-20.6892
-20.6293
-20.5736
-20.5174
-20.4687
-20.421
-20.4142
-20.4502
-20.7348
-18.2939
-18.2058
-18.1211
-18.0402
-17.9632
-17.8901
-17.821
-17.7562
-17.6958
-17.6401
-17.589
-17.5429
-17.5016
-17.4669
-17.4381
-17.4212
-17.4113
-17.4293
-17.4751
-17.6998
-15.4128
-15.3385
-15.2674
-15.1998
-15.1358
-15.0755
-15.0191
-14.9668
-14.9189
-14.8757
-14.8375
-14.8049
-14.7779
-14.7576
-14.7428
-14.7358
-14.733
-14.7489
-14.7894
-14.9643
-12.9164
-12.8553
-12.7969
-12.7415
-12.6891
-12.6397
-12.5938
-12.5514
-12.5129
-12.4785
-12.4485
-12.423
-12.4022
-12.3864
-12.3753
-12.3707
-12.3719
-12.3883
-12.4248
-12.555
-10.7647
-10.7156
-10.6685
-10.6235
-10.5808
-10.5405
-10.5027
-10.4677
-10.4357
-10.4068
-10.3814
-10.3596
-10.3417
-10.3281
-10.3189
-10.3152
-10.3165
-10.3278
-10.3534
-10.4421
-8.92502
-8.88635
-8.84887
-8.8127
-8.77795
-8.74473
-8.71321
-8.68358
-8.65603
-8.63076
-8.60799
-8.58796
-8.57087
-8.55696
-8.54637
-8.53956
-8.53658
-8.54016
-8.55417
-8.60906
-7.3741
-7.34416
-7.31462
-7.2856
-7.25716
-7.22944
-7.20258
-7.17674
-7.15209
-7.12879
-7.10703
-7.08701
-7.06889
-7.05289
-7.03919
-7.02812
-7.0199
-7.01581
-7.01888
-7.04625
-6.0953
-6.07233
-6.04906
-6.02556
-6.00192
-5.97824
-5.95464
-5.93127
-5.90827
-5.88579
-5.86399
-5.84302
-5.82308
-5.80432
-5.78693
-5.77109
-5.75706
-5.74535
-5.73824
-5.74406
-5.07159
-5.05386
-5.03524
-5.0158
-4.99561
-4.97476
-4.95336
-4.93152
-4.90938
-4.88705
-4.86469
-4.84241
-4.82038
-4.79874
-4.77764
-4.75723
-4.73771
-4.7193
-4.70351
-4.69364
-4.27834
-4.26433
-4.24901
-4.23243
-4.21466
-4.19577
-4.17586
-4.15503
-4.13337
-4.11101
-4.08805
-4.06462
-4.04084
-4.01683
-3.99272
-3.96864
-3.94474
-3.92113
-3.89863
-3.87842
-3.68207
-3.67061
-3.65757
-3.643
-3.62695
-3.6095
-3.59071
-3.57067
-3.54948
-3.52723
-3.50401
-3.47993
-3.45509
-3.4296
-3.40357
-3.3771
-3.35031
-3.3233
-3.29637
-3.27023
-3.2453
-3.23556
-3.22411
-3.21099
-3.19624
-3.17993
-3.16211
-3.14287
-3.12227
-3.1004
-3.07736
-3.05321
-3.02807
-3.00201
-2.97514
-2.94755
-2.91933
-2.89058
-2.86135
-2.83236
-2.9329
-2.92435
-2.91404
-2.902
-2.88827
-2.87291
-2.85598
-2.83754
-2.81765
-2.79639
-2.77383
-2.75006
-2.72516
-2.69921
-2.6723
-2.64451
-2.61593
-2.58663
-2.55663
-2.52657
-2.71719
-2.70945
-2.69996
-2.68874
-2.67583
-2.66128
-2.64513
-2.62744
-2.60828
-2.5877
-2.56578
-2.54259
-2.51819
-2.49267
-2.4661
-2.43857
-2.41015
-2.38092
-2.35088
-2.32052
-2.57889
-2.57168
-2.56274
-2.5521
-2.53979
-2.52584
-2.51031
-2.49324
-2.47468
-2.4547
-2.43335
-2.4107
-2.38681
-2.36175
-2.3356
-2.30842
-2.28029
-2.25129
-2.22145
-2.191
-2.50961
-2.50273
-2.49416
-2.48391
-2.47203
-2.45854
-2.44347
-2.42686
-2.40877
-2.38924
-2.36831
-2.34604
-2.32249
-2.29772
-2.27178
-2.24474
-2.21666
-2.18761
-2.15765
-2.12687
-39.8723
-40.2017
-39.1351
-39.317
-39.6252
-39.6298
-39.616
-39.6785
-39.75
-39.8056
-39.8605
-39.9202
-39.9783
-40.0283
-40.0677
-40.0952
-40.1089
-40.1072
-40.0882
-40.0504
-36.7535
-36.8791
-34.9523
-34.5781
-34.9354
-34.9699
-34.8167
-34.7631
-34.7917
-34.817
-34.8267
-34.8369
-34.8492
-34.8559
-34.8517
-34.8349
-34.805
-34.761
-34.7016
-34.6259
-32.9574
-32.8576
-30.6214
-29.9526
-30.3666
-30.5743
-30.4393
-30.3192
-30.3155
-30.3369
-30.329
-30.3019
-30.271
-30.2361
-30.1917
-30.1354
-30.0676
-29.9887
-29.899
-29.7984
-28.9087
-28.7978
-26.5891
-25.7967
-26.2075
-26.5505
-26.4833
-26.3202
-26.2593
-26.2557
-26.2319
-26.1768
-26.1099
-26.0411
-25.9682
-25.888
-25.7999
-25.7049
-25.6039
-25.4975
-25.0376
-25.0147
-23.0416
-22.2047
-22.5256
-22.9048
-22.8961
-22.7158
-22.597
-22.5533
-22.5127
-22.444
-22.3583
-22.2706
-22.1836
-22.0946
-22.0018
-21.9054
-21.8064
-21.7054
-21.5039
-21.5446
-19.8911
-19.0773
-19.2647
-19.5955
-19.6195
-19.4506
-19.3004
-19.2225
-19.1677
-19.0971
-19.0097
-18.9185
-18.8297
-18.7423
-18.6542
-18.5647
-18.4744
-18.3839
-18.3017
-18.3553
-17.024
-16.2937
-16.3637
-16.6079
-16.6397
-16.5003
-16.351
-16.2571
-16.1942
-16.1275
-16.0485
-15.9646
-15.8823
-15.8026
-15.724
-15.6454
-15.5671
-15.4893
-15.3881
-15.4286
-14.3907
-13.7818
-13.7792
-13.9395
-13.965
-13.8594
-13.7324
-13.6415
-13.5785
-13.5189
-13.4521
-13.3809
-13.3103
-13.2419
-13.1751
-13.1092
-13.0439
-12.9795
-12.7503
-12.7773
-11.9985
-11.5244
-11.4905
-11.5883
-11.6039
-11.5284
-11.4315
-11.3554
-11.2998
-11.2494
-11.1957
-11.139
-11.0821
-11.0266
-10.9726
-10.9194
-10.867
-10.8153
-10.4067
-10.4299
-9.87463
-9.5297
-9.49042
-9.54756
-9.55565
-9.50436
-9.43652
-9.3799
-9.3361
-9.29664
-9.25589
-9.21327
-9.17028
-9.12794
-9.08638
-9.04537
-9.00476
-8.9646
-8.3822
-8.40989
-8.03997
-7.80731
-7.77531
-7.80834
-7.81299
-7.78122
-7.73824
-7.70084
-7.67057
-7.64288
-7.61452
-7.58495
-7.55482
-7.52468
-7.49464
-7.46459
-7.43446
-7.40427
-6.69537
-6.73032
-6.50572
-6.36354
-6.34392
-6.36451
-6.36942
-6.35342
-6.33046
-6.30985
-6.29252
-6.27615
-6.25903
-6.24082
-6.22179
-6.20216
-6.18199
-6.16122
-6.13984
-6.11785
-5.35283
-5.3937
-5.27417
-5.19895
-5.19231
-5.20812
-5.21563
-5.21187
-5.20395
-5.19649
-5.18993
-5.18312
-5.17526
-5.16616
-5.1559
-5.14457
-5.13217
-5.11866
-5.10405
-5.08835
-4.33816
-4.38132
-4.32976
-4.29891
-4.30303
-4.31831
-4.3292
-4.33416
-4.3365
-4.33826
-4.33955
-4.33986
-4.33882
-4.33633
-4.33241
-4.32704
-4.32022
-4.31194
-4.30219
-4.29099
-3.60599
-3.64738
-3.63461
-3.62991
-3.64157
-3.65808
-3.672
-3.6826
-3.69128
-3.69884
-3.70527
-3.7103
-3.71379
-3.71566
-3.7159
-3.71448
-3.71137
-3.70658
-3.70009
-3.69192
-3.09453
-3.13168
-3.13873
-3.14811
-3.16446
-3.1824
-3.1985
-3.2124
-3.22465
-3.23552
-3.24496
-3.25283
-3.25903
-3.26353
-3.26629
-3.26728
-3.26648
-3.26389
-3.25948
-3.25328
-2.7454
-2.77793
-2.79437
-2.81079
-2.82966
-2.84854
-2.86586
-2.88144
-2.89547
-2.90801
-2.919
-2.92836
-2.93603
-2.94195
-2.94611
-2.94847
-2.94902
-2.94773
-2.94461
-2.93967
-2.51417
-2.54301
-2.56355
-2.58319
-2.60314
-2.62236
-2.64015
-2.6564
-2.67115
-2.68437
-2.69602
-2.70604
-2.71437
-2.72098
-2.72583
-2.72891
-2.73019
-2.72966
-2.72731
-2.72315
-2.37138
-2.39777
-2.41989
-2.44075
-2.46096
-2.48013
-2.49793
-2.51429
-2.52916
-2.54253
-2.55434
-2.56453
-2.57308
-2.57993
-2.58506
-2.58846
-2.59009
-2.58995
-2.58803
-2.58434
-2.30135
-2.32673
-2.34947
-2.37079
-2.39105
-2.41013
-2.42786
-2.44416
-2.45898
-2.47229
-2.48404
-2.4942
-2.50272
-2.50957
-2.51474
-2.5182
-2.51994
-2.51995
-2.51823
-2.51478
1.12567
1.11178
1.07738
1.01721
0.9249
0.790411
0.599235
0.331511
-0.0383038
-0.54127
-1.21319
-2.09575
-3.23927
-4.71393
-6.62586
-9.12135
-12.4695
-16.9093
-23.0999
-32.385
1.01158
0.997077
0.962401
0.901681
0.808722
0.67377
0.482654
0.215918
-0.151688
-0.651211
-1.31885
-2.19674
-3.33554
-4.8026
-6.69942
-9.15902
-12.4124
-16.7355
-22.369
-30.7141
0.894028
0.87994
0.846353
0.787337
0.697172
0.566828
0.383055
0.127527
-0.223776
-0.700671
-1.33807
-2.17601
-3.2615
-4.65247
-6.43586
-8.7208
-11.6601
-15.5825
-20.264
-27.3946
0.773136
0.759287
0.726514
0.669099
0.581873
0.456728
0.281679
0.0400755
-0.290114
-0.736537
-1.33177
-2.11258
-3.12091
-4.40413
-6.02677
-8.08649
-10.6108
-14.036
-17.8384
-23.7811
0.649546
0.635853
0.603744
0.547775
0.463268
0.34301
0.176318
-0.0516385
-0.360576
-0.775474
-1.32601
-2.04544
-2.97005
-4.14111
-5.59164
-7.43753
-9.56177
-12.4992
-15.6971
-20.5192
0.524011
0.510558
0.479257
0.424981
0.343494
0.228435
0.070372
-0.143739
-0.431227
-0.814231
-1.31909
-1.97606
-2.81389
-3.8767
-5.15548
-6.80849
-8.60995
-11.0799
-13.8711
-17.7254
0.397375
0.384272
0.353995
0.301775
0.223827
0.114632
-0.0339946
-0.233339
-0.498277
-0.848107
-1.3051
-1.898
-2.64414
-3.60031
-4.71243
-6.17312
-7.7354
-9.75897
-12.1942
-15.2847
0.270596
0.257942
0.228885
0.179051
0.105112
0.00238334
-0.136066
-0.319795
-0.561121
-0.876697
-1.28362
-1.81108
-2.46158
-3.30725
-4.26568
-5.51716
-6.89078
-8.51561
-10.5739
-13.0618
0.144744
0.132631
0.104974
0.0578107
-0.0117361
-0.10756
-0.235368
-0.403096
-0.620434
-0.90179
-1.25825
-1.72001
-2.27705
-3.00422
-3.82775
-4.85851
-6.05189
-7.35
-9.02306
-11.004
0.0209943
0.00950502
-0.0165879
-0.0608345
-0.125686
-0.214309
-0.331264
-0.483034
-0.676813
-0.924936
-1.23343
-1.62992
-2.1029
-2.70612
-3.40965
-4.23113
-5.23219
-6.27147
-7.58761
-9.12339
-0.0993894
-0.110182
-0.134575
-0.175713
-0.235655
-0.316919
-0.423052
-0.559212
-0.73062
-0.946979
-1.21245
-1.5456
-1.94627
-2.43072
-3.02058
-3.6646
-4.46971
-5.29522
-6.30487
-7.45679
-0.215074
-0.225116
-0.247709
-0.285618
-0.340547
-0.41445
-0.510039
-0.631205
-0.781995
-0.968632
-1.19664
-1.47183
-1.80913
-2.1921
-2.67268
-3.17629
-3.80218
-4.44354
-5.20237
-6.04036
-0.324678
-0.333934
-0.354677
-0.389317
-0.439257
-0.505963
-0.591516
-0.698619
-0.830748
-0.990673
-1.18585
-1.41216
-1.69243
-1.99674
-2.37853
-2.77314
-3.25056
-3.7371
-4.29856
-4.89535
-0.426784
-0.435245
-0.454142
-0.485566
-0.53067
-0.590524
-0.666726
-0.761032
-0.876442
-1.01349
-1.17971
-1.36755
-1.5977
-1.84377
-2.14387
-2.45431
-2.81713
-3.18265
-3.59559
-4.01856
-0.519946
-0.52763
-0.544743
-0.573101
-0.613652
-0.667172
-0.734868
-0.817887
-0.918579
-1.03674
-1.17804
-1.33642
-1.52526
-1.72799
-1.96545
-2.21233
-2.49096
-2.76898
-3.07554
-3.3801
-0.602669
-0.609624
-0.625081
-0.65062
-0.687031
-0.73489
-0.795085
-0.86844
-0.956589
-1.05944
-1.18034
-1.31598
-1.47294
-1.64287
-1.83469
-2.03513
-2.25426
-2.47232
-2.70572
-2.93235
-0.673368
-0.679674
-0.693662
-0.716727
-0.749542
-0.79255
-0.846407
-0.911764
-0.989686
-1.08035
-1.18539
-1.30345
-1.43697
-1.58224
-1.74197
-1.90942
-2.08777
-2.26559
-2.44992
-2.62607
-0.730274
-0.736037
-0.74881
-0.769845
-0.799732
-0.838835
-0.887654
-0.946739
-1.0168
-1.09815
-1.19151
-1.29643
-1.41348
-1.54092
-1.67884
-1.82354
-1.9748
-2.12592
-2.27824
-2.42236
-0.77127
-0.776633
-0.78851
-0.808056
-0.835816
-0.872105
-0.917334
-0.971985
-1.03658
-1.11147
-1.19698
-1.29297
-1.3993
-1.51495
-1.63903
-1.7691
-1.90354
-2.03792
-2.17074
-2.2958
-0.793635
-0.798777
-0.810159
-0.828877
-0.855461
-0.890209
-0.933488
-0.985742
-1.04742
-1.11886
-1.20027
-1.29155
-1.39239
-1.50193
-1.61902
-1.74165
-1.86771
-1.9937
-2.11702
-2.23304
2.61775
2.61122
2.59395
2.56086
2.50627
2.42076
2.2921
2.10499
1.84148
1.48125
1.00134
0.374053
-0.439125
-1.49881
-2.89995
-4.79127
-7.35444
-10.9598
-15.9326
-23.1728
2.53463
2.52759
2.50898
2.47412
2.41725
2.32897
2.19699
2.00584
1.73731
1.37071
0.88263
0.245037
-0.580605
-1.65474
-3.07128
-4.98096
-7.56479
-11.1953
-16.2195
-23.5427
2.45237
2.44485
2.42494
2.38836
2.32925
2.23825
2.10298
1.90784
1.63431
1.26131
0.765011
0.116961
-0.721411
-1.81052
-3.2432
-5.17206
-7.77821
-11.4355
-16.5111
-23.9165
2.37102
2.36304
2.34187
2.30361
2.24233
2.14867
2.01017
1.81107
1.53256
1.15315
0.648557
-0.0100991
-0.861462
-1.96601
-3.41563
-5.36449
-7.99452
-11.6804
-16.8085
-24.2952
2.29062
2.28219
2.25982
2.21995
2.15655
2.06028
1.91862
1.7156
1.43212
1.04628
0.533328
-0.136082
-1.0007
-2.12116
-3.58845
-5.55813
-8.21341
-11.9294
-17.1108
-24.6773
2.21121
2.20236
2.17884
2.13742
2.07197
1.97316
1.82838
1.62147
1.33305
0.940751
0.419368
-0.260954
-1.13909
-2.2759
-3.76162
-5.75292
-8.43465
-12.1822
-17.4169
-25.0606
2.13282
2.12357
2.09897
2.05606
1.98863
1.88735
1.7395
1.52876
1.23539
0.836607
0.306706
-0.384694
-1.27662
-2.43024
-3.93513
-5.94887
-8.65814
-12.4385
-17.7265
-25.4433
2.05548
2.04586
2.02025
1.97591
1.90658
1.80289
1.65204
1.43749
1.13919
0.733881
0.195366
-0.507293
-1.41332
-2.58419
-4.109
-6.14604
-8.88383
-12.6983
-18.0396
-25.824
1.97922
1.96926
1.94272
1.89703
1.82586
1.71983
1.56604
1.34772
1.04448
0.6326
0.0853595
-0.628755
-1.54919
-2.73779
-4.28326
-6.3445
-9.11173
-12.9613
-18.3564
-26.2017
1.90405
1.89379
1.8664
1.81943
1.74651
1.63821
1.48153
1.25947
0.951292
0.532782
-0.0233099
-0.749093
-1.68427
-2.89108
-4.45796
-6.54436
-9.34192
-13.2275
-18.6775
-26.5757
1.83
1.81948
1.79133
1.74316
1.66855
1.55806
1.39855
1.17278
0.859651
0.434438
-0.130649
-0.868334
-1.81862
-3.04416
-4.6332
-6.74575
-9.57454
-13.4964
-19.0029
-26.9444
1.75709
1.74636
1.71753
1.66824
1.59203
1.47941
1.31712
1.08767
0.76957
0.337573
-0.236672
-0.986517
-1.9523
-3.1971
-4.80907
-6.9488
-9.8099
-13.7679
-19.3339
-27.3082
1.68532
1.67443
1.64502
1.5947
1.51697
1.4023
1.23727
1.00416
0.681061
0.242183
-0.341402
-1.10369
-2.08539
-3.35002
-4.98572
-7.15357
-10.0483
-14.0408
-19.6699
-27.6635
1.61471
1.60372
1.57383
1.52256
1.44339
1.32673
1.15903
0.922267
0.59413
0.148259
-0.444872
-1.2199
-2.21798
-3.50304
-5.16336
-7.36021
-10.2907
-14.3154
-20.0142
-28.0146
1.54527
1.53423
1.50397
1.45183
1.37131
1.25273
1.0824
0.841998
0.508774
0.0557864
-0.547119
-1.33523
-2.35016
-3.65626
-5.34216
-7.56853
-10.5372
-14.5891
-20.3627
-28.3525
1.47699
1.46598
1.43545
1.38253
1.30073
1.1803
1.00739
0.76336
0.424991
-0.0352573
-0.64819
-1.44975
-2.48207
-3.80988
-5.5226
-7.77907
-10.7901
-14.8656
-20.7249
-28.6977
1.40988
1.39898
1.36829
1.31468
1.23168
1.10946
0.934003
0.686345
0.342767
-0.124899
-0.748138
-1.56353
-2.61381
-3.96393
-5.70465
-7.99107
-11.0473
-15.1399
-21.0813
-29.0329
1.34398
1.33333
1.30266
1.24848
1.16435
1.04039
0.862371
0.611019
0.262106
-0.213176
-0.847046
-1.67676
-2.74582
-4.11936
-5.8905
-8.20931
-11.3183
-15.4371
-21.4685
-29.4624
1.27924
1.26901
1.23859
1.18403
1.09897
0.973402
0.79287
0.537723
0.183207
-0.300104
-0.945131
-1.78976
-2.87841
-4.27644
-6.08003
-8.43366
-11.5976
-15.7546
-21.8391
-29.9916
1.21529
1.2049
1.1743
1.11905
1.03285
0.905633
0.722759
0.464158
0.104353
-0.387067
-1.04423
-1.90616
-3.01892
-4.44913
-6.29837
-8.71132
-11.9652
-16.2487
-22.4609
-31.1456
4.37571
4.37572
4.38127
4.38484
4.37914
4.35387
4.2967
4.19368
4.0295
3.78678
3.44307
2.96431
2.29614
1.35204
0.0128715
-1.82097
-4.22141
-7.50718
-12.3542
-18.5818
4.28718
4.28634
4.29031
4.29087
4.2811
4.25064
4.187
4.07587
3.90127
3.64489
3.28308
2.78023
2.08023
1.09561
-0.30062
-2.23291
-4.76522
-8.11511
-12.9587
-19.2863
4.19874
4.19827
4.20196
4.20113
4.18923
4.15601
4.08923
3.97482
3.79716
3.53859
3.17685
2.67889
1.99273
1.03856
-0.302024
-2.15551
-4.57777
-7.71307
-12.2218
-18.5051
4.11
4.10982
4.1132
4.11117
4.09747
4.06195
3.99257
3.87552
3.69556
3.4358
3.07551
2.58438
1.91454
0.993084
-0.288266
-2.05644
-4.38583
-7.40731
-11.7777
-18.2718
4.02095
4.02082
4.02357
4.02007
4.00426
3.96607
3.89354
3.77293
3.58914
3.3255
2.96201
2.46963
1.80216
0.889174
-0.373933
-2.1225
-4.46555
-7.53718
-11.9295
-18.5113
3.93172
3.93149
3.93343
3.92828
3.91018
3.86907
3.79303
3.66829
3.4797
3.21056
2.84093
2.34222
1.66844
0.74889
-0.521305
-2.28655
-4.68396
-7.83626
-12.2162
-18.7169
3.84238
3.84199
3.84301
3.83615
3.8157
3.77163
3.69203
3.56311
3.3696
3.09468
2.71845
2.2126
1.53142
0.603956
-0.674329
-2.45054
-4.87731
-8.06561
-12.39
-18.8305
3.753
3.75239
3.75241
3.7438
3.72098
3.67396
3.59085
3.4578
3.25946
2.97892
2.59632
2.08385
1.39662
0.464369
-0.815305
-2.58709
-5.01475
-8.21777
-12.5162
-18.9727
3.66366
3.66275
3.66169
3.65129
3.62607
3.5761
3.48947
3.35231
3.14915
2.86301
2.47404
1.95499
1.2621
0.326315
-0.952406
-2.71564
-5.13959
-8.36991
-12.6876
-19.1803
3.57441
3.57316
3.57094
3.5587
3.53105
3.47809
3.38794
3.24663
3.0386
2.74671
2.3511
1.82498
1.12563
0.185086
-1.09536
-2.85549
-5.2834
-8.55499
-12.9108
-19.4275
3.48532
3.48369
3.48024
3.46613
3.43602
3.38006
3.28636
3.14088
2.9279
2.6301
2.22755
1.69371
0.986765
0.0395481
-1.24636
-3.00971
-5.44654
-8.76052
-13.157
-19.695
3.39647
3.39442
3.38968
3.37367
3.34108
3.28211
3.18486
3.03518
2.8172
2.51338
2.10363
1.56158
0.846123
-0.109216
-1.40297
-3.17289
-5.61848
-8.96966
-13.4105
-19.9817
3.30792
3.30542
3.29935
3.28141
3.24633
3.18435
3.08354
2.92966
2.70664
2.39672
1.9796
1.42898
0.704356
-0.259977
-1.56266
-3.34057
-5.79369
-9.17821
-13.6709
-20.2899
3.21973
3.21675
3.20932
3.18945
3.15187
3.08688
2.98251
2.82442
2.59635
2.28027
1.85564
1.29616
0.561862
-0.412113
-1.72442
-3.51161
-5.97259
-9.38893
-13.9404
-20.6179
3.13196
3.1285
3.11967
3.09786
3.05779
2.98979
2.88188
2.7196
2.48646
2.16416
1.73189
1.1633
0.418863
-0.565417
-1.88812
-3.6863
-6.15677
-9.60398
-14.218
-20.9619
3.04469
3.04072
3.03048
3.00675
2.96419
2.8932
2.78176
2.61528
2.37707
2.0485
1.60849
1.03056
0.275545
-0.719748
-2.05373
-3.86463
-6.34655
-9.82326
-14.501
-21.3179
2.95797
2.95349
2.94182
2.91617
2.87115
2.79719
2.68224
2.51159
2.26829
1.93344
1.48559
0.898113
0.132106
-0.874892
-2.22097
-4.04608
-6.5412
-10.0458
-14.7869
-21.6829
2.87186
2.86686
2.85378
2.82622
2.77875
2.70185
2.58342
2.40861
2.16025
1.81907
1.3633
0.766104
-0.0112539
-1.03059
-2.38949
-4.22995
-6.73986
-10.2708
-15.074
-22.0541
2.78642
2.7809
2.7664
2.73697
2.68709
2.60728
2.4854
2.30646
2.05303
1.70552
1.24176
0.634676
-0.154349
-1.18661
-2.55897
-4.41567
-6.94189
-10.4982
-15.3611
-22.4282
2.7017
2.69567
2.67977
2.64849
2.59624
2.51355
2.38826
2.20522
1.94674
1.59287
1.12107
0.50395
-0.297024
-1.34275
-2.72918
-4.60287
-7.14688
-10.7278
-15.6473
-22.802
7.78181
7.79127
7.81136
7.84233
7.88232
7.92841
7.97762
8.02718
8.07465
8.11806
8.15601
8.18774
8.2131
8.23246
8.24649
8.25599
8.26169
8.26412
8.2635
8.26012
7.73925
7.7492
7.77035
7.803
7.84521
7.894
7.94635
7.99941
8.0507
8.09814
8.14025
8.17618
8.20564
8.22885
8.24634
8.25874
8.2667
8.27064
8.27041
8.2671
7.661
7.6718
7.69474
7.7302
7.77614
7.82949
7.88709
7.94602
8.00365
8.0578
8.10684
8.14971
8.18596
8.21552
8.23862
8.25568
8.26721
8.27319
8.27255
8.26868
7.55204
7.56386
7.589
7.62789
7.67839
7.73724
7.80115
7.86705
7.93219
7.99422
8.05132
8.10225
8.14627
8.18295
8.21213
8.23392
8.24856
8.255
8.25068
8.24384
7.41645
7.42935
7.45678
7.49925
7.55444
7.61888
7.68912
7.76193
7.83438
7.90395
7.96865
8.027
8.07793
8.12052
8.15405
8.17824
8.19276
8.19465
8.17998
8.16547
7.25804
7.27194
7.30149
7.34725
7.40666
7.47605
7.55173
7.63028
7.70861
7.78401
7.85432
7.91779
7.97285
8.01794
8.0516
8.073
8.08071
8.06907
8.03382
8.00496
7.08057
7.09528
7.12658
7.17497
7.23768
7.31073
7.39021
7.47248
7.55424
7.63262
7.70521
7.76993
7.82457
7.86662
7.89368
7.9041
7.89472
7.85648
7.78671
7.73475
6.88786
6.90313
6.93561
6.98575
7.05047
7.12547
7.20658
7.2899
7.3719
7.44949
7.52
7.58084
7.62893
7.66048
7.67189
7.66039
7.62019
7.5381
7.41554
7.32916
6.68371
6.69924
6.73226
6.7831
6.84833
6.92331
7.00356
7.08487
7.16342
7.23586
7.29915
7.35004
7.38423
7.39635
7.3813
7.33461
7.24656
7.09875
6.89962
6.76364
6.47182
6.48728
6.52017
6.57061
6.63479
6.70769
6.78448
6.86058
6.93181
6.99449
7.04511
7.07947
7.09164
7.07416
7.02015
6.92298
6.76719
6.52688
6.22017
6.01342
6.25565
6.27075
6.30286
6.35183
6.41343
6.48226
6.55305
6.62079
6.68086
6.72911
6.76138
6.77223
6.75366
6.69586
6.59008
6.42652
6.1806
5.81496
5.36036
5.05302
6.03836
6.05282
6.08355
6.13008
6.18772
6.25066
6.31314
6.36961
6.41494
6.44442
6.45309
6.43398
6.37639
6.26733
6.09569
5.84784
5.48706
4.95886
4.30695
3.85808
5.8227
5.83629
5.86514
5.90839
5.96089
6.01638
6.06854
6.11122
6.13861
6.1453
6.12532
6.06976
5.96449
5.79273
5.54169
5.19429
4.69611
3.9639
3.05291
2.4079
5.61098
5.62352
5.65009
5.6894
5.73582
5.7826
5.82282
5.84962
5.85643
5.83699
5.78421
5.68712
5.52754
5.28355
4.93957
4.47491
3.81382
2.83412
1.59758
0.690732
5.40508
5.41643
5.44045
5.47531
5.51494
5.55208
5.57914
5.58844
5.57256
5.52418
5.43486
5.29127
5.07046
4.74359
4.29195
3.69565
2.85827
1.59804
-0.0402744
-1.2983
5.20645
5.21652
5.23782
5.26792
5.30029
5.32716
5.34025
5.331
5.29099
5.21177
5.08336
4.89018
4.60448
4.18875
3.61814
2.87459
1.84252
0.265085
-1.85204
-3.55864
5.01614
5.02487
5.04337
5.06855
5.09341
5.10968
5.10828
5.07973
5.01455
4.90294
4.73309
4.48684
4.1316
3.61966
2.91571
2.00622
0.773217
-1.12215
-3.77709
-6.06299
4.83493
4.84233
4.85804
4.87819
4.89548
4.90112
4.88524
4.83735
4.74679
4.60238
4.39041
4.09006
3.66436
3.05491
2.21027
1.11644
-0.336485
-2.56553
-5.82183
-8.8404
4.66334
4.66967
4.68282
4.69785
4.70726
4.70183
4.67095
4.60315
4.48651
4.3082
4.05208
3.69373
3.19159
2.47753
1.47917
0.170588
-1.53461
-4.08043
-7.91825
-11.8286
4.50093
4.50581
4.5167
4.52716
4.52956
4.51403
4.46902
4.38187
4.23924
4.02659
3.72536
3.30684
2.72296
1.89478
0.724889
-0.843003
-2.88103
-5.80527
-10.2396
-15.3369
8.2573
8.25571
8.25374
8.25153
8.24909
8.24641
8.24348
8.24029
8.23683
8.23311
8.2291
8.2248
8.2202
8.21528
8.21004
8.20445
8.19849
8.19216
8.18543
8.17828
8.26843
8.26705
8.26457
8.2619
8.25909
8.25605
8.25275
8.2492
8.24538
8.24129
8.23692
8.23224
8.22726
8.22195
8.21629
8.21027
8.20387
8.19706
8.18984
8.18216
8.27835
8.27744
8.27423
8.27091
8.26756
8.26399
8.26012
8.25598
8.25154
8.24681
8.24176
8.23639
8.23068
8.2246
8.21813
8.21127
8.20397
8.19622
8.188
8.17926
8.26516
8.26512
8.26159
8.258
8.25438
8.25044
8.24611
8.2414
8.23631
8.23082
8.22493
8.21861
8.21184
8.20461
8.1969
8.18867
8.1799
8.17057
8.16063
8.15006
8.20024
8.20177
8.19908
8.19619
8.19307
8.18939
8.18512
8.18026
8.17482
8.16878
8.16214
8.15488
8.14698
8.13842
8.12918
8.11924
8.10855
8.09709
8.08482
8.0717
8.05476
8.05908
8.05894
8.05822
8.05681
8.05448
8.0512
8.04699
8.04187
8.03582
8.02884
8.02091
8.01204
8.00218
7.99133
7.97945
7.9665
7.95245
7.93725
7.92085
7.80215
7.81114
7.81559
7.81883
7.82074
7.82118
7.82016
7.81771
7.81384
7.80854
7.80183
7.7937
7.78413
7.7731
7.7606
7.74658
7.73101
7.71386
7.69506
7.67455
7.41849
7.43475
7.4461
7.45538
7.4625
7.46742
7.47016
7.47075
7.46922
7.46558
7.45984
7.45199
7.44203
7.42995
7.41572
7.3993
7.38066
7.35974
7.33649
7.31083
6.88132
6.90832
6.92916
6.94685
6.96134
6.97266
6.98084
6.98594
6.98798
6.98699
6.98299
6.97599
6.96598
6.95296
6.93689
6.91774
6.89547
6.87003
6.84133
6.80929
6.16749
6.20972
6.24289
6.27164
6.29588
6.31571
6.33119
6.3424
6.34938
6.35217
6.35079
6.34528
6.33563
6.32182
6.30385
6.28167
6.25522
6.22446
6.18928
6.14957
5.2515
5.31454
5.363
5.40555
5.44191
5.4724
5.49707
5.51603
5.52933
5.53705
5.53921
5.53584
5.52697
5.51257
5.49262
5.46709
5.43592
5.39903
5.3563
5.30761
4.10665
4.19697
4.26334
4.32218
4.37267
4.41565
4.45109
4.47915
4.49992
4.51346
4.51983
4.51907
4.51118
4.49617
4.474
4.44462
4.40799
4.36398
4.31247
4.25329
2.70883
2.83349
2.91963
2.99661
3.06234
3.11885
3.1659
3.20376
3.2325
3.2522
3.26291
3.26468
3.25752
3.2414
3.21631
3.18218
3.13893
3.08643
3.02449
2.95292
1.04191
1.20722
1.31319
1.40869
1.48947
1.55956
1.61811
1.66561
1.70202
1.72746
1.74196
1.74556
1.73827
1.72004
1.69083
1.65054
1.59908
1.53627
1.46186
1.37563
-0.908236
-0.696108
-0.570751
-0.45651
-0.361741
-0.27903
-0.210218
-0.154196
-0.111213
-0.0810789
-0.0638555
-0.0595434
-0.0682003
-0.0898879
-0.124694
-0.172723
-0.234126
-0.309146
-0.39811
-0.50126
-3.14316
-2.87904
-2.73812
-2.60884
-2.50458
-2.41223
-2.33547
-2.27258
-2.22451
-2.19108
-2.17252
-2.16885
-2.18019
-2.20664
-2.24833
-2.30542
-2.37814
-2.46682
-2.57192
-2.69372
-5.67023
-5.35928
-5.21444
-5.07461
-4.96389
-4.86335
-4.78073
-4.71306
-4.662
-4.62698
-4.60843
-4.6064
-4.62119
-4.65302
-4.70215
-4.7688
-4.8533
-4.95614
-5.07793
-5.21896
-8.55412
-8.18156
-8.02789
-7.87455
-7.76202
-7.65873
-7.57532
-7.50596
-7.45368
-7.41785
-7.39969
-7.39945
-7.41776
-7.45491
-7.51126
-7.58707
-7.68272
-7.79885
-7.93622
-8.09502
-11.725
-11.2894
-11.1603
-11.0196
-10.9226
-10.8235
-10.7422
-10.6727
-10.6211
-10.5869
-10.5719
-10.5762
-10.6005
-10.6451
-10.7103
-10.7963
-10.9036
-11.0329
-11.185
-11.3599
-15.469
-14.9823
-14.8712
-14.7105
-14.598
-14.4837
-14.3943
-14.3203
-14.2676
-14.2343
-14.2218
-14.2299
-14.2592
-14.3099
-14.3823
-14.4769
-14.594
-14.7343
-14.8986
-15.0869
8.17069
8.16265
8.15412
8.14508
8.13551
8.12539
8.11468
8.10337
8.09143
8.07883
8.06554
8.05155
8.03682
8.02133
8.00506
7.98799
7.97008
7.95129
7.93163
7.91145
8.17402
8.16539
8.15624
8.14656
8.13631
8.12546
8.11401
8.10191
8.08915
8.07571
8.06154
8.04665
8.03099
8.01455
7.99731
7.97925
7.96033
7.94039
7.91947
7.89904
8.17
8.16017
8.14975
8.13872
8.12703
8.11467
8.10159
8.08777
8.07318
8.05779
8.04157
8.02449
8.00652
7.98763
7.96781
7.94705
7.92524
7.90197
7.87739
7.85505
8.13883
8.12689
8.11423
8.10079
8.08653
8.07143
8.05544
8.03853
8.02065
8.00177
7.98184
7.96084
7.93871
7.91542
7.89097
7.86539
7.83841
7.80916
7.7779
7.75156
8.05768
8.04273
8.02681
8.00986
7.99183
7.97268
7.95236
7.9308
7.90797
7.8838
7.85825
7.83127
7.80277
7.77274
7.74122
7.70831
7.67344
7.63473
7.5925
7.55981
7.9032
7.88427
7.86398
7.84227
7.81909
7.79436
7.76802
7.74001
7.71025
7.67867
7.64523
7.60981
7.57232
7.53275
7.49131
7.44826
7.40232
7.34948
7.29014
7.24879
7.65227
7.62818
7.6022
7.57424
7.54423
7.51208
7.47772
7.44106
7.402
7.36048
7.31639
7.26961
7.21994
7.16745
7.11279
7.05653
6.99582
6.92243
6.83701
6.78457
7.28268
7.252
7.21868
7.18263
7.14375
7.10195
7.05711
7.00912
6.95789
6.90334
6.84532
6.78358
6.71782
6.6483
6.57662
6.5039
6.4242
6.32145
6.19704
6.13067
6.77382
6.73487
6.69231
6.64604
6.59593
6.54185
6.48367
6.42126
6.35453
6.2834
6.20766
6.12679
6.04026
5.9489
5.85615
5.76407
5.66087
5.51716
5.33607
5.25237
6.10524
6.05624
6.00242
5.94365
5.87978
5.81064
5.73607
5.65592
5.57015
5.47873
5.38128
5.27676
5.16424
5.04573
4.92806
4.81472
4.68363
4.48379
4.22215
4.1173
5.25286
5.192
5.12485
5.05127
4.97108
4.88408
4.79002
4.68876
4.58037
4.46497
4.34188
4.20901
4.06463
3.91288
3.76668
3.63159
3.46814
3.19169
2.81754
2.68968
4.18636
4.11165
4.02896
3.93812
3.83894
3.73112
3.61434
3.4884
3.35361
3.2104
3.05771
2.89158
2.70853
2.516
2.33715
2.18153
1.98244
1.60448
1.07881
0.932464
2.87168
2.78077
2.67998
2.56912
2.44796
2.31616
2.17318
2.01872
1.85332
1.67809
1.4919
1.28812
1.05968
0.817595
0.600949
0.428675
0.196975
-0.303699
-1.02089
-1.1752
1.27761
1.16789
1.04622
0.912381
0.766163
0.607162
0.434653
0.248007
0.0478719
-0.163569
-0.386503
-0.629992
-0.907134
-1.20596
-1.46676
-1.64994
-1.89923
-2.52715
-3.47013
-3.6293
-0.618428
-0.749417
-0.894511
-1.05395
-1.22794
-1.41683
-1.62141
-1.84266
-2.08022
-2.33089
-2.5924
-2.87399
-3.19621
-3.55293
-3.86572
-4.05937
-4.30358
-5.03899
-6.23085
-6.41926
-2.83183
-2.98585
-3.15608
-3.34275
-3.54604
-3.76611
-4.00347
-4.25924
-4.53371
-4.82363
-5.12372
-5.43964
-5.79719
-6.2047
-6.57884
-6.80013
-7.0293
-7.83405
-9.27369
-9.5458
-5.37849
-5.55574
-5.7509
-5.96415
-6.19563
-6.44528
-6.7132
-7.00016
-7.30726
-7.63281
-7.97044
-8.31966
-8.70491
-9.15284
-9.59831
-9.88708
-10.1253
-10.9582
-12.5917
-12.988
-8.27396
-8.47172
-8.68838
-8.92416
-9.17928
-9.4538
-9.74772
-10.0615
-10.3966
-10.7541
-11.1302
-11.5196
-11.937
-12.4196
-12.941
-13.342
-13.635
-14.4478
-16.1358
-16.5986
-11.5558
-11.771
-12.0058
-12.2607
-12.5362
-12.8328
-13.1507
-13.4904
-13.8532
-14.2415
-14.6556
-15.0901
-15.5455
-16.0497
-16.6155
-17.1252
-17.4814
-18.1597
-19.6603
-20.0231
-15.2974
-15.5287
-15.7814
-16.056
-16.3529
-16.6725
-17.0151
-17.381
-17.77
-18.1829
-18.6204
-19.0794
-19.5511
-20.0368
-20.5564
-21.0722
-21.4417
-21.8156
-22.7626
-22.9396
7.86161
7.754
7.61881
7.45334
7.25246
7.01127
6.72868
6.40603
6.04557
5.6508
5.2271
4.78165
4.32307
3.86077
3.40437
2.96303
2.5449
2.15653
1.80274
1.48634
1.20841
0.968304
0.764267
0.593416
0.45257
0.337951
0.246152
0.173448
0.11696
0.0734855
0.0410104
0.0169611
0.00025461
-0.0111621
-0.0175134
-0.0205615
-0.0198245
-0.0171104
-0.011455
-0.0050788
7.85302
7.73722
7.59373
7.42043
7.21044
6.95815
6.6659
6.33562
5.96884
5.56893
5.14156
4.69412
4.23532
3.77457
3.32141
2.8848
2.47262
2.09106
1.74459
1.43563
1.16498
0.931724
0.733945
0.568657
0.432635
0.322108
0.233711
0.163782
0.109517
0.0677924
0.036673
0.0136534
-0.00227838
-0.0131293
-0.0190586
-0.0218035
-0.0208137
-0.0178727
-0.0119458
-0.00519801
7.81129
7.68262
7.52808
7.34315
7.11936
6.85044
6.54592
6.20599
5.8309
5.42446
4.99285
4.54377
4.08606
3.62916
3.18246
2.75463
2.35304
1.98333
1.64935
1.35296
1.09445
0.872547
0.685059
0.52887
0.40069
0.296796
0.213877
0.148414
0.0976983
0.0587792
0.0298034
0.0084352
-0.00628997
-0.0162251
-0.0215149
-0.0237559
-0.0223976
-0.0190668
-0.0127403
-0.00535584
7.70735
7.56525
7.40159
7.20505
6.96865
6.68399
6.37116
6.02392
5.64233
5.23143
4.79791
4.34977
3.89606
3.44624
3.00953
2.59414
2.20686
1.85264
1.5346
1.25398
1.01049
0.802462
0.627427
0.482157
0.363318
0.267276
0.190807
0.130582
0.0840089
0.048359
0.0218645
0.00241541
-0.0109259
-0.0197945
-0.0243614
-0.0260121
-0.0242429
-0.0204597
-0.0136807
-0.00556696
7.51552
7.36377
7.19601
6.99113
6.74976
6.45542
6.1417
5.79195
5.40863
4.99806
4.56726
4.12449
3.67901
3.2403
2.81729
2.41775
2.04781
1.71172
1.41188
1.14887
0.921898
0.728927
0.567258
0.433597
0.324615
0.236804
0.167059
0.112269
0.0699751
0.0376946
0.0137467
-0.00373065
-0.0156628
-0.0234335
-0.0272741
-0.0283155
-0.0261402
-0.0219041
-0.0146683
-0.0058436
7.21024
7.05849
6.89538
6.68812
6.45502
6.16117
5.85549
5.51088
5.13366
4.73068
4.30912
3.87754
3.44539
3.02214
2.61648
2.23574
1.88546
1.56925
1.28884
1.04428
0.834308
0.656633
0.508396
0.386293
0.287051
0.20732
0.144143
0.0946366
0.0564903
0.0274644
0.00596929
-0.00960981
-0.0201943
-0.0269062
-0.0300633
-0.0305141
-0.027968
-0.0233081
-0.0156415
-0.00617887
6.76365
6.62893
6.48554
6.2848
6.07693
5.79848
5.51131
5.18298
4.82218
4.43571
4.03103
3.61708
3.20355
2.79995
2.41487
2.05529
1.72627
1.43089
1.17036
0.944292
0.751111
0.588342
0.453054
0.341997
0.251996
0.179886
0.122874
0.0783055
0.0440248
0.0180214
-0.0011992
-0.0150219
-0.0243639
-0.0300953
-0.0326326
-0.0325327
-0.0296647
-0.0246204
-0.0165662
-0.00655953
6.14582
6.0521
5.95314
5.77393
5.60947
5.36697
5.11077
4.81244
4.47971
4.11944
3.73965
3.34976
2.95985
2.57967
2.21781
1.88109
1.57427
1.30003
1.05922
0.851172
0.674102
0.525459
0.402322
0.301542
0.220083
0.154975
0.103606
0.0635375
0.0327721
0.00950724
-0.00765365
-0.0198914
-0.0281129
-0.0329597
-0.0349459
-0.0343457
-0.0312066
-0.025818
-0.0174268
-0.00697192
5.32839
5.30324
5.28433
5.15412
5.04989
4.86836
4.65826
4.40471
4.11224
3.78802
3.4409
3.08107
2.71921
2.36554
2.02888
1.71608
1.43179
1.17848
0.956805
0.765935
0.604018
0.468511
0.356567
0.26518
0.191482
0.132702
0.0864132
0.0503805
0.0227618
0.00193957
-0.0133838
-0.0242138
-0.031438
-0.0355003
-0.0370009
-0.0359545
-0.0325899
-0.0268953
-0.0182188
-0.00740288
4.2883
4.36231
4.46571
4.42882
4.40024
4.30574
4.16009
3.96613
3.72599
3.44731
3.14005
2.81551
2.48534
2.1605
1.85032
1.56191
1.29997
1.06699
0.863551
0.688814
0.540947
0.41749
0.315728
0.232827
0.166099
0.112976
0.071214
0.0387645
0.0139348
-0.00472965
-0.0184292
-0.0280205
-0.0343642
-0.0377385
-0.0388123
-0.0373736
-0.0338208
-0.0278561
-0.0189422
-0.00783998
3.01043
3.22581
3.48982
3.60328
3.66879
3.68429
3.62381
3.50379
3.3273
3.10276
2.84159
2.55665
2.26094
1.96649
1.68342
1.41931
1.17917
0.96562
0.779343
0.619575
0.484596
0.372093
0.279513
0.204216
0.143704
0.0956054
0.0578496
0.0285621
0.00618947
-0.0105795
-0.022852
-0.0313597
-0.0369295
-0.0397039
-0.0404025
-0.038622
-0.0349104
-0.0287089
-0.0195994
-0.00827192
1.49151
1.91559
2.36311
2.68389
2.87045
3.01351
3.05852
3.02582
2.92278
2.75952
2.54938
2.30723
2.04783
1.78461
1.5287
1.28842
1.06923
0.874029
0.703724
0.557723
0.434479
0.331865
0.24752
0.179004
0.12401
0.0803532
0.0461304
0.0196239
-0.000591113
-0.0157
-0.0267221
-0.0342841
-0.0391751
-0.0414281
-0.041796
-0.0397195
-0.035871
-0.0294637
-0.0201929
-0.00868892
-0.2617
0.472295
1.10956
1.67987
2.02413
2.30818
2.47556
2.54171
2.51973
2.42288
2.26705
2.06957
1.84732
1.61541
1.38622
1.16895
0.969635
0.791609
0.636058
0.502637
0.39002
0.296294
0.219307
0.156819
0.106711
0.0669754
0.0358629
0.0117987
-0.00652436
-0.0201806
-0.0301086
-0.0368457
-0.0411414
-0.0429413
-0.0430164
-0.0406847
-0.0367152
-0.0301302
-0.0207258
-0.0090831
-2.25463
-1.07495
-0.241413
0.599058
1.14443
1.58417
1.88686
2.06121
2.12567
2.09824
1.9982
1.84585
1.66053
1.45926
1.25583
1.06042
0.879764
0.717656
0.575639
0.453655
0.350625
0.264866
0.194438
0.137301
0.0915155
0.0552387
0.0268631
0.00494374
-0.0117203
-0.0241051
-0.0330753
-0.0390922
-0.0428655
-0.044271
-0.0440857
-0.0415338
-0.0374549
-0.0307178
-0.021201
-0.00944855
-4.54233
-2.76109
-1.68728
-0.566366
0.228813
0.847805
1.29864
1.5899
1.74535
1.78926
1.74546
1.63777
1.48839
1.31648
1.13741
0.962432
0.799032
0.651521
0.521817
0.410166
0.315746
0.237107
0.172516
0.120123
0.078159
0.0449323
0.018966
-0.00106888
-0.0162771
-0.0275478
-0.0356788
-0.0410658
-0.0443799
-0.0454411
-0.0450232
-0.0422809
-0.0381011
-0.0312345
-0.0216216
-0.00978136
-7.23808
-4.72161
-3.28187
-1.84878
-0.748372
0.0870091
0.704105
1.12336
1.37604
1.49432
1.50784
1.44471
1.33042
1.18663
1.03047
0.874447
0.726872
0.592625
0.474033
0.371653
0.284923
0.212618
0.153203
0.105008
0.0664169
0.0358778
0.0120311
-0.00634785
-0.0202783
-0.0305721
-0.0379672
-0.0428023
-0.0457119
-0.0464718
-0.0458452
-0.042938
-0.0386636
-0.0316874
-0.0219908
-0.0100794
-10.4236
-7.11832
-5.09815
-3.27357
-1.81165
-0.716525
0.0893256
0.64986
1.00804
1.20559
1.27915
1.26185
1.18296
1.06693
0.932935
0.794887
0.662061
0.540005
0.431513
0.33749
0.257648
0.190988
0.136169
0.0916902
0.0560792
0.0279107
0.00593091
-0.0109913
-0.0237987
-0.0332346
-0.0399831
-0.0443338
-0.0468864
-0.0473813
-0.0465669
-0.0435161
-0.0391523
-0.0320837
-0.0223127
-0.0103422
-13.9546
-9.89748
-7.07495
-4.76508
-2.91434
-1.53747
-0.532332
0.174416
0.641067
0.919728
1.0545
1.0838
1.04077
0.952715
0.840842
0.720518
0.602037
0.491665
0.39272
0.306499
0.233019
0.17153
0.120892
0.0797753
0.0468486
0.0208076
0.000498345
-0.0151235
-0.0269305
-0.0356034
-0.0417773
-0.0456977
-0.0479318
-0.0481913
-0.0472059
-0.0440287
-0.039579
-0.0324319
-0.0225933
-0.0105711
-17.2237
-12.5256
-8.83156
-6.04303
-3.85859
-2.24224
-1.07016
-0.24184
0.315324
0.662295
0.849311
0.919104
0.9079
0.845219
0.753828
0.65018
0.545338
0.446133
0.356318
0.277538
0.210101
0.153497
0.106788
0.0688141
0.0383841
0.0143132
-0.00445568
-0.0188831
-0.0297746
-0.0377514
-0.0434022
-0.0469316
-0.0488756
-0.0489213
-0.0477776
-0.0444864
-0.0399535
-0.0327384
-0.0228371
-0.0107681
-19.173
-14.1128
-9.74914
-6.69539
-4.3426
-2.61249
-1.36552
-0.481396
0.118276
0.498781
0.712784
0.804703
0.81198
0.76497
0.686995
0.594867
0.499889
0.409072
0.326327
0.253451
0.190898
0.138299
0.0948468
0.0594992
0.0311698
0.00876439
-0.00869679
-0.0221068
-0.032216
-0.0395958
-0.0447966
-0.0479876
-0.049679
-0.0495373
-0.0482532
-0.0448621
-0.0402533
-0.0329847
-0.023029
-0.0109307
-18.9694
-14.2288
-9.64256
-6.60747
-4.28602
-2.57702
-1.35331
-0.482318
0.109243
0.485705
0.698185
0.789997
0.79792
0.751901
0.675047
0.584074
0.490245
0.400549
0.318881
0.247022
0.18541
0.133667
0.0909786
0.0563024
0.028554
0.0066449
-0.0103986
-0.0234606
-0.0332849
-0.0404323
-0.0454474
-0.0484893
-0.0500633
-0.0498298
-0.0484727
-0.0450318
-0.0403811
-0.0330959
-0.0231146
-0.0110276
-18.7719
-14.1386
-9.59108
-6.55986
-4.29114
-2.5999
-1.39458
-0.533765
0.0519927
0.426091
0.639193
0.734015
0.746725
0.706557
0.635968
0.55115
0.463014
0.378364
0.301031
0.232811
0.174201
0.124901
0.0841795
0.0510696
0.0245569
0.0036139
-0.0126818
-0.0251701
-0.0345582
-0.0413766
-0.0461445
-0.049002
-0.0504369
-0.0501016
-0.0486656
-0.0451718
-0.0404784
-0.0331713
-0.0231715
-0.0110951
-19.0988
-14.2606
-9.73693
-6.61724
-4.3625
-2.66262
-1.45701
-0.596202
-0.00984535
0.365134
0.580091
0.677895
0.694735
0.659623
0.594648
0.515601
0.433049
0.353554
0.280804
0.216541
0.161272
0.114738
0.0762702
0.0449733
0.0198997
8.58519e-05
-0.0153345
-0.0271511
-0.036029
-0.0424633
-0.0469423
-0.0495851
-0.0508573
-0.0504037
-0.0488747
-0.0453195
-0.0405758
-0.0332423
-0.0232239
-0.0111558
-19.5626
-14.4031
-9.92101
-6.70665
-4.45161
-2.74105
-1.52888
-0.665039
-0.0754036
0.302541
0.521036
0.623138
0.645028
0.615485
0.556277
0.482886
0.405635
0.330929
0.26238
0.201718
0.149474
0.105442
0.0690153
0.0393621
0.0155967
-0.00318756
-0.0178068
-0.0290063
-0.0374134
-0.0434913
-0.0477009
-0.0501424
-0.0512606
-0.0506946
-0.049076
-0.0454621
-0.0406681
-0.0333104
-0.0232728
-0.0112097
-20.1033
-14.5942
-10.1278
-6.82379
-4.55025
-2.82803
-1.60489
-0.736088
-0.141867
0.239935
0.462552
0.569371
0.596598
0.572807
0.519447
0.451698
0.379658
0.309598
0.245081
0.187841
0.138452
0.0967684
0.0622491
0.0341281
0.0115798
-0.00624702
-0.0201214
-0.0307467
-0.0387152
-0.0444606
-0.0484182
-0.0506707
-0.0516435
-0.0509713
-0.0492669
-0.0455974
-0.0407539
-0.0333742
-0.0233169
-0.0112567
-20.6512
-14.8052
-10.3323
-6.95681
-4.6539
-2.92065
-1.68435
-0.809022
-0.209159
0.177386
0.404723
0.516635
0.549381
0.531372
0.483797
0.421573
0.354606
0.289053
0.228435
0.174499
0.127862
0.0884393
0.0557538
0.0291044
0.0077244
-0.00918414
-0.0223444
-0.0324194
-0.0399674
-0.0453939
-0.0491094
-0.0511802
-0.0520127
-0.0512378
-0.0494494
-0.0457261
-0.0408331
-0.0334331
-0.0233559
-0.0112968
-21.2062
-15.0465
-10.5397
-7.10477
-4.76362
-3.01785
-1.76684
-0.883391
-0.276981
0.115072
0.347653
0.464997
0.50343
0.491235
0.449374
0.392547
0.330498
0.269294
0.212431
0.161672
0.11768
0.0804291
0.0495057
0.0242703
0.00401293
-0.0120131
-0.024487
-0.0340329
-0.0411765
-0.046296
-0.0497782
-0.0516735
-0.0523699
-0.0514951
-0.0496244
-0.0458487
-0.0409061
-0.0334871
-0.0233898
-0.01133
-21.7579
-15.3081
-10.748
-7.26309
-4.87928
-3.11878
-1.8521
-0.959012
-0.345184
0.0531008
0.291419
0.414501
0.458767
0.452405
0.416187
0.364631
0.30735
0.250342
0.197088
0.149378
0.107921
0.0727506
0.0435144
0.0196331
0.000450601
-0.0147303
-0.0265468
-0.0355857
-0.0423416
-0.0471665
-0.0504242
-0.0521503
-0.0527149
-0.0517433
-0.0497918
-0.045965
-0.0409729
-0.0335359
-0.0234185
-0.0113561
-22.3094
-15.5908
-10.9613
-7.43045
-5.0014
-3.22313
-1.9399
-1.03573
-0.413633
-0.0084392
0.236076
0.365174
0.415396
0.414868
0.384214
0.337802
0.285139
0.232176
0.182391
0.137605
0.0985763
0.0653968
0.0377751
0.0151891
-0.00296502
-0.0173374
-0.0285248
-0.0370784
-0.043463
-0.0480054
-0.0510476
-0.0526108
-0.0530478
-0.0519823
-0.0499516
-0.046075
-0.0410333
-0.0335794
-0.023442
-0.0113751
-22.8592
-15.8902
-11.1803
-7.60505
-5.12981
-3.33068
-2.03002
-1.11345
-0.482226
-0.0694855
0.181663
0.317028
0.373309
0.378606
0.353428
0.312028
0.263835
0.21477
0.168317
0.126332
0.0896287
0.0583547
0.0322775
0.0109307
-0.00623988
-0.0198388
-0.0304243
-0.0385135
-0.0445424
-0.048814
-0.0516491
-0.0530553
-0.0533689
-0.0522121
-0.0501038
-0.0461786
-0.0410874
-0.0336176
-0.0234601
-0.0113871
-23.4084
-16.2056
-11.4068
-7.78629
-5.26442
-3.44139
-2.12228
-1.19209
-0.550896
-0.129998
0.128195
0.27006
0.332489
0.343591
0.323798
0.28728
0.243412
0.198098
0.154842
0.115543
0.0810639
0.0516126
0.0270122
0.00685027
-0.00937956
-0.0222386
-0.0322484
-0.039893
-0.0455814
-0.0495933
-0.0522293
-0.0534844
-0.0536784
-0.052433
-0.0502485
-0.0462757
-0.0411353
-0.0336502
-0.023473
-0.011392
-23.9567
-16.5352
-11.6415
-7.97371
-5.40496
-3.55528
-2.21658
-1.27162
-0.619604
-0.189958
0.0756732
0.224256
0.29291
0.309791
0.295291
0.263525
0.223838
0.182135
0.141947
0.105219
0.0728683
0.0451593
0.0219706
0.00294134
-0.0123892
-0.0245408
-0.0339998
-0.0412192
-0.0465813
-0.0503444
-0.0527891
-0.0538984
-0.0539766
-0.052645
-0.0503858
-0.0463664
-0.0411768
-0.0336772
-0.0234806
-0.0113899
-24.5044
-16.8781
-11.8853
-8.16728
-5.55124
-3.67242
-2.31283
-1.35202
-0.68834
-0.249369
0.0240821
0.179589
0.254536
0.277167
0.267867
0.240726
0.205082
0.166854
0.129611
0.0953433
0.0650279
0.0389841
0.0171443
-0.000802649
-0.0152737
-0.026749
-0.0356813
-0.0424938
-0.0475437
-0.0510681
-0.053329
-0.0542979
-0.0542638
-0.0528484
-0.0505158
-0.0464506
-0.0412121
-0.0336984
-0.0234828
-0.0113809
-25.0514
-17.2334
-12.1383
-8.3671
-5.70309
-3.79288
-2.41103
-1.4333
-0.75712
-0.308253
-0.0266096
0.136019
0.217326
0.245676
0.241485
0.218848
0.187113
0.15223
0.11781
0.0858987
0.057529
0.0330763
0.0125248
-0.00438814
-0.0180379
-0.0288669
-0.0372957
-0.0437189
-0.0484699
-0.0517655
-0.0538497
-0.0546831
-0.0545402
-0.0530432
-0.0506385
-0.0465283
-0.0412413
-0.0337137
-0.0234798
-0.0113651
-25.5978
-17.6003
-12.4011
-8.57341
-5.86043
-3.91677
-2.51121
-1.5155
-0.825985
-0.366651
-0.076447
0.0934997
0.18123
0.21527
0.2161
0.197849
0.169896
0.138233
0.106522
0.0768672
0.0503577
0.0274249
0.008104
-0.00782148
-0.0206868
-0.0308981
-0.0388455
-0.0448965
-0.0493612
-0.0524375
-0.0543518
-0.0550546
-0.0548061
-0.0532295
-0.0507541
-0.0465996
-0.0412643
-0.0337232
-0.0234715
-0.0113425
-26.1442
-17.9784
-12.6739
-8.78651
-6.02326
-4.04422
-2.61347
-1.59869
-0.894998
-0.424621
-0.125488
0.0519729
0.146192
0.185897
0.191666
0.177689
0.153397
0.124836
0.0957263
0.0682313
0.0435003
0.0220194
0.00387357
-0.0111089
-0.0232249
-0.0328461
-0.0403334
-0.0460283
-0.050219
-0.053085
-0.0548359
-0.0554126
-0.0550618
-0.0534076
-0.0508627
-0.0466643
-0.0412813
-0.0337267
-0.023458
-0.0113134
-26.6918
-18.3681
-12.9571
-9.00684
-6.19168
-4.17537
-2.71792
-1.68297
-0.964241
-0.482236
-0.1738
0.0113739
0.112152
0.157501
0.168134
0.158327
0.137582
0.112011
0.0853989
0.0599731
0.0369429
0.0168492
-0.000174527
-0.0142565
-0.0256569
-0.0347143
-0.0417618
-0.0471162
-0.0510446
-0.0537089
-0.0553026
-0.0557577
-0.0553074
-0.0535776
-0.0509643
-0.0467227
-0.0412923
-0.0337242
-0.0234394
-0.0112778
-27.2424
-18.7705
-13.2517
-9.23501
-6.36592
-4.31045
-2.82472
-1.76845
-1.03382
-0.539587
-0.221465
-0.0283692
0.0790441
0.130025
0.145455
0.139722
0.122417
0.0997295
0.0755179
0.0520751
0.030672
0.0119039
-0.00404821
-0.0172703
-0.0279873
-0.0365061
-0.0431332
-0.0481619
-0.0518392
-0.0543101
-0.0557526
-0.0560902
-0.0555433
-0.0537396
-0.0510591
-0.0467747
-0.0412975
-0.0337158
-0.0234158
-0.0112361
-27.7968
-19.1863
-13.5584
-9.47176
-6.54637
-4.44972
-2.9341
-1.85532
-1.10387
-0.596785
-0.268576
-0.067339
0.0467977
0.103407
0.123575
0.121828
0.107864
0.0879635
0.0660609
0.04452
0.0246741
0.00717316
-0.00775527
-0.0201562
-0.0302204
-0.0382247
-0.04445
-0.0491672
-0.0526041
-0.0548895
-0.0561865
-0.0564105
-0.0557697
-0.0538938
-0.0511473
-0.0468205
-0.0412971
-0.0337014
-0.0233873
-0.0111883
-28.3523
-19.6139
-13.8773
-9.71758
-6.73332
-4.59345
-3.04631
-1.94376
-1.17456
-0.653965
-0.315246
-0.105629
0.015333
0.0775809
0.102439
0.104601
0.0938889
0.0766833
0.0570047
0.0372897
0.0189356
0.0026466
-0.0113036
-0.02292
-0.0323607
-0.0398733
-0.0457145
-0.0501338
-0.0533404
-0.0554478
-0.0566048
-0.0567191
-0.055987
-0.0540406
-0.0512291
-0.0468602
-0.0412911
-0.033681
-0.0233537
-0.0111366
)
;

boundaryField
{
    inlet
    {
        type            freestreamPressure;
        freestreamValue uniform 0;
        supersonic      false;
        value           nonuniform List<scalar> 
80
(
1.12567
1.01158
0.894028
0.773136
0.649546
0.524011
0.397375
0.270596
0.144744
0.0209943
-0.0993894
-0.215074
-0.324678
-0.426784
-0.519946
-0.602669
-0.673368
-0.730274
-0.77127
-0.793635
2.61775
2.53463
2.45237
2.37102
2.29062
2.21121
2.13282
2.05548
1.97922
1.90405
1.83
1.75709
1.68532
1.61471
1.54527
1.47699
1.40988
1.34398
1.27924
1.21529
4.37571
4.28718
4.19874
4.11
4.02095
3.93172
3.84238
3.753
3.66366
3.57441
3.48532
3.39647
3.30792
3.21973
3.13196
3.04469
2.95797
2.87186
2.78642
2.7017
7.78181
7.73925
7.661
7.55204
7.41645
7.25804
7.08057
6.88786
6.68371
6.47182
6.25565
6.03836
5.8227
5.61098
5.40508
5.20645
5.01614
4.83493
4.66334
4.50093
)
;
    }
    outlet
    {
        type            freestreamPressure;
        freestreamValue uniform 0;
        supersonic      false;
        value           nonuniform List<scalar> 
80
(
-4.32284e-05
-4.98664e-05
-5.79355e-05
-6.77652e-05
-7.97986e-05
-9.45774e-05
-0.000112749
-0.000135059
-0.000162299
-0.000195146
-0.000233821
-0.000277465
-0.000323182
-0.000364972
-0.000393169
-0.000395266
-0.000358485
-0.000274068
-0.000146352
-2.19753e-05
-7.30386e-06
-8.00931e-06
-8.78441e-06
-9.63429e-06
-1.05648e-05
-1.1582e-05
-1.26923e-05
-1.39026e-05
-1.52195e-05
-1.66504e-05
-1.82022e-05
-1.98826e-05
-2.16988e-05
-2.36583e-05
-2.57686e-05
-2.80367e-05
-3.04703e-05
-3.30793e-05
-3.58686e-05
-3.8808e-05
-1.4235e-06
-1.52147e-06
-1.62896e-06
-1.74717e-06
-1.87742e-06
-2.02114e-06
-2.17991e-06
-2.35544e-06
-2.54963e-06
-2.76455e-06
-3.00246e-06
-3.26582e-06
-3.5573e-06
-3.87981e-06
-4.2365e-06
-4.63074e-06
-5.06619e-06
-5.54684e-06
-6.07675e-06
-6.6617e-06
-3.63297e-09
-2.98939e-08
-7.24619e-08
-1.23007e-07
-1.77176e-07
-2.32706e-07
-2.8823e-07
-3.42923e-07
-3.96486e-07
-4.49229e-07
-5.02111e-07
-5.56685e-07
-6.14942e-07
-6.79109e-07
-7.51453e-07
-8.34124e-07
-9.29036e-07
-1.03778e-06
-1.16146e-06
-1.30065e-06
)
;
    }
    top
    {
        type            symmetryPlane;
    }
    bottom
    {
        type            symmetryPlane;
    }
    cylinder
    {
        type            zeroGradient;
    }
    frontandback
    {
        type            empty;
    }
}


// ************************************************************************* //
