/*--------------------------------*- C++ -*----------------------------------*\
  =========                 |
  \\      /  F ield         | OpenFOAM: The Open Source CFD Toolbox
   \\    /   O peration     | Website:  https://openfoam.org
    \\  /    A nd           | Version:  6.0
     \\/     M anipulation  |
\*---------------------------------------------------------------------------*/
FoamFile
{
    version     2.0;
    format      ascii;
    class       volScalarField;
    location    "8.75";
    object      p;
}
// * * * * * * * * * * * * * * * * * * * * * * * * * * * * * * * * * * * * * //

dimensions      [0 2 -2 0 0 0 0];

internalField   nonuniform List<scalar> 
9600
(
-112.425
-96.7127
-85.473
-76.3589
-68.1816
-60.9335
-54.5526
-48.9265
-43.9602
-39.5726
-35.6913
-32.252
-29.1984
-26.4815
-24.0587
-21.8935
-19.9543
-18.2126
-16.6439
-15.2443
-113.093
-97.3742
-86.1007
-76.9413
-68.7194
-61.4314
-55.0159
-49.3603
-44.3689
-39.9598
-36.0601
-32.6047
-29.537
-26.8074
-24.3733
-22.1977
-20.2489
-18.4979
-16.9198
-15.5138
-113.77
-98.0292
-86.7197
-77.5165
-69.2508
-61.9235
-55.474
-49.7895
-44.7735
-40.3436
-36.4259
-32.9548
-29.8733
-27.1314
-24.6861
-22.5004
-20.5421
-18.7819
-17.1946
-15.7825
-114.451
-98.6814
-87.332
-78.0843
-69.7754
-62.4092
-55.9263
-50.2134
-45.1735
-40.7232
-36.788
-33.3017
-30.2067
-27.4529
-24.9967
-22.8011
-20.8336
-19.0643
-17.4679
-16.0502
-115.13
-99.3291
-87.9374
-78.6445
-70.2925
-62.8879
-56.3721
-50.6315
-45.5682
-41.0981
-37.1459
-33.6448
-30.5368
-27.7713
-25.3047
-23.0995
-21.1231
-19.345
-17.7398
-16.317
-115.805
-99.9709
-88.5352
-79.1964
-70.8013
-63.3587
-56.8106
-51.0428
-45.9568
-41.4674
-37.4987
-33.9835
-30.8629
-28.0863
-25.6096
-23.3952
-21.4103
-19.6236
-18.0101
-16.5829
-116.472
-100.605
-89.1242
-79.739
-71.3009
-63.8208
-57.2409
-51.4466
-46.3383
-41.8304
-37.8458
-34.3169
-31.1844
-28.3971
-25.9109
-23.6878
-21.6948
-19.9001
-18.2787
-16.8478
-117.131
-101.229
-89.7032
-80.2713
-71.7904
-64.2731
-57.6619
-51.8417
-46.712
-42.186
-38.1863
-34.6442
-31.5003
-28.703
-26.2079
-23.9768
-21.9763
-20.1741
-18.5454
-17.1118
-117.779
-101.842
-90.2708
-80.7922
-72.2686
-64.7146
-58.0728
-52.2272
-47.0766
-42.5333
-38.519
-34.9645
-31.8099
-29.0032
-26.4998
-24.2614
-22.2541
-20.4451
-18.8101
-17.3748
-118.416
-102.443
-90.8258
-81.3004
-72.7344
-65.1442
-58.4722
-52.602
-47.4311
-42.8711
-38.8429
-35.2766
-32.112
-29.2966
-26.7857
-24.5407
-22.5275
-20.7126
-19.0723
-17.6366
-119.039
-103.031
-91.367
-81.795
-73.1867
-65.5606
-58.8591
-52.9647
-47.7742
-43.1981
-39.1565
-35.5792
-32.4052
-29.5819
-27.0643
-24.8136
-22.7954
-20.9756
-19.331
-17.8964
-119.649
-103.604
-91.8935
-82.2747
-73.6244
-65.9628
-59.2321
-53.3141
-48.1045
-43.5128
-39.4584
-35.8706
-32.6879
-29.8575
-27.3341
-25.0787
-23.0566
-21.2331
-19.5855
-18.1531
-120.245
-104.162
-92.4043
-82.7387
-74.0465
-66.3496
-59.5902
-53.6489
-48.4205
-43.8136
-39.7469
-36.149
-32.9582
-30.1214
-27.593
-25.3341
-23.3096
-21.4838
-19.8348
-18.4067
-120.826
-104.703
-92.8983
-83.1859
-74.4519
-66.7201
-59.9321
-53.9679
-48.7209
-44.0989
-40.02
-36.4122
-33.2135
-30.3707
-27.8381
-25.5766
-23.551
-21.7248
-20.0771
-18.6575
-121.392
-105.227
-93.3745
-83.6157
-74.84
-67.0733
-60.257
-54.2698
-49.0043
-44.3673
-40.2761
-36.6583
-33.4516
-30.6027
-28.0658
-25.8019
-23.7757
-21.9503
-20.3069
-18.9008
-121.943
-105.733
-93.8325
-84.0272
-75.21
-67.4083
-60.5636
-54.5535
-49.2694
-44.6171
-40.5132
-36.8852
-33.6703
-30.8151
-28.2737
-26.0072
-23.9801
-22.1558
-20.5172
-19.1222
-122.488
-106.225
-94.2721
-84.4194
-75.5604
-67.7238
-60.8508
-54.8177
-49.5145
-44.8464
-40.7292
-37.0901
-33.8664
-31.0046
-28.4592
-26.1916
-24.166
-22.3444
-20.709
-19.3173
-123.037
-106.708
-94.6933
-84.7907
-75.8901
-68.0191
-61.1181
-55.062
-49.7394
-45.0543
-40.9221
-37.2697
-34.0345
-31.1637
-28.6128
-26.3449
-24.3244
-22.5116
-20.8888
-19.5263
-123.592
-107.18
-95.0956
-85.1415
-76.2006
-68.2965
-61.368
-55.2887
-49.946
-45.2427
-41.0933
-37.4241
-34.1723
-31.2853
-28.7197
-26.4401
-24.4123
-22.6015
-21.0135
-19.7614
-124.094
-107.623
-95.4787
-85.476
-76.4967
-68.5608
-61.6053
-55.5028
-50.1394
-45.4168
-41.2485
-37.5598
-34.2868
-31.3759
-28.7821
-26.4671
-24.3944
-22.5396
-20.9486
-19.747
-128.688
-128.655
-128.571
-128.472
-128.359
-128.227
-128.072
-127.895
-127.695
-127.476
-127.237
-126.98
-126.705
-126.414
-126.109
-125.79
-125.46
-125.122
-124.783
-124.446
-111.691
-111.695
-111.664
-111.61
-111.534
-111.436
-111.313
-111.167
-110.999
-110.81
-110.602
-110.375
-110.131
-109.87
-109.594
-109.304
-109.001
-108.686
-108.358
-108.009
-98.93
-98.9634
-98.9694
-98.949
-98.9035
-98.8336
-98.7402
-98.6244
-98.4876
-98.3307
-98.155
-97.9614
-97.7509
-97.5244
-97.2827
-97.0263
-96.7555
-96.4692
-96.1652
-95.8374
-88.4033
-88.4507
-88.4743
-88.4723
-88.4452
-88.3946
-88.3222
-88.229
-88.1161
-87.9846
-87.8353
-87.6693
-87.4875
-87.2907
-87.0794
-86.8538
-86.6137
-86.3582
-86.0855
-85.7929
-79.0404
-79.0908
-79.1199
-79.1258
-79.1083
-79.069
-79.0093
-78.9304
-78.8332
-78.7188
-78.5881
-78.442
-78.2815
-78.1074
-77.92
-77.7197
-77.5062
-77.2789
-77.0365
-76.7772
-70.8445
-70.892
-70.9204
-70.9277
-70.9135
-70.8788
-70.8253
-70.7539
-70.6656
-70.5615
-70.4425
-70.3096
-70.1637
-70.0057
-69.8362
-69.6554
-69.4633
-69.2594
-69.0426
-68.8111
-63.7178
-63.7598
-63.7841
-63.789
-63.7739
-63.7398
-63.688
-63.6196
-63.5356
-63.4369
-63.3246
-63.1998
-63.0636
-62.9168
-62.7602
-62.5942
-62.4189
-62.234
-62.0382
-61.8299
-57.5016
-57.5371
-57.5558
-57.5564
-57.5383
-57.5023
-57.4498
-57.3817
-57.299
-57.2027
-57.094
-56.974
-56.8438
-56.7046
-56.5573
-56.4026
-56.2406
-56.0713
-55.8934
-55.7051
-52.059
-52.0879
-52.1006
-52.0962
-52.0741
-52.0353
-51.9808
-51.9116
-51.8286
-51.733
-51.6258
-51.5083
-51.3819
-51.2478
-51.1073
-50.9613
-50.8103
-50.6542
-50.4919
-50.3217
-47.2765
-47.299
-47.3061
-47.2967
-47.2706
-47.2286
-47.1716
-47.1007
-47.0166
-46.9205
-46.8137
-46.6974
-46.5731
-46.4425
-46.3069
-46.1677
-46.0258
-45.8815
-45.7336
-45.5803
-43.0581
-43.075
-43.0769
-43.063
-43.0331
-42.988
-42.9286
-42.8556
-42.7701
-42.6731
-42.5658
-42.4497
-42.3265
-42.198
-42.0659
-41.9322
-41.7981
-41.6643
-41.5302
-41.3933
-39.324
-39.3359
-39.3333
-39.3154
-39.2821
-39.2342
-39.1725
-39.0976
-39.0105
-38.9122
-38.8041
-38.6876
-38.5646
-38.437
-38.3072
-38.1775
-38.05
-37.926
-37.8052
-37.6852
-36.0076
-36.0153
-36.0087
-35.9874
-35.9512
-35.9009
-35.837
-35.7603
-35.6716
-35.572
-35.4628
-35.3453
-35.2217
-35.094
-34.9653
-34.8382
-34.7161
-34.6008
-34.4935
-34.3911
-33.0536
-33.0576
-33.0477
-33.0234
-32.9847
-32.9323
-32.8666
-32.7883
-32.6982
-32.5972
-32.4866
-32.3678
-32.2428
-32.1141
-31.9851
-31.8589
-31.7407
-31.6328
-31.5393
-31.4558
-30.4153
-30.4162
-30.4035
-30.3767
-30.336
-30.2818
-30.2146
-30.135
-30.0435
-29.9412
-29.8291
-29.7085
-29.5817
-29.4509
-29.3201
-29.193
-29.0766
-28.9742
-28.8947
-28.8317
-28.0538
-28.052
-28.0368
-28.008
-27.9655
-27.9099
-27.8414
-27.7606
-27.668
-27.5643
-27.4506
-27.3281
-27.1987
-27.0647
-26.9305
-26.8001
-26.6831
-26.5832
-26.5172
-26.4755
-25.936
-25.9318
-25.9144
-25.8838
-25.8398
-25.7829
-25.7132
-25.6313
-25.5375
-25.4325
-25.317
-25.1921
-25.0595
-24.9213
-24.7817
-24.645
-24.5234
-24.4219
-24.3684
-24.3455
-24.0325
-24.0266
-24.0077
-23.9758
-23.9309
-23.8731
-23.8027
-23.7199
-23.6252
-23.519
-23.4018
-23.2745
-23.1383
-22.9949
-22.848
-22.7016
-22.57
-22.4607
-22.4202
-22.416
-22.3172
-22.3107
-22.2917
-22.26
-22.2155
-22.1585
-22.089
-22.0072
-21.9134
-21.8078
-21.6909
-21.5632
-21.4254
-21.2788
-21.1256
-20.969
-20.8219
-20.6956
-20.6635
-20.7031
-20.7755
-20.7656
-20.7441
-20.7108
-20.6657
-20.6087
-20.54
-20.4595
-20.3674
-20.264
-20.1492
-20.0235
-19.8869
-19.7404
-19.584
-19.4201
-19.2535
-19.0957
-19.0207
-19.1148
-121.739
-122.348
-122.896
-123.439
-123.979
-124.5
-124.995
-125.459
-125.894
-126.298
-126.67
-127.009
-127.316
-127.589
-127.831
-128.041
-128.221
-128.373
-128.501
-128.61
-104.617
-105.235
-105.817
-106.383
-106.931
-107.456
-107.952
-108.419
-108.856
-109.262
-109.638
-109.982
-110.295
-110.577
-110.828
-111.048
-111.239
-111.4
-111.534
-111.634
-91.9327
-92.5391
-93.1227
-93.6826
-94.218
-94.7276
-95.2101
-95.6648
-96.0914
-96.4894
-96.8586
-97.1987
-97.5095
-97.791
-98.0434
-98.2669
-98.4616
-98.6271
-98.7626
-98.8648
-81.682
-82.2593
-82.8182
-83.3532
-83.8625
-84.3466
-84.8055
-85.2386
-85.6455
-86.0259
-86.3793
-86.7056
-87.0047
-87.2766
-87.5213
-87.7387
-87.9287
-88.0911
-88.2252
-88.3299
-72.709
-73.2506
-73.776
-74.2796
-74.759
-75.2141
-75.6454
-76.0523
-76.4346
-76.7918
-77.1239
-77.4306
-77.7119
-77.9678
-78.1983
-78.4034
-78.583
-78.737
-78.865
-78.9668
-64.9427
-65.4496
-65.9417
-66.4139
-66.863
-67.2889
-67.6918
-68.0714
-68.4274
-68.7598
-69.0684
-69.3531
-69.6141
-69.8514
-70.0649
-70.2547
-70.4207
-70.563
-70.6815
-70.7758
-58.2386
-58.7146
-59.1763
-59.619
-60.0396
-60.4377
-60.8134
-61.1667
-61.4973
-61.8054
-62.0909
-62.354
-62.5946
-62.8129
-63.009
-63.1828
-63.3345
-63.464
-63.5713
-63.6563
-52.4152
-52.8643
-53.2991
-53.7153
-54.11
-54.4827
-54.8334
-55.1624
-55.4696
-55.7551
-56.0192
-56.2619
-56.4834
-56.6838
-56.8633
-57.0219
-57.1596
-57.2765
-57.3726
-57.448
-47.3269
-47.7529
-48.1645
-48.5573
-48.9289
-49.2788
-49.6071
-49.9141
-50.2
-50.4651
-50.7096
-50.9338
-51.1379
-51.3221
-51.4864
-51.631
-51.7559
-51.8612
-51.9469
-52.0131
-42.859
-43.2655
-43.6572
-44.0298
-44.381
-44.7105
-45.0186
-45.3058
-45.5726
-45.8192
-46.0462
-46.2539
-46.4424
-46.612
-46.7629
-46.895
-47.0085
-47.1034
-47.1797
-47.2376
-38.9187
-39.309
-39.6838
-40.0389
-40.372
-40.6832
-40.9731
-41.2425
-41.4919
-41.722
-41.9332
-42.1261
-42.3008
-42.4576
-42.5965
-42.7177
-42.8211
-42.9069
-42.975
-43.0256
-35.4305
-35.8075
-36.1683
-36.5082
-36.8251
-37.1196
-37.3929
-37.6459
-37.8796
-38.0947
-38.2918
-38.4714
-38.6339
-38.7793
-38.9077
-39.0193
-39.114
-39.1918
-39.2527
-39.297
-32.3322
-32.699
-33.0484
-33.3749
-33.677
-33.9561
-34.2139
-34.4518
-34.671
-34.8724
-35.0568
-35.2245
-35.376
-35.5114
-35.6307
-35.7339
-35.8209
-35.8918
-35.9466
-35.9853
-29.5729
-29.9321
-30.2725
-30.5871
-30.8752
-31.1397
-31.383
-31.6067
-31.8124
-32.0012
-32.1739
-32.331
-32.4728
-32.5993
-32.7106
-32.8064
-32.8869
-32.9519
-33.0013
-33.0354
-27.1109
-27.4656
-27.7985
-28.1014
-28.3761
-28.6265
-28.8556
-29.0658
-29.2588
-29.436
-29.5981
-29.7456
-29.8787
-29.9974
-30.1016
-30.1911
-30.2659
-30.3257
-30.3706
-30.4006
-24.9091
-25.2657
-25.5924
-25.8827
-26.1433
-26.3796
-26.5949
-26.7919
-26.9729
-27.1393
-27.2916
-27.4305
-27.5558
-27.6676
-27.7656
-27.8496
-27.9194
-27.9748
-28.0157
-28.0421
-22.9255
-23.297
-23.6221
-23.8985
-24.144
-24.3661
-24.5676
-24.752
-24.9218
-25.0782
-25.2219
-25.353
-25.4716
-25.5774
-25.67
-25.7492
-25.8146
-25.8662
-25.9036
-25.927
-21.1177
-21.5109
-21.8433
-22.1089
-22.3396
-22.5476
-22.7363
-22.9095
-23.0696
-23.2177
-23.3543
-23.4794
-23.5928
-23.694
-23.7826
-23.8583
-23.9206
-23.9694
-24.0043
-24.0254
-19.5208
-19.8953
-20.2272
-20.4922
-20.7109
-20.9031
-21.0792
-21.2424
-21.3937
-21.5342
-21.6646
-21.7846
-21.8938
-21.9914
-22.077
-22.1501
-22.2103
-22.2573
-22.2909
-22.3109
-18.3766
-18.6546
-18.8949
-19.1573
-19.3634
-19.5263
-19.6785
-19.824
-19.9591
-20.0843
-20.2011
-20.3092
-20.4075
-20.4952
-20.5718
-20.6368
-20.6897
-20.7303
-20.7582
-20.7734
-11.7011
-12.972
-14.4044
-15.995
-17.7653
-19.7405
-21.9478
-24.4182
-27.1891
-30.3047
-33.8182
-37.7947
-42.3146
-47.4794
-53.4234
-60.3243
-68.3434
-77.603
-89.3597
-105.795
-12.0004
-13.2824
-14.7215
-16.3207
-18.1012
-20.088
-22.3081
-24.793
-27.5802
-30.7143
-34.2489
-38.2495
-42.7975
-47.9949
-53.9768
-60.9218
-68.9903
-78.3002
-90.0991
-106.558
-12.304
-13.5969
-15.0428
-16.6509
-18.4421
-20.4408
-22.6741
-25.174
-27.9779
-31.131
-34.6872
-38.7127
-43.2893
-48.5199
-54.5402
-61.5294
-69.6472
-79.0062
-90.8414
-107.31
-12.611
-13.9146
-15.3673
-16.9846
-18.7867
-20.7976
-23.0445
-25.5595
-28.3806
-31.5531
-35.1313
-39.182
-43.7876
-49.0518
-55.1108
-62.1441
-70.3109
-79.7203
-91.5967
-108.084
-12.9206
-14.2345
-15.6942
-17.3209
-19.1343
-21.1576
-23.4183
-25.9488
-28.7873
-31.9794
-35.5799
-39.6561
-44.291
-49.5889
-55.6868
-62.7643
-70.9803
-80.4416
-92.3646
-108.878
-13.2321
-14.5561
-16.0229
-17.6594
-19.4842
-21.5203
-23.7951
-26.3413
-29.1975
-32.4094
-36.0325
-40.1344
-44.7988
-50.1308
-56.2677
-63.3897
-71.6553
-81.1692
-93.1406
-109.684
-13.5448
-14.8788
-16.3527
-17.9994
-19.8361
-21.8852
-24.1743
-26.7366
-29.6107
-32.8427
-36.4886
-40.6164
-45.3106
-50.6769
-56.8533
-64.0201
-72.3354
-81.9017
-93.9217
-110.497
-13.8584
-15.2019
-16.6833
-18.3405
-20.1895
-22.2518
-24.5556
-27.1341
-30.0263
-33.2788
-36.9477
-41.1017
-45.8259
-51.2267
-57.4427
-64.6547
-73.0197
-82.638
-94.7063
-111.314
-14.1724
-15.5253
-17.0141
-18.6824
-20.5439
-22.6198
-24.9385
-27.5335
-30.444
-33.717
-37.4091
-41.5895
-46.3439
-51.7793
-58.0352
-65.2923
-73.7071
-83.3773
-95.4935
-112.133
-14.4868
-15.8486
-17.3452
-19.0248
-20.8993
-22.989
-25.3227
-27.9343
-30.8634
-34.157
-37.8723
-42.0792
-46.8638
-52.334
-58.6297
-65.932
-74.3965
-84.1182
-96.282
-112.955
-14.8014
-16.172
-17.6765
-19.3679
-21.2555
-23.3592
-25.7081
-28.3364
-31.2839
-34.5982
-38.3368
-42.5701
-47.3849
-52.8898
-59.2254
-66.5728
-75.0868
-84.8597
-97.0705
-113.775
-15.1167
-16.4958
-18.0083
-19.7118
-21.6128
-23.7305
-26.0946
-28.7395
-31.7055
-35.0403
-38.802
-43.0615
-47.9064
-53.4459
-59.8211
-67.2134
-75.7767
-85.6003
-97.8576
-114.594
-15.4335
-16.8207
-18.3412
-20.057
-21.9714
-24.1032
-26.4822
-29.1436
-32.1276
-35.4827
-39.2672
-43.5527
-48.4274
-54.0012
-60.4158
-67.8527
-76.4649
-86.3388
-98.6417
-115.41
-15.753
-17.1479
-18.6762
-20.4042
-22.3319
-24.4773
-26.871
-29.5483
-32.55
-35.9249
-39.7318
-44.0429
-48.9469
-54.5546
-61.0082
-68.4894
-77.15
-87.0736
-99.4215
-116.22
-16.0775
-17.4794
-19.015
-20.7548
-22.6951
-24.8534
-27.2609
-29.9535
-32.9722
-36.3662
-40.1949
-44.5309
-49.4638
-55.1048
-61.5969
-69.1218
-77.8305
-87.8035
-100.196
-117.025
-16.4097
-17.8169
-19.3582
-21.1087
-23.0607
-25.2311
-27.6516
-30.3586
-33.3934
-36.8057
-40.6554
-45.0156
-49.9767
-55.6505
-62.1804
-69.7484
-78.5047
-88.5269
-100.964
-117.823
-16.7556
-18.1661
-19.7098
-21.4684
-23.4301
-25.6108
-28.0429
-30.7628
-33.8126
-37.2422
-41.1119
-45.4956
-50.484
-56.1897
-62.7567
-70.367
-79.1703
-89.2419
-101.724
-118.614
-17.1157
-18.522
-20.0639
-21.8295
-23.8005
-25.9907
-28.433
-31.1647
-34.2284
-37.6741
-41.5629
-45.969
-50.9839
-56.7207
-63.3238
-70.9755
-79.8247
-89.9457
-102.476
-119.4
-17.5132
-18.8989
-20.4268
-22.1958
-24.1736
-26.3704
-28.8205
-31.5623
-34.6385
-38.0994
-42.0062
-46.4339
-51.4743
-57.2412
-63.8794
-71.571
-80.4645
-90.6342
-103.218
-120.185
-17.897
-19.2307
-20.767
-22.5565
-24.5437
-26.7454
-29.202
-31.9529
-35.0405
-38.5155
-42.4395
-46.8877
-51.9527
-57.7486
-64.4207
-72.1508
-81.0857
-91.2996
-103.938
-120.972
-7.61069
-8.47606
-9.66849
-11.0801
-12.6666
-14.4441
-16.4404
-18.6828
-21.2025
-24.0372
-27.232
-30.8417
-34.9342
-39.5949
-44.94
-51.1293
-58.3138
-66.6347
-77.4414
-93.1506
-7.83937
-8.75726
-9.97185
-11.3673
-12.9323
-14.695
-16.682
-18.9189
-21.4364
-24.2715
-27.4693
-31.0848
-35.1859
-39.8587
-45.2202
-51.4315
-58.6439
-66.9949
-77.8256
-93.5451
-7.89225
-8.90848
-10.1685
-11.5814
-13.1555
-14.9241
-16.9147
-19.1544
-21.675
-24.5145
-27.7185
-31.3424
-35.4544
-40.1415
-45.5212
-51.756
-58.9974
-67.3785
-78.2262
-93.9354
-7.99177
-9.04501
-10.3286
-11.761
-13.3525
-15.135
-17.1365
-19.3852
-21.914
-24.7621
-27.9755
-31.6103
-35.7356
-40.439
-45.8388
-52.0983
-59.37
-67.7849
-78.6597
-94.374
-8.12476
-9.19242
-10.4915
-11.9391
-13.5451
-15.3411
-17.3548
-19.6147
-22.1545
-25.0137
-28.239
-31.887
-36.0277
-40.7493
-46.171
-52.4569
-59.7608
-68.2138
-79.126
-94.8606
-8.25804
-9.34402
-10.6592
-12.1208
-13.7402
-15.549
-17.575
-19.8471
-22.3992
-25.271
-28.5098
-32.1729
-36.3306
-41.0722
-46.5177
-52.8321
-60.1704
-68.6642
-79.6189
-95.3814
-8.39492
-9.50093
-10.831
-12.3061
-13.9387
-15.7607
-17.7996
-20.0846
-22.6498
-25.5355
-28.7891
-32.4686
-36.645
-41.4082
-46.8794
-53.2244
-60.599
-69.1353
-80.1343
-95.9284
-8.54619
-9.66898
-11.0113
-12.4983
-14.1436
-15.9785
-18.0305
-20.3289
-22.908
-25.8083
-29.0778
-32.7748
-36.9712
-41.7576
-47.2561
-53.6334
-61.0462
-69.6264
-80.6712
-96.4995
-8.71464
-9.85123
-11.2036
-12.701
-14.3579
-16.2051
-18.2699
-20.5817
-23.1749
-26.0904
-29.3766
-33.0921
-37.3095
-42.1204
-47.6476
-54.059
-61.5116
-70.1371
-81.2292
-97.0939
-8.89879
-10.0479
-11.409
-12.9157
-14.5833
-16.4422
-18.5194
-20.8443
-23.4518
-26.3828
-29.6861
-33.4209
-37.6604
-42.4968
-48.054
-54.5008
-61.9948
-70.6673
-81.808
-97.7107
-9.09748
-10.2587
-11.6277
-13.1429
-14.8205
-16.6905
-18.7797
-21.1177
-23.7394
-26.6862
-30.007
-33.7617
-38.0239
-42.8868
-48.4752
-54.9587
-62.4956
-71.2163
-82.4068
-98.3487
-9.31027
-10.4831
-11.8593
-13.3825
-15.0696
-16.9503
-19.0512
-21.4022
-24.0382
-27.0008
-30.3396
-34.1146
-38.4002
-43.2905
-48.9111
-55.4326
-63.0135
-71.7838
-83.025
-99.0069
-9.53657
-10.7206
-12.1034
-13.6342
-15.3305
-17.2216
-19.3341
-21.6979
-24.3482
-27.3269
-30.6838
-34.4797
-38.7894
-43.7078
-49.3615
-55.922
-63.5483
-72.3692
-83.662
-99.6844
-9.77541
-10.9703
-12.3595
-13.8975
-15.6028
-17.5041
-19.6281
-22.0047
-24.6695
-27.6644
-31.0398
-34.8568
-39.1912
-44.1384
-49.8262
-56.4267
-64.0994
-72.972
-84.3173
-100.381
-10.0256
-11.2313
-12.6266
-14.1717
-15.8859
-17.7974
-19.9328
-22.3223
-25.0016
-28.0129
-31.4071
-35.2458
-39.6053
-44.5821
-50.3046
-56.9461
-64.6664
-73.5919
-84.9904
-101.095
-10.286
-11.5025
-12.9037
-14.4559
-16.179
-18.1007
-20.2477
-22.6501
-25.3441
-28.3721
-31.7854
-35.6461
-40.0313
-45.0382
-50.7963
-57.4797
-65.2486
-74.2281
-85.6812
-101.828
-10.5554
-11.7826
-13.1898
-14.7493
-16.4814
-18.4134
-20.572
-22.9876
-25.6964
-28.7414
-32.174
-36.0572
-40.4686
-45.5062
-51.3006
-58.0266
-65.845
-74.8801
-86.3894
-102.58
-10.8327
-12.0707
-13.484
-15.0509
-16.7921
-18.7346
-20.905
-23.3339
-26.0578
-29.1201
-32.5725
-36.4785
-40.9165
-45.9854
-51.8166
-58.5859
-66.4546
-75.5465
-87.1147
-103.351
-11.1168
-12.3656
-13.7851
-15.3596
-17.1102
-19.0634
-21.2458
-23.6884
-26.4277
-29.5074
-32.9799
-36.9092
-41.3742
-46.4749
-52.3434
-59.1565
-67.0757
-76.2253
-87.8562
-104.145
-11.4066
-12.6664
-14.0923
-15.6747
-17.435
-19.3991
-21.5938
-24.0502
-26.8052
-29.9028
-33.3957
-37.3484
-41.8408
-46.9736
-52.8799
-59.737
-67.7065
-76.9126
-88.6081
-104.964
-6.85094
-6.50713
-6.3328
-6.22677
-6.15641
-6.10559
-6.07236
-6.05334
-6.04794
-6.05509
-6.07435
-6.10523
-6.14739
-6.2005
-6.26427
-6.33843
-6.42272
-6.51689
-6.62082
-6.73445
-8.03821
-7.75072
-7.54163
-7.41192
-7.32382
-7.26283
-7.22259
-7.19899
-7.19044
-7.1955
-7.21346
-7.24364
-7.28558
-7.33884
-7.4031
-7.47801
-7.56329
-7.65862
-7.7638
-7.8788
-9.30883
-9.06057
-8.85579
-8.71534
-8.61451
-8.54436
-8.49731
-8.46911
-8.45746
-8.46067
-8.47772
-8.50779
-8.55028
-8.60468
-8.67059
-8.74762
-8.83542
-8.93363
-9.04201
-9.16052
-10.7686
-10.5305
-10.3307
-10.1832
-10.072
-9.99213
-9.93683
-9.90224
-9.88567
-9.88528
-9.89983
-9.92834
-9.97009
-10.0245
-10.091
-10.1693
-10.2588
-10.3593
-10.4703
-10.5919
-12.3933
-12.1631
-11.9672
-11.8149
-11.6964
-11.6085
-11.5459
-11.5052
-11.4837
-11.4796
-11.4915
-11.5183
-11.5592
-11.6134
-11.6805
-11.7599
-11.8511
-11.9537
-12.0673
-12.192
-14.1955
-13.9745
-13.783
-13.628
-13.5044
-13.4104
-13.3416
-13.2956
-13.2697
-13.2622
-13.2716
-13.2968
-13.337
-13.3912
-13.459
-13.5398
-13.6329
-13.7379
-13.8545
-13.9826
-16.2061
-15.9927
-15.8052
-15.6488
-15.5216
-15.4225
-15.3486
-15.2977
-15.2678
-15.2571
-15.2642
-15.288
-15.3276
-15.382
-15.4508
-15.5331
-15.6285
-15.7362
-15.8561
-15.9882
-18.4567
-18.2485
-18.0637
-17.9064
-17.7762
-17.6729
-17.5945
-17.5393
-17.5057
-17.492
-17.497
-17.5195
-17.5586
-17.6135
-17.6834
-17.7676
-17.8656
-17.9765
-18.1001
-18.2367
-20.9807
-20.7754
-20.5919
-20.4334
-20.3006
-20.1935
-20.1111
-20.052
-20.0149
-19.9985
-20.0015
-20.023
-20.0619
-20.1174
-20.1888
-20.2753
-20.3762
-20.4908
-20.6188
-20.7604
-23.8165
-23.612
-23.4283
-23.268
-23.1324
-23.0217
-22.9354
-22.8726
-22.8322
-22.8132
-22.8145
-22.8351
-22.8741
-22.9306
-23.0038
-23.0931
-23.1975
-23.3163
-23.4493
-23.5968
-27.0098
-26.8039
-26.6182
-26.4552
-26.3161
-26.2015
-26.1112
-26.0446
-26.0011
-25.9796
-25.9792
-25.9991
-26.0383
-26.0961
-26.1715
-26.2639
-26.3723
-26.496
-26.6347
-26.7889
-30.6155
-30.4057
-30.2161
-30.0488
-29.9052
-29.7859
-29.6911
-29.6205
-29.5734
-29.5492
-29.5471
-29.5663
-29.6058
-29.6649
-29.7429
-29.8388
-29.9517
-30.0808
-30.2259
-30.3875
-34.7008
-34.4844
-34.2884
-34.1148
-33.965
-33.8398
-33.7394
-33.6637
-33.6124
-33.585
-33.5807
-33.5987
-33.6383
-33.6988
-33.7792
-33.8789
-33.9966
-34.1315
-34.2834
-34.4532
-39.351
-39.1244
-38.9188
-38.736
-38.5776
-38.4442
-38.3364
-38.2541
-38.1973
-38.1654
-38.1578
-38.1739
-38.2129
-38.2741
-38.3567
-38.4598
-38.5823
-38.7231
-38.8822
-39.0604
-44.681
-44.4397
-44.2203
-44.0244
-43.8538
-43.7091
-43.591
-43.4997
-43.435
-43.3965
-43.3839
-43.3964
-43.4334
-43.4942
-43.5779
-43.6836
-43.8103
-43.9566
-44.1224
-44.3087
-50.8495
-50.588
-50.3492
-50.1352
-49.9474
-49.787
-49.6545
-49.5503
-49.4743
-49.4262
-49.4056
-49.4119
-49.4444
-49.5025
-49.5853
-49.692
-49.8214
-49.9719
-50.1431
-50.3361
-58.0073
-57.7188
-57.4535
-57.214
-57.0024
-56.82
-56.6675
-56.5452
-56.4531
-56.3908
-56.3579
-56.3539
-56.3782
-56.43
-56.5085
-56.613
-56.742
-56.8941
-57.0682
-57.2653
-66.295
-65.9696
-65.6668
-65.392
-65.148
-64.9362
-64.757
-64.6103
-64.496
-64.4138
-64.3631
-64.3435
-64.3543
-64.3948
-64.4639
-64.561
-64.6852
-64.8356
-65.0111
-65.2106
-77.0491
-76.6669
-76.3118
-75.9924
-75.7092
-75.4622
-75.2507
-75.0745
-74.9329
-74.8256
-74.752
-74.7117
-74.7041
-74.7285
-74.7837
-74.8691
-74.9856
-75.1354
-75.3171
-75.5198
-92.6586
-92.1987
-91.7913
-91.4307
-91.1127
-90.8341
-90.5935
-90.3901
-90.2233
-90.0925
-89.9975
-89.9379
-89.9134
-89.9233
-89.9668
-90.0438
-90.1574
-90.3141
-90.5127
-90.7212
-6.85742
-6.98888
-7.12875
-7.27679
-7.43287
-7.59681
-7.76841
-7.94747
-8.13368
-8.3267
-8.52606
-8.73074
-8.93851
-9.1465
-9.35307
-9.55304
-9.72506
-9.84646
-9.93508
-10.0083
-8.00335
-8.13652
-8.27822
-8.42816
-8.58614
-8.75193
-8.92529
-9.1059
-9.29341
-9.48731
-9.68689
-9.89099
-10.0977
-10.3041
-10.5068
-10.7021
-10.8815
-11.023
-11.1005
-11.1824
-9.28894
-9.42624
-9.57235
-9.72691
-9.8897
-10.0604
-10.2387
-10.4243
-10.6166
-10.8151
-11.0189
-11.2268
-11.4368
-11.6465
-11.8525
-12.0513
-12.2385
-12.4009
-12.5213
-12.6443
-10.7238
-10.865
-11.0152
-11.1743
-11.3417
-11.5173
-11.7006
-11.8912
-12.0885
-12.2917
-12.5001
-12.7121
-12.9261
-13.1396
-13.3499
-13.5537
-13.7474
-13.9234
-14.0793
-14.245
-12.3275
-12.4726
-12.6271
-12.7906
-12.9629
-13.1434
-13.3317
-13.5274
-13.7298
-13.938
-14.1512
-14.368
-14.5865
-14.8048
-15.0206
-15.2311
-15.433
-15.6223
-15.8032
-15.9973
-14.1221
-14.2715
-14.4306
-14.5991
-14.7766
-14.9625
-15.1565
-15.3579
-15.566
-15.78
-15.9989
-16.2213
-16.4458
-16.6703
-16.8932
-17.1123
-17.325
-17.5293
-17.7311
-17.9447
-16.1321
-16.2863
-16.4507
-16.6247
-16.8081
-17.0001
-17.2004
-17.4083
-17.623
-17.8438
-18.0695
-18.299
-18.5307
-18.7632
-18.995
-19.2243
-19.4495
-19.6702
-19.8913
-20.1221
-18.3857
-18.5453
-18.7156
-18.896
-19.086
-19.285
-19.4925
-19.7079
-19.9304
-20.159
-20.3929
-20.6309
-20.8716
-21.1137
-21.3561
-21.5975
-21.8367
-22.0742
-22.314
-22.5621
-20.9152
-21.0812
-21.2582
-21.4457
-21.6433
-21.8504
-22.0663
-22.2903
-22.5218
-22.7598
-23.0034
-23.2515
-23.5029
-23.7566
-24.0115
-24.2667
-24.5215
-24.7765
-25.035
-25.3012
-23.7582
-23.9313
-24.116
-24.3117
-24.5181
-24.7343
-24.9599
-25.194
-25.436
-25.6849
-25.9399
-26.2
-26.4642
-26.7314
-27.0009
-27.2718
-27.5439
-27.8177
-28.0957
-28.3813
-26.9578
-27.139
-27.3324
-27.5376
-27.7538
-27.9806
-28.2173
-28.463
-28.7172
-28.9789
-29.2473
-29.5214
-29.8004
-30.0833
-30.3696
-30.6586
-30.9499
-31.2441
-31.543
-31.8497
-30.5649
-30.7551
-30.9584
-31.174
-31.4015
-31.6402
-31.8895
-32.1485
-32.4167
-32.6931
-32.9769
-33.2673
-33.5634
-33.8645
-34.17
-34.4794
-34.7922
-35.1087
-35.4306
-35.7608
-34.6398
-34.8399
-35.0539
-35.2811
-35.521
-35.7729
-36.0363
-36.3103
-36.5942
-36.8873
-37.1887
-37.4976
-37.8132
-38.135
-38.4623
-38.7946
-39.1314
-39.4727
-39.82
-40.1763
-39.2566
-39.4671
-39.6923
-39.9317
-40.1849
-40.4512
-40.7299
-41.0203
-41.3216
-41.6331
-41.954
-42.2836
-42.6211
-42.9658
-43.3174
-43.6753
-44.0387
-44.4074
-44.7828
-45.168
-44.5142
-44.7347
-44.9711
-45.2229
-45.4897
-45.7707
-46.0654
-46.373
-46.6928
-47.0241
-47.366
-47.7179
-48.0791
-48.449
-48.827
-49.2128
-49.6054
-50.0042
-50.4103
-50.8269
-50.5494
-50.7788
-51.0252
-51.2883
-51.5677
-51.8629
-52.1732
-52.4979
-52.8363
-53.1876
-53.5511
-53.9262
-54.312
-54.7081
-55.1141
-55.5295
-55.9533
-56.3842
-56.8229
-57.2725
-57.484
-57.7193
-57.9727
-58.2441
-58.5335
-58.8404
-59.1642
-59.5042
-59.8597
-60.2297
-60.6137
-61.011
-61.4209
-61.8429
-62.2765
-62.7212
-63.1761
-63.6397
-64.1116
-64.5948
-65.4306
-65.6658
-65.9195
-66.1932
-66.4873
-66.8013
-67.1344
-67.4857
-67.8543
-68.2394
-68.6403
-69.0564
-69.4869
-69.9314
-70.3891
-70.8596
-71.3429
-71.8387
-72.3462
-72.8647
-75.7274
-75.9484
-76.1912
-76.4592
-76.7512
-77.0661
-77.4024
-77.7588
-78.1345
-78.5283
-78.9398
-79.3683
-79.8133
-80.2743
-80.7503
-81.2413
-81.7501
-82.2816
-82.835
-83.3926
-90.8829
-91.0715
-91.2972
-91.5549
-91.8408
-92.1518
-92.4859
-92.8418
-93.2182
-93.6144
-94.0298
-94.4642
-94.9175
-95.3895
-95.8798
-96.3892
-96.9243
-97.4974
-98.1079
-98.703
-99.1885
-83.9286
-73.3896
-65.088
-57.7319
-51.253
-45.5623
-40.5414
-36.0995
-32.1649
-28.6754
-25.5766
-22.8208
-20.3662
-18.1764
-16.2185
-14.4585
-12.8691
-11.4702
-10.2864
-99.6903
-84.4595
-73.9142
-65.5848
-58.1954
-51.6835
-45.9614
-40.9116
-36.4438
-32.4861
-28.9762
-25.8594
-23.0877
-20.6192
-18.4174
-16.4494
-14.6843
-13.103
-11.7255
-10.5324
-100.227
-85.0004
-74.4444
-66.0885
-58.6661
-52.1207
-46.3671
-41.2885
-36.795
-32.8145
-29.2846
-26.1503
-23.3634
-20.8818
-18.6686
-16.6912
-14.9197
-13.3342
-11.9435
-10.7192
-100.792
-85.5585
-74.9847
-66.6005
-59.1446
-52.5653
-46.7799
-41.6724
-37.1532
-33.1502
-29.6005
-26.449
-23.647
-21.1523
-18.9277
-16.9407
-15.1615
-13.5689
-12.1663
-10.9241
-101.379
-86.1332
-75.5367
-67.1217
-59.6313
-53.0175
-47.1999
-42.0634
-37.5185
-33.493
-29.9237
-26.7551
-23.9383
-21.4306
-19.1946
-17.1974
-15.4092
-13.8078
-12.393
-11.1372
-101.985
-86.7237
-76.1008
-67.6526
-60.1263
-53.4774
-47.6271
-42.4614
-37.8907
-33.8427
-30.254
-27.0684
-24.2368
-21.7161
-19.4687
-17.4614
-15.6644
-14.0548
-12.6301
-11.3631
-102.608
-87.3285
-76.6766
-68.1931
-60.6296
-53.9447
-48.0613
-42.8661
-38.2696
-34.1991
-30.5908
-27.3883
-24.542
-22.0084
-19.7496
-17.7321
-15.9261
-14.3087
-12.8745
-11.5974
-103.245
-87.9463
-77.2633
-68.7428
-61.1409
-54.4191
-48.5022
-43.2771
-38.6546
-34.5616
-30.9338
-27.7145
-24.8534
-22.3069
-20.0366
-18.0091
-16.1943
-14.5691
-13.1259
-11.8388
-103.896
-88.5762
-77.8603
-69.3011
-61.6596
-54.9002
-48.9492
-43.6941
-39.0454
-34.9298
-31.2825
-28.0462
-25.1704
-22.611
-20.3293
-18.2916
-16.468
-14.8349
-13.3825
-12.0858
-104.56
-89.217
-78.4666
-69.8674
-62.1852
-55.3874
-49.4019
-44.1164
-39.4414
-35.3031
-31.6362
-28.383
-25.4924
-22.92
-20.6268
-18.5789
-16.7463
-15.1051
-13.6435
-12.3371
-105.236
-89.868
-79.0815
-70.4409
-62.7169
-55.8801
-49.8596
-44.5436
-39.8421
-35.6809
-31.9944
-28.7242
-25.8188
-23.2333
-20.9286
-18.8703
-17.0285
-15.3789
-13.908
-12.592
-105.922
-90.5281
-79.704
-71.0208
-63.2541
-56.3777
-50.3218
-44.9749
-40.2467
-36.0627
-32.3565
-29.0692
-26.1489
-23.5503
-21.2339
-19.1651
-17.3139
-15.6558
-14.1753
-12.8498
-106.619
-91.1966
-80.3333
-71.6062
-63.7959
-56.8792
-50.7876
-45.4096
-40.6548
-36.4478
-32.7219
-29.4174
-26.4822
-23.8704
-21.5422
-19.4628
-17.6021
-15.9351
-14.4448
-13.1099
-107.325
-91.8723
-80.9682
-72.1962
-64.3415
-57.384
-51.2564
-45.8472
-41.0655
-36.8356
-33.0899
-29.7683
-26.8181
-24.193
-21.8529
-19.7628
-17.8924
-16.2163
-14.7162
-13.3721
-108.039
-92.5538
-81.6077
-72.7898
-64.8901
-57.8913
-51.7274
-46.2868
-41.4783
-37.2254
-33.4599
-30.1212
-27.156
-24.5176
-22.1656
-20.0646
-18.1844
-16.4991
-14.989
-13.6359
-108.761
-93.2402
-82.2505
-73.386
-65.4406
-58.4001
-52.1996
-46.7277
-41.8924
-37.6166
-33.8314
-30.4756
-27.4954
-24.8437
-22.4797
-20.3679
-18.4778
-16.7831
-15.2631
-13.9012
-109.493
-93.9323
-82.8959
-73.9833
-65.9914
-58.9089
-52.6718
-47.1687
-42.3068
-38.0082
-34.2035
-30.8307
-27.8356
-25.1707
-22.7948
-20.6722
-18.7722
-17.0681
-15.538
-14.1677
-110.243
-94.632
-83.5425
-74.5798
-66.541
-59.4164
-53.143
-47.6088
-42.7206
-38.3996
-34.5755
-31.186
-28.1761
-25.4981
-23.1104
-20.9771
-19.0672
-17.3537
-15.8137
-14.4354
-111.008
-95.3375
-84.1891
-75.1744
-67.0889
-59.9227
-53.6132
-48.0482
-43.1338
-38.7905
-34.9473
-31.5412
-28.5167
-25.8257
-23.4263
-21.2823
-19.3626
-17.6397
-16.09
-14.7042
-111.755
-96.0368
-84.8339
-75.7681
-67.6365
-60.4291
-54.0836
-48.4879
-43.5474
-39.1819
-35.3195
-31.8967
-28.8576
-26.1536
-23.7425
-21.5879
-19.6584
-17.9261
-16.3669
-14.974
-11.3739
-7.35516
-5.01295
-3.40096
-2.3665
-1.66247
-1.18587
-0.86273
-0.645946
-0.503426
-0.412802
-0.35815
-0.328085
-0.314452
-0.311505
-0.31529
-0.323236
-0.33385
-0.346523
-0.361415
-0.37941
-0.402068
-0.431369
-0.469088
-0.51572
-0.569228
-0.624122
-0.671764
-0.70161
-0.703537
-0.670545
-0.602735
-0.508491
-0.402781
-0.300151
-0.210165
-0.138255
-0.0804908
-0.0430412
-0.00338306
-11.652
-7.56091
-5.17666
-3.52923
-2.46543
-1.74102
-1.24836
-0.913132
-0.687015
-0.537239
-0.440893
-0.381672
-0.347909
-0.331252
-0.325802
-0.327499
-0.333682
-0.342788
-0.354143
-0.367845
-0.384706
-0.406202
-0.434208
-0.470396
-0.515185
-0.566554
-0.619152
-0.664596
-0.692682
-0.693656
-0.66083
-0.594344
-0.502263
-0.398921
-0.298333
-0.209742
-0.13863
-0.0810884
-0.0436041
-0.00351298
-11.9318
-7.77188
-5.3453
-3.66196
-2.56749
-1.82177
-1.3124
-0.964539
-0.728707
-0.571404
-0.469149
-0.405234
-0.367695
-0.347965
-0.339989
-0.339584
-0.344
-0.351597
-0.361636
-0.374146
-0.389871
-0.410199
-0.436909
-0.47157
-0.514537
-0.563809
-0.614177
-0.657509
-0.68393
-0.684038
-0.651426
-0.586259
-0.496283
-0.395227
-0.296605
-0.209356
-0.139009
-0.0816835
-0.0441561
-0.00364661
-12.2135
-7.98793
-5.5188
-3.79932
-2.67285
-1.90486
-1.37809
-1.01704
-0.771088
-0.60597
-0.497608
-0.428866
-0.387466
-0.364611
-0.354078
-0.351557
-0.3542
-0.360287
-0.369008
-0.380327
-0.394913
-0.414071
-0.439483
-0.472626
-0.513795
-0.561013
-0.609218
-0.650524
-0.675371
-0.674691
-0.642335
-0.578476
-0.490546
-0.391696
-0.294965
-0.209006
-0.139395
-0.0822752
-0.0446985
-0.00378499
-12.4976
-8.20903
-5.69709
-3.94147
-2.78171
-1.99042
-1.44554
-1.07071
-0.814225
-0.640989
-0.52631
-0.452599
-0.407244
-0.381207
-0.368083
-0.363429
-0.364291
-0.368864
-0.376267
-0.386393
-0.399839
-0.417826
-0.441943
-0.473577
-0.512975
-0.558189
-0.604298
-0.643659
-0.667019
-0.665623
-0.633557
-0.57099
-0.485046
-0.388324
-0.293412
-0.208693
-0.139788
-0.082864
-0.0452314
-0.00392865
-12.7843
-8.43524
-5.88011
-4.08862
-2.89433
-2.07859
-1.51489
-1.12567
-0.858194
-0.676518
-0.555297
-0.476463
-0.427054
-0.397772
-0.38202
-0.375212
-0.374282
-0.377339
-0.383422
-0.392355
-0.40466
-0.421474
-0.444299
-0.47444
-0.512095
-0.555353
-0.599434
-0.636932
-0.658886
-0.656839
-0.625092
-0.563799
-0.47978
-0.385107
-0.291944
-0.208415
-0.140187
-0.0834504
-0.0457553
-0.00407803
-13.0742
-8.66692
-6.06794
-4.24103
-3.011
-2.16958
-1.58626
-1.18201
-0.903075
-0.712617
-0.584613
-0.500494
-0.446922
-0.414325
-0.395904
-0.386918
-0.384184
-0.385718
-0.390479
-0.398218
-0.409382
-0.425026
-0.446565
-0.475226
-0.511171
-0.552524
-0.594645
-0.630357
-0.650983
-0.648344
-0.61694
-0.556897
-0.474741
-0.38204
-0.290558
-0.208174
-0.140594
-0.0840349
-0.0462703
-0.00423359
-13.3677
-8.90468
-6.26064
-4.39884
-3.13197
-2.26353
-1.65979
-1.23986
-0.948955
-0.74935
-0.614309
-0.524727
-0.466875
-0.430888
-0.409751
-0.39856
-0.394008
-0.394011
-0.397448
-0.403992
-0.414015
-0.428491
-0.448751
-0.475951
-0.510219
-0.549717
-0.589945
-0.623947
-0.643318
-0.640142
-0.609099
-0.55028
-0.469926
-0.379122
-0.289254
-0.207967
-0.141008
-0.0846179
-0.0467767
-0.00439573
-13.6655
-9.14892
-6.45772
-4.5617
-3.25727
-2.36056
-1.73558
-1.2993
-0.995919
-0.786785
-0.644434
-0.549202
-0.486942
-0.447483
-0.423577
-0.41015
-0.403763
-0.402227
-0.404336
-0.409685
-0.418567
-0.431879
-0.450869
-0.476626
-0.509251
-0.546947
-0.585348
-0.617714
-0.635899
-0.632234
-0.601565
-0.543942
-0.465327
-0.376347
-0.288028
-0.207794
-0.141429
-0.0851997
-0.0472747
-0.00456483
-13.9678
-9.39901
-6.65784
-4.72887
-3.38684
-2.46072
-1.8137
-1.36045
-1.04404
-0.824984
-0.675037
-0.573954
-0.507151
-0.46413
-0.4374
-0.421703
-0.413461
-0.410376
-0.411152
-0.415304
-0.423048
-0.435199
-0.452929
-0.477264
-0.50828
-0.544226
-0.580867
-0.611668
-0.628731
-0.624621
-0.594336
-0.537878
-0.46094
-0.373711
-0.286879
-0.207655
-0.141858
-0.0857807
-0.0477645
-0.00474123
-14.2731
-9.65406
-6.86073
-4.90069
-3.5213
-2.56444
-1.89439
-1.42342
-1.09343
-0.864018
-0.706171
-0.599024
-0.527533
-0.480853
-0.451237
-0.433232
-0.423112
-0.418467
-0.417905
-0.420858
-0.427465
-0.43846
-0.45494
-0.477874
-0.507318
-0.541566
-0.576511
-0.605816
-0.621818
-0.617303
-0.587407
-0.532081
-0.456759
-0.371212
-0.285804
-0.207548
-0.142294
-0.0863611
-0.0482461
-0.00492524
-14.5804
-9.91786
-7.07109
-5.08052
-3.66283
-2.6729
-1.97826
-1.48857
-1.14429
-0.904015
-0.737917
-0.624467
-0.548124
-0.497679
-0.465107
-0.444751
-0.432729
-0.426509
-0.424602
-0.426355
-0.431826
-0.441672
-0.456914
-0.478468
-0.506375
-0.538977
-0.572289
-0.600165
-0.615164
-0.610279
-0.580775
-0.526547
-0.452779
-0.368844
-0.284803
-0.207474
-0.142737
-0.086941
-0.0487197
-0.0051171
-14.8946
-10.2019
-7.29681
-5.272
-3.81332
-2.78728
-2.066
-1.55637
-1.19692
-0.945173
-0.770406
-0.650368
-0.568983
-0.514646
-0.479038
-0.456281
-0.442326
-0.434514
-0.431253
-0.431804
-0.436141
-0.444842
-0.458859
-0.479055
-0.50546
-0.536466
-0.568209
-0.594719
-0.60877
-0.603548
-0.574435
-0.521269
-0.448994
-0.366605
-0.283872
-0.207431
-0.143187
-0.0875204
-0.0491854
-0.00531703
-15.2255
-10.5089
-7.53175
-5.46786
-3.9685
-2.90567
-2.15687
-1.62655
-1.25128
-0.987529
-0.80369
-0.676776
-0.590151
-0.531788
-0.493056
-0.467841
-0.451918
-0.442493
-0.437868
-0.437212
-0.440417
-0.44798
-0.460783
-0.479643
-0.504583
-0.534042
-0.564273
-0.58948
-0.602635
-0.597106
-0.568381
-0.516243
-0.4454
-0.364492
-0.283008
-0.207418
-0.143641
-0.0881046
-0.0496428
-0.00552456
-15.5594
-10.8016
-7.74083
-5.64492
-4.11567
-3.02144
-2.24723
-1.69712
-1.30629
-1.03048
-0.837435
-0.703504
-0.611518
-0.549041
-0.507121
-0.479407
-0.461492
-0.450441
-0.444445
-0.442582
-0.444657
-0.45109
-0.462694
-0.480241
-0.503748
-0.531708
-0.560487
-0.584451
-0.596758
-0.590948
-0.562606
-0.511457
-0.441989
-0.362498
-0.282212
-0.207435
-0.144105
-0.0886842
-0.0500933
-0.00574156
-15.8393
-11.034
-7.90504
-5.7971
-4.25246
-3.1328
-2.33546
-1.76679
-1.36101
-1.07339
-0.871198
-0.73025
-0.632881
-0.566263
-0.521137
-0.490914
-0.471002
-0.458325
-0.450964
-0.447902
-0.44886
-0.454176
-0.464599
-0.480856
-0.502965
-0.52947
-0.556849
-0.579623
-0.591129
-0.585062
-0.557097
-0.506901
-0.438751
-0.360617
-0.281478
-0.207479
-0.144574
-0.0892635
-0.0505362
-0.00596741
-16.0794
-11.3048
-8.12599
-5.99546
-4.4212
-3.26385
-2.43524
-1.84334
-1.41993
-1.11887
-0.906549
-0.757971
-0.654836
-0.583835
-0.535352
-0.502524
-0.480558
-0.466222
-0.457479
-0.45321
-0.453051
-0.457259
-0.466514
-0.481505
-0.502251
-0.527348
-0.553383
-0.575023
-0.585769
-0.579463
-0.551863
-0.502579
-0.435688
-0.358848
-0.280805
-0.20755
-0.145049
-0.089842
-0.0509714
-0.00620176
-16.5343
-11.8789
-8.58348
-6.3475
-4.68698
-3.45632
-2.57364
-1.94425
-1.49438
-1.17437
-0.948437
-0.790009
-0.679674
-0.603354
-0.55089
-0.515039
-0.49073
-0.474536
-0.464268
-0.458694
-0.457346
-0.460398
-0.468462
-0.482191
-0.501609
-0.525364
-0.550136
-0.570723
-0.580772
-0.574252
-0.546999
-0.498569
-0.432857
-0.357231
-0.280216
-0.207658
-0.145533
-0.0904198
-0.0513995
-0.00644337
-17.2713
-12.6488
-9.14275
-6.74615
-4.98462
-3.67489
-2.73142
-2.05893
-1.57866
-1.23685
-0.995251
-0.825531
-0.706989
-0.624643
-0.567699
-0.528465
-0.501553
-0.483304
-0.471362
-0.464366
-0.461738
-0.463563
-0.470389
-0.482838
-0.500944
-0.523406
-0.546996
-0.566626
-0.576065
-0.569392
-0.5425
-0.494891
-0.43029
-0.355797
-0.279737
-0.207824
-0.146039
-0.0910053
-0.0518231
-0.00669501
-17.1406
-12.6188
-9.09494
-6.72138
-5.00933
-3.7201
-2.77674
-2.09981
-1.61401
-1.26632
-1.01935
-0.845126
-0.722939
-0.637699
-0.578478
-0.537449
-0.509105
-0.489686
-0.476752
-0.468867
-0.465382
-0.466304
-0.472107
-0.483367
-0.500125
-0.521159
-0.543388
-0.561905
-0.570655
-0.563838
-0.537397
-0.490742
-0.427395
-0.354161
-0.279152
-0.207948
-0.146534
-0.0916046
-0.0522381
-0.006974
-15.4906
-11.6189
-8.34987
-6.21626
-4.71107
-3.54615
-2.67036
-2.03446
-1.57404
-1.24136
-1.00335
-0.834703
-0.716135
-0.633382
-0.575995
-0.536408
-0.509248
-0.490812
-0.478673
-0.47139
-0.468267
-0.469189
-0.474442
-0.484432
-0.499175
-0.517636
-0.537126
-0.553224
-0.560343
-0.553004
-0.527265
-0.482363
-0.421403
-0.350602
-0.277638
-0.207831
-0.14716
-0.0924926
-0.0528267
-0.00743142
-13.7635
-10.6113
-7.71505
-5.80813
-4.48498
-3.43863
-2.62557
-2.02427
-1.58385
-1.26127
-1.02727
-0.859306
-0.739652
-0.654946
-0.595279
-0.553386
-0.524044
-0.503611
-0.489665
-0.480728
-0.476045
-0.475416
-0.47902
-0.487149
-0.499733
-0.515742
-0.532628
-0.546248
-0.551381
-0.542909
-0.517154
-0.473359
-0.414365
-0.345865
-0.275051
-0.206899
-0.147251
-0.0930955
-0.0533137
-0.00785927
-12.2037
-9.69153
-7.16838
-5.44167
-4.25995
-3.32264
-2.57315
-2.00699
-1.58783
-1.27736
-1.04918
-0.883295
-0.76358
-0.677595
-0.616024
-0.57197
-0.540426
-0.517866
-0.501917
-0.491101
-0.484633
-0.482258
-0.484079
-0.490293
-0.500742
-0.514371
-0.528725
-0.539896
-0.542998
-0.533259
-0.507273
-0.464339
-0.407092
-0.340762
-0.272067
-0.205621
-0.147088
-0.0935385
-0.0537342
-0.00826556
-10.7374
-8.77457
-6.64409
-5.10672
-4.04613
-3.20609
-2.51913
-1.98785
-1.58951
-1.29134
-1.06936
-0.90587
-0.786351
-0.699318
-0.636051
-0.590023
-0.556446
-0.531907
-0.51408
-0.501489
-0.493313
-0.489236
-0.489274
-0.493525
-0.501753
-0.512891
-0.524607
-0.533246
-0.534273
-0.523268
-0.497088
-0.45507
-0.399629
-0.335527
-0.269002
-0.204308
-0.146919
-0.0940009
-0.0541614
-0.008704
-9.40236
-7.8817
-6.1194
-4.77194
-3.82311
-3.07492
-2.45377
-1.96141
-1.58617
-1.30204
-1.08764
-0.927446
-0.808686
-0.720949
-0.65618
-0.608283
-0.572722
-0.546223
-0.526521
-0.512145
-0.502242
-0.496432
-0.494646
-0.496881
-0.502828
-0.511422
-0.520455
-0.526531
-0.525469
-0.513199
-0.486837
-0.44575
-0.392123
-0.330256
-0.265909
-0.20298
-0.146744
-0.0944765
-0.0545866
-0.0091706
-8.19964
-7.02646
-5.59582
-4.44181
-3.60243
-2.93834
-2.38114
-1.92933
-1.57851
-1.30951
-1.10381
-0.947812
-0.830436
-0.742419
-0.676423
-0.626816
-0.589352
-0.560921
-0.539336
-0.523146
-0.511475
-0.503884
-0.500224
-0.5004
-0.504036
-0.510069
-0.516417
-0.519938
-0.516793
-0.503256
-0.476693
-0.436499
-0.384639
-0.324965
-0.26277
-0.201607
-0.146529
-0.0949373
-0.0549951
-0.00965653
-7.13656
-6.23208
-5.08506
-4.11415
-3.38108
-2.79552
-2.30044
-1.89092
-1.5663
-1.31361
-1.11765
-0.966719
-0.851357
-0.763501
-0.696578
-0.645453
-0.606199
-0.575892
-0.552443
-0.534431
-0.520967
-0.511563
-0.505994
-0.504083
-0.50539
-0.508863
-0.512541
-0.513527
-0.508317
-0.493515
-0.466728
-0.427377
-0.377217
-0.319676
-0.259592
-0.200183
-0.146267
-0.0953746
-0.0553826
-0.0101582
-6.20707
-5.50762
-4.5959
-3.79271
-3.16306
-2.65152
-2.21501
-1.84752
-1.55003
-1.31447
-1.12907
-0.983968
-0.871234
-0.783987
-0.716456
-0.66403
-0.623124
-0.591022
-0.565748
-0.545926
-0.530663
-0.519429
-0.511932
-0.507917
-0.506894
-0.50782
-0.508857
-0.507343
-0.500098
-0.484042
-0.457007
-0.418446
-0.369909
-0.314426
-0.256398
-0.198722
-0.14596
-0.0957865
-0.0557474
-0.0106727
-5.40056
-4.85831
-4.13843
-3.48302
-2.95048
-2.50827
-2.1265
-1.79992
-1.53002
-1.31224
-1.13801
-0.999402
-0.889867
-0.803677
-0.735873
-0.682386
-0.63999
-0.606198
-0.579159
-0.557557
-0.540504
-0.527439
-0.518009
-0.511892
-0.508551
-0.506962
-0.505404
-0.501444
-0.492205
-0.474912
-0.447609
-0.409776
-0.362773
-0.309262
-0.253218
-0.197237
-0.145613
-0.0961705
-0.0560876
-0.011196
-4.70655
-4.28527
-3.7197
-3.19086
-2.74685
-2.36895
-2.03775
-1.74986
-1.5071
-1.30728
-1.14459
-1.01294
-0.907092
-0.822378
-0.754637
-0.700344
-0.656645
-0.621288
-0.592567
-0.569235
-0.550421
-0.535539
-0.524188
-0.515986
-0.51036
-0.506307
-0.502221
-0.495887
-0.484712
-0.466206
-0.438615
-0.401442
-0.355873
-0.304227
-0.250079
-0.195741
-0.145229
-0.096523
-0.0564009
-0.0117227
-4.11544
-3.78752
-3.34502
-2.92204
-2.55603
-2.2363
-1.95102
-1.69891
-1.48212
-1.30001
-1.14895
-1.02455
-0.922778
-0.839915
-0.772558
-0.717722
-0.67292
-0.636148
-0.605849
-0.580857
-0.560328
-0.543665
-0.530423
-0.520173
-0.512314
-0.505868
-0.499342
-0.490723
-0.477685
-0.458002
-0.430102
-0.393518
-0.34927
-0.29937
-0.247013
-0.194251
-0.144812
-0.0968412
-0.0566859
-0.0122468
-3.61895
-3.36284
-3.01754
-2.68111
-2.38161
-2.11299
-1.86859
-1.6488
-1.45615
-1.291
-1.15137
-1.0343
-0.936842
-0.856133
-0.789453
-0.734331
-0.688637
-0.650614
-0.618861
-0.592302
-0.570127
-0.551735
-0.536654
-0.524414
-0.514395
-0.505651
-0.496793
-0.485999
-0.471186
-0.450369
-0.422146
-0.386075
-0.343027
-0.294739
-0.244053
-0.192785
-0.144371
-0.097123
-0.0569412
-0.0127617
-3.20916
-3.00769
-2.73817
-2.47094
-2.22638
-2.00129
-1.79234
-1.60107
-1.43023
-1.28087
-1.15215
-1.04229
-0.949248
-0.870906
-0.805151
-0.74998
-0.703605
-0.664506
-0.631442
-0.603427
-0.579696
-0.559654
-0.542806
-0.528658
-0.516576
-0.505649
-0.494591
-0.481749
-0.465265
-0.443371
-0.414814
-0.379179
-0.337204
-0.290384
-0.241235
-0.191363
-0.143914
-0.0973671
-0.0571662
-0.0132605
-2.87762
-2.71707
-2.50565
-2.29248
-2.09198
-1.9028
-1.72376
-1.55702
-1.40537
-1.27026
-1.15167
-1.04868
-0.96
-0.884136
-0.819493
-0.76448
-0.717625
-0.677632
-0.643411
-0.61407
-0.588895
-0.567302
-0.548788
-0.532837
-0.518815
-0.505846
-0.492739
-0.478
-0.459965
-0.437061
-0.408168
-0.372894
-0.331861
-0.286354
-0.238597
-0.190007
-0.143453
-0.0975734
-0.0573602
-0.0137358
-2.61507
-2.48464
-2.31692
-2.14496
-1.97882
-1.8184
-1.66389
-1.51766
-1.38242
-1.2598
-1.1503
-1.05366
-0.969137
-0.895751
-0.832331
-0.777643
-0.73049
-0.68978
-0.654565
-0.624047
-0.59756
-0.574543
-0.554486
-0.536867
-0.521054
-0.50621
-0.491233
-0.474766
-0.455319
-0.431486
-0.402262
-0.367278
-0.327055
-0.2827
-0.236176
-0.188742
-0.142999
-0.0977428
-0.0575231
-0.0141805
-2.41193
-2.30331
-2.16774
-2.02643
-1.88634
-1.74827
-1.61327
-1.48371
-1.36205
-1.25002
-1.14843
-1.05742
-0.976717
-0.905694
-0.843528
-0.789278
-0.741979
-0.700719
-0.664678
-0.633143
-0.6055
-0.581208
-0.559764
-0.540643
-0.52322
-0.506699
-0.490055
-0.472054
-0.451352
-0.426686
-0.397148
-0.362387
-0.322843
-0.279473
-0.234015
-0.187595
-0.142568
-0.0978775
-0.0576543
-0.0145871
-2.25916
-2.16602
-2.05348
-1.93431
-1.8134
-1.69216
-1.57215
-1.45562
-1.34481
-1.2414
-1.14638
-1.06018
-0.982805
-0.913913
-0.852944
-0.799181
-0.751853
-0.710193
-0.673493
-0.641114
-0.61249
-0.587103
-0.564459
-0.544035
-0.52522
-0.507252
-0.489177
-0.469862
-0.448085
-0.422699
-0.392875
-0.35828
-0.319284
-0.276728
-0.232157
-0.186595
-0.142176
-0.0979804
-0.0577539
-0.0149485
-2.14922
-2.06671
-1.97
-1.86619
-1.75879
-1.64964
-1.54059
-1.43374
-1.33113
-1.23435
-1.14447
-1.06211
-0.987445
-0.92034
-0.860416
-0.807126
-0.759841
-0.717911
-0.680714
-0.647675
-0.618267
-0.591997
-0.568376
-0.54689
-0.526941
-0.507798
-0.488564
-0.468187
-0.445541
-0.419569
-0.389503
-0.355024
-0.316448
-0.274526
-0.230654
-0.185777
-0.141843
-0.0980548
-0.0578208
-0.0152572
-2.07669
-2.00097
-1.91432
-1.82034
-1.72169
-1.62048
-1.51873
-1.41842
-1.32141
-1.22922
-1.14297
-1.06334
-0.990647
-0.924867
-0.86574
-0.812836
-0.76562
-0.723525
-0.685992
-0.65249
-0.622522
-0.595612
-0.571283
-0.549023
-0.528248
-0.508251
-0.488178
-0.467033
-0.443757
-0.417358
-0.38711
-0.352704
-0.314418
-0.272943
-0.229565
-0.18518
-0.14159
-0.0981067
-0.0578477
-0.0155067
-2.03945
-1.9671
-1.88551
-1.79648
-1.70228
-1.60515
-1.50717
-1.41026
-1.31619
-1.22644
-1.14212
-1.06397
-0.992355
-0.927307
-0.86863
-0.81595
-0.768785
-0.726611
-0.688902
-0.655151
-0.62488
-0.597621
-0.572902
-0.550217
-0.528988
-0.508522
-0.487986
-0.46642
-0.442798
-0.416164
-0.385815
-0.351446
-0.313313
-0.272081
-0.228966
-0.184856
-0.14144
-0.0981486
-0.0578214
-0.0156814
-18.5093
-18.4746
-18.4306
-18.3774
-18.3145
-18.2418
-18.1592
-18.0666
-17.964
-17.8513
-17.7281
-17.5945
-17.4495
-17.2933
-17.1226
-16.9389
-16.7278
-16.506
-16.2353
-16.1686
-15.8558
-15.8142
-15.7662
-15.7118
-15.6509
-15.5835
-15.5095
-15.4292
-15.3426
-15.2498
-15.1507
-15.0452
-14.9326
-14.8129
-14.6831
-14.5464
-14.3949
-14.2564
-14.1143
-14.1497
-13.6182
-13.5747
-13.5276
-13.4769
-13.4226
-13.3649
-13.3038
-13.2397
-13.1726
-13.1026
-13.0299
-12.9545
-12.8763
-12.7958
-12.7123
-12.6293
-12.5418
-12.4649
-12.3784
-12.4029
-11.7066
-11.6664
-11.624
-11.5795
-11.5331
-11.4847
-11.4346
-11.383
-11.3301
-11.2759
-11.2207
-11.1646
-11.1076
-11.05
-10.9911
-10.9318
-10.8681
-10.8093
-10.7487
-10.7768
-10.0798
-10.0445
-10.0079
-9.96992
-9.9308
-9.89063
-9.84956
-9.80779
-9.76548
-9.7228
-9.67988
-9.63688
-9.59381
-9.55087
-9.5078
-9.46563
-9.42337
-9.38763
-9.35533
-9.38426
-8.69871
-8.66867
-8.6377
-8.60593
-8.57344
-8.54037
-8.50688
-8.47315
-8.43934
-8.40562
-8.37216
-8.33914
-8.30674
-8.27522
-8.24469
-8.21577
-8.18783
-8.16404
-8.14271
-8.16289
-7.52511
-7.50019
-7.4746
-7.44843
-7.42177
-7.39475
-7.36752
-7.34022
-7.313
-7.28604
-7.25948
-7.23349
-7.20823
-7.18386
-7.16047
-7.13834
-7.11728
-7.09922
-7.08387
-7.09706
-6.52567
-6.50553
-6.48481
-6.46358
-6.44193
-6.41996
-6.39779
-6.37555
-6.35337
-6.33138
-6.30973
-6.28855
-6.26799
-6.24819
-6.22931
-6.21158
-6.19503
-6.18072
-6.16861
-6.17522
-5.67396
-5.65812
-5.64168
-5.62471
-5.60727
-5.58946
-5.57137
-5.55311
-5.5348
-5.51654
-5.49847
-5.48071
-5.46338
-5.44663
-5.43058
-5.41539
-5.40114
-5.38838
-5.37721
-5.37813
-4.9513
-4.93912
-4.92629
-4.91283
-4.89882
-4.88431
-4.86941
-4.85419
-4.83875
-4.82319
-4.80762
-4.79213
-4.77685
-4.76188
-4.74733
-4.73334
-4.72001
-4.70764
-4.69636
-4.69261
-4.34403
-4.33483
-4.32487
-4.31418
-4.30281
-4.29082
-4.27829
-4.26529
-4.25189
-4.23818
-4.22425
-4.21019
-4.19609
-4.18206
-4.16818
-4.15456
-4.1413
-4.12857
-4.11647
-4.10886
-3.84051
-3.8336
-3.82583
-3.81723
-3.80784
-3.7977
-3.78688
-3.77545
-3.76345
-3.75098
-3.73809
-3.72487
-3.7114
-3.69775
-3.68402
-3.67028
-3.65663
-3.64316
-3.62994
-3.61927
-3.42929
-3.42408
-3.41793
-3.41086
-3.40291
-3.39411
-3.38452
-3.37419
-3.36317
-3.35153
-3.33932
-3.32661
-3.31347
-3.29997
-3.28617
-3.27216
-3.258
-3.24375
-3.22944
-3.21654
-3.09871
-3.09472
-3.08973
-3.08377
-3.07686
-3.06904
-3.06034
-3.05082
-3.04052
-3.02948
-3.01777
-3.00544
-2.99254
-2.97914
-2.96529
-2.95106
-2.93651
-2.92168
-2.90656
-2.89221
-2.83721
-2.83407
-2.82992
-2.82475
-2.81861
-2.81151
-2.80349
-2.7946
-2.78486
-2.77433
-2.76305
-2.75106
-2.73843
-2.72519
-2.71141
-2.69713
-2.68241
-2.66729
-2.65172
-2.63658
-2.6341
-2.63155
-2.62798
-2.6234
-2.61782
-2.61128
-2.6038
-2.59542
-2.58617
-2.57609
-2.56522
-2.5536
-2.54127
-2.52829
-2.5147
-2.50054
-2.48587
-2.47071
-2.45504
-2.43954
-2.48012
-2.47798
-2.47482
-2.47066
-2.46552
-2.45941
-2.45237
-2.44442
-2.43559
-2.42591
-2.41543
-2.40418
-2.39219
-2.37952
-2.3662
-2.35228
-2.3378
-2.32279
-2.30724
-2.29164
-2.36829
-2.36642
-2.36355
-2.3597
-2.35489
-2.34912
-2.34243
-2.33484
-2.32636
-2.31705
-2.30692
-2.29601
-2.28435
-2.27199
-2.25895
-2.24529
-2.23104
-2.21622
-2.20087
-2.18525
-2.29374
-2.29204
-2.28937
-2.28574
-2.28115
-2.27564
-2.26921
-2.26189
-2.25369
-2.24466
-2.23481
-2.22417
-2.21279
-2.20068
-2.18788
-2.17444
-2.16038
-2.14574
-2.13054
-2.11492
-2.25549
-2.2539
-2.25135
-2.24787
-2.24345
-2.23812
-2.23189
-2.22477
-2.21679
-2.20796
-2.19831
-2.18787
-2.17665
-2.16468
-2.15201
-2.13864
-2.12462
-2.10998
-2.09474
-2.07896
-17.4684
-17.7369
-17.525
-17.6715
-17.8412
-17.9209
-17.9908
-18.0744
-18.1553
-18.2278
-18.2947
-18.3564
-18.4112
-18.4576
-18.4951
-18.5231
-18.5414
-18.5494
-18.547
-18.5337
-15.839
-16.0073
-15.477
-15.4148
-15.5669
-15.6313
-15.6465
-15.6839
-15.7368
-15.7852
-15.826
-15.8618
-15.8924
-15.9162
-15.9322
-15.9402
-15.9401
-15.9318
-15.915
-15.8897
-13.9975
-14.1274
-13.5379
-13.3892
-13.5445
-13.644
-13.6548
-13.6651
-13.6961
-13.7272
-13.7478
-13.7604
-13.7678
-13.7698
-13.7659
-13.7558
-13.7398
-13.7179
-13.6903
-13.657
-12.1956
-12.3555
-11.8215
-11.6388
-11.7702
-11.8829
-11.8961
-11.885
-11.8915
-11.9047
-11.9104
-11.9077
-11.9004
-11.8898
-11.8754
-11.8569
-11.8344
-11.808
-11.7778
-11.7439
-10.5874
-10.7735
-10.3365
-10.1426
-10.2266
-10.3245
-10.3376
-10.3155
-10.3039
-10.3031
-10.3
-10.2905
-10.2769
-10.261
-10.243
-10.2224
-10.199
-10.1729
-10.1443
-10.1132
-9.18532
-9.35808
-9.01931
-8.83831
-8.87837
-8.95006
-8.96204
-8.93982
-8.92137
-8.9131
-8.90603
-8.89486
-8.88015
-8.86355
-8.8455
-8.8257
-8.80393
-8.78023
-8.75471
-8.7275
-7.95291
-8.08919
-7.8347
-7.68565
-7.70018
-7.74829
-7.7585
-7.74161
-7.72416
-7.7138
-7.70557
-7.69502
-7.6817
-7.66666
-7.65042
-7.63292
-7.61402
-7.59369
-7.57203
-7.54914
-6.86593
-6.96635
-6.78055
-6.66913
-6.67381
-6.70551
-6.71362
-6.70254
-6.68929
-6.68008
-6.67254
-6.6637
-6.65288
-6.6406
-6.62729
-6.61298
-6.59759
-6.58111
-6.56358
-6.54508
-5.91524
-5.98999
-5.85879
-5.78071
-5.78311
-5.80465
-5.81117
-5.8049
-5.79646
-5.79005
-5.78457
-5.77824
-5.77052
-5.76162
-5.7518
-5.74109
-5.72947
-5.71691
-5.70345
-5.68912
-5.09533
-5.15356
-5.06503
-5.0132
-5.01605
-5.03182
-5.03797
-5.03584
-5.03201
-5.02909
-5.02648
-5.02316
-5.01877
-5.01338
-5.00712
-5
-4.99201
-4.98312
-4.97336
-4.96274
-4.39996
-4.4473
-4.39168
-4.36007
-4.36457
-4.37757
-4.38451
-4.38616
-4.38651
-4.38709
-4.38755
-4.38729
-4.38609
-4.38397
-4.38096
-4.37707
-4.37227
-4.36656
-4.35994
-4.35243
-3.82218
-3.86179
-3.83097
-3.81487
-3.82164
-3.83378
-3.84213
-3.84708
-3.85098
-3.85466
-3.85791
-3.86038
-3.86194
-3.86256
-3.86227
-3.86104
-3.85885
-3.8557
-3.85159
-3.84652
-3.35363
-3.38741
-3.37439
-3.36973
-3.37885
-3.39107
-3.40089
-3.40847
-3.4151
-3.42123
-3.42672
-3.43136
-3.43506
-3.43782
-3.4396
-3.44041
-3.44021
-3.439
-3.43677
-3.43353
-2.98317
-3.0123
-3.0112
-3.01441
-3.02544
-3.03806
-3.04906
-3.05849
-3.06702
-3.07487
-3.08195
-3.08813
-3.09337
-3.09762
-3.10088
-3.10312
-3.10433
-3.1045
-3.10361
-3.10168
-2.69702
-2.72229
-2.72859
-2.73679
-2.74913
-2.76209
-2.77385
-2.78442
-2.79411
-2.80304
-2.81112
-2.81828
-2.82449
-2.82971
-2.83392
-2.8371
-2.83924
-2.84032
-2.84034
-2.8393
-2.48078
-2.50285
-2.51339
-2.52452
-2.53759
-2.5507
-2.56283
-2.57398
-2.58428
-2.59376
-2.60238
-2.61008
-2.61682
-2.62259
-2.62735
-2.63109
-2.63379
-2.63545
-2.63605
-2.6356
-2.32143
-2.34093
-2.35373
-2.36641
-2.37977
-2.39282
-2.40504
-2.41637
-2.42689
-2.43658
-2.4454
-2.45332
-2.46029
-2.46631
-2.47134
-2.47537
-2.47838
-2.48037
-2.48132
-2.48124
-2.20867
-2.22625
-2.24012
-2.25353
-2.26691
-2.2798
-2.29191
-2.30322
-2.31373
-2.32342
-2.33224
-2.34018
-2.3472
-2.35329
-2.35841
-2.36256
-2.36571
-2.36787
-2.36902
-2.36916
-2.13531
-2.1516
-2.16591
-2.17959
-2.19287
-2.20555
-2.21749
-2.22867
-2.23906
-2.24863
-2.25736
-2.26523
-2.27219
-2.27824
-2.28336
-2.28752
-2.29072
-2.29295
-2.29419
-2.29446
-2.09812
-2.11389
-2.12843
-2.14226
-2.15549
-2.16807
-2.17992
-2.191
-2.20128
-2.21075
-2.21937
-2.22713
-2.23401
-2.23998
-2.24503
-2.24915
-2.25232
-2.25455
-2.25582
-2.25613
0.135288
0.129151
0.114186
0.0885558
0.0500774
-0.0045223
-0.0798351
-0.182075
-0.319532
-0.50312
-0.747082
-1.06971
-1.49516
-2.05406
-2.79323
-3.7727
-5.12072
-6.99282
-9.70995
-14.0984
0.0665778
0.0599259
0.0443935
0.0177475
-0.0221267
-0.0784483
-0.155764
-0.260209
-0.399958
-0.585763
-0.831656
-1.15566
-1.58145
-2.13917
-2.87296
-3.84189
-5.14669
-6.9658
-9.39408
-13.2861
-0.00494449
-0.0115964
-0.027115
-0.053902
-0.0939434
-0.150277
-0.227228
-0.330622
-0.468188
-0.650062
-0.889403
-1.20301
-1.61262
-2.14559
-2.83863
-3.74526
-4.91998
-6.55772
-8.52893
-11.6924
-0.0792997
-0.086065
-0.101747
-0.128785
-0.169037
-0.225321
-0.301677
-0.403518
-0.537979
-0.71436
-0.944626
-1.24397
-1.63136
-2.13125
-2.76988
-3.59918
-4.61951
-6.03745
-7.62942
-10.0869
-0.156174
-0.163088
-0.178983
-0.20628
-0.246734
-0.302937
-0.378627
-0.478791
-0.609934
-0.780476
-1.00108
-1.28532
-1.64901
-2.11472
-2.69682
-3.45015
-4.33471
-5.54049
-6.89878
-8.77188
-0.235168
-0.242179
-0.258186
-0.285565
-0.325962
-0.381737
-0.456309
-0.554216
-0.681308
-0.845116
-1.05492
-1.32284
-1.66121
-2.0916
-2.61774
-3.29511
-4.07337
-5.08195
-6.28222
-7.72495
-0.315809
-0.32285
-0.338842
-0.366074
-0.406079
-0.460967
-0.533807
-0.628657
-0.750671
-0.906468
-1.10387
-1.3536
-1.66459
-2.05705
-2.52877
-3.12574
-3.81793
-4.6453
-5.69224
-6.83224
-0.397529
-0.404538
-0.420383
-0.447241
-0.486518
-0.540067
-0.610581
-0.701612
-0.817591
-0.964196
-1.1478
-1.3776
-1.65997
-2.01156
-2.43158
-2.94424
-3.55646
-4.22592
-5.10653
-6.0233
-0.479657
-0.486571
-0.502131
-0.528385
-0.566605
-0.618381
-0.686025
-0.772574
-0.88174
-1.01825
-1.1872
-1.39588
-1.64963
-1.95868
-2.32966
-2.7598
-3.28973
-3.83131
-4.5463
-5.28285
-0.56142
-0.568172
-0.583309
-0.608732
-0.645572
-0.695167
-0.759451
-0.840954
-0.94272
-1.0685
-1.22244
-1.40951
-1.63542
-1.90259
-2.22605
-2.58238
-3.0282
-3.46981
-4.03627
-4.61934
-0.641944
-0.648472
-0.663051
-0.687427
-0.722593
-0.769641
-0.830154
-0.906172
-1.00015
-1.11488
-1.25384
-1.41966
-1.61874
-1.84722
-2.12437
-2.41926
-2.78489
-3.1462
-3.58901
-4.04214
-0.720269
-0.726514
-0.740415
-0.763556
-0.796796
-0.841004
-0.897438
-0.967691
-1.0537
-1.15742
-1.28175
-1.42753
-1.60102
-1.79564
-2.0291
-2.2742
-2.56913
-2.86305
-3.20728
-3.55451
-0.795355
-0.801268
-0.814391
-0.83615
-0.867276
-0.90844
-0.960615
-1.02501
-1.10311
-1.19621
-1.30657
-1.43412
-1.58387
-1.74971
-1.94416
-2.14838
-2.38476
-2.62194
-2.88936
-3.15403
-0.866093
-0.871639
-0.883915
-0.904195
-0.933097
-0.971123
-1.01901
-1.07763
-1.1481
-1.23126
-1.32869
-1.44009
-1.56869
-1.71024
-1.87172
-2.04191
-2.23181
-2.42273
-2.6313
-2.83399
-0.931314
-0.936474
-0.947871
-0.96664
-0.993297
-1.02821
-1.07192
-1.12506
-1.18841
-1.26253
-1.34838
-1.44574
-1.55624
-1.6774
-1.81216
-1.95434
-2.10835
-2.26301
-2.42729
-2.58467
-0.989781
-0.994558
-1.00509
-1.02238
-1.04688
-1.07884
-1.11865
-1.16676
-1.2237
-1.28985
-1.36571
-1.45114
-1.54673
-1.65105
-1.76484
-1.88462
-2.01149
-2.13861
-2.27019
-2.39505
-1.04017
-1.04459
-1.05431
-1.07024
-1.09277
-1.12206
-1.1584
-1.20212
-1.25355
-1.31295
-1.38053
-1.45618
-1.5399
-1.63081
-1.7286
-1.83112
-1.93793
-2.04471
-2.15271
-2.25462
-1.08101
-1.08512
-1.09414
-1.10892
-1.12977
-1.15683
-1.1903
-1.23041
-1.2774
-1.33141
-1.39252
-1.46058
-1.53534
-1.61612
-1.70222
-1.79207
-1.88463
-1.97693
-2.06858
-2.15481
-1.1106
-1.11446
-1.12296
-1.13686
-1.15645
-1.18185
-1.2132
-1.25069
-1.29447
-1.34464
-1.40119
-1.46395
-1.53256
-1.60641
-1.68468
-1.76607
-1.8493
-1.93215
-2.01335
-2.08963
-1.1268
-1.13053
-1.13873
-1.15212
-1.17101
-1.19549
-1.22566
-1.2617
-1.30373
-1.35181
-1.40591
-1.46582
-1.53118
-1.60137
-1.67556
-1.75256
-1.831
-1.909
-1.98495
-2.0563
0.975619
0.974591
0.971926
0.966474
0.956849
0.940854
0.915545
0.876991
0.820114
0.738321
0.623324
0.464121
0.247155
-0.0482538
-0.448278
-1.01573
-1.82557
-3.11146
-5.07716
-8.37975
0.931596
0.930261
0.926761
0.92013
0.908899
0.89084
0.862947
0.821202
0.760404
0.673792
0.552863
0.386293
0.160211
-0.146661
-0.560591
-1.14475
-1.97436
-3.27969
-5.27926
-8.60975
0.887722
0.886083
0.881763
0.873968
0.861149
0.841043
0.810583
0.765657
0.700943
0.609503
0.482615
0.308627
0.0733337
-0.245126
-0.673252
-1.27443
-2.12466
-3.45039
-5.4852
-8.84353
0.844026
0.842091
0.836968
0.828029
0.813641
0.791511
0.758502
0.710411
0.641787
0.545512
0.412638
0.231184
-0.013412
-0.343575
-0.786174
-1.40466
-2.27631
-3.6233
-5.6948
-9.08063
0.800538
0.798316
0.792411
0.78235
0.766419
0.742288
0.706752
0.655512
0.582986
0.481872
0.342987
0.154019
-0.0999725
-0.441949
-0.899288
-1.53535
-2.42917
-3.79811
-5.90777
-9.32022
0.757286
0.754787
0.748127
0.736968
0.719521
0.693415
0.655377
0.601007
0.524589
0.418631
0.27371
0.0771805
-0.186303
-0.540201
-1.01254
-1.66644
-2.58313
-3.97459
-6.12386
-9.56149
0.714297
0.711533
0.704148
0.69192
0.672986
0.644935
0.60442
0.54694
0.46664
0.355836
0.204851
0.000710836
-0.272364
-0.638295
-1.1259
-1.79786
-2.73814
-4.15253
-6.34301
-9.80383
0.671596
0.668582
0.660507
0.647241
0.626852
0.596886
0.553922
0.493355
0.409184
0.293529
0.136452
-0.0753515
-0.358123
-0.736202
-1.23933
-1.92958
-2.89416
-4.33174
-6.5652
-10.0468
0.629208
0.625961
0.617233
0.602962
0.581154
0.549307
0.503923
0.440291
0.35226
0.231749
0.0685483
-0.150974
-0.443554
-0.833901
-1.35283
-2.06156
-3.0512
-4.51204
-6.79045
-10.2899
0.587155
0.583695
0.574355
0.559116
0.535925
0.502232
0.454459
0.387786
0.295906
0.170533
0.00117364
-0.226129
-0.528637
-0.931381
-1.46639
-2.19381
-3.20926
-4.69326
-7.01875
-10.5329
0.545459
0.541808
0.531902
0.515733
0.491199
0.455696
0.405566
0.335874
0.240155
0.109912
-0.0656437
-0.300794
-0.613359
-1.02864
-1.58002
-2.32631
-3.36838
-4.8753
-7.25007
-10.7758
0.50414
0.500323
0.489899
0.472842
0.447005
0.40973
0.357275
0.284589
0.18504
0.049916
-0.13188
-0.374955
-0.697713
-1.12569
-1.69373
-2.45909
-3.5286
-5.05809
-7.48429
-11.0186
0.463215
0.459261
0.448371
0.430469
0.403372
0.364365
0.309617
0.23396
0.130589
-0.00943053
-0.197514
-0.4486
-0.781698
-1.22255
-1.80756
-2.59219
-3.68992
-5.24168
-7.72103
-11.2617
0.4227
0.418642
0.407341
0.388641
0.360329
0.319628
0.262621
0.184015
0.0768275
-0.0681053
-0.26253
-0.521724
-0.865319
-1.31925
-1.92152
-2.7257
-3.85234
-5.42631
-7.95973
-11.5068
0.38261
0.378483
0.36683
0.347379
0.317898
0.275544
0.216311
0.134778
0.0237788
-0.12609
-0.326917
-0.594327
-0.948585
-1.41583
-2.03565
-2.85972
-4.01575
-5.61239
-8.19877
-11.7549
0.342956
0.338797
0.32685
0.306697
0.276092
0.232126
0.170701
0.0862635
-0.0285445
-0.183375
-0.390667
-0.666417
-1.03151
-1.51234
-2.14997
-2.99441
-4.18
-5.80094
-8.43696
-12.0123
0.303755
0.299612
0.287438
0.266634
0.234952
0.189414
0.125827
0.0385009
-0.0801202
-0.239946
-0.453779
-0.738004
-1.11413
-1.60883
-2.26451
-3.12996
-4.34469
-5.99265
-8.66882
-12.2809
0.265033
0.261
0.248707
0.227337
0.194652
0.147601
0.0818904
-0.00831423
-0.130775
-0.295667
-0.51616
-0.809044
-1.19642
-1.70536
-2.3793
-3.26674
-4.51009
-6.19166
-8.89763
-12.5903
0.226782
0.222946
0.210651
0.188817
0.155228
0.106758
0.0389978
-0.0540428
-0.180349
-0.350384
-0.57769
-0.879485
-1.2784
-1.80198
-2.49429
-3.40461
-4.67477
-6.39638
-9.1085
-12.9405
0.188792
0.184774
0.172172
0.149584
0.114833
0.0647233
-0.00524702
-0.101211
-0.231362
-0.406459
-0.640466
-0.951149
-1.36184
-1.90098
-2.61347
-3.55176
-4.85581
-6.64448
-9.38646
-13.5154
1.83796
1.84123
1.85177
1.86838
1.88984
1.91445
1.94009
1.96402
1.98281
1.99211
1.98617
1.95692
1.89192
1.77041
1.54986
1.14551
0.458887
-0.653962
-2.64946
-5.80244
1.79743
1.80031
1.8102
1.82549
1.84509
1.86726
1.88982
1.90994
1.92403
1.92751
1.91426
1.87558
1.79804
1.65952
1.41729
0.982546
0.240787
-0.927839
-2.91877
-6.13688
1.75665
1.75964
1.7693
1.78378
1.80205
1.82239
1.84257
1.85977
1.87037
1.8698
1.85202
1.80874
1.72753
1.58793
1.35146
0.936042
0.22811
-0.869004
-2.69231
-5.83967
1.71545
1.71848
1.72787
1.74154
1.75855
1.77715
1.7951
1.80957
1.81695
1.81264
1.79075
1.7434
1.65913
1.51915
1.28886
0.893901
0.221026
-0.827726
-2.55808
-5.7386
1.67382
1.6768
1.68579
1.69854
1.71419
1.73095
1.74657
1.75818
1.76212
1.75378
1.72724
1.67473
1.58523
1.44062
1.2081
0.817453
0.150143
-0.907319
-2.62253
-5.82158
1.63179
1.63467
1.64319
1.65497
1.6692
1.68405
1.69725
1.70589
1.70625
1.69365
1.6621
1.60378
1.50778
1.35621
1.11685
0.721803
0.04769
-1.03377
-2.73789
-5.90524
1.58942
1.59216
1.60016
1.61093
1.6237
1.63661
1.64737
1.65299
1.64973
1.6328
1.59614
1.53184
1.42905
1.27011
1.02327
0.623263
-0.0537094
-1.14844
-2.83099
-5.96635
1.54672
1.54929
1.55672
1.56646
1.57774
1.58869
1.59697
1.59957
1.59265
1.57136
1.52954
1.45919
1.3495
1.18312
0.928934
0.524668
-0.150648
-1.25207
-2.92068
-6.04288
1.50371
1.5061
1.51291
1.52158
1.53135
1.5403
1.54609
1.54563
1.53502
1.50933
1.46227
1.38574
1.26894
1.09477
0.832757
0.423126
-0.251111
-1.36133
-3.03003
-6.14663
1.46044
1.4626
1.46876
1.47633
1.48455
1.4915
1.49476
1.49122
1.47688
1.44671
1.39433
1.31149
1.18729
1.00482
0.734114
0.316992
-0.359063
-1.48135
-3.15899
-6.27042
1.41692
1.41885
1.42431
1.43076
1.43741
1.44232
1.44304
1.43638
1.41828
1.38359
1.3258
1.23649
1.10464
0.913393
0.633194
0.20669
-0.473621
-1.60889
-3.30005
-6.40878
1.3732
1.37487
1.3796
1.38491
1.38997
1.39281
1.39097
1.38117
1.35928
1.32002
1.25675
1.16086
1.02114
0.820703
0.530405
0.0931741
-0.593078
-1.74105
-3.44948
-6.56082
1.3293
1.3307
1.33467
1.33881
1.34226
1.34303
1.3386
1.32565
1.29993
1.25607
1.18725
1.08466
0.936891
0.726919
0.426037
-0.0229518
-0.716712
-1.87736
-3.6068
-6.72633
1.28525
1.28637
1.28956
1.29251
1.29434
1.29302
1.28599
1.26986
1.2403
1.19179
1.11736
1.00798
0.851997
0.632171
0.32026
-0.141395
-0.844384
-2.01814
-3.77177
-6.90422
1.24109
1.24192
1.2443
1.24606
1.24625
1.24284
1.2332
1.21388
1.18046
1.12726
1.04716
0.930888
0.766549
0.536579
0.213204
-0.261931
-0.975913
-2.1634
-3.94361
-7.09297
1.19685
1.19737
1.19893
1.19949
1.19804
1.19253
1.18028
1.15776
1.12045
1.06254
0.976725
0.853472
0.680638
0.440261
0.105011
-0.384305
-1.11094
-2.31283
-4.1214
-7.29115
1.15256
1.15278
1.1535
1.15285
1.14976
1.14214
1.12727
1.10155
1.06034
0.997691
0.906114
0.775804
0.594354
0.343337
-0.00417795
-0.508258
-1.24907
-2.46609
-4.30434
-7.49748
1.10826
1.10817
1.10805
1.10619
1.10146
1.09173
1.07424
1.04531
1.00019
0.932781
0.835401
0.697962
0.507782
0.245919
-0.114225
-0.633561
-1.38991
-2.62285
-4.49184
-7.71074
1.06398
1.06358
1.06261
1.05955
1.05317
1.04135
1.02124
0.989097
0.94006
0.867873
0.764653
0.620018
0.421007
0.148115
-0.225002
-0.760019
-1.53314
-2.78285
-4.68341
-7.92968
1.01976
1.01904
1.01722
1.01296
1.00495
0.991037
0.968325
0.932972
0.880015
0.803031
0.693937
0.542046
0.334104
0.0500241
-0.336395
-0.887466
-1.67846
-2.94582
-4.87863
-8.15309
3.17634
3.17943
3.18605
3.19649
3.21048
3.22741
3.24661
3.26741
3.28912
3.31105
3.33248
3.35276
3.37124
3.3873
3.40033
3.40972
3.41481
3.41491
3.40926
3.39694
3.16282
3.16614
3.17328
3.18455
3.19967
3.218
3.23887
3.26159
3.28545
3.3097
3.33362
3.35647
3.37754
3.39616
3.4116
3.42316
3.43008
3.43153
3.42669
3.41435
3.13765
3.1414
3.14944
3.16216
3.17925
3.20006
3.22389
3.25001
3.27767
3.30608
3.33442
3.36189
3.38765
3.41089
3.43073
3.44627
3.45655
3.46053
3.45716
3.44471
3.10198
3.10628
3.1155
3.1301
3.14977
3.17382
3.20153
3.23212
3.2648
3.2987
3.33294
3.36657
3.39864
3.42814
3.45397
3.47499
3.48993
3.49748
3.49616
3.48354
3.05668
3.06159
3.07214
3.0889
3.11151
3.13927
3.1714
3.20713
3.24558
3.28585
3.32694
3.36781
3.40733
3.44428
3.47733
3.505
3.52566
3.53767
3.53875
3.52582
3.00254
3.00809
3.02003
3.03903
3.06471
3.09634
3.13312
3.17423
3.21878
3.2658
3.3142
3.36284
3.41044
3.45557
3.4966
3.5317
3.55885
3.576
3.57931
3.56572
2.94043
2.9466
2.9599
2.98107
3.00975
3.04515
3.08645
3.13282
3.18334
3.23699
3.29264
3.34904
3.40479
3.45824
3.50749
3.55028
3.58425
3.6067
3.61087
3.59551
2.87136
2.87809
2.89261
2.91577
2.94717
2.98598
3.03138
3.08253
3.13849
3.19821
3.26052
3.32411
3.38746
3.44874
3.50574
3.55577
3.59611
3.62279
3.6244
3.60458
2.79644
2.80364
2.81919
2.84403
2.87772
2.9194
2.96824
3.02338
3.08388
3.14867
3.21657
3.28621
3.35597
3.42388
3.48731
3.54308
3.58798
3.61552
3.60816
3.57873
2.71685
2.7244
2.74076
2.7669
2.80234
2.84619
2.89761
2.95574
3.0196
3.08812
3.16009
3.23411
3.30849
3.38102
3.44856
3.50723
3.55283
3.57457
3.54775
3.50016
2.63382
2.6416
2.65849
2.6855
2.7221
2.76735
2.82038
2.88032
2.94615
3.01678
3.09096
3.16726
3.24388
3.31826
3.38652
3.44372
3.48376
3.48906
3.42712
3.34803
2.54852
2.55641
2.57357
2.60102
2.63815
2.68398
2.73761
2.7981
2.86441
2.93537
3.00968
3.08582
3.16181
3.2346
3.29916
3.34902
3.37485
3.34899
3.23025
3.10017
2.4621
2.46997
2.48714
2.51461
2.55166
2.59727
2.65049
2.7103
2.77556
2.84501
2.91723
2.99057
3.06277
3.12999
3.18555
3.2209
3.22198
3.14674
2.94303
2.73497
2.37557
2.38332
2.40027
2.42736
2.46377
2.50842
2.56028
2.61823
2.68097
2.7471
2.81503
2.88287
2.94795
3.00533
3.046
3.05869
3.02338
2.87827
2.55489
2.23261
2.28983
2.29736
2.31389
2.34027
2.37555
2.41858
2.46824
2.52324
2.58212
2.64325
2.70478
2.76447
2.81911
2.86229
2.88177
2.86271
2.77906
2.54357
2.06048
1.5761
2.20564
2.21287
2.22882
2.25419
2.28793
2.32879
2.37553
2.42666
2.4805
2.53513
2.58833
2.63741
2.67847
2.70343
2.69584
2.63605
2.49272
2.1481
1.46077
0.751436
2.12363
2.13049
2.14572
2.16986
2.20171
2.23997
2.2832
2.32971
2.37754
2.42439
2.46761
2.50387
2.52838
2.53118
2.49036
2.37895
2.16294
1.69635
0.765517
-0.246127
2.04431
2.05078
2.06524
2.08797
2.11767
2.15295
2.19221
2.23351
2.27454
2.31259
2.34445
2.36604
2.37156
2.34937
2.27218
2.10255
1.80278
1.20373
-0.00794241
-1.42231
1.96809
1.97426
1.98807
2.00937
2.03682
2.06892
2.10388
2.13948
2.17307
2.20143
2.22069
2.22587
2.20969
2.15818
2.03763
1.79543
1.38784
0.646844
-0.847443
-2.7644
1.89495
1.90048
1.91346
1.93314
1.95822
1.98706
2.01767
2.04753
2.07357
2.092
2.09818
2.0862
2.0476
1.96664
1.8044
1.48854
0.951161
0.0312657
-1.7619
-4.32201
3.38468
3.37914
3.37301
3.36635
3.35916
3.3514
3.34306
3.33413
3.32459
3.31443
3.30366
3.29224
3.28019
3.26749
3.25413
3.24012
3.22544
3.2101
3.1941
3.17744
3.40262
3.39683
3.39012
3.38289
3.37513
3.36678
3.3578
3.34818
3.33792
3.327
3.31541
3.30315
3.29019
3.27655
3.26221
3.24717
3.23142
3.21498
3.19784
3.18001
3.43427
3.42793
3.42001
3.41159
3.40269
3.39314
3.3829
3.37196
3.36032
3.34797
3.3349
3.32111
3.30659
3.29133
3.27533
3.2586
3.24114
3.22295
3.20403
3.18441
3.47607
3.46915
3.45956
3.4495
3.43902
3.42785
3.4159
3.40318
3.38969
3.37545
3.36043
3.34465
3.32809
3.31077
3.29268
3.27383
3.25424
3.23391
3.21285
3.19109
3.52438
3.51701
3.50538
3.49333
3.48102
3.46798
3.45408
3.43936
3.42384
3.40752
3.39041
3.37252
3.35385
3.33442
3.31422
3.29329
3.27164
3.24928
3.22623
3.20251
3.57522
3.56782
3.55394
3.53982
3.52573
3.51091
3.49519
3.47862
3.46124
3.44306
3.42408
3.40432
3.38378
3.36248
3.34043
3.31766
3.29418
3.27002
3.24518
3.21969
3.62222
3.61547
3.59965
3.58394
3.56855
3.55241
3.53531
3.5173
3.49844
3.47871
3.45813
3.4367
3.41444
3.39137
3.36751
3.34287
3.31748
3.29134
3.26449
3.23694
3.65399
3.64875
3.63214
3.61595
3.60013
3.58337
3.56546
3.54649
3.52648
3.50545
3.48341
3.46037
3.43635
3.41138
3.38548
3.35867
3.33097
3.3024
3.27298
3.24272
3.65348
3.65075
3.63533
3.6203
3.60521
3.58875
3.5708
3.55146
3.53077
3.50875
3.48542
3.46083
3.435
3.40796
3.37974
3.35038
3.3199
3.28833
3.25569
3.22198
3.60047
3.60155
3.58968
3.57762
3.56461
3.54962
3.53262
3.51374
3.49303
3.47054
3.44633
3.42043
3.39292
3.36381
3.33317
3.30103
3.26743
3.23239
3.19595
3.15811
3.4736
3.48019
3.4741
3.46678
3.45738
3.44524
3.43043
3.41309
3.39328
3.3711
3.34661
3.31989
3.291
3.26001
3.22698
3.19195
3.15497
3.11609
3.07533
3.03271
3.25108
3.26534
3.26702
3.26611
3.2619
3.25408
3.24277
3.2281
3.21019
3.18913
3.16503
3.13799
3.10808
3.07539
3.04
3.00197
2.96135
2.91821
2.87258
2.82448
2.91125
2.93584
2.94688
2.95387
2.9563
2.9541
2.94743
2.93643
2.92123
2.90196
2.87875
2.85171
2.82096
2.78659
2.7487
2.70737
2.66267
2.61467
2.56342
2.50894
2.43349
2.4715
2.49292
2.50891
2.51902
2.52335
2.52208
2.51536
2.50334
2.48618
2.46403
2.43702
2.40529
2.36895
2.32812
2.28289
2.23336
2.1796
2.12166
2.05957
1.79785
1.85252
1.88453
1.91015
1.92839
1.93969
1.94414
1.94193
1.93323
1.91818
1.89696
1.86971
1.83658
1.7977
1.7532
1.7032
1.64781
1.58711
1.52117
1.45
0.985364
1.06028
1.10197
1.13692
1.16274
1.18064
1.19051
1.19254
1.18683
1.17353
1.1528
1.12478
1.08963
1.04751
0.998549
0.942874
0.880607
0.811847
0.736644
0.655024
-0.0216418
0.0743545
0.121301
0.163404
0.19481
0.217967
0.23204
0.237281
0.233689
0.221407
0.20055
0.171246
0.133623
0.0878085
0.0339237
-0.0279072
-0.0975644
-0.174959
-0.260062
-0.352856
-1.2645
-1.14338
-1.09351
-1.04533
-1.01085
-0.98452
-0.96803
-0.960799
-0.963114
-0.974945
-0.996328
-1.02722
-1.06754
-1.11719
-1.17606
-1.24399
-1.32086
-1.40658
-1.50113
-1.60449
-2.71178
-2.56893
-2.53181
-2.48916
-2.46066
-2.4373
-2.42336
-2.41859
-2.42395
-2.43955
-2.46553
-2.50181
-2.54831
-2.60488
-2.67134
-2.74751
-2.83322
-2.92835
-3.03289
-3.14678
-4.48635
-4.31957
-4.29854
-4.25925
-4.23614
-4.21812
-4.21122
-4.21423
-4.22801
-4.25233
-4.28727
-4.33271
-4.38854
-4.45463
-4.53087
-4.61709
-4.71315
-4.81895
-4.93451
-5.05977
3.16012
3.14215
3.12354
3.10428
3.08439
3.06389
3.04278
3.02107
2.99879
2.97594
2.95255
2.92864
2.90422
2.87931
2.85394
2.82813
2.8019
2.77527
2.74825
2.72094
3.16149
3.1423
3.12244
3.10193
3.08078
3.05902
3.03665
3.01371
2.99021
2.96618
2.94164
2.91663
2.89117
2.86529
2.83903
2.81241
2.78547
2.75821
2.73062
2.70322
3.16408
3.14306
3.12137
3.09902
3.07605
3.05246
3.02829
3.00356
2.9783
2.95254
2.92632
2.89967
2.87262
2.84521
2.81749
2.78949
2.76127
2.73276
2.70386
2.67616
3.16863
3.14551
3.12174
3.09734
3.07235
3.04679
3.02069
2.99408
2.967
2.93948
2.91156
2.88326
2.85464
2.82571
2.79654
2.76716
2.73761
2.70767
2.67713
2.64941
3.17815
3.15317
3.1276
3.10145
3.07476
3.04755
3.01985
2.99169
2.96308
2.93407
2.90467
2.87491
2.84483
2.81443
2.78377
2.75291
2.72182
2.69004
2.65739
2.62946
3.19357
3.16685
3.13954
3.11166
3.08324
3.05428
3.02482
2.99487
2.96446
2.93359
2.9023
2.87061
2.83854
2.80611
2.77338
2.74042
2.70717
2.67286
2.6375
2.6088
3.20869
3.17979
3.15024
3.12006
3.08926
3.05786
3.02588
2.99333
2.96023
2.9266
2.89245
2.85781
2.82269
2.78712
2.75117
2.71498
2.67834
2.64006
2.60035
2.56963
3.21164
3.17978
3.14713
3.11371
3.07954
3.04462
3.00897
2.97261
2.93554
2.89778
2.85934
2.82026
2.78051
2.74014
2.69927
2.6581
2.61617
2.57146
2.52431
2.49001
3.18724
3.15149
3.11473
3.07699
3.03827
2.99858
2.95793
2.91633
2.87379
2.83032
2.78593
2.74063
2.69438
2.64721
2.59938
2.55122
2.50177
2.44732
2.38842
2.34922
3.1189
3.07837
3.0365
2.99332
2.94883
2.90304
2.85594
2.80756
2.75788
2.70692
2.65467
2.60112
2.54616
2.48986
2.43277
2.37552
2.31604
2.2475
2.17091
2.12603
2.98826
2.94203
2.89401
2.84422
2.79266
2.73933
2.68424
2.62737
2.56872
2.50832
2.44614
2.38208
2.31593
2.24785
2.17907
2.11078
2.0387
1.95016
1.84731
1.79631
2.77393
2.72102
2.66572
2.60805
2.54801
2.4856
2.4208
2.3536
2.284
2.21205
2.13771
2.0607
1.98054
1.89761
1.81455
1.73357
1.6461
1.52904
1.38688
1.32949
2.45125
2.39046
2.32654
2.25951
2.18937
2.11612
2.03971
1.9601
1.87732
1.79144
1.70248
1.60977
1.51224
1.41058
1.31004
1.21489
1.10917
0.952098
0.752492
0.690012
1.99338
1.9232
1.84903
1.77086
1.6887
1.60254
1.51232
1.41794
1.3194
1.21688
1.11048
0.999086
0.880461
0.755433
0.633459
0.523175
0.398202
0.190149
-0.0866467
-0.149642
1.3737
1.29241
1.20612
1.11484
1.01857
0.917295
0.810924
0.699288
0.582306
0.460298
0.333647
0.20101
0.0585603
-0.0936381
-0.24084
-0.365972
-0.505781
-0.767788
-1.13783
-1.19879
0.567117
0.47314
0.373068
0.266918
0.154688
0.0363685
-0.0881095
-0.218945
-0.356304
-0.499789
-0.648456
-0.803159
-0.969087
-1.14864
-1.32328
-1.46336
-1.60948
-1.91629
-2.38917
-2.46088
-0.453135
-0.560584
-0.675212
-0.796979
-0.925858
-1.06181
-1.2048
-1.35493
-1.51237
-1.67681
-1.84688
-2.02219
-2.20808
-2.41099
-2.61414
-2.77544
-2.92638
-3.26279
-3.83606
-3.94668
-1.71631
-1.83609
-1.96381
-2.09938
-2.24275
-2.39384
-2.55253
-2.71879
-2.8928
-3.07465
-3.26337
-3.45764
-3.66111
-3.8837
-4.11764
-4.31622
-4.48653
-4.83727
-5.47834
-5.63238
-3.26945
-3.40023
-3.53911
-3.68603
-3.84095
-4.00384
-4.17468
-4.35348
-4.54049
-4.73624
-4.94092
-5.15345
-5.37451
-5.61259
-5.87138
-6.11393
-6.31209
-6.63411
-7.24678
-7.37678
-5.19416
-5.33697
-5.48829
-5.64804
-5.8162
-5.99272
-6.17754
-6.37061
-6.57188
-6.78145
-6.99951
-7.22521
-7.45618
-7.69273
-7.94014
-8.18406
-8.37571
-8.56781
-8.95072
-8.96365
2.6542
2.53919
2.41445
2.2811
2.14049
1.99389
1.84263
1.6883
1.53271
1.37777
1.22533
1.07716
0.934846
0.799734
0.672864
0.554867
0.445894
0.345543
0.252801
0.165988
0.0827501
9.14093e-05
-0.0855153
-0.177801
-0.279976
-0.393665
-0.517086
-0.642517
-0.754176
-0.828219
-0.833587
-0.740794
-0.548021
-0.305791
-0.0923027
0.040519
0.0941808
0.0925641
0.0659194
0.0190029
2.63934
2.52157
2.39289
2.2569
2.11482
1.96722
1.81518
1.66042
1.50487
1.3504
1.19883
1.05186
0.911043
0.777708
0.652864
0.537117
0.430596
0.332877
0.242913
0.158959
0.0785417
-0.00154567
-0.085172
-0.17653
-0.279344
-0.395697
-0.523982
-0.656155
-0.775682
-0.857642
-0.86936
-0.779468
-0.585121
-0.337543
-0.11672
0.0234085
0.0832074
0.0860709
0.0628194
0.0182718
2.61999
2.49672
2.36068
2.22019
2.07553
1.92597
1.77242
1.61682
1.46119
1.30735
1.15701
1.01181
0.873258
0.742632
0.620889
0.508594
0.405836
0.312156
0.22645
0.146873
0.0707656
-0.00540876
-0.0860621
-0.17613
-0.280157
-0.400881
-0.536846
-0.679455
-0.811022
-0.904911
-0.925996
-0.840253
-0.64348
-0.387854
-0.155877
-0.00441065
0.0650596
0.0752565
0.057467
0.01715
2.60512
2.47377
2.32872
2.18273
2.03442
1.8819
1.72614
1.56926
1.41324
1.25979
1.11054
0.967081
0.830844
0.703036
0.584548
0.475884
0.377086
0.287648
0.206405
0.131409
0.0598091
-0.0122934
-0.0899197
-0.178852
-0.284534
-0.410319
-0.554782
-0.708695
-0.853086
-0.959276
-0.989439
-0.907169
-0.70746
-0.443625
-0.200316
-0.0369244
0.0432348
0.0619795
0.0507245
0.0157827
2.59448
2.4529
2.29966
2.14754
1.9949
1.83892
1.68069
1.52237
1.36581
1.21259
1.0643
0.922452
0.788395
0.663241
0.547799
0.442501
0.347331
0.261729
0.184475
0.113534
0.0458929
-0.0226792
-0.0977787
-0.185988
-0.293566
-0.424336
-0.576802
-0.741104
-0.896932
-1.01341
-1.0502
-0.969448
-0.766462
-0.495848
-0.243371
-0.0697364
0.0203909
0.0477073
0.0432878
0.0142756
2.57742
2.42497
2.26608
2.10745
1.95154
1.79282
1.63281
1.47372
1.31717
1.16468
1.01778
0.877869
0.746203
0.623791
0.511352
0.409243
0.317383
0.235162
0.161313
0.0937432
0.0293158
-0.0364627
-0.109665
-0.197541
-0.306992
-0.442151
-0.601349
-0.774085
-0.938723
-1.06226
-1.10236
-1.02089
-0.814635
-0.539531
-0.28118
-0.100112
-0.0016957
0.0334842
0.0356654
0.0127157
2.53879
2.37656
2.21631
2.0518
1.89643
1.73698
1.57717
1.41906
1.26404
1.11358
0.969122
0.831982
0.703313
0.584042
0.474813
0.375916
0.28722
0.208073
0.137179
0.0724123
0.0105609
-0.0530522
-0.124849
-0.212574
-0.323587
-0.462141
-0.626286
-0.804877
-0.975076
-1.10209
-1.14231
-1.05841
-0.849499
-0.572661
-0.312062
-0.126671
-0.0220028
0.0199714
0.0282006
0.01117
2.46152
2.29382
2.14018
1.97193
1.82328
1.66613
1.50978
1.3554
1.20421
1.05766
0.917126
0.783883
0.659035
0.543471
0.437796
0.342267
0.256723
0.180494
0.112273
0.049931
-0.00977799
-0.0716344
-0.142282
-0.229792
-0.341787
-0.482467
-0.649479
-0.831066
-1.00345
-1.13059
-1.16838
-1.08118
-0.870874
-0.595214
-0.335795
-0.148984
-0.0400635
0.00753427
0.0211067
0.00968657
2.32915
2.16356
2.0289
1.86094
1.7267
1.57635
1.42808
1.28106
1.13659
0.996212
0.861327
0.733252
0.613138
0.501906
0.400182
0.308236
0.225913
0.152551
0.0868588
0.0267265
-0.0310828
-0.0913844
-0.16093
-0.247963
-0.36019
-0.501596
-0.669346
-0.851134
-1.02257
-1.14701
-1.18063
-1.0901
-0.880065
-0.60833
-0.353009
-0.167191
-0.0557735
-0.00366918
0.0145012
0.00829737
2.12562
1.97183
1.87256
1.7133
1.60217
1.46538
1.33089
1.19548
1.06102
0.929256
0.801816
0.680209
0.565744
0.459465
0.362092
0.273959
0.194961
0.124477
0.0612572
0.00323685
-0.0527795
-0.111583
-0.179936
-0.266115
-0.377762
-0.51853
-0.685055
-0.864582
-1.03246
-1.15203
-1.1805
-1.08715
-0.879171
-0.613694
-0.364719
-0.181732
-0.0692394
-0.0136144
0.00843534
0.00702052
1.83335
1.70442
1.66018
1.52582
1.44665
1.33254
1.21813
1.09897
0.977944
0.857274
0.739049
0.625158
0.517202
0.41645
0.323791
0.239688
0.164127
0.0965608
0.0358069
-0.0201321
-0.0743811
-0.131659
-0.198659
-0.283572
-0.393861
-0.532782
-0.696438
-0.871724
-1.03403
-1.14727
-1.17017
-1.07483
-0.870538
-0.6131
-0.372029
-0.193151
-0.0806741
-0.0223562
0.00291811
0.00586345
1.43178
1.35135
1.38241
1.29774
1.25914
1.17831
1.09056
0.992426
0.888242
0.781051
0.673699
0.568658
0.467971
0.373243
0.285611
0.205721
0.133696
0.0690927
0.0108186
-0.0430364
-0.0955036
-0.151192
-0.216657
-0.299918
-0.408175
-0.544264
-0.703783
-0.873375
-1.02873
-1.13474
-1.15211
-1.05569
-0.856399
-0.608196
-0.375967
-0.202001
-0.0903301
-0.0299915
-0.00206764
0.00482565
0.902025
0.914393
1.03622
1.03036
1.04137
1.0043
0.949778
0.877287
0.793111
0.701562
0.606542
0.511322
0.418541
0.33024
0.247881
0.172346
0.103932
0.042328
-0.0134497
-0.0652075
-0.115864
-0.16989
-0.233656
-0.314937
-0.420624
-0.55314
-0.707632
-0.870575
-1.01814
-1.11653
-1.12864
-1.032
-0.838674
-0.600372
-0.377413
-0.20878
-0.098461
-0.036635
-0.00655335
0.00390125
0.233856
0.407823
0.626941
0.726128
0.798006
0.81365
0.7985
0.755709
0.694188
0.620025
0.538479
0.45382
0.369412
0.287826
0.210908
0.139818
0.0750582
0.0164707
-0.0368025
-0.0864526
-0.135273
-0.187575
-0.249507
-0.328558
-0.431283
-0.559715
-0.708621
-0.864386
-1.00379
-1.09452
-1.10181
-1.00567
-0.818898
-0.590724
-0.377076
-0.213918
-0.105301
-0.0424043
-0.0105773
0.00308114
-0.585297
-0.160405
0.161653
0.385855
0.534392
0.610716
0.640375
0.630557
0.593621
0.538018
0.470654
0.396977
0.321182
0.246438
0.175017
0.108388
0.0472751
-0.00831118
-0.0590947
-0.106644
-0.153618
-0.204157
-0.264167
-0.34082
-0.44032
-0.564351
-0.707375
-0.855765
-0.986967
-1.07027
-1.07324
-0.978161
-0.798234
-0.580077
-0.375508
-0.217768
-0.111059
-0.0474116
-0.0141803
0.00235454
-1.60214
-0.824281
-0.367273
0.0021168
0.250408
0.397309
0.477484
0.503791
0.49308
0.456891
0.404131
0.341615
0.27448
0.206553
0.140569
0.0783281
0.0207899
-0.0318599
-0.0802063
-0.125692
-0.170842
-0.219615
-0.277662
-0.351819
-0.447939
-0.5674
-0.704443
-0.845496
-0.968714
-1.04499
-1.04417
-0.950557
-0.77751
-0.569026
-0.373123
-0.220617
-0.115913
-0.0517603
-0.0174034
0.00170988
-2.89899
-1.67141
-0.989215
-0.442251
-0.0641719
0.167889
0.306345
0.37325
0.391269
0.375897
0.338505
0.287539
0.229234
0.16817
0.107602
0.0496934
-0.00433664
-0.0541146
-0.100079
-0.143544
-0.186894
-0.233909
-0.289979
-0.361602
-0.454288
-0.569154
-0.700292
-0.834239
-0.949858
-1.0196
-1.01547
-0.923604
-0.757294
-0.557984
-0.370229
-0.222692
-0.120015
-0.055543
-0.0202855
0.00113605
-4.48718
-2.75236
-1.71147
-0.947598
-0.414918
-0.0832964
0.121354
0.233923
0.283965
0.291586
0.271016
0.232579
0.183763
0.130004
0.0751507
0.021778
-0.0286024
-0.0754036
-0.118899
-0.160259
-0.201727
-0.246907
-0.300949
-0.370044
-0.459387
-0.569856
-0.695413
-0.822715
-0.931287
-0.995039
-0.987989
-0.897932
-0.738018
-0.547254
-0.367052
-0.224165
-0.123476
-0.0588269
-0.0228537
0.000627723
-6.11014
-3.89241
-2.41649
-1.43537
-0.756369
-0.329907
-0.0623365
0.0941311
0.17541
0.205788
0.202107
0.176417
0.137376
0.0912293
0.0423899
-0.00616682
-0.0526407
-0.0962297
-0.137036
-0.176085
-0.215482
-0.258681
-0.31064
-0.377289
-0.463526
-0.56997
-0.690433
-0.811674
-0.913834
-0.972144
-0.962463
-0.874089
-0.720024
-0.537038
-0.363721
-0.225119
-0.126349
-0.0616418
-0.0251196
0.000186964
-7.1555
-4.64069
-2.82365
-1.72256
-0.960948
-0.484224
-0.182463
-0.00140594
0.0981395
0.142446
0.149553
0.132338
0.100032
0.0592966
0.0148467
-0.0301215
-0.0736447
-0.114797
-0.153579
-0.190921
-0.228819
-0.270562
-0.320848
-0.385257
-0.468334
-0.570491
-0.685539
-0.800508
-0.896254
-0.94935
-0.937374
-0.850891
-0.702566
-0.526987
-0.360176
-0.225662
-0.128799
-0.0641308
-0.0271798
-0.00022435
-7.0686
-4.69985
-2.76866
-1.68892
-0.932293
-0.466142
-0.17155
0.00461384
0.100941
0.143164
0.148836
0.13055
0.097349
0.0557901
0.0105265
-0.0352799
-0.0796882
-0.121794
-0.161624
-0.200105
-0.239118
-0.281634
-0.33179
-0.394546
-0.474115
-0.571098
-0.679869
-0.788117
-0.877543
-0.926033
-0.912701
-0.828956
-0.686703
-0.518263
-0.357408
-0.226453
-0.131153
-0.0663946
-0.0289729
-0.000668184
-6.97323
-4.73077
-2.78135
-1.71797
-0.96831
-0.503581
-0.208404
-0.0299783
0.0691078
0.114297
0.122896
0.10741
0.0768233
0.037663
-0.00544092
-0.0493417
-0.092108
-0.132839
-0.171557
-0.209172
-0.247523
-0.289498
-0.339092
-0.401038
-0.479265
-0.57413
-0.679892
-0.784323
-0.869512
-0.914167
-0.898552
-0.815006
-0.675445
-0.511028
-0.35403
-0.225739
-0.131869
-0.0674413
-0.0299409
-0.000887894
-7.07259
-4.82321
-2.84533
-1.76859
-1.0185
-0.549636
-0.251802
-0.0701068
0.0321829
0.0805839
0.0923144
0.0798671
0.0521973
0.015806
-0.0247072
-0.0662252
-0.106843
-0.145677
-0.182757
-0.218985
-0.256185
-0.297225
-0.346047
-0.407227
-0.484404
-0.577593
-0.68082
-0.781852
-0.8631
-0.903988
-0.885822
-0.801886
-0.664319
-0.50339
-0.350012
-0.224413
-0.132114
-0.0682064
-0.0307502
-0.00105454
-7.22575
-4.91141
-2.92304
-1.82454
-1.07278
-0.597431
-0.295559
-0.109671
-0.00361597
0.0483115
0.0633173
0.0539299
0.0291114
-0.00463569
-0.0427203
-0.0820363
-0.120688
-0.1578
-0.193394
-0.228361
-0.264503
-0.304653
-0.352679
-0.412995
-0.488965
-0.580311
-0.680892
-0.778528
-0.85598
-0.893388
-0.873034
-0.789022
-0.653597
-0.496126
-0.346242
-0.22321
-0.132399
-0.0689743
-0.0315498
-0.00121492
-7.4151
-5.00364
-3.01108
-1.88515
-1.13016
-0.647051
-0.340287
-0.149638
-0.0394054
0.0163359
0.0348147
0.0286105
0.00670571
-0.0243853
-0.0600692
-0.0972403
-0.134003
-0.169476
-0.203671
-0.237456
-0.272601
-0.311889
-0.3591
-0.418468
-0.493097
-0.582457
-0.680284
-0.774488
-0.848212
-0.882318
-0.860041
-0.776226
-0.643129
-0.489158
-0.342703
-0.222142
-0.132747
-0.0697588
-0.0323487
-0.00137248
-7.61966
-5.0977
-3.10502
-1.94997
-1.19016
-0.698423
-0.386022
-0.190176
-0.0754705
-0.0157285
0.00634373
0.0033974
-0.0155503
-0.0439634
-0.0772401
-0.11227
-0.147153
-0.180998
-0.213802
-0.246409
-0.280552
-0.31896
-0.365313
-0.423667
-0.496875
-0.584175
-0.679209
-0.769999
-0.840085
-0.871039
-0.847017
-0.763554
-0.632858
-0.482372
-0.339279
-0.22112
-0.133098
-0.0705298
-0.033132
-0.00152327
-7.83589
-5.19745
-3.20403
-2.01916
-1.25258
-0.751485
-0.432706
-0.231236
-0.11176
-0.0478334
-0.0220541
-0.0216789
-0.0376381
-0.0633635
-0.0942359
-0.127134
-0.160149
-0.192376
-0.223796
-0.255221
-0.28835
-0.325851
-0.3713
-0.428578
-0.500294
-0.585478
-0.677699
-0.765119
-0.831675
-0.859641
-0.834047
-0.751058
-0.622801
-0.475755
-0.335947
-0.220126
-0.13344
-0.0712804
-0.033896
-0.00166682
-8.05972
-5.30355
-3.30717
-2.09262
-1.31728
-0.806176
-0.4803
-0.272793
-0.148251
-0.0799531
-0.0503482
-0.0465829
-0.0595194
-0.0825463
-0.111018
-0.141797
-0.172959
-0.203584
-0.233627
-0.263874
-0.295979
-0.33255
-0.377055
-0.433194
-0.503351
-0.586364
-0.675759
-0.759854
-0.822995
-0.84814
-0.821149
-0.738763
-0.612975
-0.469323
-0.332715
-0.219162
-0.133773
-0.0720165
-0.0346399
-0.00180299
-8.28988
-5.41697
-3.41414
-2.17028
-1.38419
-0.862453
-0.528784
-0.314838
-0.184941
-0.112088
-0.0785401
-0.0713166
-0.0811959
-0.101512
-0.127586
-0.156257
-0.18558
-0.214616
-0.243293
-0.272364
-0.303438
-0.339056
-0.382574
-0.437517
-0.506051
-0.586848
-0.673413
-0.75424
-0.814085
-0.836572
-0.808352
-0.726682
-0.603392
-0.463079
-0.329591
-0.218239
-0.134108
-0.0727347
-0.0353701
-0.00193527
-8.52521
-5.53794
-3.52477
-2.25198
-1.45328
-0.920278
-0.578148
-0.357368
-0.221833
-0.144243
-0.106637
-0.0958871
-0.102674
-0.120267
-0.143946
-0.170518
-0.198016
-0.225474
-0.252793
-0.280689
-0.310722
-0.345364
-0.387856
-0.441548
-0.508404
-0.586949
-0.670687
-0.748306
-0.804976
-0.824968
-0.79568
-0.71483
-0.594056
-0.457026
-0.326574
-0.217354
-0.134443
-0.0734389
-0.0360845
-0.00206323
-8.76511
-5.66658
-3.63906
-2.3376
-1.52453
-0.979632
-0.628391
-0.400387
-0.258932
-0.176425
-0.134643
-0.1203
-0.123959
-0.138816
-0.160101
-0.184584
-0.210267
-0.236158
-0.262126
-0.288846
-0.31783
-0.351473
-0.3929
-0.445293
-0.510421
-0.586685
-0.66761
-0.742088
-0.795708
-0.813364
-0.783158
-0.703223
-0.584973
-0.451163
-0.323662
-0.216508
-0.134777
-0.0741301
-0.0367839
-0.0021876
-9.00916
-5.80283
-3.75708
-2.42704
-1.59797
-1.04051
-0.679526
-0.443904
-0.29625
-0.208644
-0.162569
-0.144561
-0.145056
-0.157164
-0.176054
-0.198455
-0.222336
-0.24667
-0.271292
-0.296835
-0.324759
-0.357381
-0.397709
-0.448756
-0.512116
-0.586078
-0.66421
-0.735622
-0.786316
-0.801791
-0.770812
-0.691875
-0.576146
-0.44549
-0.320855
-0.2157
-0.135113
-0.0748086
-0.0374683
-0.00230893
-9.25711
-5.94662
-3.87896
-2.5202
-1.67364
-1.10292
-0.731571
-0.487938
-0.333802
-0.240912
-0.190425
-0.168681
-0.165973
-0.175315
-0.19181
-0.212136
-0.234224
-0.25701
-0.28029
-0.304657
-0.33151
-0.36309
-0.402285
-0.451948
-0.513503
-0.585152
-0.660518
-0.728942
-0.776837
-0.790282
-0.758664
-0.680797
-0.567579
-0.440007
-0.318153
-0.214931
-0.135449
-0.0754756
-0.0381385
-0.00242802
-9.50878
-6.0978
-4.00485
-2.61705
-1.75156
-1.16688
-0.784556
-0.532509
-0.371608
-0.273245
-0.218223
-0.192669
-0.186718
-0.193277
-0.207373
-0.22563
-0.245933
-0.267179
-0.289123
-0.31231
-0.338084
-0.368602
-0.406634
-0.454876
-0.514599
-0.583929
-0.656565
-0.722083
-0.767303
-0.778865
-0.746732
-0.669998
-0.559275
-0.434712
-0.315554
-0.2142
-0.135787
-0.0761317
-0.0387948
-0.00254555
-9.76406
-6.25622
-4.13491
-2.71756
-1.8318
-1.23244
-0.838517
-0.577647
-0.409693
-0.305663
-0.245979
-0.216538
-0.2073
-0.211056
-0.222749
-0.238941
-0.257467
-0.277179
-0.29779
-0.319797
-0.344483
-0.37392
-0.410761
-0.457553
-0.515422
-0.582436
-0.652381
-0.715078
-0.75775
-0.767567
-0.735036
-0.659488
-0.551234
-0.429605
-0.313057
-0.213508
-0.136128
-0.076778
-0.0394377
-0.00266224
-10.0229
-6.42175
-4.26931
-2.82176
-1.91443
-1.29962
-0.893498
-0.623386
-0.448085
-0.338188
-0.273712
-0.240301
-0.22773
-0.228661
-0.237944
-0.252073
-0.268828
-0.287014
-0.306296
-0.327121
-0.350709
-0.379049
-0.414675
-0.45999
-0.515991
-0.580697
-0.647997
-0.707961
-0.748206
-0.756413
-0.723591
-0.649271
-0.543457
-0.424684
-0.310661
-0.212855
-0.136471
-0.0774151
-0.0400677
-0.00277878
-10.2854
-6.5943
-4.40821
-2.92968
-1.99952
-1.36849
-0.94955
-0.669765
-0.486814
-0.370844
-0.30144
-0.263974
-0.24802
-0.246101
-0.252966
-0.265033
-0.280022
-0.296686
-0.314643
-0.334284
-0.356766
-0.383993
-0.418384
-0.462202
-0.516324
-0.578739
-0.643443
-0.700763
-0.738702
-0.745426
-0.71241
-0.639354
-0.535944
-0.419947
-0.308365
-0.21224
-0.136818
-0.078044
-0.0406853
-0.00289586
-10.5519
-6.77395
-4.55182
-3.04142
-2.08715
-1.43913
-1.00673
-0.71683
-0.525919
-0.403661
-0.329185
-0.287575
-0.268184
-0.263388
-0.267823
-0.277827
-0.291053
-0.306201
-0.322834
-0.34129
-0.362659
-0.38876
-0.421897
-0.464203
-0.516444
-0.576588
-0.63875
-0.693516
-0.729265
-0.734627
-0.701506
-0.62974
-0.528693
-0.41539
-0.306167
-0.211664
-0.13717
-0.0786654
-0.0412909
-0.00301413
-10.8225
-6.96083
-4.70039
-3.15711
-2.17744
-1.5116
-1.06512
-0.764634
-0.565441
-0.43667
-0.356973
-0.311121
-0.288237
-0.280532
-0.282524
-0.290461
-0.301928
-0.315562
-0.330874
-0.348143
-0.368393
-0.393356
-0.425225
-0.466007
-0.516369
-0.574269
-0.633947
-0.686248
-0.719922
-0.724035
-0.690888
-0.620432
-0.521702
-0.411012
-0.304067
-0.211126
-0.137526
-0.0792801
-0.041885
-0.00313425
-11.097
-7.15484
-4.85412
-3.27693
-2.27052
-1.58602
-1.12481
-0.813246
-0.605433
-0.469911
-0.384835
-0.334638
-0.308197
-0.297548
-0.297081
-0.302946
-0.312652
-0.324776
-0.338768
-0.354849
-0.373975
-0.397789
-0.428378
-0.467631
-0.516121
-0.571807
-0.629062
-0.678989
-0.710696
-0.713666
-0.680566
-0.61143
-0.514969
-0.406811
-0.302062
-0.210626
-0.137887
-0.0798887
-0.042468
-0.00325683
)
;

boundaryField
{
    inlet
    {
        type            freestreamPressure;
        freestreamValue uniform 0;
        supersonic      false;
        value           nonuniform List<scalar> 
80
(
0.135288
0.0665778
-0.00494449
-0.0792997
-0.156174
-0.235168
-0.315809
-0.397529
-0.479657
-0.56142
-0.641944
-0.720269
-0.795355
-0.866093
-0.931314
-0.989781
-1.04017
-1.08101
-1.1106
-1.1268
0.975619
0.931596
0.887722
0.844026
0.800538
0.757286
0.714297
0.671596
0.629208
0.587155
0.545459
0.50414
0.463215
0.4227
0.38261
0.342956
0.303755
0.265033
0.226782
0.188792
1.83796
1.79743
1.75665
1.71545
1.67382
1.63179
1.58942
1.54672
1.50371
1.46044
1.41692
1.3732
1.3293
1.28525
1.24109
1.19685
1.15256
1.10826
1.06398
1.01976
3.17634
3.16282
3.13765
3.10198
3.05668
3.00254
2.94043
2.87136
2.79644
2.71685
2.63382
2.54852
2.4621
2.37557
2.28983
2.20564
2.12363
2.04431
1.96809
1.89495
)
;
    }
    outlet
    {
        type            freestreamPressure;
        freestreamValue uniform 0;
        supersonic      false;
        value           nonuniform List<scalar> 
80
(
-4.01573e-05
-4.10473e-05
-4.15191e-05
-4.18299e-05
-4.19012e-05
-4.16368e-05
-4.09735e-05
-3.9858e-05
-3.82408e-05
-3.60839e-05
-3.3369e-05
-3.01056e-05
-2.63391e-05
-2.21589e-05
-1.77047e-05
-1.31725e-05
-8.81739e-06
-4.95372e-06
-1.9513e-06
-2.31242e-07
-2.32457e-05
-2.39548e-05
-2.46662e-05
-2.53858e-05
-2.61152e-05
-2.6856e-05
-2.76091e-05
-2.83755e-05
-2.91555e-05
-2.9949e-05
-3.07562e-05
-3.15759e-05
-3.24075e-05
-3.32458e-05
-3.40997e-05
-3.49631e-05
-3.58316e-05
-3.66964e-05
-3.75714e-05
-3.85463e-05
-4.88114e-06
-6.49448e-06
-7.71879e-06
-8.8951e-06
-1.0047e-05
-1.11438e-05
-1.21807e-05
-1.31554e-05
-1.40925e-05
-1.49878e-05
-1.58454e-05
-1.66688e-05
-1.74628e-05
-1.82314e-05
-1.89791e-05
-1.97099e-05
-2.04277e-05
-2.11365e-05
-2.18396e-05
-2.25403e-05
7.63475e-07
6.17014e-06
1.45552e-05
2.35044e-05
3.12588e-05
3.68387e-05
3.99319e-05
4.0686e-05
3.95013e-05
3.68694e-05
3.32674e-05
2.91018e-05
2.46878e-05
2.02518e-05
1.59433e-05
1.18494e-05
8.01455e-06
4.489e-06
1.35089e-06
-1.63355e-06
)
;
    }
    top
    {
        type            symmetryPlane;
    }
    bottom
    {
        type            symmetryPlane;
    }
    cylinder
    {
        type            zeroGradient;
    }
    frontandback
    {
        type            empty;
    }
}


// ************************************************************************* //
