/*--------------------------------*- C++ -*----------------------------------*\
| =========                 |                                                 |
| \\      /  F ield         | OpenFOAM: The Open Source CFD Toolbox           |
|  \\    /   O peration     | Version:  v1912                                 |
|   \\  /    A nd           | Website:  www.openfoam.com                      |
|    \\/     M anipulation  |                                                 |
\*---------------------------------------------------------------------------*/
FoamFile
{
    version     2.0;
    format      ascii;
    class       volScalarField;
    location    "68.5";
    object      p;
}
// * * * * * * * * * * * * * * * * * * * * * * * * * * * * * * * * * * * * * //

dimensions      [0 2 -2 0 0 0 0];


internalField   nonuniform List<scalar> 
9600
(
-41.4881
-36.2234
-32.9966
-30.2595
-27.7542
-25.4875
-23.4309
-21.5567
-19.8475
-18.2894
-16.8699
-15.5771
-14.3995
-13.3265
-12.3479
-11.4544
-10.6374
-9.88906
-9.2019
-8.57369
-42.2481
-36.9659
-33.7031
-30.9232
-28.3727
-26.0619
-23.9639
-22.0519
-20.3088
-18.7207
-17.2748
-15.9588
-14.761
-13.67
-12.6755
-11.7678
-10.938
-10.178
-9.47966
-8.84218
-43.0098
-37.7044
-34.4043
-31.5812
-28.9854
-26.6302
-24.4909
-22.5412
-20.7644
-19.1465
-17.6746
-16.3357
-15.1179
-14.0093
-12.9991
-12.0774
-11.235
-10.4632
-9.75385
-9.10728
-43.77
-38.4384
-35.0996
-32.2328
-29.5912
-27.1916
-25.0109
-23.0238
-21.2135
-19.5662
-18.0685
-16.7072
-15.4696
-14.3436
-13.3181
-12.3825
-11.5277
-10.7444
-10.024
-9.36865
-44.5256
-39.1666
-35.788
-32.8767
-30.1892
-27.7451
-25.523
-23.4986
-21.6552
-19.9789
-18.4558
-17.0724
-15.8154
-14.6725
-13.6318
-12.6828
-11.8157
-11.021
-10.2899
-9.62602
-45.2746
-39.8873
-36.4683
-33.512
-30.7782
-28.2895
-26.0263
-23.9648
-22.0888
-20.3839
-18.8359
-17.4307
-16.1549
-14.9953
-13.9398
-12.9776
-12.0985
-11.2927
-10.551
-9.87912
-46.0152
-40.5991
-37.1392
-34.1374
-31.3571
-28.8239
-26.5198
-24.4216
-22.5133
-20.7802
-19.2078
-17.7815
-16.4871
-15.3113
-14.2415
-13.2665
-12.3758
-11.5591
-10.8071
-10.1277
-46.7459
-41.3007
-37.7995
-34.7519
-31.925
-29.3473
-27.0025
-24.8681
-22.9279
-21.1673
-19.571
-18.1239
-16.8116
-15.62
-14.5363
-13.5489
-12.647
-11.8198
-11.0579
-10.3713
-47.4653
-41.9907
-38.448
-35.3543
-32.4807
-29.8587
-27.4736
-25.3033
-23.3319
-21.5441
-19.9245
-18.4573
-17.1275
-15.9207
-14.8236
-13.8241
-12.9114
-12.0742
-11.3028
-10.6098
-48.1722
-42.6679
-39.0836
-35.9435
-33.0233
-30.3572
-27.9321
-25.7265
-23.7243
-21.91
-20.2676
-18.7809
-17.4341
-16.2126
-15.1025
-14.0916
-13.1687
-12.3217
-11.5414
-10.8427
-48.8655
-43.3313
-39.7051
-36.5185
-33.5517
-30.8419
-28.3771
-26.1367
-24.1043
-22.2641
-20.5995
-19.0938
-17.7306
-16.4948
-15.3724
-14.3505
-13.4178
-12.5618
-11.773
-11.0694
-49.5442
-43.9798
-40.3116
-37.0784
-34.0651
-31.3117
-28.8078
-26.5331
-24.4711
-22.6056
-20.9194
-19.3951
-18.0161
-16.7666
-15.6322
-14.6
-13.658
-12.7935
-11.9969
-11.289
-50.2075
-44.6125
-40.9022
-37.6223
-34.5625
-31.766
-29.2234
-26.9149
-24.8238
-22.9336
-21.2263
-19.684
-18.2896
-17.0269
-15.8811
-14.839
-13.8884
-13.016
-12.2121
-11.5009
-50.855
-45.2287
-41.4759
-38.1493
-35.0433
-32.2038
-29.6231
-27.2813
-25.1618
-23.2473
-21.5193
-19.9595
-18.5501
-17.2745
-16.1176
-15.0661
-14.1074
-13.2278
-12.4176
-11.7044
-51.486
-45.8275
-42.0321
-38.6587
-35.5066
-32.6247
-30.0062
-27.6317
-25.4843
-23.546
-21.7978
-20.2207
-18.7965
-17.5082
-16.3405
-15.2796
-14.3132
-13.4268
-12.6111
-11.8975
-52.1002
-46.4082
-42.57
-39.1499
-35.952
-33.0279
-30.3723
-27.9656
-25.7907
-23.829
-22.0609
-20.4668
-19.0279
-17.727
-16.5483
-15.4782
-14.5038
-13.6108
-12.7899
-12.075
-52.6987
-46.9706
-43.089
-39.6221
-36.3786
-33.4129
-30.7206
-28.2825
-26.0806
-24.0959
-22.3081
-20.697
-19.2435
-17.9298
-16.7402
-15.6608
-14.679
-13.7797
-12.9529
-12.2334
-53.2859
-47.5159
-43.5882
-40.0743
-36.7856
-33.7789
-31.0508
-28.5819
-26.3536
-24.3463
-22.5389
-20.9107
-19.4419
-18.1149
-16.9137
-15.8249
-14.836
-13.931
-13.0992
-12.3841
-53.8639
-48.0436
-44.066
-40.5053
-37.1726
-34.1262
-31.3632
-28.8643
-26.6103
-24.5808
-22.7538
-21.1079
-19.623
-18.2808
-17.0654
-15.9637
-14.9628
-14.0469
-13.2139
-12.5313
-54.4109
-48.5459
-44.5216
-40.9159
-37.5409
-34.4561
-31.6594
-29.1314
-26.8525
-24.8012
-22.9549
-21.2913
-19.7893
-18.4302
-17.1972
-16.0758
-15.0511
-14.1095
-13.2656
-12.5892
-59.8678
-59.8363
-59.767
-59.6746
-59.5582
-59.4154
-59.2458
-59.0497
-58.8278
-58.5805
-58.3085
-58.0124
-57.6927
-57.3502
-56.9856
-56.5998
-56.1939
-55.7696
-55.3297
-54.8774
-53.5188
-53.5162
-53.4804
-53.4171
-53.3269
-53.2094
-53.0648
-52.8937
-52.697
-52.4752
-52.2289
-51.9587
-51.6654
-51.3494
-51.0114
-50.6522
-50.2722
-49.8722
-49.4525
-49.0111
-48.8744
-48.8962
-48.8886
-48.8522
-48.7884
-48.6979
-48.5815
-48.4396
-48.273
-48.0822
-47.8679
-47.6305
-47.3706
-47.0888
-46.7856
-46.4614
-46.1166
-45.7511
-45.3646
-44.9553
-44.6435
-44.683
-44.6959
-44.6816
-44.6412
-44.5755
-44.4853
-44.3712
-44.2336
-44.0732
-43.8904
-43.6858
-43.4599
-43.2131
-42.9458
-42.6584
-42.351
-42.0235
-41.6757
-41.3067
-40.7314
-40.7808
-40.8062
-40.8069
-40.7834
-40.7364
-40.6667
-40.5746
-40.4607
-40.3255
-40.1696
-39.9933
-39.7972
-39.5817
-39.347
-39.0936
-38.8214
-38.5304
-38.2204
-37.8908
-37.2179
-37.2714
-37.3033
-37.3127
-37.2998
-37.2652
-37.2096
-37.1334
-37.0371
-36.9212
-36.7862
-36.6326
-36.4607
-36.2711
-36.064
-35.8396
-35.5981
-35.3393
-35.0632
-34.7691
-34.0939
-34.1474
-34.1811
-34.1943
-34.1869
-34.1596
-34.1129
-34.0474
-33.9633
-33.8613
-33.7418
-33.6054
-33.4523
-33.2831
-33.0982
-32.8977
-32.6818
-32.4505
-32.2034
-31.94
-31.3228
-31.3735
-31.4059
-31.4193
-31.4139
-31.3901
-31.3484
-31.2894
-31.2134
-31.1209
-31.0125
-30.8886
-30.7497
-30.5963
-30.4288
-30.2475
-30.0525
-29.8439
-29.6213
-29.3842
-28.8646
-28.9108
-28.94
-28.9517
-28.9459
-28.9231
-28.8838
-28.8284
-28.7574
-28.6713
-28.5705
-28.4557
-28.3273
-28.1859
-28.032
-27.866
-27.688
-27.4981
-27.2961
-27.0813
-26.6797
-26.7207
-26.7458
-26.7546
-26.7471
-26.7239
-26.6852
-26.6317
-26.5636
-26.4816
-26.3861
-26.2778
-26.1572
-26.0249
-25.8816
-25.7277
-25.5636
-25.3894
-25.2049
-25.0093
-24.7307
-24.7664
-24.7872
-24.7927
-24.7829
-24.7584
-24.7194
-24.6666
-24.6002
-24.5208
-24.429
-24.3254
-24.2106
-24.0853
-23.9503
-23.8062
-23.6535
-23.4926
-23.3232
-23.1445
-22.9849
-23.0155
-23.032
-23.0341
-23.0219
-22.9957
-22.9561
-22.9033
-22.8378
-22.7602
-22.671
-22.5708
-22.4604
-22.3405
-22.2121
-22.076
-21.9329
-21.7833
-21.6272
-21.4639
-21.4138
-21.4399
-21.4524
-21.4513
-21.4367
-21.4089
-21.3683
-21.3153
-21.2503
-21.1739
-21.0866
-20.989
-20.882
-20.7663
-20.6432
-20.5135
-20.3784
-20.2387
-20.0948
-19.9457
-19.9938
-20.0157
-20.0247
-20.0207
-20.0039
-19.9745
-19.933
-19.8798
-19.8151
-19.7396
-19.6537
-19.5581
-19.4537
-19.3414
-19.2224
-19.0979
-18.9695
-18.8383
-18.7056
-18.5702
-18.7051
-18.7232
-18.7291
-18.7225
-18.7037
-18.673
-18.6307
-18.5772
-18.5128
-18.4379
-18.3532
-18.2593
-18.1569
-18.0472
-17.9313
-17.8108
-17.6878
-17.5639
-17.4417
-17.3198
-17.531
-17.5458
-17.5488
-17.54
-17.5195
-17.4876
-17.4447
-17.3909
-17.3268
-17.2526
-17.1688
-17.0762
-16.9754
-16.8675
-16.7539
-16.6362
-16.5172
-16.3991
-16.2865
-16.1778
-16.4578
-16.4696
-16.4701
-16.4593
-16.4374
-16.4045
-16.3609
-16.307
-16.243
-16.1693
-16.0863
-15.9946
-15.895
-15.7882
-15.6758
-15.5596
-15.4429
-15.3286
-15.2241
-15.1272
-15.4735
-15.483
-15.4816
-15.4693
-15.4462
-15.4126
-15.3688
-15.3149
-15.2512
-15.178
-15.0957
-15.0049
-14.906
-14.7998
-14.6878
-14.5717
-14.4553
-14.3424
-14.2449
-14.1572
-14.5671
-14.5752
-14.5728
-14.56
-14.5369
-14.5037
-14.4605
-14.4077
-14.3454
-14.2738
-14.1934
-14.1044
-14.0074
-13.9029
-13.7919
-13.6761
-13.559
-13.4457
-13.3551
-13.2815
-13.7333
-13.7381
-13.7332
-13.7186
-13.6944
-13.6608
-13.6179
-13.566
-13.5051
-13.4356
-13.3576
-13.2713
-13.1772
-13.0755
-12.9667
-12.852
-12.733
-12.6151
-12.518
-12.4688
-53.5741
-54.1497
-54.6881
-55.2115
-55.7169
-56.1984
-56.6531
-57.08
-57.4781
-57.8466
-58.1847
-58.492
-58.7682
-59.0128
-59.2253
-59.4057
-59.5548
-59.674
-59.7651
-59.8301
-47.0909
-47.6719
-48.2247
-48.7552
-49.2628
-49.7452
-50.2009
-50.6292
-51.0294
-51.401
-51.7433
-52.0561
-52.3397
-52.5947
-52.8189
-53.0118
-53.1741
-53.306
-53.4082
-53.4794
-42.4464
-43.0151
-43.5601
-44.0816
-44.5797
-45.0537
-45.5027
-45.9259
-46.323
-46.693
-47.0351
-47.3491
-47.6346
-47.8904
-48.1178
-48.3169
-48.4876
-48.6294
-48.742
-48.8241
-38.3222
-38.8655
-39.3892
-39.8913
-40.3712
-40.8286
-41.2629
-41.6735
-42.0598
-42.421
-42.756
-43.0642
-43.3466
-43.6027
-43.8326
-44.0361
-44.2126
-44.362
-44.4839
-44.5778
-34.6442
-35.1575
-35.6538
-36.1304
-36.5863
-37.0213
-37.4348
-37.826
-38.1943
-38.5391
-38.8611
-39.1598
-39.4337
-39.6831
-39.9081
-40.1084
-40.2837
-40.4337
-40.5585
-40.6579
-31.4454
-31.9273
-32.3937
-32.8422
-33.2715
-33.6813
-34.0709
-34.4399
-34.7878
-35.1143
-35.4191
-35.7018
-35.9617
-36.1989
-36.4138
-36.6061
-36.7751
-36.9208
-37.0433
-37.1425
-28.6734
-29.1244
-29.5612
-29.9813
-30.3836
-30.7675
-31.1325
-31.4782
-31.8042
-32.1102
-32.3958
-32.6607
-32.9046
-33.1273
-33.3285
-33.5101
-33.6702
-33.8085
-33.9251
-34.0205
-26.2613
-26.6834
-27.0921
-27.4852
-27.8615
-28.2203
-28.5614
-28.8842
-29.1883
-29.4735
-29.7396
-29.9864
-30.2137
-30.4215
-30.6097
-30.7767
-30.9262
-31.0555
-31.1645
-31.2537
-24.1505
-24.5461
-24.929
-25.2972
-25.6493
-25.9848
-26.3032
-26.6042
-26.8875
-27.1529
-27.4002
-27.6294
-27.8404
-28.033
-28.2072
-28.3631
-28.4994
-28.6186
-28.7192
-28.8013
-22.2907
-22.6625
-23.0222
-23.3677
-23.6978
-24.0118
-24.3094
-24.5902
-24.8542
-25.1011
-25.3309
-25.5435
-25.7389
-25.917
-26.0779
-26.2213
-26.3472
-26.4559
-26.5479
-26.6226
-20.6404
-20.991
-21.33
-21.6552
-21.9654
-22.2598
-22.5384
-22.8008
-23.047
-23.2769
-23.4905
-23.6878
-23.8689
-24.0336
-24.1819
-24.3139
-24.4296
-24.5288
-24.6124
-24.6798
-19.1659
-19.4977
-19.8185
-20.1257
-20.4179
-20.6946
-20.9558
-21.2014
-21.4313
-21.6457
-21.8445
-22.0279
-22.1958
-22.3482
-22.4852
-22.6068
-22.713
-22.8038
-22.8792
-22.9398
-17.8402
-18.1555
-18.4604
-18.7516
-19.0277
-19.2883
-19.5337
-19.7638
-19.9789
-20.1791
-20.3644
-20.535
-20.691
-20.8323
-20.959
-21.0711
-21.1686
-21.2515
-21.3195
-21.3741
-16.6418
-16.9426
-17.2339
-17.511
-17.7724
-18.0183
-18.2491
-18.465
-18.6665
-18.8536
-19.0266
-19.1857
-19.3308
-19.462
-19.5794
-19.683
-19.7727
-19.8486
-19.9111
-19.9591
-15.5534
-15.8421
-16.1218
-16.3862
-16.6341
-16.8662
-17.0835
-17.2863
-17.4751
-17.6502
-17.8119
-17.9604
-18.0957
-18.2178
-18.3268
-18.4226
-18.5053
-18.5749
-18.6314
-18.6746
-14.5605
-14.8407
-15.1112
-15.3637
-15.5986
-15.8179
-16.0223
-16.2126
-16.3895
-16.5535
-16.7048
-16.8436
-16.9699
-17.0837
-17.1851
-17.2739
-17.3503
-17.4141
-17.4655
-17.5043
-13.6454
-13.9244
-14.1898
-14.4308
-14.6531
-14.8599
-15.0521
-15.2307
-15.3965
-15.5502
-15.6919
-15.8219
-15.94
-16.0464
-16.1408
-16.2234
-16.2941
-16.3529
-16.3997
-16.4346
-12.7873
-13.0705
-13.3372
-13.5689
-13.7791
-13.9743
-14.1553
-14.3233
-14.4794
-14.6241
-14.7576
-14.88
-14.9913
-15.0914
-15.1802
-15.2576
-15.3236
-15.3782
-15.4214
-15.4533
-11.9999
-12.2736
-12.541
-12.7678
-12.9679
-13.1517
-13.3222
-13.4807
-13.6281
-13.7648
-13.8911
-14.0071
-14.1125
-14.2074
-14.2915
-14.3647
-14.4271
-14.4785
-14.5189
-14.5485
-11.4091
-11.66
-11.8878
-12.1046
-12.293
-12.4589
-12.6129
-12.7572
-12.8912
-13.0154
-13.1302
-13.2354
-13.331
-13.4166
-13.4923
-13.5579
-13.6133
-13.6585
-13.6934
-13.7179
-6.00721
-6.49858
-7.03702
-7.61949
-8.25242
-8.9432
-9.69949
-10.5308
-11.4492
-12.4704
-13.6149
-14.9096
-16.3898
-18.1018
-20.1059
-22.4814
-25.3096
-28.6127
-32.6102
-38.6062
-6.27786
-6.78276
-7.33173
-7.92627
-8.57298
-9.27895
-10.052
-10.9017
-11.8407
-12.8848
-14.0549
-15.3782
-16.8905
-18.6385
-20.6828
-23.1025
-25.9777
-29.3276
-33.3636
-39.3807
-6.54994
-7.06838
-7.62799
-8.23484
-8.89558
-9.61699
-10.407
-11.2756
-12.2354
-13.3027
-14.4987
-15.8509
-17.3958
-19.1801
-21.2648
-23.7286
-26.6504
-30.0461
-34.1188
-40.1523
-6.82295
-7.35488
-7.92521
-8.54458
-9.21957
-9.95663
-10.7638
-11.6514
-12.6323
-13.723
-14.9451
-16.3266
-17.9042
-19.725
-21.8502
-24.3581
-27.3263
-30.7675
-34.878
-40.9328
-7.09647
-7.64179
-8.22293
-8.85501
-9.54446
-10.2973
-11.1219
-12.0287
-13.0308
-14.1452
-15.3936
-16.8045
-18.4148
-20.2724
-22.4381
-24.99
-28.0046
-31.4913
-35.6403
-41.7195
-7.3701
-7.9287
-8.52071
-9.16572
-9.86981
-10.6387
-11.4808
-12.4069
-13.4304
-14.5685
-15.8434
-17.2838
-18.9272
-20.8214
-23.0277
-25.6238
-28.6845
-32.2166
-36.4038
-42.5084
-7.64355
-8.21527
-8.81818
-9.4763
-10.1952
-10.9802
-11.84
-12.7855
-13.8306
-14.9926
-16.294
-17.7641
-19.4405
-21.3715
-23.6185
-26.2585
-29.3652
-32.9422
-37.1669
-43.297
-7.91656
-8.50118
-9.11502
-9.78642
-10.5203
-11.3215
-12.199
-13.1641
-14.2307
-15.4167
-16.7447
-18.2445
-19.954
-21.9219
-24.2093
-26.8932
-30.0455
-33.6669
-37.9283
-44.084
-8.18897
-8.78624
-9.41099
-10.0958
-10.8447
-11.6623
-12.5575
-13.5421
-14.6304
-15.8403
-17.195
-18.7244
-20.4669
-22.4715
-24.7994
-27.5268
-30.7244
-34.3897
-38.687
-44.8678
-8.46075
-9.07035
-9.70593
-10.4042
-11.1682
-12.0021
-12.9151
-13.9193
-15.029
-16.2628
-17.6441
-19.203
-20.9786
-23.0198
-25.3878
-28.1584
-31.4008
-35.1094
-39.4415
-45.6469
-8.732
-9.35353
-9.99978
-10.7116
-11.4907
-12.3408
-13.2714
-14.295
-15.4262
-16.6837
-18.0913
-19.6798
-21.4881
-23.5656
-25.9736
-28.787
-32.0735
-35.8247
-40.1906
-46.4199
-9.00302
-9.63596
-10.2926
-11.0178
-11.8119
-12.678
-13.6261
-14.6688
-15.8213
-17.1023
-18.5362
-20.1538
-21.9947
-24.1083
-26.5557
-29.4114
-32.7415
-36.5343
-40.9328
-47.1853
-9.2743
-9.91792
-10.5845
-11.3229
-12.1316
-13.0135
-13.9788
-15.0404
-16.2138
-17.5181
-18.9779
-20.6244
-22.4975
-24.6468
-27.1332
-30.0307
-33.4035
-37.2372
-41.667
-47.9419
-9.54655
-10.1998
-10.8756
-11.6268
-12.4497
-13.3469
-14.329
-15.4091
-16.6031
-17.9303
-19.4156
-21.0907
-22.9955
-25.1801
-27.7051
-30.6435
-34.0583
-37.9319
-42.3917
-48.6882
-9.82053
-10.482
-11.166
-11.9292
-12.7658
-13.6777
-14.6761
-15.7744
-16.9885
-18.3382
-19.8486
-21.5517
-23.4879
-25.7072
-28.2701
-31.2488
-34.7047
-38.6174
-43.1058
-49.4232
-10.0972
-10.7648
-11.4554
-12.2297
-13.0792
-14.0053
-15.0194
-16.1353
-17.3691
-18.7408
-20.2759
-22.0066
-23.9737
-26.227
-28.8271
-31.8453
-35.3414
-39.2922
-43.8082
-50.1457
-10.3764
-11.0469
-11.7423
-12.5268
-13.3887
-14.3286
-15.358
-16.491
-17.744
-19.1373
-20.6965
-22.4544
-24.4516
-26.7384
-29.3749
-32.4317
-35.9669
-39.955
-44.4978
-50.8554
-10.6574
-11.3259
-12.0242
-12.8187
-13.6931
-14.6464
-15.6907
-16.8405
-18.1122
-19.5266
-21.1095
-22.8938
-24.9206
-27.2401
-29.9122
-33.0065
-36.5798
-40.6042
-45.1734
-51.552
-10.9328
-11.5935
-12.295
-13.1021
-13.99
-14.957
-16.0161
-17.1824
-18.4726
-19.9076
-21.5136
-23.3238
-25.3795
-27.7309
-30.4375
-33.5681
-37.1782
-41.2379
-45.8339
-52.2371
-11.1842
-11.8296
-12.5502
-13.378
-14.2802
-15.2601
-16.3337
-17.5161
-18.8243
-20.2794
-21.9079
-23.7433
-25.827
-28.2094
-30.9494
-34.115
-37.76
-41.8531
-46.4745
-52.9122
-1.58528
-1.83923
-2.18711
-2.57603
-2.99458
-3.44812
-3.94296
-4.48503
-5.08181
-5.74357
-6.48426
-7.32289
-8.28561
-9.40847
-10.7424
-12.3616
-14.3559
-16.7864
-19.9615
-25.3563
-1.73847
-2.00885
-2.3752
-2.77007
-3.19205
-3.65093
-4.15269
-4.70284
-5.30903
-5.98179
-6.73532
-7.58898
-8.56934
-9.71298
-11.0713
-12.7193
-14.7465
-17.2124
-20.4198
-25.8284
-1.886
-2.18047
-2.55998
-2.96299
-3.39272
-3.85999
-4.37069
-4.93053
-5.54751
-6.2325
-7.00005
-7.8699
-8.86907
-10.0347
-11.4187
-13.0964
-15.1572
-17.6586
-20.8975
-26.3147
-2.05583
-2.36112
-2.74884
-3.16058
-3.59951
-4.07634
-4.59707
-5.16771
-5.79661
-6.49493
-7.27756
-8.16464
-9.18368
-10.3723
-11.783
-13.4914
-15.5868
-18.125
-21.3988
-26.8336
-2.23698
-2.54937
-2.94493
-3.36564
-3.81407
-4.30088
-4.83229
-5.41455
-6.05624
-6.76881
-7.56747
-8.47277
-9.51268
-10.7254
-12.1639
-13.9041
-16.0353
-18.6117
-21.9229
-27.3819
-2.4236
-2.74461
-3.14852
-3.57836
-4.03657
-4.53383
-5.07653
-5.67109
-6.32634
-7.05398
-7.86956
-8.79401
-9.85578
-11.0936
-12.561
-14.3343
-16.5024
-19.1183
-22.4683
-27.9544
-2.61724
-2.94776
-3.35992
-3.79891
-4.26719
-4.77533
-5.32983
-5.93731
-6.60679
-7.35026
-8.18358
-9.12807
-10.2127
-11.4766
-12.9739
-14.7814
-16.9877
-19.6442
-23.0337
-28.5486
-2.81927
-3.15928
-3.57949
-4.02762
-4.50616
-5.0255
-5.59224
-6.21315
-6.89748
-7.65745
-8.50926
-9.47463
-10.5829
-11.8739
-13.4023
-15.2451
-17.4907
-20.1887
-23.6186
-29.1635
-3.02947
-3.37903
-3.80725
-4.26457
-4.75354
-5.28436
-5.8637
-6.49851
-7.19821
-7.97532
-8.84633
-9.83334
-10.9662
-12.2853
-13.8456
-15.7247
-18.0107
-20.7513
-24.2223
-29.798
-3.24725
-3.60667
-4.04301
-4.50961
-5.00919
-5.55176
-6.14405
-6.79318
-7.50877
-8.30359
-9.19445
-10.2039
-11.3621
-12.7101
-14.3034
-16.2198
-18.547
-21.3312
-24.8439
-30.4511
-3.47217
-3.84185
-4.28644
-4.76246
-5.27286
-5.82746
-6.43303
-7.09688
-7.82885
-8.64193
-9.55327
-10.5858
-11.7702
-13.1479
-14.7751
-16.7297
-19.0991
-21.9276
-25.4826
-31.1217
-3.70385
-4.08418
-4.53718
-5.02278
-5.54422
-6.11112
-6.73031
-7.40929
-8.15808
-8.98995
-9.92236
-10.9786
-12.1899
-13.5982
-15.26
-17.2537
-19.6662
-22.5398
-26.1375
-31.8087
-3.94182
-4.33317
-4.79477
-5.29014
-5.82287
-6.40235
-7.0355
-7.72998
-8.49604
-9.34721
-10.3012
-11.3819
-12.6208
-14.0603
-15.7577
-17.7913
-20.2477
-23.167
-26.8077
-32.5112
-4.18556
-4.5883
-5.05871
-5.56408
-6.10835
-6.7007
-7.34813
-8.05849
-8.84226
-9.7132
-10.6894
-11.795
-13.0622
-14.5337
-16.2674
-18.3417
-20.8427
-23.8084
-27.4924
-33.2283
-4.43452
-4.84902
-5.32847
-5.84406
-6.40015
-7.00567
-7.66771
-8.39432
-9.19621
-10.0874
-11.0863
-12.2175
-13.5135
-15.0178
-16.7884
-18.9041
-21.4504
-24.463
-28.1907
-33.9591
-4.68815
-5.11476
-5.60348
-6.12955
-6.69773
-7.31673
-7.9937
-8.73693
-9.55733
-10.4692
-11.4913
-12.6486
-13.9741
-15.5117
-17.32
-19.4778
-22.0699
-25.1301
-28.9018
-34.7027
-4.9459
-5.38494
-5.88316
-6.41997
-7.00053
-7.6333
-8.32554
-9.08573
-9.92504
-10.858
-11.9038
-13.0877
-14.4433
-16.0148
-17.8613
-20.0618
-22.7005
-25.8087
-29.6249
-35.4587
-5.20721
-5.65898
-6.16693
-6.71475
-7.30798
-7.95483
-8.66264
-9.44014
-10.2987
-11.2533
-12.3232
-13.5341
-14.9202
-16.5263
-18.4116
-20.6553
-23.341
-26.4977
-30.3591
-36.2267
-5.47154
-5.93629
-6.4542
-7.01331
-7.6195
-8.28072
-9.00441
-9.79954
-10.6778
-11.6542
-12.7486
-13.9871
-15.4042
-17.0452
-18.9699
-21.2573
-23.9903
-27.1959
-31.1034
-37.0073
-5.73838
-6.21635
-6.74444
-7.3151
-7.93453
-8.6104
-9.35027
-10.1633
-11.0615
-12.0602
-13.1795
-14.446
-15.8945
-17.5709
-19.5352
-21.8667
-24.6473
-27.9016
-31.8549
-37.8012
-1.33749
-1.13077
-0.976981
-0.840244
-0.720167
-0.614211
-0.521262
-0.440525
-0.3715
-0.313828
-0.267242
-0.231532
-0.206526
-0.19209
-0.188084
-0.194298
-0.210512
-0.236858
-0.273523
-0.320277
-1.6673
-1.48386
-1.32609
-1.18413
-1.05922
-0.948794
-0.851876
-0.767666
-0.695648
-0.635446
-0.586779
-0.549423
-0.523196
-0.507948
-0.503534
-0.50978
-0.52653
-0.553798
-0.591679
-0.639835
-1.99977
-1.82421
-1.66646
-1.52335
-1.39631
-1.28371
-1.18483
-1.099
-1.02575
-0.964708
-0.915609
-0.878225
-0.852375
-0.837898
-0.834649
-0.842472
-0.861251
-0.890932
-0.931371
-0.98283
-2.38344
-2.20621
-2.04542
-1.89935
-1.76873
-1.65262
-1.55053
-1.46191
-1.38635
-1.32351
-1.27312
-1.23496
-1.20882
-1.19456
-1.19201
-1.20102
-1.22149
-1.25333
-1.29641
-1.35078
-2.80209
-2.6224
-2.45764
-2.30763
-2.17279
-2.05262
-1.94679
-1.85487
-1.77652
-1.71144
-1.65935
-1.62004
-1.59333
-1.57902
-1.57697
-1.58703
-1.60908
-1.643
-1.68867
-1.74609
-3.25328
-3.07036
-2.90142
-2.74707
-2.60777
-2.48333
-2.37356
-2.27815
-2.19682
-2.1293
-2.07536
-2.03479
-2.00738
-1.99298
-1.99141
-2.00253
-2.02621
-2.06231
-2.1107
-2.17133
-3.74316
-3.55551
-3.38165
-3.22237
-3.07817
-2.94908
-2.83501
-2.73577
-2.65114
-2.58091
-2.52487
-2.4828
-2.45454
-2.4399
-2.43873
-2.45086
-2.47617
-2.5145
-2.56571
-2.62978
-4.27853
-4.08466
-3.90481
-3.73972
-3.58992
-3.45555
-3.33663
-3.23306
-3.14467
-3.0713
-3.01276
-2.96887
-2.93945
-2.92434
-2.92336
-2.93638
-2.96323
-3.00376
-3.05783
-3.12539
-4.86709
-4.66555
-4.47846
-4.3065
-4.15018
-4.00973
-3.88522
-3.77664
-3.68387
-3.60679
-3.54524
-3.49905
-3.46806
-3.45211
-3.45104
-3.4647
-3.49292
-3.53554
-3.59241
-3.66351
-5.51896
-5.3082
-5.11245
-4.93233
-4.76835
-4.62078
-4.48975
-4.37528
-4.27732
-4.19578
-4.13052
-4.08141
-4.04829
-4.031
-4.0294
-4.04332
-4.0726
-4.11708
-4.17658
-4.25112
-6.2479
-6.0261
-5.82002
-5.6302
-5.45714
-5.30113
-5.16235
-5.04086
-4.93666
-4.84967
-4.77979
-4.72691
-4.69088
-4.67156
-4.66879
-4.68243
-4.7123
-4.75821
-4.82001
-4.89774
-7.07262
-6.83766
-6.61923
-6.41782
-6.23391
-6.06781
-5.91972
-5.78976
-5.67792
-5.5842
-5.5085
-5.45072
-5.41073
-5.3884
-5.38358
-5.39612
-5.42585
-5.47256
-5.53609
-5.61652
-8.01886
-7.76821
-7.53499
-7.31964
-7.12267
-6.94438
-6.78501
-6.64468
-6.52344
-6.42129
-6.33817
-6.27399
-6.22863
-6.20197
-6.19386
-6.20415
-6.23268
-6.27921
-6.34358
-6.42592
-9.12216
-8.85273
-8.60174
-8.36959
-8.15679
-7.96368
-7.79051
-7.63742
-7.50449
-7.39173
-7.2991
-7.22653
-7.17391
-7.14113
-7.12804
-7.1345
-7.16033
-7.20527
-7.26916
-7.35219
-10.4328
-10.1409
-9.8685
-9.61601
-9.38399
-9.17279
-8.98268
-8.81381
-8.66628
-8.54011
-8.43529
-8.35174
-8.28939
-8.24811
-8.22777
-8.22823
-8.24929
-8.29068
-8.3522
-8.43411
-12.0245
-11.7057
-11.4075
-11.1305
-10.8752
-10.642
-10.4311
-10.2428
-10.0771
-9.93405
-9.81367
-9.71589
-9.64064
-9.5878
-9.55725
-9.54884
-9.56237
-9.59756
-9.65415
-9.73244
-13.9863
-13.6359
-13.3074
-13.0013
-12.7183
-12.4588
-12.223
-12.0112
-11.8234
-11.6596
-11.5199
-11.4042
-11.3125
-11.2447
-11.2006
-11.18
-11.1829
-11.2089
-11.2578
-11.3296
-16.38
-15.994
-15.6309
-15.2918
-14.9773
-14.6879
-14.4237
-14.1849
-13.9716
-13.7838
-13.6216
-13.4848
-13.3735
-13.2876
-13.227
-13.1915
-13.1811
-13.1955
-13.2345
-13.2971
-19.5165
-19.0907
-18.6887
-18.313
-17.964
-17.6418
-17.3463
-17.0775
-16.8354
-16.6201
-16.4314
-16.2694
-16.1341
-16.0255
-15.9433
-15.8875
-15.858
-15.8552
-15.8787
-15.9266
-24.8532
-24.3823
-23.9458
-23.5407
-23.1649
-22.8172
-22.4974
-22.2053
-21.9409
-21.7041
-21.4951
-21.3138
-21.1603
-21.0348
-20.9373
-20.8678
-20.8272
-20.8177
-20.8405
-20.8856
-0.377037
-0.443481
-0.519569
-0.605219
-0.700349
-0.804851
-0.918595
-1.04142
-1.17311
-1.31339
-1.4619
-1.6181
-1.7812
-1.94997
-2.12277
-2.2973
-2.4691
-2.62836
-2.75971
-2.88956
-0.698472
-0.767195
-0.845924
-0.934549
-1.03296
-1.14105
-1.25864
-1.38556
-1.52157
-1.66636
-1.81952
-1.9805
-2.14852
-2.32243
-2.5006
-2.68139
-2.86302
-3.03776
-3.19041
-3.36275
-1.04497
-1.11755
-1.20049
-1.29369
-1.39701
-1.51031
-1.63342
-1.76614
-1.90819
-2.05926
-2.2189
-2.38658
-2.56153
-2.74272
-2.92881
-3.1186
-3.31112
-3.50199
-3.68549
-3.89157
-1.41634
-1.49277
-1.57999
-1.67786
-1.78624
-1.90496
-2.03383
-2.17263
-2.32107
-2.47881
-2.64541
-2.82031
-3.00282
-3.19201
-3.38683
-3.58639
-3.78989
-3.99503
-4.2023
-4.43209
-1.81518
-1.89562
-1.98732
-2.0901
-2.20382
-2.3283
-2.46332
-2.60865
-2.76399
-2.92897
-3.10317
-3.28604
-3.47694
-3.67509
-3.87967
-4.09007
-4.30568
-4.52545
-4.75204
-4.99859
-2.24427
-2.329
-2.4255
-2.53358
-2.65308
-2.7838
-2.92553
-3.07799
-3.24089
-3.41387
-3.59649
-3.78827
-3.98861
-4.19686
-4.4124
-4.63482
-4.86373
-5.0989
-5.34309
-5.60416
-2.70675
-2.796
-2.89762
-3.01138
-3.1371
-3.27457
-3.42356
-3.5838
-3.75498
-3.93676
-4.12871
-4.33038
-4.54124
-4.76076
-4.98847
-5.22407
-5.46735
-5.71851
-5.97979
-6.25561
-3.20641
-3.30055
-3.4076
-3.52739
-3.65974
-3.80444
-3.96126
-4.12992
-4.31011
-4.5015
-4.7037
-4.91627
-5.13876
-5.37072
-5.61178
-5.86171
-6.12042
-6.38823
-6.66673
-6.95837
-3.74882
-3.84787
-3.96055
-4.08665
-4.226
-4.37839
-4.54357
-4.72128
-4.9112
-5.11301
-5.32635
-5.55082
-5.78603
-6.03157
-6.28715
-6.55256
-6.82778
-7.11307
-7.40944
-7.71826
-4.3407
-4.4447
-4.56321
-4.69581
-4.84245
-5.00291
-5.17692
-5.36422
-5.56453
-5.77751
-6.00284
-6.24015
-6.48908
-6.74929
-7.02051
-7.30255
-7.59536
-7.8991
-8.21433
-8.54185
-4.99142
-5.10032
-5.22445
-5.36377
-5.51787
-5.68662
-5.86981
-6.06716
-6.27838
-6.50317
-6.74122
-6.9922
-7.25578
-7.53163
-7.81952
-8.11924
-8.43071
-8.75395
-9.0892
-9.43694
-5.71392
-5.82741
-5.95707
-6.10273
-6.2643
-6.44142
-6.63392
-6.84156
-7.06404
-7.30109
-7.55242
-7.81772
-8.09668
-8.389
-8.69443
-9.01277
-9.34388
-9.68762
-10.044
-10.4135
-6.52632
-6.64376
-6.77843
-6.93006
-7.09855
-7.28401
-7.48574
-7.70353
-7.93731
-8.18677
-8.45166
-8.73165
-9.02646
-9.3358
-9.65942
-9.99709
-10.3486
-10.7137
-11.0924
-11.4847
-7.45447
-7.57479
-7.71349
-7.87031
-8.04501
-8.23759
-8.44884
-8.67599
-8.92069
-9.18228
-9.46053
-9.75518
-10.0659
-10.3925
-10.7346
-11.092
-11.4644
-11.8515
-12.253
-12.6692
-8.53656
-8.65806
-8.79919
-8.95972
-9.13949
-9.33803
-9.55487
-9.79225
-10.0476
-10.3203
-10.6111
-10.9199
-11.2462
-11.5898
-11.9502
-12.3272
-12.7205
-13.1296
-13.5542
-13.9946
-9.83253
-9.95267
-10.0938
-10.2557
-10.4384
-10.6414
-10.8643
-11.1071
-11.3701
-11.6536
-11.9563
-12.2784
-12.6195
-12.9789
-13.3563
-13.7518
-14.165
-14.5955
-15.0427
-15.5068
-11.4239
-11.5395
-11.6777
-11.8385
-12.0213
-12.226
-12.4524
-12.7002
-12.9694
-13.26
-13.5728
-13.9067
-14.2597
-14.6312
-15.0224
-15.4339
-15.8651
-16.3153
-16.7835
-17.2695
-13.3816
-13.4896
-13.6219
-13.778
-13.9567
-14.1584
-14.3833
-14.6313
-14.902
-15.195
-15.5096
-15.846
-16.2059
-16.5899
-16.9963
-17.4236
-17.8716
-18.3398
-18.8273
-19.3331
-15.9968
-16.0887
-16.2047
-16.3462
-16.5145
-16.7089
-16.9285
-17.173
-17.4421
-17.7353
-18.052
-18.3919
-18.7554
-19.1429
-19.5542
-19.9889
-20.4466
-20.9281
-21.4333
-21.9572
-20.9274
-20.9997
-21.103
-21.2349
-21.3943
-21.5804
-21.7928
-22.0311
-22.295
-22.5841
-22.8981
-23.2372
-23.6014
-23.9909
-24.406
-24.8465
-25.3136
-25.8112
-26.3417
-26.8875
-27.4043
-22.4918
-19.8567
-17.7735
-15.9877
-14.4507
-13.1
-11.8907
-10.7958
-9.7971
-8.88156
-8.0395
-7.26328
-6.54669
-5.88454
-5.2723
-4.70472
-4.17622
-3.69527
-3.29087
-27.949
-23.0427
-20.396
-18.2925
-16.4829
-14.9202
-13.5435
-12.3087
-11.1895
-10.1681
-9.23181
-8.37104
-7.57833
-6.84761
-6.17385
-5.55262
-4.97921
-4.4512
-3.98176
-3.57927
-28.5223
-23.6124
-20.9526
-18.8277
-16.9929
-15.4034
-13.9995
-12.7384
-11.594
-10.5493
-9.59165
-8.71168
-7.90198
-7.15649
-6.47017
-5.8385
-5.25686
-4.72296
-4.24637
-3.82438
-29.12
-24.2017
-21.5263
-19.3786
-17.5171
-15.8994
-14.4673
-13.1788
-12.0085
-10.9397
-9.96
-9.06009
-8.23254
-7.47119
-6.77077
-6.1265
-5.53351
-4.98884
-4.49925
-4.05852
-29.739
-24.8099
-22.1167
-19.9447
-18.055
-16.4077
-14.9462
-13.6293
-12.4322
-11.3385
-10.336
-9.4154
-8.56921
-7.79108
-7.0755
-6.41739
-5.81156
-5.2545
-4.75112
-4.29423
-30.3778
-25.4375
-22.7217
-20.525
-18.6057
-16.9275
-15.4355
-14.0891
-12.8644
-11.7449
-10.7189
-9.77693
-8.91141
-8.11579
-7.38433
-6.71164
-6.09234
-5.52255
-5.00589
-4.53492
-31.0352
-26.083
-23.341
-21.1185
-19.1684
-17.4579
-15.9343
-14.5576
-13.3042
-12.1584
-11.1081
-10.1442
-9.25882
-8.44524
-7.69748
-7.00994
-6.37706
-5.79473
-5.26549
-4.78183
-31.7099
-26.7444
-23.9745
-21.7244
-19.7421
-17.9983
-16.4419
-15.0338
-13.7511
-12.5781
-11.5031
-10.5168
-9.61113
-8.77929
-8.01503
-7.31255
-6.66616
-6.07157
-5.53032
-5.0349
-32.4005
-27.4203
-24.6212
-22.3419
-20.3261
-18.5477
-16.9574
-15.5171
-14.2043
-13.0036
-11.9034
-10.8942
-9.96801
-9.11771
-8.33686
-7.61946
-6.95969
-6.35308
-5.80023
-5.29362
-33.1059
-28.1094
-25.2803
-22.97
-20.9194
-19.1052
-17.4801
-16.0068
-14.6631
-13.4341
-12.3083
-11.276
-10.329
-9.46016
-8.66269
-7.93041
-7.25737
-6.6389
-6.0747
-5.55727
-33.8248
-28.8107
-25.9505
-23.6077
-21.521
-19.67
-18.0091
-16.5019
-15.1268
-13.8691
-12.7172
-11.6615
-10.6937
-9.80619
-8.99208
-8.24496
-7.55873
-6.92849
-6.35308
-5.82506
-34.556
-29.523
-26.6308
-24.254
-22.13
-20.241
-18.5434
-17.0016
-15.5945
-14.3077
-13.1295
-12.0503
-11.0615
-10.1553
-9.32452
-8.56259
-7.8632
-7.22123
-6.63467
-6.0962
-35.2985
-30.2453
-27.32
-24.9079
-22.7452
-20.8173
-19.0822
-17.5051
-16.0656
-14.7492
-13.5445
-12.4416
-11.4317
-10.5068
-9.6594
-8.88268
-8.17015
-7.51643
-6.91875
-6.36991
-36.0511
-30.9763
-28.017
-25.568
-23.3656
-21.3979
-19.6244
-18.0115
-16.5391
-15.1929
-13.9615
-12.8347
-11.8037
-10.8601
-9.99607
-9.20459
-8.47892
-7.81343
-7.2046
-6.64548
-36.8128
-31.7148
-28.7203
-26.2334
-23.9902
-21.9816
-20.1691
-18.5199
-17.0141
-15.6379
-14.3796
-13.229
-12.1768
-11.2145
-10.3339
-9.52765
-8.78886
-8.11156
-7.49155
-6.92221
-37.5823
-32.4594
-29.4288
-26.9027
-24.6176
-22.5674
-20.7153
-19.0292
-17.4899
-16.0834
-14.7982
-13.6237
-12.5504
-11.5693
-10.6722
-9.85122
-9.09929
-8.41016
-7.77895
-7.19945
-38.3591
-33.2091
-30.1412
-27.5747
-25.2467
-23.1541
-21.2618
-19.5385
-17.9653
-16.5286
-15.2163
-14.018
-12.9236
-11.9239
-11.0103
-10.1746
-9.40959
-8.7086
-8.06616
-7.47661
-39.1447
-33.9633
-30.8558
-28.2478
-25.8761
-23.7404
-21.8074
-20.0467
-18.4395
-16.9724
-15.6332
-14.411
-13.2957
-12.2775
-11.3475
-10.4972
-9.7191
-9.00625
-8.35259
-7.75311
-39.9393
-34.7209
-31.5709
-28.9202
-26.5042
-24.3252
-22.3512
-20.5528
-18.9116
-17.4141
-16.048
-14.8022
-13.666
-12.6294
-11.6831
-10.8183
-10.0272
-9.30252
-8.63767
-8.02845
-40.7301
-35.4768
-32.2847
-29.591
-27.1306
-24.9078
-22.8927
-21.0564
-19.3812
-17.8533
-16.4605
-15.1911
-14.0341
-12.9793
-12.0167
-11.1375
-10.3335
-9.59695
-8.92094
-8.30217
-6.78089
-4.67481
-3.31453
-2.26894
-1.53435
-0.994818
-0.607271
-0.332126
-0.141064
-0.0123419
0.070665
0.120589
0.147015
0.157099
0.156157
0.148059
0.135621
0.120841
0.105131
0.0894561
0.0744624
0.0605605
0.0479869
0.0368612
0.0272046
0.0189969
0.0121443
0.00658203
0.00214062
-0.0012092
-0.00373018
-0.00531496
-0.00641102
-0.00660843
-0.00674135
-0.00581532
-0.00540678
-0.00349055
-0.00294643
3.7313e-05
-7.03658
-4.8572
-3.46079
-2.38411
-1.62541
-1.06846
-0.667341
-0.38175
-0.182445
-0.0470998
0.0413287
0.0957531
0.12596
0.139247
0.141034
0.135271
0.124832
0.111766
0.0975228
0.0831026
0.0691792
0.0561878
0.044386
0.0339121
0.0248032
0.0170535
0.0105815
0.00533404
0.00115065
-0.00198838
-0.00433927
-0.00578656
-0.00677391
-0.00688332
-0.00694943
-0.00596672
-0.00551773
-0.00356639
-0.00298687
5.31909e-06
-7.29067
-5.04122
-3.60855
-2.50085
-1.71756
-1.14279
-0.727767
-0.431442
-0.223686
-0.0815751
0.0123632
0.0713335
0.105333
0.121814
0.126307
0.122845
0.114368
0.102976
0.0901617
0.0769601
0.0640739
0.0519634
0.0409075
0.0310628
0.0224824
0.0151746
0.00906974
0.00412589
0.00019153
-0.00274405
-0.00493045
-0.00624518
-0.00712655
-0.00715229
-0.00715069
-0.0061176
-0.00562259
-0.00364486
-0.00302356
-2.7752e-05
-7.54323
-5.22662
-3.75784
-2.61927
-1.81093
-1.21792
-0.788641
-0.481282
-0.264854
-0.115826
-0.0162807
0.047288
0.0851007
0.10477
0.111949
0.110758
0.104209
0.0944561
0.0830353
0.0710185
0.0591386
0.0478811
0.0375463
0.0283094
0.0202391
0.0133576
0.00760698
0.00295608
-0.000737904
-0.00347707
-0.00550447
-0.00669111
-0.00746977
-0.00741466
-0.00734701
-0.00626549
-0.0057249
-0.00372245
-0.00305897
-6.16375e-05
-7.7943
-5.41326
-3.90865
-2.7395
-1.90565
-1.29397
-0.850067
-0.531357
-0.306023
-0.149913
-0.0446545
0.0235735
0.0652252
0.0880849
0.0979347
0.0989911
0.0943392
0.0861921
0.076132
0.0652686
0.0543657
0.0439347
0.0342976
0.025648
0.0180702
0.0116002
0.00619139
0.00182318
-0.00163876
-0.00418828
-0.006062
-0.00712486
-0.00780394
-0.0076707
-0.00753862
-0.00641049
-0.00582482
-0.00379914
-0.0030932
-9.63432e-05
-8.04389
-5.6011
-4.06098
-2.8617
-2.00188
-1.37105
-0.912158
-0.581763
-0.347272
-0.183902
-0.0728128
0.000144982
0.0456694
0.0717274
0.084239
0.0875219
0.0847408
0.0781699
0.0694403
0.0597009
0.0497476
0.0401182
0.0311565
0.0230749
0.0159729
0.00990009
0.00482116
0.000725776
-0.00251212
-0.00487852
-0.00660366
-0.00754688
-0.00812945
-0.00792065
-0.00772576
-0.00655268
-0.00592254
-0.00387493
-0.00312636
-0.000131867
-8.292
-5.79026
-4.21483
-2.98603
-2.0998
-1.44934
-0.975041
-0.632607
-0.388687
-0.217865
-0.100814
-0.0230452
0.0263944
0.0556656
0.0708353
0.0763292
0.075396
0.070375
0.0629484
0.0543061
0.0452768
0.0364256
0.0281184
0.0205862
0.013944
0.00825489
0.00349449
-0.000337513
-0.00335906
-0.0055486
-0.00713009
-0.00795767
-0.00844665
-0.00816479
-0.00790861
-0.00669221
-0.00601815
-0.00394987
-0.0031585
-0.000168205
-8.53862
-5.98094
-4.37025
-3.11267
-2.19961
-1.52897
-1.03885
-0.684001
-0.43036
-0.251876
-0.128718
-0.0460466
0.00735992
0.0398666
0.0576967
0.065391
0.066287
0.0627929
0.0566446
0.0490746
0.0409458
0.0328509
0.0251784
0.0181782
0.0119807
0.00666234
0.0022096
-0.00136806
-0.00418063
-0.00619933
-0.00764189
-0.00835767
-0.00875587
-0.00840337
-0.00808738
-0.00682921
-0.00611176
-0.00402401
-0.00318967
-0.000205347
-8.78379
-6.17343
-4.52715
-3.24168
-2.30146
-1.6101
-1.10371
-0.736054
-0.472382
-0.286011
-0.156588
-0.0689099
-0.0114752
0.0242969
0.0447962
0.0546852
0.0573961
0.0554094
0.0505174
0.0439972
0.0367471
0.0293881
0.0223319
0.0158472
0.0100801
0.00512018
0.000964749
-0.00236723
-0.00497787
-0.00683151
-0.00813966
-0.00874735
-0.00905747
-0.00863662
-0.00826224
-0.00696379
-0.00620345
-0.0040974
-0.00321991
-0.000243274
-9.02739
-6.36779
-4.68522
-3.37292
-2.40542
-1.69279
-1.16971
-0.788857
-0.514837
-0.320341
-0.184485
-0.091685
-0.0301517
0.00892344
0.0321068
0.0441901
0.0487055
0.04821
0.0445553
0.0390647
0.0326733
0.0260314
0.0195742
0.0135895
0.00823937
0.0036262
-0.000241775
-0.00333632
-0.00575178
-0.0074459
-0.00862398
-0.00912713
-0.00935176
-0.00886481
-0.00843336
-0.00709609
-0.00629333
-0.00417007
-0.00324928
-0.000281964
-9.26888
-6.56391
-4.84419
-3.50634
-2.51163
-1.77719
-1.23697
-0.842529
-0.557816
-0.354942
-0.212471
-0.114423
-0.0487103
-0.00628677
0.0196018
0.0338841
0.0401978
0.0411808
0.0387469
0.0342681
0.0287173
0.0227751
0.0169007
0.0114017
0.00645569
0.00217825
-0.00141164
-0.00427662
-0.00650336
-0.00804325
-0.00909542
-0.00949744
-0.00963906
-0.00908814
-0.00860093
-0.00722621
-0.00638147
-0.00424207
-0.00327781
-0.000321383
-9.50765
-6.76284
-5.00523
-3.64292
-2.6209
-1.86391
-1.30592
-0.897347
-0.601501
-0.389939
-0.240634
-0.137189
-0.0672013
-0.0213724
0.00725105
0.0237436
0.0318545
0.0343071
0.0330807
0.0295981
0.0248717
0.0196134
0.0143071
0.00928021
0.00472629
0.000774164
-0.00254653
-0.00518941
-0.00723357
-0.00862429
-0.00955454
-0.0098587
-0.00991967
-0.00930685
-0.00876509
-0.00735427
-0.00646797
-0.00431344
-0.00330555
-0.000361496
-9.7446
-6.96835
-5.17124
-3.78457
-2.73462
-1.95396
-1.37721
-0.953722
-0.646196
-0.425532
-0.269113
-0.160081
-0.0856947
-0.036385
-0.00498391
0.0137393
0.0236531
0.0275716
0.0275432
0.0250442
0.0211283
0.0165399
0.0117882
0.00722108
0.00304819
-0.000588354
-0.00364818
-0.00607604
-0.00794343
-0.00918981
-0.0100019
-0.0102113
-0.0101939
-0.00952117
-0.00892603
-0.00748036
-0.0065529
-0.0043842
-0.00333255
-0.00040226
-9.98202
-7.18223
-5.34182
-3.93043
-2.85233
-2.047
-1.45061
-1.01155
-0.691946
-0.461796
-0.297977
-0.183156
-0.104237
-0.0513618
-0.0171331
0.00384743
0.0155746
0.0209591
0.0221225
0.0205971
0.0174799
0.0135489
0.00933967
0.00522083
0.00141868
-0.00191141
-0.00471822
-0.00693774
-0.00863388
-0.0097405
-0.0104381
-0.0105557
-0.0104621
-0.0097313
-0.00908389
-0.0076046
-0.00663635
-0.00445438
-0.00335884
-0.000443627
-10.2145
-7.39199
-5.5052
-4.07157
-2.96831
-2.13888
-1.52346
-1.0693
-0.737774
-0.49821
-0.326929
-0.206239
-0.122722
-0.0662387
-0.0291579
-0.00590885
0.0076329
0.0144779
0.0168232
0.0162592
0.0139275
0.0106407
0.00696143
0.00327931
-0.000162523
-0.00319528
-0.00575692
-0.00777476
-0.00930514
-0.0102765
-0.0108631
-0.010892
-0.0107243
-0.00993731
-0.00923873
-0.00772701
-0.00671835
-0.00452398
-0.00338446
-0.000485539
-10.4216
-7.57858
-5.64931
-4.19976
-3.07746
-2.22615
-1.59371
-1.12586
-0.782478
-0.534046
-0.355534
-0.229057
-0.14097
-0.0808957
-0.0409768
-0.0154738
-0.000133425
0.00815478
0.011664
0.0120437
0.0104804
0.00782191
0.00465792
0.00139953
-0.00169335
-0.00443861
-0.00676338
-0.00858651
-0.00995682
-0.0107977
-0.011277
-0.0112201
-0.0109804
-0.0101391
-0.00939049
-0.00784756
-0.00679886
-0.00459296
-0.0034094
-0.000527916
-10.6104
-7.78034
-5.80809
-4.34001
-3.19761
-2.32357
-1.67118
-1.18745
-0.829828
-0.571385
-0.385173
-0.25256
-0.159637
-0.0957863
-0.0529068
-0.0250716
-0.00788525
0.00187299
0.00655944
0.00788708
0.00709128
0.00505686
0.00240241
-0.000438662
-0.00318901
-0.0056528
-0.00774615
-0.00937935
-0.0105936
-0.0113074
-0.0116821
-0.0115417
-0.0112318
-0.0103377
-0.00953984
-0.00796663
-0.00687821
-0.00466144
-0.00343381
-0.000570717
-10.8825
-8.11678
-6.07003
-4.56027
-3.37542
-2.46122
-1.77592
-1.2672
-0.891502
-0.617074
-0.420378
-0.279875
-0.180935
-0.112488
-0.0660853
-0.0355313
-0.0162326
-0.00482015
0.00117151
0.00353624
0.00356978
0.00220243
8.72059e-05
-0.00231617
-0.00471012
-0.00688312
-0.00873889
-0.0101782
-0.0112339
-0.0118191
-0.0120884
-0.011864
-0.0114836
-0.0105366
-0.0096895
-0.00808599
-0.00695775
-0.00473013
-0.0034582
-0.000614097
-11.2462
-8.53569
-6.41028
-4.82684
-3.58639
-2.62303
-1.8975
-1.35844
-0.960261
-0.669365
-0.459658
-0.309866
-0.204055
-0.130435
-0.0801184
-0.0465776
-0.0249807
-0.0117849
-0.00439834
-0.000934368
-2.86086e-05
-0.000699588
-0.0022559
-0.00420871
-0.00623814
-0.00811551
-0.00973104
-0.0109752
-0.0118721
-0.0123289
-0.0124931
-0.0121854
-0.0117349
-0.0107354
-0.00983921
-0.00820573
-0.00703745
-0.00479922
-0.00348252
-0.000658198
-11.1653
-8.5345
-6.42329
-4.84896
-3.62302
-2.66208
-1.93268
-1.38894
-0.986103
-0.690752
-0.476968
-0.323991
-0.21535
-0.139512
-0.0874438
-0.0525072
-0.0297974
-0.0157119
-0.00761179
-0.00357288
-0.00220158
-0.00249363
-0.00373972
-0.0054373
-0.00725551
-0.00895763
-0.0104268
-0.0115491
-0.0123434
-0.0127155
-0.0128069
-0.0124414
-0.0119382
-0.0109012
-0.00996422
-0.00831014
-0.00710499
-0.00486253
-0.00350214
-0.000701221
-10.414
-8.02048
-6.00474
-4.55505
-3.43473
-2.53996
-1.85096
-1.33417
-0.949284
-0.665469
-0.459143
-0.311014
-0.205774
-0.132292
-0.0819355
-0.0482831
-0.0265646
-0.0132592
-0.00578038
-0.00223846
-0.00126372
-0.00186972
-0.00336052
-0.00524538
-0.00720217
-0.00900393
-0.0105391
-0.0117037
-0.0125173
-0.0128979
-0.0129813
-0.0126087
-0.0120822
-0.0110359
-0.0100665
-0.00841002
-0.0071639
-0.00493303
-0.00351663
-0.000755156
-9.50942
-7.44481
-5.59867
-4.28333
-3.27547
-2.45448
-1.80895
-1.31933
-0.9514
-0.67699
-0.475085
-0.328416
-0.223002
-0.148375
-0.0964272
-0.0610316
-0.0375908
-0.022676
-0.0137439
-0.00891904
-0.0068294
-0.00647783
-0.00715325
-0.00834928
-0.00972716
-0.0110463
-0.0121798
-0.0130143
-0.0135549
-0.0137162
-0.013617
-0.0131047
-0.0124566
-0.011328
-0.0102739
-0.00857814
-0.00726372
-0.00503044
-0.00353913
-0.000821889
-8.61243
-6.88511
-5.22117
-4.01752
-3.10762
-2.35928
-1.75855
-1.29698
-0.94736
-0.68405
-0.488132
-0.344225
-0.239626
-0.16458
-0.111521
-0.0746678
-0.0496429
-0.0331512
-0.0227275
-0.0165378
-0.0132278
-0.0118041
-0.0115504
-0.0119509
-0.0126538
-0.0134064
-0.0140671
-0.0145126
-0.0147324
-0.0146364
-0.0143253
-0.0136506
-0.0128643
-0.0116408
-0.0104939
-0.00875262
-0.00736668
-0.0051287
-0.00356138
-0.00089023
-7.71117
-6.29381
-4.83482
-3.74902
-2.93216
-2.25657
-1.70303
-1.27066
-0.939941
-0.688335
-0.498897
-0.358113
-0.254608
-0.179391
-0.125439
-0.0873211
-0.0608811
-0.0429591
-0.031169
-0.0237199
-0.0192776
-0.0168545
-0.0157312
-0.0153844
-0.0154512
-0.0156685
-0.0158809
-0.0159567
-0.0158703
-0.0155285
-0.0150136
-0.0141831
-0.0132625
-0.0119481
-0.0107095
-0.00892549
-0.00746719
-0.00522745
-0.00358198
-0.000961031
-6.83101
-5.68807
-4.43842
-3.47355
-2.74468
-2.14101
-1.63779
-1.23735
-0.927332
-0.68893
-0.507164
-0.370332
-0.268471
-0.193455
-0.138852
-0.0996287
-0.0718775
-0.0525937
-0.0394833
-0.0308065
-0.025254
-0.0218477
-0.0198668
-0.0187821
-0.0182201
-0.0179079
-0.0176769
-0.0173869
-0.0169977
-0.0164127
-0.015696
-0.0147116
-0.0136574
-0.0122537
-0.0109229
-0.00909796
-0.00756593
-0.00532682
-0.003601
-0.00103383
-5.9922
-5.08198
-4.03388
-3.19382
-2.55089
-2.01692
-1.56504
-1.19827
-0.910141
-0.685976
-0.512847
-0.380736
-0.281083
-0.206685
-0.151731
-0.111607
-0.0826836
-0.0621295
-0.0477568
-0.0378872
-0.0312442
-0.0268638
-0.024028
-0.0222042
-0.0210104
-0.0201648
-0.0194864
-0.0188272
-0.0181319
-0.0173016
-0.0163809
-0.0152415
-0.0140524
-0.0125591
-0.0111351
-0.00926993
-0.007663
-0.0054261
-0.00361854
-0.00110789
-5.21146
-4.49405
-3.63115
-2.91422
-2.35434
-1.88658
-1.48562
-1.15374
-0.888568
-0.67952
-0.515873
-0.389195
-0.29229
-0.218918
-0.163914
-0.12311
-0.0931703
-0.0714557
-0.0558966
-0.044886
-0.0371866
-0.0318543
-0.0281772
-0.0256219
-0.0238
-0.0224226
-0.0212968
-0.0202678
-0.0192657
-0.0181892
-0.017064
-0.0157693
-0.0144448
-0.0128622
-0.0113447
-0.00943991
-0.00775766
-0.00552418
-0.00363457
-0.00118248
-4.49991
-3.93911
-3.23992
-2.63964
-2.15934
-1.75383
-1.40186
-1.10494
-0.863264
-0.669861
-0.516301
-0.39565
-0.301985
-0.230028
-0.175276
-0.134018
-0.103229
-0.0804744
-0.0638164
-0.0517276
-0.0430169
-0.0367646
-0.0322689
-0.0289981
-0.0265592
-0.0246574
-0.0230896
-0.0216943
-0.020388
-0.0190671
-0.0177388
-0.0162899
-0.0148311
-0.0131601
-0.0115497
-0.00960614
-0.0078491
-0.00561991
-0.00364907
-0.00125677
-3.8648
-3.42908
-2.87027
-2.37611
-1.97013
-1.62214
-1.31606
-1.05313
-0.834936
-0.657394
-0.514288
-0.400114
-0.310109
-0.239923
-0.185713
-0.144229
-0.112765
-0.0891025
-0.0714437
-0.0583494
-0.0486816
-0.0415496
-0.0362654
-0.0323016
-0.0292625
-0.0268489
-0.0248483
-0.0230937
-0.0214886
-0.0199274
-0.0183993
-0.0167987
-0.0152079
-0.0134499
-0.0117484
-0.00976689
-0.00793659
-0.00571204
-0.00366214
-0.0013298
-3.30977
-2.97226
-2.53052
-2.12937
-1.79065
-1.49482
-1.23076
-0.999897
-0.804515
-0.642667
-0.51011
-0.402681
-0.316657
-0.248545
-0.195144
-0.153654
-0.121692
-0.0972605
-0.0787078
-0.0646902
-0.0541282
-0.0461649
-0.0401294
-0.0355014
-0.0318846
-0.0289764
-0.0265568
-0.0244532
-0.0225576
-0.0207622
-0.0190397
-0.017291
-0.0155717
-0.0137288
-0.0119389
-0.00992041
-0.00801944
-0.00579927
-0.00367392
-0.00140056
-2.83497
-2.57327
-2.22671
-1.90433
-1.62449
-1.37482
-1.14834
-0.94686
-0.773017
-0.626313
-0.504135
-0.403524
-0.321681
-0.255879
-0.203513
-0.162222
-0.129935
-0.104875
-0.0855411
-0.0706898
-0.0593043
-0.0505656
-0.0438231
-0.0385659
-0.0343993
-0.0310187
-0.0281977
-0.0257591
-0.0235843
-0.0215633
-0.0196536
-0.0177618
-0.015919
-0.013994
-0.0121194
-0.0100649
-0.00809699
-0.00588027
-0.00368458
-0.00146801
-2.43742
-2.23322
-1.9622
-1.70446
-1.47444
-1.26455
-1.07087
-0.895605
-0.741513
-0.609033
-0.496801
-0.402889
-0.325292
-0.26195
-0.210798
-0.169882
-0.13743
-0.11188
-0.0918809
-0.0762909
-0.0641591
-0.0547073
-0.0473084
-0.0414631
-0.0367799
-0.0329539
-0.0297535
-0.0269972
-0.0245575
-0.0223219
-0.0202344
-0.0182062
-0.0162463
-0.0142426
-0.0122882
-0.0101986
-0.00816861
-0.00595379
-0.00369434
-0.00153111
-2.11145
-1.95017
-1.73777
-1.53152
-1.34232
-1.16574
-1
-0.847523
-0.711035
-0.591543
-0.488589
-0.401071
-0.327649
-0.266827
-0.217008
-0.176608
-0.144132
-0.118222
-0.0976721
-0.0814408
-0.0686445
-0.0585478
-0.0505489
-0.0441618
-0.0390005
-0.0347605
-0.0312065
-0.0281535
-0.0254662
-0.0230294
-0.0207756
-0.0186191
-0.0165497
-0.0144718
-0.0124435
-0.0103201
-0.00823374
-0.00601874
-0.00370339
-0.00158889
-1.84952
-1.71983
-1.55195
-1.38564
-1.22891
-1.07946
-0.936915
-0.803729
-0.682498
-0.574534
-0.479994
-0.398402
-0.328954
-0.270614
-0.222183
-0.182398
-0.150015
-0.12386
-0.102868
-0.086093
-0.0727167
-0.0620474
-0.0535095
-0.0466322
-0.0410357
-0.0364174
-0.0325396
-0.0292143
-0.0262994
-0.0236774
-0.0212707
-0.0189956
-0.016826
-0.0146789
-0.0125836
-0.0104278
-0.00829185
-0.00607429
-0.00371187
-0.00164051
-1.64317
-1.53644
-1.40171
-1.26562
-1.13403
-1.00609
-0.88231
-0.765036
-0.65666
-0.558627
-0.471491
-0.395224
-0.329433
-0.273446
-0.226389
-0.187272
-0.155066
-0.128767
-0.107433
-0.0902072
-0.0763362
-0.0651695
-0.0561578
-0.0488459
-0.0428617
-0.0379049
-0.0337366
-0.0301664
-0.0270469
-0.0242579
-0.0217136
-0.0193313
-0.0170719
-0.0148618
-0.0127071
-0.010521
-0.00834249
-0.00611994
-0.00371991
-0.00168528
-1.48397
-1.39372
-1.2832
-1.16947
-1.05684
-0.945507
-0.836491
-0.731971
-0.634101
-0.544354
-0.463517
-0.391871
-0.32932
-0.275473
-0.229711
-0.191266
-0.15929
-0.132925
-0.111336
-0.0937491
-0.0794676
-0.0678802
-0.0584631
-0.0507762
-0.0444556
-0.0392039
-0.034782
-0.0309974
-0.0276989
-0.0247633
-0.0220986
-0.0196221
-0.0172844
-0.0150186
-0.0128127
-0.0105988
-0.00838532
-0.00615567
-0.00372755
-0.0017227
-1.36434
-1.28574
-1.19247
-1.09486
-0.996156
-0.897249
-0.799482
-0.704841
-0.615249
-0.53215
-0.45646
-0.388654
-0.328847
-0.276852
-0.232244
-0.194426
-0.1627
-0.136323
-0.114554
-0.0966877
-0.0820775
-0.070147
-0.0603955
-0.0523969
-0.0457949
-0.0402958
-0.0356605
-0.0316954
-0.0282459
-0.0251867
-0.0224206
-0.0198644
-0.017461
-0.0151477
-0.0128996
-0.0106613
-0.00842013
-0.00618189
-0.00373475
-0.00175243
-1.27821
-1.20756
-1.12614
-1.03972
-0.950818
-0.860805
-0.771209
-0.683844
-0.60044
-0.522385
-0.45066
-0.385857
-0.328229
-0.277732
-0.234078
-0.196799
-0.165307
-0.13895
-0.117061
-0.0989899
-0.0841306
-0.0719355
-0.0619232
-0.0536798
-0.0468559
-0.041161
-0.0363565
-0.0322479
-0.0286784
-0.0255208
-0.0226743
-0.0200545
-0.0175992
-0.0152479
-0.0129667
-0.0107083
-0.00844682
-0.00619946
-0.00374154
-0.00177409
-1.22132
-1.15574
-1.08185
-1.00259
-0.920053
-0.835877
-0.751701
-0.669214
-0.590004
-0.51541
-0.446436
-0.383742
-0.327662
-0.278243
-0.235288
-0.198413
-0.167106
-0.140781
-0.118819
-0.100612
-0.0855816
-0.0732025
-0.0630072
-0.0545911
-0.04761
-0.0417759
-0.0368509
-0.0326401
-0.0289851
-0.0257573
-0.0228535
-0.0201884
-0.0176962
-0.0153177
-0.0130133
-0.0107401
-0.00846537
-0.00620909
-0.00374899
-0.00178651
-1.19214
-1.12905
-1.05893
-0.983295
-0.90398
-0.822785
-0.741399
-0.66144
-0.584423
-0.511651
-0.444135
-0.382567
-0.327321
-0.278486
-0.235913
-0.199263
-0.168062
-0.141759
-0.119762
-0.101483
-0.086363
-0.0738856
-0.0635923
-0.0550831
-0.0480172
-0.0421079
-0.0371178
-0.0328516
-0.0291504
-0.0258846
-0.0229498
-0.0202601
-0.017748
-0.0153547
-0.0130379
-0.0107565
-0.00847566
-0.00621096
-0.0037596
-0.00178784
-12.4799
-12.467
-12.446
-12.4168
-12.3794
-12.3341
-12.2808
-12.2198
-12.1509
-12.0743
-11.9901
-11.8983
-11.7988
-11.6918
-11.5765
-11.4531
-11.3185
-11.1777
-11.0169
-10.9417
-10.9333
-10.919
-10.8989
-10.873
-10.8417
-10.8055
-10.7644
-10.7186
-10.6683
-10.6137
-10.5548
-10.4918
-10.4246
-10.3534
-10.2776
-10.1979
-10.1115
-10.0265
-9.92873
-9.90529
-9.5635
-9.54513
-9.52412
-9.50047
-9.47392
-9.4445
-9.41237
-9.37768
-9.34054
-9.30108
-9.25935
-9.21542
-9.16928
-9.12103
-9.07034
-9.01789
-8.96153
-8.90755
-8.8443
-8.84268
-8.32632
-8.30839
-8.28893
-8.26791
-8.24519
-8.22085
-8.19503
-8.16789
-8.13953
-8.11008
-8.07962
-8.04826
-8.01607
-7.98319
-7.9495
-7.91557
-7.88016
-7.84815
-7.81243
-7.82664
-7.22107
-7.20457
-7.1871
-7.16875
-7.14954
-7.12957
-7.10897
-7.08788
-7.06642
-7.04472
-7.02291
-7.00112
-6.97946
-6.95809
-6.93702
-6.9167
-6.89646
-6.87948
-6.86122
-6.88033
-6.23989
-6.22518
-6.20994
-6.19426
-6.1782
-6.16187
-6.14537
-6.12883
-6.11236
-6.09609
-6.08014
-6.06464
-6.04971
-6.03549
-6.02205
-6.00967
-5.99807
-5.98922
-5.98061
-5.99955
-5.37661
-5.36387
-5.35081
-5.33751
-5.32404
-5.31048
-5.29694
-5.28352
-5.27033
-5.25749
-5.24512
-5.23333
-5.22226
-5.21204
-5.20276
-5.19466
-5.18766
-5.18293
-5.17924
-5.19491
-4.62536
-4.6145
-4.60337
-4.59204
-4.58057
-4.56903
-4.55752
-4.54614
-4.53498
-4.52415
-4.51375
-4.50391
-4.49474
-4.48636
-4.47888
-4.47245
-4.46713
-4.46354
-4.46121
-4.47185
-3.97943
-3.97024
-3.96074
-3.95098
-3.94101
-3.93089
-3.92072
-3.91057
-3.90053
-3.89069
-3.88116
-3.87202
-3.86339
-3.85536
-3.84805
-3.84158
-3.83603
-3.83174
-3.82862
-3.83381
-3.43141
-3.42362
-3.41543
-3.40687
-3.39797
-3.38882
-3.37947
-3.37
-3.36048
-3.35099
-3.34161
-3.33243
-3.32355
-3.31504
-3.30701
-3.29956
-3.29277
-3.28682
-3.28176
-3.2818
-2.97293
-2.96625
-2.95907
-2.9514
-2.94327
-2.93475
-2.92589
-2.91676
-2.90741
-2.89791
-2.88833
-2.87876
-2.86925
-2.85989
-2.85077
-2.84195
-2.83352
-2.82559
-2.81819
-2.81388
-2.59469
-2.58886
-2.58246
-2.57545
-2.56787
-2.55977
-2.55121
-2.54224
-2.53291
-2.52327
-2.51338
-2.50331
-2.49312
-2.48287
-2.47264
-2.46248
-2.45246
-2.44265
-2.43303
-2.42535
-2.28688
-2.2817
-2.27584
-2.26931
-2.26214
-2.25436
-2.24602
-2.23716
-2.22782
-2.21805
-2.2079
-2.19742
-2.18666
-2.17569
-2.16455
-2.1533
-2.14199
-2.13068
-2.11928
-2.1092
-2.03969
-2.03501
-2.0295
-2.02332
-2.01648
-2.00898
-2.00084
-1.99209
-1.98279
-1.97297
-1.96267
-1.95194
-1.94082
-1.92937
-1.91762
-1.90563
-1.89344
-1.88107
-1.86845
-1.85678
-1.84369
-1.83936
-1.83424
-1.82839
-1.82182
-1.81455
-1.80661
-1.79802
-1.78882
-1.77905
-1.76874
-1.75793
-1.74666
-1.73497
-1.7229
-1.7105
-1.6978
-1.68483
-1.67151
-1.65886
-1.69088
-1.68682
-1.68199
-1.6764
-1.67008
-1.66304
-1.65531
-1.64691
-1.63788
-1.62823
-1.61802
-1.60726
-1.59601
-1.58428
-1.57212
-1.55958
-1.54667
-1.53343
-1.5198
-1.50659
-1.57443
-1.57059
-1.56597
-1.56061
-1.55451
-1.54769
-1.54018
-1.53199
-1.52316
-1.5137
-1.50365
-1.49304
-1.4819
-1.47026
-1.45816
-1.44564
-1.43272
-1.41942
-1.40573
-1.39221
-1.48941
-1.48573
-1.4813
-1.47613
-1.47023
-1.46361
-1.45631
-1.44833
-1.4397
-1.43044
-1.42059
-1.41015
-1.39918
-1.38768
-1.3757
-1.36327
-1.35041
-1.33715
-1.32351
-1.30978
-1.43248
-1.42892
-1.42462
-1.41959
-1.41385
-1.40741
-1.40027
-1.39247
-1.38402
-1.37494
-1.36525
-1.35498
-1.34416
-1.3328
-1.32095
-1.30861
-1.29583
-1.28263
-1.26903
-1.25516
-1.40316
-1.3997
-1.39552
-1.39062
-1.38502
-1.37872
-1.37175
-1.3641
-1.35581
-1.34688
-1.33733
-1.32719
-1.31647
-1.3052
-1.29339
-1.28107
-1.26827
-1.25502
-1.24132
-1.22724
-10.9169
-11.2507
-11.2769
-11.4149
-11.5671
-11.683
-11.7865
-11.8873
-11.9817
-12.0678
-12.1461
-12.2169
-12.2797
-12.3342
-12.3804
-12.4182
-12.4476
-12.4685
-12.4809
-12.4849
-10.1234
-10.3529
-10.2014
-10.2267
-10.3437
-10.4302
-10.494
-10.5595
-10.6258
-10.6867
-10.741
-10.7892
-10.8314
-10.8672
-10.8965
-10.9193
-10.9354
-10.9449
-10.9477
-10.9437
-9.16576
-9.36462
-9.15368
-9.12983
-9.23595
-9.317
-9.36007
-9.39841
-9.43967
-9.47728
-9.50838
-9.53394
-9.5549
-9.57136
-9.58325
-9.59061
-9.59354
-9.59215
-9.58661
-9.57705
-8.20733
-8.39979
-8.17448
-8.11225
-8.19338
-8.26155
-8.2864
-8.30076
-8.31967
-8.33871
-8.35338
-8.3638
-8.37111
-8.37567
-8.37733
-8.37601
-8.37174
-8.36459
-8.35462
-8.34186
-7.2914
-7.46406
-7.2454
-7.15702
-7.20862
-7.26137
-7.2747
-7.27447
-7.27861
-7.2856
-7.29049
-7.29222
-7.29171
-7.28944
-7.28536
-7.27934
-7.27135
-7.26145
-7.24971
-7.23622
-6.41368
-6.55387
-6.35664
-6.26104
-6.28958
-6.32871
-6.33638
-6.33002
-6.32646
-6.32654
-6.32607
-6.32338
-6.31894
-6.31328
-6.30647
-6.29841
-6.28905
-6.27845
-6.26667
-6.25379
-5.57922
-5.68683
-5.52159
-5.43457
-5.44918
-5.4776
-5.48276
-5.47534
-5.46906
-5.46593
-5.463
-5.4586
-5.45284
-5.44617
-5.43871
-5.43042
-5.42125
-5.41123
-5.40041
-5.38885
-4.80775
-4.88958
-4.76076
-4.6902
-4.69755
-4.71787
-4.72182
-4.7157
-4.70961
-4.70575
-4.70228
-4.69786
-4.6924
-4.68621
-4.67941
-4.67197
-4.66388
-4.65513
-4.64576
-4.63583
-4.11784
-4.18102
-4.08706
-4.03443
-4.03839
-4.05285
-4.0563
-4.05234
-4.04793
-4.04488
-4.0421
-4.03866
-4.03441
-4.02952
-4.02407
-4.01805
-4.01145
-4.00426
-3.99651
-3.98823
-3.51862
-3.56832
-3.5042
-3.46789
-3.47075
-3.48142
-3.485
-3.48349
-3.48137
-3.47992
-3.47851
-3.47655
-3.4739
-3.47063
-3.46679
-3.46236
-3.45734
-3.45172
-3.44551
-3.43874
-3.01104
-3.05075
-3.01036
-2.98771
-2.99098
-2.99963
-3.00386
-3.00471
-3.00492
-3.0053
-3.00549
-3.00512
-3.00409
-3.00243
-3.00014
-2.99721
-2.99364
-2.98942
-2.98455
-2.97905
-2.59115
-2.62332
-2.60071
-2.58879
-2.59323
-2.60111
-2.60622
-2.60911
-2.61134
-2.6134
-2.61507
-2.61614
-2.61653
-2.61624
-2.61527
-2.6136
-2.61123
-2.60815
-2.60436
-2.59987
-2.25169
-2.27805
-2.26795
-2.26387
-2.26964
-2.2774
-2.28338
-2.28783
-2.29162
-2.29501
-2.29787
-2.30007
-2.30157
-2.30235
-2.30239
-2.3017
-2.30025
-2.29804
-2.29507
-2.29135
-1.98288
-2.00468
-2.00283
-2.00409
-2.01098
-2.01886
-2.02551
-2.03102
-2.03588
-2.0402
-2.04391
-2.04692
-2.04919
-2.05072
-2.05149
-2.05149
-2.0507
-2.04913
-2.04676
-2.04361
-1.77393
-1.7921
-1.79535
-1.80001
-1.80767
-1.81566
-1.82272
-1.82889
-1.83439
-1.83928
-1.8435
-1.84701
-1.84978
-1.85178
-1.85301
-1.85346
-1.85311
-1.85195
-1.85
-1.84724
-1.6145
-1.62981
-1.63602
-1.64268
-1.65076
-1.65877
-1.66601
-1.67249
-1.67831
-1.68348
-1.68797
-1.69174
-1.69477
-1.69705
-1.69855
-1.69926
-1.69918
-1.6983
-1.69663
-1.69415
-1.4957
-1.50882
-1.51662
-1.52436
-1.53257
-1.5405
-1.54775
-1.55431
-1.56022
-1.56548
-1.57005
-1.57392
-1.57705
-1.57944
-1.58106
-1.58192
-1.58199
-1.58128
-1.57979
-1.5775
-1.41069
-1.4222
-1.43079
-1.43903
-1.44723
-1.45501
-1.46216
-1.46867
-1.47455
-1.47978
-1.48433
-1.48818
-1.49133
-1.49374
-1.49541
-1.49632
-1.49648
-1.49586
-1.49448
-1.49233
-1.35483
-1.36529
-1.37421
-1.38265
-1.39075
-1.39836
-1.40538
-1.41179
-1.41757
-1.42271
-1.42719
-1.43099
-1.43408
-1.43647
-1.43813
-1.43905
-1.43924
-1.43867
-1.43736
-1.43529
-1.32627
-1.33627
-1.34535
-1.35389
-1.36195
-1.36947
-1.37641
-1.38274
-1.38844
-1.3935
-1.3979
-1.40163
-1.40467
-1.40701
-1.40863
-1.40954
-1.40973
-1.40918
-1.40791
-1.4059
0.405617
0.400114
0.386435
0.363292
0.329149
0.281632
0.217409
0.131956
0.0191894
-0.128996
-0.323365
-0.577924
-0.911348
-1.3472
-1.91846
-2.6656
-3.64841
-4.95788
-6.65631
-9.24279
0.348346
0.342495
0.328526
0.304817
0.269914
0.221501
0.156304
0.0698941
-0.043664
-0.192259
-0.386329
-0.639467
-0.969524
-1.39938
-1.95886
-2.68881
-3.63126
-4.894
-6.43495
-8.74286
0.28892
0.283137
0.269343
0.245771
0.211083
0.163123
0.0988048
0.0139741
-0.0969102
-0.241185
-0.428484
-0.671338
-0.985777
-1.39285
-1.91665
-2.59741
-3.45084
-4.5995
-5.90827
-7.83116
0.227336
0.221521
0.20775
0.184209
0.149668
0.102148
0.038792
-0.0442275
-0.151968
-0.291087
-0.470204
-0.700564
-0.995869
-1.37527
-1.85561
-2.47748
-3.23044
-4.24098
-5.35595
-6.92882
0.163862
0.157985
0.144196
0.12068
0.0862888
0.0392225
-0.0231454
-0.104312
-0.208843
-0.342709
-0.51347
-0.731113
-1.00684
-1.35823
-1.79482
-2.35711
-3.01909
-3.89094
-4.8683
-6.14649
0.0988344
0.0929358
0.0792031
0.0558514
0.0218094
-0.0245419
-0.0855845
-0.164476
-0.265282
-0.393288
-0.554978
-0.759142
-1.01449
-1.33709
-1.73077
-2.2324
-2.81612
-3.55517
-4.41823
-5.45381
0.0326459
0.0267743
0.0131944
-0.0098229
-0.0432673
-0.0885683
-0.147845
-0.223897
-0.320269
-0.441549
-0.593147
-0.782629
-1.01651
-1.30867
-1.66045
-2.09936
-2.61305
-3.22757
-3.97464
-4.80955
-0.034238
-0.0400365
-0.053368
-0.0758841
-0.108487
-0.152414
-0.209508
-0.282198
-0.3735
-0.487294
-0.627969
-0.801763
-1.01362
-1.27404
-1.58547
-1.96152
-2.40876
-2.9109
-3.53856
-4.20621
-0.101273
-0.106951
-0.119936
-0.141785
-0.173308
-0.215553
-0.270085
-0.338961
-0.424686
-0.53043
-0.659701
-0.817262
-1.00725
-1.23587
-1.50883
-1.82537
-2.20792
-2.61401
-3.12648
-3.65454
-0.167834
-0.173345
-0.185884
-0.206901
-0.237116
-0.277389
-0.329019
-0.393699
-0.473463
-0.570791
-0.688477
-0.829763
-0.998529
-1.19669
-1.43304
-1.69664
-2.01706
-2.34442
-2.75333
-3.16578
-0.233224
-0.238522
-0.25052
-0.270553
-0.299249
-0.337296
-0.385739
-0.445931
-0.519482
-0.608234
-0.714407
-0.839881
-0.988322
-1.15858
-1.36042
-1.57907
-1.8422
-2.10596
-2.42702
-2.7452
-0.296677
-0.301719
-0.313091
-0.332011
-0.359013
-0.39463
-0.439678
-0.4952
-0.562437
-0.642682
-0.737648
-0.848222
-0.97753
-1.12309
-1.29324
-1.47458
-1.68757
-1.89981
-2.14945
-2.39263
-0.357366
-0.362119
-0.372799
-0.390503
-0.415683
-0.448736
-0.490274
-0.541075
-0.602056
-0.674086
-0.758396
-0.8553
-0.967057
-1.09121
-1.2334
-1.38386
-1.55507
-1.72558
-1.91894
-2.1042
-0.414418
-0.418857
-0.428799
-0.445227
-0.468518
-0.498952
-0.53697
-0.583133
-0.638087
-0.702389
-0.776834
-0.861473
-0.957628
-1.06346
-1.18193
-1.30687
-1.44455
-1.58167
-1.73173
-1.8735
-0.46691
-0.471025
-0.480214
-0.495353
-0.516755
-0.544606
-0.579212
-0.620958
-0.670275
-0.727503
-0.793079
-0.866948
-0.949669
-1.04001
-1.13905
-1.2431
-1.35461
-1.46553
-1.58291
-1.69265
-0.513874
-0.517669
-0.526122
-0.540015
-0.559606
-0.585013
-0.616431
-0.65412
-0.698346
-0.749296
-0.807155
-0.871805
-0.943318
-1.02084
-1.1044
-1.19172
-1.28322
-1.374
-1.46718
-1.55365
-0.554275
-0.557771
-0.565544
-0.578293
-0.596237
-0.619441
-0.648025
-0.682152
-0.721976
-0.767578
-0.818984
-0.876024
-0.938507
-1.00576
-1.07733
-1.15167
-1.22824
-1.30392
-1.37957
-1.44943
-0.586965
-0.590204
-0.597393
-0.609168
-0.625718
-0.647073
-0.673302
-0.704504
-0.740758
-0.782076
-0.82839
-0.879493
-0.93507
-0.994529
-1.05722
-1.12195
-1.18781
-1.25264
-1.31606
-1.37441
-0.610609
-0.613652
-0.6204
-0.631441
-0.646946
-0.666928
-0.69142
-0.720482
-0.75415
-0.792393
-0.835098
-0.882029
-0.932823
-0.986921
-1.04362
-1.10189
-1.16068
-1.21836
-1.27392
-1.32489
-0.623535
-0.62647
-0.632971
-0.643596
-0.658513
-0.677727
-0.701255
-0.729136
-0.761386
-0.797954
-0.838706
-0.883395
-0.931643
-0.982901
-1.03645
-1.09135
-1.14651
-1.20051
-1.25211
-1.29938
1.12335
1.12151
1.11663
1.10777
1.09394
1.07339
1.04378
1.00194
0.943759
0.863716
0.755113
0.60851
0.41358
0.153058
-0.187835
-0.645376
-1.24018
-2.05776
-3.14464
-4.68044
1.08479
1.08272
1.07722
1.06752
1.05255
1.03056
0.999181
0.95519
0.894411
0.811225
0.69879
0.547462
0.346608
0.0786302
-0.272105
-0.741904
-1.35466
-2.19299
-3.31677
-4.89121
1.0465
1.04419
1.03808
1.02755
1.01146
0.98804
0.954907
0.908774
0.8454
0.759064
0.642775
0.486687
0.279836
0.00433391
-0.356402
-0.838566
-1.46955
-2.3288
-3.49007
-5.1027
1.00847
1.00595
0.99924
0.98789
0.970695
0.945872
0.910995
0.862732
0.796767
0.707275
0.587108
0.426227
0.213307
-0.069788
-0.440684
-0.935309
-1.58482
-2.46504
-3.66451
-5.31458
0.970751
0.96801
0.960727
0.948577
0.930296
0.904085
0.86748
0.817098
0.748546
0.655894
0.531827
0.366118
0.147054
-0.143704
-0.524923
-1.0321
-1.70045
-2.60161
-3.84
-5.52648
0.933343
0.930397
0.92256
0.909631
0.890285
0.862707
0.824393
0.771906
0.700772
0.604955
0.476964
0.306391
0.0811065
-0.217392
-0.6091
-1.12892
-1.81644
-2.73843
-4.01651
-5.73808
0.896269
0.893129
0.884764
0.871078
0.850691
0.821768
0.781764
0.727185
0.653475
0.554488
0.422549
0.247073
0.0154862
-0.290837
-0.693208
-1.22577
-1.93279
-2.87548
-4.19402
-5.9491
0.859544
0.856224
0.84736
0.832941
0.811539
0.781295
0.73962
0.682966
0.606686
0.504523
0.368609
0.188186
-0.0497872
-0.364028
-0.777241
-1.32265
-2.04952
-3.01275
-4.37255
-6.15936
0.823185
0.8197
0.810367
0.795244
0.772854
0.741313
0.69799
0.639275
0.56043
0.455086
0.315169
0.12975
-0.114699
-0.436963
-0.861201
-1.41959
-2.16666
-3.15025
-4.55207
-6.36875
0.787205
0.783573
0.773805
0.758007
0.734657
0.701848
0.656898
0.596138
0.514734
0.406199
0.262249
0.0717815
-0.179237
-0.509646
-0.945094
-1.51663
-2.2842
-3.28806
-4.73252
-6.57727
0.751618
0.747858
0.737693
0.72125
0.696972
0.66292
0.616367
0.553579
0.46962
0.357884
0.209868
0.0142909
-0.243395
-0.582088
-1.02893
-1.61381
-2.40215
-3.42629
-4.91372
-6.78513
0.716435
0.712569
0.702047
0.684993
0.659818
0.624552
0.576419
0.511617
0.425109
0.310159
0.158042
-0.0427135
-0.30717
-0.654307
-1.11272
-1.71122
-2.5205
-3.56517
-5.09535
-6.99279
0.681666
0.67772
0.666883
0.649253
0.623214
0.586764
0.537074
0.470274
0.381219
0.263041
0.106783
-0.0992277
-0.370562
-0.726328
-1.19648
-1.80896
-2.6392
-3.70499
-5.27689
-7.20111
0.647321
0.643323
0.632217
0.614047
0.587179
0.549575
0.498351
0.429568
0.337967
0.216542
0.0561018
-0.155251
-0.433578
-0.798182
-1.28024
-1.90712
-2.7582
-3.84617
-5.45754
-7.41151
0.613406
0.609386
0.598059
0.579387
0.551726
0.512998
0.460265
0.389514
0.295368
0.170675
0.00600411
-0.210785
-0.496226
-0.869905
-1.36401
-2.00586
-2.87741
-3.9892
-5.63616
-7.62606
0.579929
0.575918
0.564417
0.545281
0.516862
0.47704
0.422823
0.350116
0.253426
0.12544
-0.0435109
-0.265839
-0.558524
-0.941539
-1.44784
-2.10528
-2.99676
-4.13467
-5.81145
-7.84809
0.546897
0.542937
0.531318
0.511759
0.48262
0.441737
0.386057
0.311405
0.212163
0.0808541
-0.0924378
-0.320421
-0.620491
-1.01312
-1.53177
-2.20553
-3.11619
-4.28306
-5.98152
-8.08116
0.51433
0.510501
0.498855
0.478948
0.449154
0.407263
0.350161
0.273581
0.171776
0.0370902
-0.140637
-0.374432
-0.682074
-1.08465
-1.61583
-2.30668
-3.23586
-4.43533
-6.14651
-8.33443
0.482213
0.478585
0.467008
0.446831
0.416461
0.37364
0.315181
0.236721
0.132366
-0.00573353
-0.187999
-0.427802
-0.743273
-1.15618
-1.70015
-2.4087
-3.35539
-4.58977
-6.30115
-8.60557
0.450363
0.4466
0.434814
0.41409
0.382879
0.338879
0.278842
0.198318
0.0912834
-0.0502993
-0.237119
-0.482961
-0.806401
-1.23017
-1.78806
-2.51695
-3.48538
-4.7647
-6.48634
-8.96142
1.91338
1.9141
1.91863
1.92546
1.93361
1.94144
1.94688
1.94722
1.93908
1.91831
1.87991
1.81782
1.72476
1.59158
1.40727
1.15517
0.814224
0.370885
-0.209093
-1.17142
1.87432
1.87475
1.87872
1.88442
1.891
1.89678
1.89965
1.89685
1.88492
1.85957
1.81558
1.74656
1.64483
1.50053
1.3019
1.03157
0.666497
0.18664
-0.405083
-1.39174
1.83528
1.83592
1.83985
1.84507
1.85081
1.85541
1.85677
1.85216
1.83814
1.81044
1.7639
1.69215
1.58761
1.44053
1.23949
0.967611
0.602713
0.116972
-0.460236
-1.45429
1.79606
1.79686
1.80069
1.80543
1.81037
1.81387
1.81385
1.80758
1.79167
1.76186
1.71301
1.63881
1.53174
1.38214
1.17879
0.904863
0.539629
0.0443985
-0.535451
-1.55832
1.75666
1.7575
1.76111
1.76523
1.76926
1.77152
1.76994
1.7618
1.7437
1.71135
1.65958
1.58199
1.47099
1.31668
1.10775
0.826527
0.453772
-0.0609354
-0.658026
-1.70465
1.71712
1.71795
1.72125
1.72471
1.72775
1.72869
1.72547
1.71535
1.69489
1.65978
1.60477
1.52332
1.40769
1.24767
1.0317
0.740947
0.358146
-0.177431
-0.793541
-1.85536
1.67746
1.67825
1.68121
1.68397
1.686
1.6856
1.68071
1.66858
1.64574
1.60783
1.54954
1.46417
1.34387
1.17805
0.955077
0.654785
0.262458
-0.291553
-0.92723
-2.00619
1.63772
1.63843
1.641
1.64304
1.64402
1.64227
1.6357
1.62155
1.59632
1.5556
1.49401
1.40472
1.27974
1.10813
0.878262
0.568498
0.166733
-0.404655
-1.06318
-2.16384
1.5979
1.59851
1.60065
1.60193
1.60186
1.59873
1.59046
1.57426
1.54662
1.50306
1.43812
1.34483
1.21507
1.03749
0.80053
0.480884
0.068766
-0.520279
-1.20506
-2.3298
1.55804
1.55852
1.56019
1.56069
1.55953
1.555
1.545
1.52674
1.49666
1.4502
1.38185
1.28446
1.14979
0.966014
0.72163
0.391579
-0.0320419
-0.639029
-1.35225
-2.50253
1.51816
1.51849
1.51964
1.51935
1.51708
1.51113
1.49939
1.47904
1.44648
1.3971
1.32528
1.2237
1.08398
0.893808
0.641714
0.300874
-0.135209
-0.760152
-1.50329
-2.68099
1.47827
1.47843
1.47906
1.47794
1.47454
1.46715
1.45366
1.4312
1.39614
1.34379
1.26846
1.16262
1.01775
0.821017
0.560972
0.209096
-0.240256
-0.883177
-1.65749
-2.86478
1.43842
1.43838
1.43845
1.4365
1.43196
1.42312
1.40785
1.38327
1.34569
1.29035
1.21145
1.10128
0.951176
0.747742
0.47952
0.116419
-0.346952
-1.00802
-1.81462
-3.05354
1.39861
1.39837
1.39786
1.39506
1.38936
1.37907
1.36202
1.33529
1.29518
1.23681
1.15431
1.03976
0.884318
0.67406
0.39744
0.0229489
-0.45515
-1.13464
-1.97442
-3.24674
1.35887
1.35843
1.35731
1.35365
1.34679
1.33503
1.31619
1.28732
1.24464
1.18324
1.0971
0.978094
0.817241
0.600048
0.314812
-0.0712159
-0.564677
-1.26291
-2.1366
-3.44385
1.31924
1.31857
1.31684
1.31231
1.30429
1.29105
1.27041
1.23938
1.19415
1.12967
1.03986
0.916357
0.750007
0.525783
0.231721
-0.165969
-0.675345
-1.39267
-2.30084
-3.64435
1.27972
1.27882
1.27647
1.27107
1.26188
1.24717
1.22473
1.19154
1.14373
1.07616
0.982646
0.854603
0.68268
0.451338
0.148255
-0.26121
-0.786972
-1.52374
-2.46689
-3.84776
1.24035
1.23922
1.23623
1.22997
1.21961
1.20343
1.17919
1.14383
1.09343
1.02277
0.925516
0.792888
0.615318
0.376781
0.0644927
-0.356849
-0.8994
-1.65595
-2.6345
-4.05357
1.20115
1.19978
1.19616
1.18903
1.1775
1.15986
1.13382
1.0963
1.04331
0.969527
0.868517
0.731266
0.547977
0.302176
-0.0194894
-0.452805
-1.01249
-1.78913
-2.80345
-4.2613
1.16214
1.16054
1.15628
1.14829
1.1356
1.1165
1.08867
1.04899
0.993402
0.916494
0.811699
0.669788
0.480712
0.227581
-0.103623
-0.549007
-1.12612
-1.92313
-2.97356
-4.47043
3.45761
3.46237
3.47269
3.48902
3.51088
3.53734
3.56737
3.59991
3.63391
3.6683
3.70204
3.73423
3.76408
3.791
3.81456
3.83454
3.85086
3.86361
3.8729
3.87889
3.43625
3.44116
3.4518
3.46867
3.49127
3.51866
3.54982
3.5837
3.61925
3.65536
3.69102
3.72528
3.75734
3.78654
3.81244
3.83473
3.85329
3.86812
3.87915
3.88651
3.39734
3.40249
3.41369
3.43145
3.45528
3.48425
3.51732
3.55348
3.59164
3.63071
3.66963
3.70743
3.74327
3.77642
3.80635
3.83266
3.85513
3.87362
3.8877
3.89728
3.34385
3.3493
3.36117
3.38001
3.40535
3.43623
3.47166
3.51059
3.55196
3.59466
3.63762
3.67982
3.72035
3.75844
3.79344
3.82485
3.8523
3.87554
3.89353
3.90505
3.27828
3.28404
3.29659
3.31656
3.34345
3.37633
3.41419
3.45601
3.50073
3.54723
3.59441
3.64124
3.68676
3.7301
3.77054
3.80742
3.84028
3.86883
3.89153
3.90222
3.20284
3.20887
3.22204
3.24304
3.27136
3.30605
3.34614
3.39061
3.4384
3.4884
3.53949
3.5906
3.64074
3.68899
3.7345
3.77652
3.81439
3.84754
3.87422
3.88692
3.11956
3.1258
3.13948
3.1613
3.19076
3.2269
3.26876
3.31535
3.36559
3.41838
3.47259
3.52713
3.58097
3.63313
3.6827
3.72881
3.77071
3.80768
3.83509
3.8495
3.03034
3.03672
3.05072
3.07309
3.10329
3.14038
3.18339
3.23134
3.28316
3.33771
3.39387
3.45054
3.50663
3.56115
3.6131
3.66151
3.70564
3.74402
3.77014
3.78286
2.93695
2.94338
2.95751
2.9801
3.01059
3.04803
3.09145
3.13986
3.19218
3.24725
3.30392
3.36106
3.41755
3.47235
3.52438
3.5726
3.61619
3.65294
3.67409
3.68129
2.841
2.84738
2.86143
2.88391
2.91421
2.95137
2.99442
3.04233
3.09398
3.14819
3.20374
3.25945
3.31417
3.36677
3.41607
3.46092
3.50043
3.53146
3.54257
3.53936
2.74395
2.75018
2.76396
2.786
2.81564
2.8519
2.89378
2.94022
2.99002
3.04193
3.09466
3.14693
3.1975
3.24512
3.28847
3.32621
3.35737
3.37762
3.37233
3.35238
2.64704
2.65305
2.66637
2.68767
2.71622
2.751
2.79099
2.83503
2.88186
2.93008
2.9783
3.02509
3.06905
3.10876
3.14266
3.16912
3.18703
3.19061
3.16127
3.11649
2.55135
2.55707
2.56978
2.59007
2.61715
2.64996
2.6874
2.72823
2.77103
2.81429
2.8564
2.89574
2.93068
2.95953
2.98036
2.99108
2.9904
2.97078
2.90856
2.82881
2.45776
2.46314
2.47512
2.49419
2.51948
2.5499
2.58424
2.62115
2.65904
2.69619
2.73077
2.76086
2.78452
2.79965
2.80383
2.79423
2.76934
2.71966
2.61471
2.48753
2.36697
2.37196
2.38312
2.40081
2.42408
2.45176
2.48258
2.515
2.54725
2.57735
2.60318
2.62244
2.63277
2.63156
2.61566
2.58123
2.52642
2.43984
2.28169
2.09215
2.2795
2.28407
2.29435
2.31055
2.33162
2.35635
2.38331
2.41082
2.43687
2.45918
2.47527
2.48241
2.47767
2.45781
2.41877
2.35525
2.26484
2.13482
1.91298
1.64345
2.19574
2.19986
2.20924
2.22386
2.24262
2.26424
2.28715
2.30946
2.32892
2.34292
2.34853
2.3425
2.32126
2.28076
2.21586
2.11934
1.98772
1.80848
1.5139
1.14377
2.11595
2.11966
2.12815
2.14116
2.15755
2.17595
2.19467
2.21161
2.22423
2.22958
2.22425
2.20439
2.16565
2.10305
2.01024
1.87768
1.69951
1.46508
1.09069
0.595693
2.04033
2.04376
2.05154
2.06305
2.07713
2.09233
2.1068
2.11821
2.12376
2.12008
2.10326
2.06877
2.01141
1.92504
1.80197
1.63018
1.39978
1.10394
0.650713
0.00393039
1.96865
1.97152
1.97849
1.98844
2.00026
2.0124
2.02285
2.02907
2.02789
2.01553
1.98749
1.93846
1.86222
1.75126
1.59638
1.38299
1.09486
0.723828
0.189433
-0.641748
3.88103
3.88159
3.88187
3.88196
3.88186
3.88156
3.88105
3.88032
3.87938
3.87822
3.87683
3.87521
3.87335
3.87125
3.86889
3.86628
3.86339
3.86023
3.85678
3.85304
3.89054
3.89137
3.89162
3.89167
3.89155
3.89121
3.89063
3.88981
3.88876
3.88746
3.88591
3.88411
3.88203
3.87969
3.87707
3.87416
3.87096
3.86746
3.86364
3.8595
3.90505
3.90648
3.90675
3.9068
3.9067
3.90634
3.9057
3.90477
3.90356
3.90206
3.90027
3.89817
3.89577
3.89305
3.89002
3.88665
3.88295
3.87891
3.87452
3.86978
3.91869
3.92105
3.9215
3.92172
3.9218
3.92159
3.92102
3.92009
3.91882
3.91719
3.9152
3.91285
3.91012
3.90701
3.90351
3.89962
3.89533
3.89064
3.88555
3.88003
3.92764
3.92996
3.93069
3.93147
3.93204
3.93219
3.93188
3.93114
3.92995
3.92831
3.92622
3.92366
3.92064
3.91715
3.91318
3.90873
3.9038
3.89837
3.89245
3.88604
3.91807
3.92407
3.92634
3.92811
3.92969
3.93075
3.93122
3.93109
3.93038
3.92907
3.92716
3.92465
3.92154
3.91782
3.91349
3.90855
3.903
3.89683
3.89005
3.88265
3.89038
3.89901
3.90321
3.9067
3.90985
3.91231
3.91399
3.91489
3.915
3.91432
3.91289
3.91067
3.90766
3.90387
3.89929
3.89394
3.8878
3.88088
3.87318
3.8647
3.83479
3.84692
3.85407
3.86015
3.86563
3.87018
3.87369
3.87617
3.87762
3.87807
3.87746
3.87585
3.87323
3.86959
3.86494
3.8593
3.85265
3.845
3.83635
3.82671
3.74511
3.76171
3.77294
3.78256
3.79122
3.79862
3.80465
3.80934
3.8127
3.81473
3.8154
3.81478
3.81285
3.80961
3.80509
3.79928
3.79219
3.78383
3.7742
3.7633
3.61537
3.63754
3.65404
3.66826
3.68103
3.69212
3.70145
3.70903
3.71489
3.71902
3.72139
3.72219
3.72129
3.71873
3.71453
3.70869
3.70123
3.69216
3.68147
3.66917
3.44057
3.46953
3.49256
3.51245
3.5303
3.54599
3.55942
3.57062
3.57963
3.58647
3.59118
3.59367
3.5941
3.59244
3.5887
3.58292
3.57509
3.56523
3.55334
3.53942
3.21652
3.2536
3.28437
3.31101
3.33496
3.35615
3.37451
3.39007
3.40287
3.41297
3.42032
3.42483
3.427
3.42652
3.42343
3.41777
3.40956
3.39882
3.38554
3.36973
2.9398
2.98643
3.02611
3.06058
3.09162
3.11923
3.14334
3.16399
3.18123
3.19512
3.20575
3.21317
3.217
3.21779
3.21542
3.20988
3.20121
3.18941
3.17449
3.15644
2.60774
2.66537
2.715
2.75826
2.79733
2.8322
2.86282
2.88924
2.91153
2.92974
2.94398
2.95426
2.96044
2.96271
2.96121
2.95585
2.94667
2.93367
2.91687
2.89625
2.2186
2.28866
2.3491
2.40198
2.44985
2.49269
2.53045
2.5632
2.59103
2.614
2.63219
2.6457
2.65451
2.65825
2.6576
2.65241
2.64262
2.62826
2.60933
2.58581
1.77163
1.85541
1.9272
1.99026
2.0475
2.09879
2.14413
2.1836
2.21729
2.24527
2.2676
2.2844
2.29579
2.30168
2.30135
2.29617
2.28563
2.26966
2.24828
2.22146
1.26773
1.36637
1.4499
1.52368
1.59073
1.65084
1.70399
1.75031
1.78988
1.82279
1.84912
1.86896
1.88246
1.88981
1.89088
1.88437
1.87247
1.8543
1.82982
1.79905
0.707145
0.822292
0.9178
1.00227
1.07893
1.14757
1.20828
1.26121
1.30645
1.3441
1.37425
1.39695
1.4123
1.42049
1.42171
1.41568
1.40057
1.37993
1.35206
1.3169
0.0916258
0.219162
0.324833
0.420761
0.508776
0.587932
0.65804
0.719093
0.771149
0.814295
0.848629
0.874248
0.891237
0.899691
0.89978
0.891831
0.875882
0.849923
0.816992
0.775472
-0.568812
-0.398963
-0.269591
-0.158607
-0.0608112
0.0250479
0.0998313
0.164039
0.217968
0.26182
0.295743
0.319854
0.334243
0.338973
0.334154
0.320079
0.297053
0.264384
0.220832
0.168307
3.84899
3.84463
3.83995
3.83495
3.8296
3.82391
3.81786
3.81146
3.80469
3.79754
3.79002
3.78212
3.77383
3.76515
3.75608
3.74661
3.73676
3.7265
3.71585
3.70493
3.85504
3.85025
3.84511
3.83962
3.83378
3.82758
3.821
3.81406
3.80674
3.79905
3.79097
3.78251
3.77367
3.76445
3.75485
3.74487
3.73452
3.72375
3.71259
3.70157
3.86466
3.85918
3.85333
3.84709
3.84046
3.83345
3.82603
3.81822
3.81001
3.8014
3.79238
3.78297
3.77315
3.76294
3.75234
3.74136
3.72999
3.71812
3.70581
3.69434
3.8741
3.86774
3.86095
3.85373
3.84607
3.83797
3.82943
3.82044
3.81101
3.80114
3.79082
3.78006
3.76887
3.75724
3.74519
3.73274
3.71985
3.70631
3.69219
3.67989
3.87912
3.87169
3.86376
3.85532
3.84636
3.83688
3.82689
3.81638
3.80535
3.7938
3.78174
3.76916
3.75607
3.74248
3.7284
3.71387
3.6988
3.68281
3.66599
3.65241
3.87462
3.86597
3.8567
3.84681
3.83628
3.82513
3.81334
3.80093
3.78788
3.77421
3.75991
3.74498
3.72943
3.71325
3.69648
3.67918
3.66121
3.64185
3.62123
3.60612
3.85542
3.84538
3.83454
3.82292
3.81051
3.79732
3.78333
3.76855
3.75298
3.73661
3.71945
3.7015
3.68275
3.6632
3.64289
3.62193
3.60008
3.57622
3.55047
3.53224
3.81607
3.80443
3.7918
3.77816
3.76353
3.74789
3.73123
3.71357
3.69489
3.67519
3.65446
3.63271
3.60991
3.58605
3.56121
3.53555
3.50872
3.47889
3.44603
3.42378
3.75112
3.73768
3.72296
3.70697
3.68969
3.67113
3.65127
3.63011
3.60764
3.58385
3.55872
3.53224
3.50439
3.47512
3.44457
3.41303
3.37991
3.3423
3.2999
3.27284
3.65525
3.63972
3.62258
3.60382
3.58343
3.5614
3.53771
3.51236
3.48531
3.45657
3.4261
3.39388
3.35985
3.32396
3.28642
3.24774
3.207
3.15956
3.10475
3.07214
3.52348
3.50551
3.48551
3.46348
3.43938
3.41322
3.38496
3.35459
3.32207
3.28739
3.25052
3.21141
3.16995
3.12607
3.08012
3.03295
2.98319
2.92359
2.85287
2.81402
3.35139
3.33053
3.30715
3.28121
3.25272
3.22163
3.18794
3.15159
3.11257
3.07082
3.02634
2.97905
2.92877
2.87536
2.81942
2.76233
2.70208
2.6277
2.53691
2.49099
3.13528
3.11101
3.08361
3.05308
3.01938
2.98248
2.94236
2.89897
2.85226
2.80219
2.74874
2.69183
2.63117
2.56654
2.49882
2.43022
2.35794
2.26595
2.15036
2.09649
2.87182
2.8436
2.81157
2.7757
2.73597
2.69233
2.64475
2.59317
2.53754
2.47781
2.41396
2.34591
2.27326
2.1956
2.1142
2.03236
1.94659
1.8344
1.6895
1.62719
2.55771
2.52505
2.48779
2.44591
2.39937
2.34813
2.29213
2.23131
2.16559
2.09493
2.01932
1.93869
1.85255
1.76026
1.66342
1.56678
1.46656
1.33284
1.15578
1.08524
2.18921
2.15157
2.1085
2.05996
2.0059
1.94626
1.88098
1.81
1.73322
1.65058
1.56211
1.46781
1.36717
1.25934
1.14603
1.03364
0.918959
0.764759
0.555424
0.476237
1.76198
1.71867
1.66906
1.6131
1.55074
1.48191
1.40656
1.32464
1.23607
1.1408
1.0389
0.930485
0.815206
0.692022
0.562315
0.433612
0.304575
0.132626
-0.106425
-0.198022
1.27451
1.22497
1.16825
1.10432
1.03315
0.954717
0.868978
0.775909
0.675476
0.56765
0.452475
0.330115
0.200398
0.062193
-0.08415
-0.231445
-0.377891
-0.56592
-0.828951
-0.937475
0.725549
0.667537
0.601453
0.527305
0.445092
0.354818
0.256497
0.150148
0.0357909
-0.0865738
-0.216936
-0.355185
-0.501271
-0.655931
-0.819745
-0.987546
-1.15335
-1.34879
-1.61125
-1.71792
0.106782
0.0361787
-0.0435952
-0.132531
-0.230597
-0.337742
-0.453893
-0.578952
-0.712785
-0.855214
-1.006
-1.16476
-1.33081
-1.50336
-1.6817
-1.86234
-2.03645
-2.21035
-2.40707
-2.45749
3.67781
3.62516
3.56259
3.48936
3.40427
3.30627
3.19476
3.06954
2.93088
2.77945
2.61649
2.44368
2.26323
2.07767
1.88983
1.70264
1.51902
1.34168
1.17305
1.01511
0.869374
0.736819
0.617945
0.512764
0.420933
0.341757
0.274371
0.217688
0.170635
0.132
0.100743
0.0756926
0.0559837
0.0405769
0.0288825
0.0199368
0.0133887
0.00826735
0.00452384
0.00108901
3.676
3.62077
3.55527
3.47946
3.39171
3.29088
3.17653
3.04864
2.90755
2.75403
2.58936
2.41529
2.23407
2.04826
1.86068
1.67426
1.49186
1.31614
1.14943
0.993617
0.850125
0.719844
0.603194
0.500123
0.410247
0.332838
0.267018
0.211696
0.165806
0.12815
0.0977049
0.073329
0.0541754
0.0392082
0.0278534
0.0191875
0.0128546
0.00793033
0.00434285
0.00106796
3.67101
3.61081
3.54038
3.46
3.36742
3.26164
3.1425
3.01016
2.86509
2.70819
2.54083
2.36488
2.18262
1.99665
1.80981
1.62496
1.44488
1.27211
1.10883
0.956788
0.817229
0.690898
0.578088
0.478648
0.392117
0.317725
0.25457
0.201562
0.157644
0.121651
0.0925806
0.0693409
0.0511016
0.0368924
0.0261057
0.0179241
0.0119429
0.00736862
0.00402281
0.00104214
3.65883
3.59155
3.51523
3.42887
3.32996
3.21801
3.09312
2.95558
2.80596
2.6453
2.47511
2.29733
2.11432
1.92873
1.74334
1.56096
1.38426
1.21561
1.057
0.90997
0.775573
0.654369
0.546498
0.451693
0.369409
0.298829
0.239028
0.188924
0.147476
0.11356
0.0862022
0.0643728
0.0472615
0.0339978
0.0239214
0.0163474
0.0108012
0.00666875
0.00361143
0.0010117
3.63442
3.55679
3.47509
3.38215
3.27641
3.15819
3.02767
2.88516
2.73136
2.56743
2.395
2.21611
2.03317
1.84884
1.66589
1.48702
1.31475
1.15127
0.998342
0.857282
0.728924
0.61364
0.511411
0.421852
0.344341
0.278018
0.221943
0.175053
0.136329
0.104698
0.0792217
0.0589405
0.0430682
0.030824
0.0215259
0.0146194
0.00954606
0.00590069
0.00314771
0.000977571
3.59337
3.49862
3.41456
3.31556
3.20384
3.08038
2.9453
2.79896
2.64218
2.47621
2.30277
2.124
1.94236
1.76051
1.58117
1.40691
1.2401
1.08271
0.936272
0.801877
0.680143
0.571256
0.475052
0.391043
0.318539
0.256653
0.204442
0.160868
0.124946
0.0956578
0.0721072
0.0534069
0.0387921
0.0275715
0.0190821
0.0128571
0.00826227
0.00511595
0.00266152
0.000943134
3.51878
3.41917
3.32992
3.22557
3.10998
2.98325
2.84553
2.6973
2.53943
2.37325
2.20056
2.02356
1.84475
1.66677
1.49228
1.32373
1.1633
1.01275
0.873403
0.746124
0.631335
0.529062
0.439012
0.360617
0.293136
0.235673
0.187293
0.146992
0.113825
0.0868354
0.0651695
0.048013
0.0346283
0.0244163
0.0166979
0.0111367
0.00700673
0.00434879
0.00217456
0.000911628
3.41176
3.30732
3.21656
3.10962
2.99307
2.8659
2.72835
2.5809
2.42445
2.26038
2.09054
1.9172
1.74289
1.57023
1.4018
1.23994
1.08666
0.943519
0.811649
0.691714
0.583972
0.488315
0.404354
0.331459
0.268865
0.215676
0.170979
0.133813
0.103277
0.0784741
0.058599
0.0429065
0.030689
0.0214291
0.0144383
0.00950593
0.00581455
0.00361999
0.00170178
0.000884694
3.26561
3.15817
3.07149
2.96559
2.85207
2.72821
2.59438
2.45097
2.29889
2.13956
1.97489
1.8072
1.63906
1.47309
1.31181
1.15747
1.0119
0.876541
0.752326
0.639771
0.539
0.449805
0.371726
0.304101
0.246154
0.197006
0.155775
0.121547
0.0934699
0.0707067
0.0524986
0.0381668
0.0270331
0.0186558
0.0123398
0.00799098
0.00470488
0.0029407
0.0012528
0.000862292
3.07421
2.96822
2.8918
2.79218
2.68674
2.57074
2.44483
2.30919
2.16471
2.0129
1.85573
1.69561
1.53519
1.37713
1.2239
1.07769
0.940231
0.812817
0.696267
0.590974
0.496965
0.413964
0.341471
0.278809
0.225209
0.179823
0.141804
0.11029
0.0844779
0.0635896
0.0469112
0.033827
0.0236855
0.0161168
0.0104187
0.00660255
0.00368587
0.00231567
0.000833287
0.000843262
2.83161
2.73464
2.67525
2.5889
2.49752
2.39478
2.28145
2.15754
2.02401
1.88247
1.73502
1.58425
1.4329
1.28373
1.13924
1.00157
0.872409
0.752953
0.643934
0.545667
0.458119
0.380973
0.313713
0.255668
0.206089
0.164165
0.129092
0.100058
0.0763108
0.0571293
0.0418409
0.0298899
0.0206482
0.0138137
0.00867536
0.00534168
0.00275874
0.00174561
0.000446011
0.000825984
2.5318
2.45526
2.42031
2.35606
2.28567
2.20208
2.10633
1.99823
1.87891
1.75022
1.61452
1.47461
1.33345
1.19393
1.05863
0.929726
0.80888
0.697249
0.59552
0.503962
0.422512
0.350841
0.288437
0.234648
0.188756
0.149992
0.117599
0.0908176
0.0689398
0.0513017
0.0372684
0.0263402
0.0179093
0.0117373
0.00710235
0.00420358
0.0019205
0.00122876
9.17582e-05
0.00080888
2.16962
2.12949
2.12725
2.09524
2.05351
1.99522
1.92201
1.83362
1.73154
1.618
1.49574
1.36791
1.23777
1.10841
0.982565
0.862471
0.749824
0.645784
0.551024
0.465805
0.390059
0.323467
0.265536
0.215644
0.173114
0.137221
0.107254
0.0825063
0.0623142
0.0460659
0.033161
0.0231524
0.0154491
0.00987262
0.00568863
0.00318102
0.00116577
0.000761987
-0.000230036
0.000790691
1.7433
1.76016
1.79973
1.81011
1.80494
1.77787
1.73174
1.66651
1.58419
1.48763
1.3801
1.26521
1.14661
1.02767
0.911324
0.79993
0.695252
0.598485
0.510324
0.431043
0.360596
0.298686
0.244853
0.198515
0.159037
0.125742
0.0979648
0.0750491
0.0563725
0.0413726
0.0294798
0.0202962
0.0132443
0.00820202
0.0044211
0.00226424
0.000488001
0.00034143
-0.000520804
0.00077058
1.25468
1.35228
1.44364
1.5054
1.54457
1.55423
1.53917
1.49993
1.4393
1.361
1.269
1.16751
1.06064
0.952114
0.845112
0.742154
0.645105
0.555224
0.473247
0.399486
0.333927
0.276311
0.226217
0.183107
0.146391
0.115441
0.0896361
0.0683674
0.0510511
0.0371709
0.0261845
0.0177402
0.0112708
0.00670717
0.00328611
0.00144339
-0.00011968
-3.69804e-05
-0.000782499
0.00074813
0.700942
0.903388
1.05985
1.18208
1.27414
1.32648
1.34627
1.33566
1.2984
1.23936
1.16341
1.07551
0.980326
0.882019
0.784054
0.689151
0.599306
0.515864
0.439625
0.37095
0.309868
0.256165
0.209464
0.169275
0.135051
0.106212
0.0821783
0.0623873
0.0462901
0.0334129
0.0232374
0.0154547
0.00950578
0.00537061
0.00227057
0.000708997
-0.000663994
-0.000377249
-0.00101733
0.000723254
0.0630771
0.391956
0.636786
0.83287
0.98873
1.09138
1.15072
1.172
1.16019
1.12168
1.06251
0.988535
0.905115
0.816904
0.727722
0.640534
0.557502
0.480085
0.409166
0.34517
0.288183
0.238042
0.194416
0.156865
0.124887
0.0979452
0.0755021
0.0570363
0.042031
0.0300517
0.0206016
0.013411
0.00792705
0.00417539
0.00136185
5.18033e-05
-0.00115146
-0.000683372
-0.00122756
0.000696047
-0.677302
-0.204377
0.16422
0.452443
0.683799
0.844678
0.949011
1.00545
1.02138
1.00492
0.963536
0.904132
0.832853
0.754915
0.674542
0.594981
0.51859
0.446973
0.381116
0.32153
0.268368
0.22153
0.180742
0.145611
0.115685
0.0904721
0.0694741
0.0522096
0.0381924
0.0270248
0.0182293
0.0115728
0.00650754
0.0031013
0.000545387
-0.00053871
-0.00158911
-0.000959807
-0.00141546
0.00066671
-1.46435
-0.841389
-0.318306
0.0721596
0.382169
0.602396
0.751929
0.843164
0.88635
0.891491
0.867521
0.822407
0.763056
0.695229
0.623526
0.551458
0.481572
0.415607
0.354658
0.29932
0.249823
0.206131
0.168028
0.135179
0.107178
0.0835812
0.0639286
0.0477793
0.0346764
0.024258
0.016065
0.00989911
0.00521751
0.00212707
-0.000193807
-0.00107265
-0.0019838
-0.00121025
-0.00158357
0.000636123
-2.08889
-1.35649
-0.681916
-0.212418
0.158167
0.421145
0.603149
0.719118
0.781682
0.802285
0.790907
0.756285
0.705861
0.645758
0.580819
0.514712
0.450092
0.388774
0.331909
0.280145
0.233756
0.192751
0.156956
0.126075
0.0997417
0.0775487
0.0590679
0.043892
0.0315885
0.0218264
0.0141613
0.00842682
0.00408128
0.00126969
-0.000846231
-0.00154259
-0.00233399
-0.00143077
-0.00173516
0.000606832
-2.26013
-1.54295
-0.778103
-0.288307
0.102697
0.375811
0.565731
0.687558
0.754704
0.77894
0.77046
0.738202
0.689757
0.63136
0.567933
0.503196
0.439835
0.379681
0.323895
0.273127
0.227652
0.187478
0.152434
0.122226
0.0964883
0.0748202
0.0567957
0.042016
0.0300492
0.0205769
0.0131507
0.00762261
0.00343885
0.000772664
-0.00124005
-0.00183094
-0.00256154
-0.00157243
-0.00184439
0.000584171
-2.34612
-1.66377
-0.854052
-0.359772
0.0402258
0.318751
0.513382
0.639108
0.70973
0.737316
0.732203
0.70338
0.658414
0.603479
0.543415
0.481868
0.421466
0.364006
0.310634
0.261996
0.21838
0.179812
0.14614
0.117096
0.0923359
0.071484
0.0541343
0.0399094
0.0283935
0.019287
0.0121521
0.00685829
0.00285578
0.000336535
-0.00156809
-0.00206635
-0.0027351
-0.00168286
-0.00191891
0.000559391
-2.4946
-1.81192
-0.954415
-0.445313
-0.0322539
0.255159
0.456338
0.587112
0.661837
0.693077
0.691444
0.666085
0.624613
0.573172
0.516544
0.458306
0.401025
0.346451
0.2957
0.249407
0.207858
0.171092
0.138972
0.111251
0.0876089
0.0676924
0.0511179
0.0375305
0.026533
0.0178458
0.0110447
0.00601725
0.00222148
-0.00013374
-0.00191558
-0.00231411
-0.00291221
-0.00179697
-0.00199012
0.000532554
-2.66597
-1.95806
-1.06068
-0.532814
-0.106722
0.190692
0.39903
0.535443
0.614769
0.650077
0.652236
0.630545
0.592658
0.544708
0.491435
0.43637
0.38204
0.330167
0.281851
0.237726
0.198086
0.162979
0.132289
0.105789
0.0831798
0.0641296
0.0482748
0.0352813
0.0247681
0.0164742
0.00998737
0.00521156
0.00161181
-0.000587129
-0.00225163
-0.00255443
-0.00308429
-0.00190847
-0.00205906
0.000506297
-2.8569
-2.10396
-1.17302
-0.622381
-0.183097
0.125222
0.34116
0.483592
0.567826
0.607452
0.613609
0.595738
0.561538
0.517132
0.467224
0.415305
0.363873
0.31463
0.26867
0.226629
0.188813
0.155287
0.125956
0.100613
0.0789809
0.0607497
0.0455752
0.033143
0.0230879
0.0151662
0.0089771
0.00444027
0.00102678
-0.00102312
-0.00257569
-0.00278671
-0.00325111
-0.00201701
-0.00212598
0.000480424
-3.06226
-2.24925
-1.29012
-0.713687
-0.261054
0.0588665
0.282798
0.43157
0.520961
0.565093
0.575379
0.561411
0.53094
0.490085
0.443527
0.394724
0.34615
0.299492
0.25584
0.215838
0.179802
0.147818
0.119808
0.0955904
0.0749073
0.057471
0.0429564
0.0310684
0.0214573
0.0138965
0.00799602
0.00369091
0.000458072
-0.00144721
-0.00289109
-0.00301305
-0.00341361
-0.00212324
-0.00219084
0.000454601
-3.27928
-2.3949
-1.41134
-0.80672
-0.340371
-0.00826198
0.224062
0.379479
0.474274
0.523092
0.537633
0.527642
0.50093
0.463624
0.420386
0.374656
0.328887
0.284758
0.24336
0.205344
0.171042
0.140557
0.113833
0.0907088
0.0709478
0.0542837
0.0404101
0.0290508
0.019871
0.0126609
0.00704092
0.0029611
-9.60144e-05
-0.00186064
-0.0031986
-0.00323401
-0.00357204
-0.00222736
-0.00225365
0.000428753
-3.5056
-2.5416
-1.53597
-0.901439
-0.420845
-0.0760612
0.165051
0.327402
0.427834
0.481509
0.500423
0.494477
0.471551
0.437786
0.397839
0.355134
0.312115
0.270456
0.231254
0.19517
0.162551
0.133521
0.108043
0.0859774
0.0671095
0.0511932
0.0379402
0.027093
0.0183311
0.0114608
0.00611272
0.0022514
-0.000635137
-0.00226322
-0.00349813
-0.00344956
-0.00372641
-0.0023294
-0.00231444
0.000402858
-3.7394
-2.68996
-1.66342
-0.997814
-0.502308
-0.144441
0.105851
0.275407
0.381696
0.440387
0.463779
0.461936
0.442815
0.412579
0.375888
0.336159
0.295833
0.256586
0.219521
0.185314
0.154329
0.126708
0.102437
0.0813962
0.0633925
0.0481996
0.0355471
0.0251952
0.0168376
0.0102963
0.00521147
0.00156184
-0.00115931
-0.00265499
-0.00378974
-0.00365977
-0.00387677
-0.00242939
-0.00237327
0.000376876
-3.97922
-2.84042
-1.79319
-1.0958
-0.584623
-0.213322
0.04653
0.223551
0.335906
0.39976
0.427726
0.430036
0.414729
0.388004
0.35453
0.317726
0.280035
0.24314
0.208155
0.17577
0.146369
0.120113
0.0970097
0.0769614
0.0597936
0.0453004
0.0332286
0.0233559
0.0153895
0.00916643
0.00433658
0.000891968
-0.00166885
-0.00303618
-0.00407358
-0.00386476
-0.00402319
-0.0025274
-0.00243018
0.000350749
-4.22386
-2.99333
-1.92489
-1.19536
-0.667686
-0.282638
-0.0128546
0.171881
0.290501
0.359655
0.392281
0.398784
0.387297
0.36406
0.333762
0.29983
0.264715
0.230112
0.197148
0.166532
0.138665
0.113731
0.0917582
0.0726693
0.0563099
0.0424933
0.030983
0.0215736
0.0139856
0.00807049
0.00348741
0.00024131
-0.0021641
-0.00340707
-0.00434985
-0.00406468
-0.00416578
-0.00262349
-0.00248522
0.000324419
-4.47237
-3.14887
-2.0582
-1.29644
-0.751422
-0.352335
-0.0722606
0.120433
0.245506
0.320092
0.357456
0.368187
0.360519
0.340744
0.313578
0.282463
0.249866
0.217495
0.186495
0.157593
0.131213
0.107558
0.0866782
0.0685169
0.0529389
0.0397762
0.0288086
0.0198471
0.0126249
0.00700764
0.00266334
-0.000390595
-0.00264542
-0.00376792
-0.00461873
-0.00425968
-0.00430462
-0.00271774
-0.00253842
0.000297824
-4.72392
-3.30719
-2.19291
-1.39897
-0.835783
-0.42237
-0.131659
0.0692319
0.200941
0.281079
0.323255
0.338244
0.334391
0.31805
0.293969
0.265618
0.235479
0.20528
0.176187
0.148948
0.124006
0.101589
0.0817659
0.064501
0.0496778
0.0371468
0.0267036
0.0181749
0.0113064
0.00597707
0.00186377
-0.00100422
-0.00311313
-0.00411899
-0.00488041
-0.0044499
-0.00443981
-0.00281022
-0.00258985
0.000270905
-4.97785
-3.46833
-2.32888
-1.50292
-0.920744
-0.492719
-0.191033
0.0182903
0.156811
0.242621
0.289676
0.308948
0.308904
0.295966
0.274927
0.249283
0.221544
0.19346
0.166218
0.140589
0.117041
0.0958198
0.0770172
0.060618
0.0465239
0.034603
0.0246662
0.0165557
0.0100289
0.00497794
0.00108806
-0.00160004
-0.00356762
-0.00446055
-0.00513509
-0.0046355
-0.00457146
-0.00290099
-0.00263956
0.0002436
-5.23356
-3.63231
-2.46601
-1.60824
-1.0063
-0.563367
-0.25038
-0.0323887
0.113117
0.204712
0.25671
0.280289
0.284046
0.27448
0.256436
0.233447
0.208051
0.182024
0.156579
0.132511
0.110309
0.0902443
0.0724278
0.0568646
0.0434743
0.0321424
0.0226947
0.0149881
0.00879129
0.00400939
0.000335551
-0.00217856
-0.00400925
-0.00479289
-0.00538298
-0.00481663
-0.00469966
-0.00299012
-0.00268758
0.00021585
-5.49054
-3.79911
-2.60428
-1.7149
-1.09248
-0.634319
-0.309709
-0.0828129
0.069847
0.16734
0.224344
0.252252
0.259801
0.253577
0.238484
0.218096
0.194987
0.170962
0.147261
0.124704
0.103805
0.0848577
0.0679935
0.0532372
0.0405263
0.0297629
0.0207872
0.0134704
0.00759253
0.00307054
-0.000394427
-0.0027403
-0.00443839
-0.00511629
-0.00562427
-0.00499345
-0.00482453
-0.0030777
-0.00273399
0.000187596
-5.74835
-3.9687
-2.74369
-1.8229
-1.17929
-0.705589
-0.36904
-0.133
0.0269847
0.130488
0.192559
0.224818
0.236151
0.233239
0.221053
0.203216
0.18234
0.160262
0.138254
0.117161
0.0975224
0.0796544
0.0637097
0.0497322
0.0376768
0.0274619
0.0189419
0.0120015
0.00643144
0.00216051
-0.00110254
-0.00328575
-0.00485544
-0.00543105
-0.00585919
-0.00516611
-0.00494617
-0.00316379
-0.00277883
0.000158785
-6.00665
-4.14108
-2.8843
-1.93225
-1.26681
-0.777213
-0.428406
-0.182978
-0.0154966
0.0941302
0.161332
0.197965
0.213074
0.213446
0.204126
0.18879
0.170095
0.149913
0.129548
0.109874
0.0914541
0.074629
0.0595719
0.0463459
0.0349229
0.0252373
0.0171568
0.0105796
0.00530687
0.00127842
-0.00178948
-0.00381545
-0.00526077
-0.00573746
-0.00608794
-0.00533478
-0.00506469
-0.00324847
-0.00282215
0.000129365
-6.26518
-4.31631
-3.02625
-2.043
-1.3551
-0.849246
-0.487856
-0.232788
-0.0576329
0.0582344
0.130632
0.171664
0.190545
0.194175
0.187682
0.174802
0.158237
0.139903
0.121133
0.102833
0.0855931
0.0697757
0.0555754
0.0430746
0.0322617
0.0230866
0.0154302
0.00920347
0.00421768
0.000423387
-0.00245591
-0.00432989
-0.0056548
-0.00603578
-0.00631078
-0.00549955
-0.0051803
-0.00333172
-0.00286407
9.92968e-05
-6.52353
-4.49435
-3.16966
-2.15522
-1.44426
-0.921761
-0.547458
-0.282485
-0.0994718
0.0227587
0.100423
0.145884
0.168536
0.175402
0.171701
0.161231
0.146752
0.130217
0.112998
0.0960307
0.0799319
0.0650884
0.0517155
0.0399145
0.02969
0.0210073
0.01376
0.00787148
0.00316269
-0.000405508
-0.00310253
-0.00482961
-0.00603791
-0.00632631
-0.00652795
-0.00566053
-0.00529315
-0.00341356
-0.00290468
6.85414e-05
)
;

boundaryField
{
    inlet
    {
        type            freestreamPressure;
        freestreamValue uniform 0;
        value           nonuniform List<scalar> 
80
(
0.405617
0.348346
0.28892
0.227336
0.163862
0.0988344
0.0326459
-0.034238
-0.101273
-0.167834
-0.233224
-0.296677
-0.357366
-0.414418
-0.46691
-0.513874
-0.554275
-0.586965
-0.610609
-0.623535
1.12335
1.08479
1.0465
1.00847
0.970751
0.933343
0.896269
0.859544
0.823185
0.787205
0.751618
0.716435
0.681666
0.647321
0.613406
0.579929
0.546897
0.51433
0.482213
0.450363
1.91338
1.87432
1.83528
1.79606
1.75666
1.71712
1.67746
1.63772
1.5979
1.55804
1.51816
1.47827
1.43842
1.39861
1.35887
1.31924
1.27972
1.24035
1.20115
1.16214
3.45761
3.43625
3.39734
3.34385
3.27828
3.20284
3.11956
3.03034
2.93695
2.841
2.74395
2.64704
2.55135
2.45776
2.36697
2.2795
2.19574
2.11595
2.04033
1.96865
)
;
    }
    outlet
    {
        type            freestreamPressure;
        freestreamValue uniform 0;
        value           nonuniform List<scalar> 
80
(
-5.57213e-08
-6.76092e-08
-8.1768e-08
-9.86436e-08
-1.18604e-07
-1.41954e-07
-1.68892e-07
-1.99401e-07
-2.33095e-07
-2.69011e-07
-3.05338e-07
-3.39091e-07
-3.65806e-07
-3.79398e-07
-3.72509e-07
-3.37925e-07
-2.7183e-07
-1.79209e-07
-7.98718e-08
-1.01383e-08
5.26757e-10
8.41762e-11
-4.89747e-10
-1.20715e-09
-2.08473e-09
-3.13982e-09
-4.39045e-09
-5.85522e-09
-7.55322e-09
-9.50401e-09
-1.17276e-08
-1.42443e-08
-1.7075e-08
-2.02407e-08
-2.37627e-08
-2.76617e-08
-3.19608e-08
-3.66964e-08
-4.19107e-08
-4.75131e-08
3.4992e-12
2.50813e-11
6.63386e-11
1.27052e-10
2.06306e-10
3.02455e-10
4.13248e-10
5.35815e-10
6.66601e-10
8.01335e-10
9.34999e-10
1.06181e-09
1.17516e-09
1.26764e-09
1.33095e-09
1.35593e-09
1.33253e-09
1.24978e-09
1.09591e-09
8.58248e-10
1.24015e-10
9.65847e-10
2.1621e-09
3.29592e-09
4.1435e-09
4.64246e-09
4.82002e-09
4.73447e-09
4.44616e-09
4.00957e-09
3.47436e-09
2.8871e-09
2.29109e-09
1.7243e-09
1.21718e-09
7.90979e-10
4.57292e-10
2.18977e-10
7.19215e-11
6.4547e-12
)
;
    }
    top
    {
        type            symmetryPlane;
    }
    bottom
    {
        type            symmetryPlane;
    }
    cylinder
    {
        type            zeroGradient;
    }
    frontandback
    {
        type            empty;
    }
}


// ************************************************************************* //
