/*--------------------------------*- C++ -*----------------------------------*\
  =========                 |
  \\      /  F ield         | OpenFOAM: The Open Source CFD Toolbox
   \\    /   O peration     | Website:  https://openfoam.org
    \\  /    A nd           | Version:  6.0
     \\/     M anipulation  |
\*---------------------------------------------------------------------------*/
FoamFile
{
    version     2.0;
    format      ascii;
    class       volVectorField;
    location    "3.75";
    object      U;
}
// * * * * * * * * * * * * * * * * * * * * * * * * * * * * * * * * * * * * * //

dimensions      [0 1 -1 0 0 0 0];

internalField   nonuniform List<vector> 
2400
(
(3.99966 -16.2656 -7.18004e-19)
(0.294195 -15.4074 2.43978e-19)
(0.389089 -14.1007 -1.61356e-19)
(0.555039 -12.6565 -7.8815e-20)
(0.520773 -11.3328 -9.83274e-20)
(0.480481 -10.1351 1.29388e-19)
(0.45384 -9.05904 3.89502e-20)
(0.433452 -8.10359 2.13043e-20)
(0.425474 -7.26505 -4.70668e-20)
(0.394688 -6.54139 -2.1286e-21)
(5.26971 -15.9185 8.40239e-19)
(1.50897 -15.3688 -1.15309e-20)
(1.49871 -14.0586 1.44927e-19)
(1.54919 -12.6015 7.79182e-19)
(1.41039 -11.2811 -4.68546e-19)
(1.2762 -10.0884 -2.54901e-20)
(1.16566 -9.01718 -3.81912e-21)
(1.07145 -8.06639 -3.77235e-20)
(0.998908 -7.2323 -4.35477e-20)
(0.910522 -6.51587 4.11868e-22)
(6.51083 -15.4739 1.42893e-18)
(2.71725 -15.2348 8.92486e-19)
(2.60244 -13.9283 -1.98394e-18)
(2.5363 -12.4673 5.07052e-19)
(2.29303 -11.1588 5.67332e-19)
(2.06525 -9.97902 -3.114e-19)
(1.87127 -8.91958 -1.91553e-19)
(1.70387 -7.97956 1.18353e-19)
(1.56718 -7.15545 -2.2526e-19)
(1.42091 -6.45213 1.96823e-19)
(7.71396 -14.9329 -4.89346e-18)
(3.91291 -15.0053 1.35479e-18)
(3.6931 -13.7107 -1.21046e-18)
(3.50983 -12.2553 4.34282e-19)
(3.16291 -10.9673 -3.77825e-19)
(2.84245 -9.80815 4.42389e-19)
(2.56598 -8.76741 9.70286e-20)
(2.3265 -7.84417 -5.24104e-19)
(2.12653 -7.03574 -3.47206e-19)
(1.92274 -6.35211 3.2962e-19)
(8.87249 -14.2988 3.25134e-19)
(5.08746 -14.6816 -5.37182e-19)
(4.76346 -13.4065 -2.07433e-19)
(4.46332 -11.9663 -2.30776e-19)
(4.01432 -10.7074 -9.28394e-19)
(3.60273 -9.57663 1.20768e-19)
(3.24499 -8.5613 -6.31515e-20)
(2.93439 -7.66047 4.93057e-19)
(2.67171 -6.87299 -3.24151e-19)
(2.41078 -6.21539 -1.4334e-19)
(9.97841 -13.5743 4.13854e-18)
(6.23354 -14.2645 -2.55921e-19)
(5.80609 -13.0173 3.03689e-18)
(5.39005 -11.602 -4.07537e-19)
(4.84151 -10.381 1.05748e-18)
(4.34149 -9.28671 -1.32266e-19)
(3.90479 -8.30389 1.63613e-20)
(3.52457 -7.43125 4.28947e-19)
(3.19953 -6.66972 -2.17996e-19)
(2.8817 -6.04351 2.17059e-19)
(11.0253 -12.7639 -1.68689e-18)
(7.34347 -13.7563 1.90374e-19)
(6.81363 -12.5445 -8.56017e-19)
(6.28283 -11.1634 -5.36682e-19)
(5.63751 -9.98896 8.80531e-20)
(5.05246 -8.93937 1.44601e-18)
(4.54067 -7.99682 -4.86455e-19)
(4.0944 -7.15913 9.31812e-20)
(3.70924 -6.42926 -5.22508e-19)
(3.3361 -5.84005 -1.65251e-19)
(12.0068 -11.8723 6.50297e-18)
(8.41094 -13.1594 -8.76445e-19)
(7.77968 -11.9905 -4.20227e-18)
(7.13511 -10.6524 1.98345e-19)
(6.39497 -9.53228 5.41914e-19)
(5.72707 -8.53461 -6.74734e-19)
(5.14337 -7.63949 -6.78351e-19)
(4.63598 -6.84408 9.32715e-19)
(4.19675 -6.15427 -8.87317e-20)
(3.77484 -5.61386 -5.22555e-19)
(12.9174 -10.9045 -5.35251e-18)
(9.42996 -12.477 2.22895e-18)
(8.69921 -11.3582 2.61917e-18)
(7.94261 -10.0715 5.16373e-19)
(7.10946 -9.01214 -1.56381e-18)
(6.35865 -8.07151 8.41143e-19)
(5.70097 -7.22817 3.69609e-19)
(5.13019 -6.48054 6.66793e-19)
(4.63773 -5.84183 -4.42467e-19)
(4.17474 -5.37113 -4.52906e-19)
(13.7497 -9.86461 1.71242e-18)
(10.3939 -11.7126 -5.64422e-19)
(9.5677 -10.6514 -2.13361e-19)
(8.70303 -9.4243 4.22221e-19)
(7.78143 -8.43115 2.77018e-19)
(6.9502 -7.55089 -2.25318e-19)
(6.21512 -6.76117 -2.96003e-19)
(5.5665 -6.06424 4.45168e-19)
(4.99467 -5.48379 -3.15061e-19)
(4.47009 -5.08492 2.61554e-19)
(16.8463 2.80515 8.62611e-20)
(16.9954 1.47097 2.86737e-19)
(17.038 0.130383 -8.60718e-19)
(16.9762 -1.20826 8.01118e-19)
(16.8106 -2.53695 3.38178e-19)
(16.543 -3.84777 4.19336e-18)
(16.1744 -5.13286 -1.7097e-18)
(15.7086 -6.38444 -2.4075e-18)
(15.1466 -7.59539 2.8327e-18)
(14.4946 -8.75787 -4.93018e-18)
(15.7565 -0.941705 1.87168e-19)
(15.6273 -2.17126 -1.10404e-19)
(15.3996 -3.38623 -5.71291e-19)
(15.0758 -4.57887 1.57568e-18)
(14.6588 -5.7417 -5.44832e-19)
(14.1513 -6.86808 4.30186e-18)
(13.557 -7.95049 -2.97816e-18)
(12.8797 -8.98311 4.19543e-18)
(12.1243 -9.9582 -3.06909e-18)
(11.2941 -10.8715 -1.55099e-18)
(14.3274 -0.797668 -3.27486e-19)
(14.2262 -1.91268 -9.71761e-21)
(14.0355 -3.01689 -1.38374e-18)
(13.7565 -4.10333 1.03983e-18)
(13.3913 -5.16514 -1.18444e-18)
(12.9422 -6.19568 -2.39829e-18)
(12.4126 -7.18837 -8.65797e-19)
(11.8061 -8.13674 -4.53202e-19)
(11.1271 -9.03458 2.62384e-18)
(10.3792 -9.87475 1.66897e-18)
(12.7943 -0.543772 1.15964e-19)
(12.7217 -1.53731 -1.98548e-19)
(12.5695 -2.52366 -2.71547e-19)
(12.3378 -3.49685 -1.17363e-18)
(12.0287 -4.45043 8.61862e-19)
(11.6436 -5.37852 2.21104e-18)
(11.1862 -6.27506 8.3908e-19)
(10.6589 -7.13406 1.98783e-19)
(10.0665 -7.9496 5.15153e-19)
(9.41282 -8.71487 1.59924e-19)
(11.4268 -0.491125 -1.03686e-19)
(11.3615 -1.37578 -4.10246e-19)
(11.2257 -2.25445 1.58171e-20)
(11.0184 -3.12234 8.42261e-19)
(10.7427 -3.97309 9.47838e-19)
(10.3982 -4.80245 -6.49972e-19)
(9.99015 -5.6041 -1.09266e-18)
(9.51926 -6.37384 -6.02227e-19)
(8.99177 -7.1054 5.99406e-19)
(8.41065 -7.7932 1.09767e-18)
(10.2236 -0.45007 3.14862e-20)
(10.1622 -1.23871 3.15902e-19)
(10.039 -2.02182 -7.40682e-19)
(9.85022 -2.79593 8.73797e-19)
(9.60217 -3.55434 5.42207e-19)
(9.29036 -4.2953 1.07179e-18)
(8.92437 -5.01116 -2.25573e-19)
(8.49953 -5.70136 -6.67146e-19)
(8.02817 -6.35719 1.53723e-18)
(7.50869 -6.97636 -1.41832e-18)
(9.15929 -0.40256 4.19283e-20)
(9.1011 -1.10584 -2.81424e-19)
(8.98978 -1.80381 -1.97707e-19)
(8.81667 -2.49428 -4.46306e-19)
(8.59435 -3.16988 -6.28926e-20)
(8.30938 -3.8321 -6.02315e-19)
(7.98216 -4.47066 -4.18791e-19)
(7.59429 -5.092 -4.80498e-20)
(7.17485 -5.68054 -8.63412e-19)
(6.70668 -6.24175 1.15441e-18)
(8.21429 -0.356869 -2.86864e-20)
(8.15859 -0.98466 2.24476e-19)
(8.05868 -1.60713 -1.04247e-19)
(7.89848 -2.22327 2.13003e-19)
(7.70078 -2.82459 5.03477e-19)
(7.43675 -3.41648 8.8245e-19)
(7.14701 -3.98448 -2.11654e-19)
(6.78459 -4.5471 -8.19174e-19)
(6.41679 -5.0764 2.69757e-19)
(5.98367 -5.59579 -1.62234e-18)
(7.37206 -0.309775 3.72754e-20)
(7.31934 -0.872234 -4.78817e-20)
(7.23094 -1.42942 -4.23346e-19)
(7.08196 -1.98163 1.27937e-19)
(6.90818 -2.51857 -3.31836e-19)
(6.65984 -3.05004 -1.5423e-19)
(6.40681 -3.55481 -7.2408e-20)
(6.05537 -4.06995 4.09056e-19)
(5.74084 -4.54755 3.3645e-19)
(5.30763 -5.06388 3.36223e-19)
(6.62245 -0.282689 -7.34381e-20)
(6.57207 -0.786324 1.27281e-19)
(6.49361 -1.28595 7.25865e-20)
(6.35421 -1.78398 1.73601e-19)
(6.20142 -2.26726 -1.54248e-20)
(5.9644 -2.75129 -1.4256e-20)
(5.74278 -3.20367 -4.07361e-19)
(5.38851 -3.68571 5.95071e-19)
(5.11923 -4.10955 -3.95313e-19)
(4.63977 -4.67593 1.43113e-19)
(9.95603 13.901 -2.8216e-18)
(11.0221 13.0868 2.91483e-18)
(12.0181 12.1885 -2.06977e-19)
(12.9391 11.2135 -4.66458e-18)
(13.7791 10.1678 3.39845e-18)
(14.5325 9.05775 -2.33808e-18)
(15.1938 7.89022 -5.11737e-19)
(15.7592 6.67342 -4.9261e-19)
(16.2246 5.41456 7.58771e-19)
(16.5886 4.12318 5.59954e-20)
(11.7246 10.2889 2.59341e-18)
(12.5223 9.36593 4.27306e-19)
(13.2429 8.38041 -2.51033e-18)
(13.8817 7.33895 -2.53706e-18)
(14.4344 6.24777 2.22287e-18)
(14.8968 5.11308 -1.6921e-18)
(15.2654 3.94255 1.84242e-18)
(15.5376 2.74345 -5.4341e-19)
(15.7111 1.52474 -1.50937e-18)
(15.7848 0.292918 -9.54633e-20)
(10.5578 9.28819 -5.79504e-19)
(11.2863 8.46727 -4.55658e-19)
(11.947 7.58951 1.37351e-18)
(12.5351 6.65971 1.15027e-18)
(13.0466 5.68303 2.44591e-18)
(13.4773 4.66525 7.36285e-19)
(13.8243 3.61303 -5.19723e-19)
(14.0846 2.5333 -1.15317e-18)
(14.2565 1.43336 9.28087e-19)
(14.3375 0.320487 7.06505e-20)
(9.30369 8.35961 4.12169e-19)
(9.96114 7.64196 -1.16651e-18)
(10.5596 6.87302 -4.5711e-19)
(11.0945 6.05641 -1.89994e-18)
(11.562 5.19657 -1.01156e-18)
(11.9586 4.29882 1.71174e-18)
(12.2818 3.36914 1.1412e-18)
(12.5285 2.41358 -9.60731e-19)
(12.6974 1.43855 3.84228e-20)
(12.786 0.450463 -4.05595e-20)
(8.33191 7.42999 -1.64991e-18)
(8.91618 6.79181 1.75926e-18)
(9.4475 6.1083 -4.37308e-19)
(9.92197 5.38195 8.63816e-19)
(10.3365 4.61674 -5.36491e-19)
(10.6879 3.81781 -9.95806e-19)
(10.9741 2.99056 3.95957e-19)
(11.1924 2.14032 -4.45697e-19)
(11.3418 1.27281 -4.42485e-19)
(11.4197 0.393591 1.81858e-19)
(7.48537 6.61031 -1.72565e-19)
(8.00635 6.04205 2.79893e-19)
(8.47854 5.43364 -3.44941e-19)
(8.89918 4.78624 -1.4896e-18)
(9.26629 4.10378 8.15641e-19)
(9.57698 3.39132 1.25293e-19)
(9.82984 2.65365 -6.75662e-19)
(10.0218 1.89553 -2.13232e-19)
(10.1527 1.12214 2.12373e-19)
(10.2194 0.338423 -6.87087e-20)
(6.72771 5.89031 -6.2725e-19)
(7.19596 5.3859 2.62228e-20)
(7.61799 4.84501 2.71469e-19)
(7.99183 4.26792 7.48387e-19)
(8.31746 3.65938 1.33899e-19)
(8.59261 3.024 3.58248e-19)
(8.81637 2.36586 7.10785e-19)
(8.98529 1.6894 -2.82806e-19)
(9.10037 0.999478 2.29468e-19)
(9.15717 0.300486 -9.27623e-20)
(6.05123 5.25907 -2.72475e-19)
(6.47354 4.81482 2.16621e-19)
(6.85337 4.33245 1.59049e-19)
(7.18636 3.81624 -3.28503e-19)
(7.47492 3.27278 -1.72748e-19)
(7.71808 2.70503 -3.47265e-19)
(7.91579 2.11644 2.97174e-20)
(8.06425 1.51149 -7.14728e-20)
(8.16547 0.894964 -4.66463e-19)
(8.21355 0.270664 6.06576e-20)
(5.4632 4.71518 -1.18483e-19)
(5.82576 4.33229 -3.05945e-19)
(6.16304 3.89648 -1.86182e-19)
(6.46005 3.43102 3.83646e-20)
(6.71593 2.94406 -1.82384e-20)
(6.93095 2.43487 2.99179e-19)
(7.10652 1.90648 1.13278e-19)
(7.23846 1.36364 1.57093e-19)
(7.32918 0.811138 1.95515e-19)
(7.37108 0.25194 -7.85116e-20)
(5.02139 4.19649 -2.13379e-19)
(5.28214 3.86162 3.40876e-19)
(5.55681 3.46003 -5.32147e-19)
(5.81967 3.04116 -3.60424e-20)
(6.04644 2.60922 4.22965e-19)
(6.23433 2.15788 1.75009e-20)
(6.38821 1.68901 1.84434e-19)
(6.50461 1.2068 -3.87229e-19)
(6.5855 0.715816 -3.18389e-21)
(6.62177 0.218015 3.39413e-20)
(0.446809 6.01892 1.04895e-20)
(0.45383 6.76092 -6.06875e-21)
(0.49691 7.59414 -6.34089e-21)
(0.534384 8.52394 6.14525e-20)
(0.571106 9.55871 -2.13488e-20)
(0.600925 10.7127 -1.34966e-19)
(0.641262 12.0187 1.86905e-19)
(0.886738 13.5221 7.43925e-20)
(1.03106 15.0762 1.38135e-19)
(-2.72483 16.6089 6.41261e-19)
(0.941823 5.98959 2.21306e-20)
(1.00452 6.72771 -1.06491e-19)
(1.10979 7.55561 1.20929e-19)
(1.21813 8.48102 3.14996e-20)
(1.33424 9.51192 -8.1692e-20)
(1.45279 10.6635 8.51664e-20)
(1.59371 11.9674 4.54015e-19)
(1.95448 13.4531 -6.30296e-19)
(2.21681 14.9927 3.81259e-20)
(-1.41633 16.7972 -7.57927e-19)
(1.43522 5.92792 1.20075e-19)
(1.55177 6.65677 -1.81552e-19)
(1.71836 7.47346 -1.02535e-19)
(1.89743 8.38819 -1.75428e-20)
(2.09292 9.40853 -1.55667e-19)
(2.30025 10.5504 -9.57536e-20)
(2.54168 11.8444 1.51878e-19)
(3.01619 13.3031 4.34763e-19)
(3.39497 14.8181 3.84918e-19)
(-0.0954333 16.8826 -1.2966e-18)
(1.92873 5.82453 1.22332e-19)
(2.0963 6.54127 -1.44554e-19)
(2.32202 7.34317 -2.22769e-19)
(2.57023 8.24271 7.44813e-20)
(2.84374 9.24713 8.26115e-19)
(3.13885 10.373 -3.85339e-19)
(3.47992 11.6492 3.66961e-19)
(4.06585 13.0722 -1.45076e-18)
(4.5587 14.5533 -1.7105e-18)
(1.2299 16.8658 2.48886e-18)
(2.41277 5.69231 7.59693e-20)
(2.62898 6.39111 -9.10943e-20)
(2.91298 7.1716 2.36671e-19)
(3.23006 8.04883 -2.66006e-19)
(3.58107 9.03006 2.26246e-19)
(3.96319 10.1323 2.25053e-19)
(4.40288 11.3827 2.46558e-19)
(5.0975 12.761 1.94883e-19)
(5.70119 14.1992 1.09003e-18)
(2.55187 16.7461 1.1264e-18)
(2.89838 5.51256 -2.39785e-19)
(3.15746 6.19432 -1.0605e-19)
(3.49445 6.95161 4.54448e-19)
(3.87632 7.80299 -5.63881e-19)
(4.30179 8.75618 -3.45554e-19)
(4.76865 9.82848 -9.51182e-19)
(5.30499 11.0453 -2.18456e-21)
(6.10491 12.37 -1.28875e-18)
(6.81591 13.7565 -2.09768e-19)
(3.86237 16.5235 -3.32858e-18)
(3.36025 5.31138 3.71551e-19)
(3.66203 5.96858 -8.25485e-19)
(4.05341 6.69474 4.67146e-19)
(4.50067 7.51183 2.76632e-19)
(4.99985 8.42908 -8.1243e-20)
(5.54985 9.4638 1.30499e-18)
(6.1807 10.6387 -8.28779e-19)
(7.08206 11.9014 -2.60453e-18)
(7.89544 13.2272 -4.77476e-19)
(5.15322 16.1977 2.99134e-18)
(3.83672 5.05815 -2.9619e-20)
(4.16526 5.69543 3.66756e-19)
(4.59817 6.39052 -1.97623e-19)
(5.10355 7.17109 2.70824e-19)
(5.6721 8.04813 3.09333e-19)
(6.30193 9.03908 -5.73617e-19)
(7.02411 10.1644 4.88913e-19)
(8.02225 11.3563 -1.29526e-18)
(8.93355 12.6129 3.49233e-18)
(6.41606 15.7713 -1.54386e-18)
(4.25289 4.79553 -2.07826e-19)
(4.62425 5.40232 -1.73109e-19)
(5.10947 6.05463 5.70717e-19)
(5.67631 6.78825 -1.03921e-18)
(6.31316 7.61713 1.15888e-18)
(7.01986 8.55705 -6.70722e-19)
(7.82992 9.62494 -1.26896e-18)
(8.91951 10.7374 4.52557e-19)
(9.92209 11.9171 -6.17083e-18)
(7.64311 15.2442 5.44128e-18)
(4.71228 4.49921 5.00397e-19)
(5.07667 5.06236 -5.17925e-19)
(5.59547 5.67455 6.35615e-19)
(6.21824 6.36054 -2.44191e-20)
(6.91885 7.13701 -8.77353e-19)
(7.69804 8.01962 -5.14519e-19)
(8.59139 9.02197 6.20281e-19)
(9.76666 10.0467 1.98513e-18)
(10.856 11.1409 2.90379e-18)
(8.82572 14.6218 -7.36132e-22)
(-3.90518 4.58127 -1.83028e-19)
(-4.42816 5.0085 1.7416e-19)
(-4.99059 5.5844 -1.25288e-19)
(-5.61587 6.25778 2.94314e-19)
(-6.31107 7.00641 3.71839e-19)
(-7.08563 7.82766 7.31893e-19)
(-7.9427 8.75433 1.35923e-18)
(-8.77072 9.95358 9.06666e-19)
(-9.69631 11.1345 1.52559e-18)
(-13.4445 9.6858 -1.12772e-18)
(-3.6179 4.84567 1.22951e-19)
(-4.08769 5.34266 2.24174e-19)
(-4.57623 5.97521 -2.96915e-19)
(-5.12865 6.69723 -1.91819e-19)
(-5.75233 7.49646 -5.34283e-19)
(-6.45469 8.3747 1.2257e-18)
(-7.23513 9.36601 -7.24087e-19)
(-7.96891 10.6294 -2.01835e-18)
(-8.80538 11.8834 -1.77942e-18)
(-12.6609 10.726 2.83883e-18)
(-3.23908 5.06871 4.64858e-22)
(-3.66948 5.63417 5.01126e-20)
(-4.10656 6.31796 -4.75253e-19)
(-4.59966 7.08626 3.72758e-19)
(-5.15591 7.93466 4.29345e-19)
(-5.78461 8.8676 -3.6942e-19)
(-6.48438 9.91976 -1.32168e-20)
(-7.11938 11.2413 3.24544e-18)
(-7.86036 12.5615 7.52266e-19)
(-11.798 11.7015 -2.19588e-18)
(-2.82509 5.27913 -2.20544e-19)
(-3.20883 5.89395 2.40438e-19)
(-3.59338 6.61828 -1.13542e-20)
(-4.02884 7.42745 3.07208e-19)
(-4.51944 8.32104 -9.28923e-19)
(-5.07449 9.30452 -9.20361e-20)
(-5.69167 10.4128 1.7474e-19)
(-6.22504 11.7858 -4.96341e-20)
(-6.8661 13.1654 -1.29071e-19)
(-10.8618 12.6079 2.6802e-18)
(-2.39532 5.47345 1.73099e-19)
(-2.72689 6.12515 3.25424e-20)
(-3.05392 6.8815 -2.2709e-19)
(-3.42736 7.72458 -1.75845e-20)
(-3.84923 8.65694 9.37168e-20)
(-4.32831 9.68487 -7.282e-19)
(-4.86028 10.8432 3.18411e-19)
(-5.28947 12.2605 -2.45896e-19)
(-5.827 13.6918 -1.42639e-20)
(-9.8571 13.4398 -3.32849e-18)
(-1.95003 5.6427 -1.3361e-21)
(-2.22735 6.32449 2.34664e-19)
(-2.49476 7.10698 -2.5301e-19)
(-2.80304 7.97787 3.79132e-20)
(-3.15265 8.94227 -8.29923e-20)
(-3.55224 10.0078 6.6476e-19)
(-3.99543 11.2091 1.81466e-19)
(-4.3175 12.6627 1.62268e-19)
(-4.74778 14.1377 8.17165e-19)
(-8.78919 14.192 6.57076e-19)
(-1.48929 5.78262 -1.19884e-19)
(-1.71119 6.48872 1.50979e-19)
(-1.91811 7.29223 8.04398e-21)
(-2.15965 8.18567 4.6803e-19)
(-2.4347 9.17601 -2.94283e-19)
(-2.75188 10.2724 2.74442e-19)
(-3.10288 11.5095 -3.30862e-19)
(-3.3149 12.9908 9.67152e-19)
(-3.63469 14.5003 9.75024e-19)
(-7.66374 14.8595 1.30349e-18)
(-1.01583 5.89087 -7.98099e-20)
(-1.18116 6.61492 1.04737e-19)
(-1.32666 7.43414 -6.27975e-20)
(-1.50015 8.34501 -6.36676e-20)
(-1.69908 9.35558 2.26337e-19)
(-1.93171 10.4764 -4.13051e-19)
(-2.18775 11.742 -3.94919e-19)
(-2.2874 13.2424 1.59319e-18)
(-2.49359 14.7775 -3.37505e-19)
(-6.48797 15.4385 -1.53467e-18)
(-0.53368 5.96775 -6.4997e-20)
(-0.641553 6.70341 2.56082e-20)
(-0.724574 7.53268 2.50948e-20)
(-0.828637 8.45543 2.02772e-21)
(-0.950008 9.48017 -1.47157e-19)
(-1.09636 10.6188 5.36653e-19)
(-1.25518 11.9056 -6.17761e-19)
(-1.24077 13.4162 -1.23942e-19)
(-1.33172 14.9673 5.12537e-21)
(-5.26787 15.9252 -1.14307e-18)
(-0.0451443 6.00994 2.306e-20)
(-0.0953148 6.75143 8.01978e-21)
(-0.115303 7.58545 -1.18165e-20)
(-0.148921 8.51468 -2.78254e-20)
(-0.19164 9.54766 -9.72605e-20)
(-0.250388 10.6975 7.49498e-20)
(-0.31029 11.9978 6.19169e-20)
(-0.180697 13.5096 1.32067e-19)
(-0.153953 15.0676 -2.12664e-19)
(-4.01192 16.317 2.37529e-19)
(-4.06539 4.20746 -1.57765e-19)
(-4.50324 3.68441 9.17363e-20)
(-4.76046 3.28424 -7.13169e-20)
(-5.08355 2.83567 -6.98064e-20)
(-5.30303 2.40361 -3.8611e-20)
(-5.52802 1.94709 2.06511e-21)
(-5.68942 1.48427 -3.57544e-20)
(-5.83361 1.00821 -2.97456e-20)
(-5.93138 0.525317 -1.96721e-20)
(-6.00175 0.0364378 1.08849e-20)
(-4.72169 4.61578 -2.33464e-19)
(-5.12811 4.13346 -1.03725e-19)
(-5.42806 3.68317 -2.45694e-19)
(-5.75877 3.19829 3.08023e-21)
(-6.00865 2.7165 9.41419e-20)
(-6.25028 2.21161 1.41008e-19)
(-6.43211 1.69655 -4.68492e-20)
(-6.58835 1.16695 1.63229e-19)
(-6.69538 0.628459 2.43514e-20)
(-6.76823 0.082954 -1.72905e-20)
(-5.38418 5.14441 6.62334e-19)
(-5.79558 4.65626 -7.6165e-20)
(-6.14664 4.1574 3.21375e-19)
(-6.49383 3.62625 7.72419e-20)
(-6.77868 3.08583 -4.11449e-19)
(-7.03945 2.52258 -2.26234e-19)
(-7.24425 1.94624 -1.06924e-19)
(-7.41376 1.35458 5.57285e-20)
(-7.53184 0.752948 -1.2408e-19)
(-7.6085 0.143784 1.52114e-20)
(-6.08133 5.76967 1.46539e-19)
(-6.52753 5.24181 4.9002e-19)
(-6.92903 4.6877 1.01427e-20)
(-7.30384 4.10142 2.3167e-19)
(-7.62544 3.49627 3.15313e-19)
(-7.90971 2.86727 3.52195e-20)
(-8.13951 2.22205 2.67591e-19)
(-8.3248 1.56043 1.16767e-19)
(-8.45591 0.887713 1.58027e-19)
(-8.53821 0.206744 -2.73572e-20)
(-6.83976 6.46695 8.83204e-19)
(-7.33436 5.88583 -1.02754e-18)
(-7.78598 5.2701 -1.03162e-19)
(-8.19753 4.6209 1.41913e-19)
(-8.5575 3.94582 -1.63038e-19)
(-8.87026 3.24499 -3.39661e-19)
(-9.12712 2.52445 -5.50153e-19)
(-9.33135 1.786 4.89256e-19)
(-9.47749 1.03482 -4.82751e-20)
(-9.56758 0.274355 -2.60003e-20)
(-7.67837 7.22936 -1.86172e-18)
(-8.22879 6.58554 1.04579e-18)
(-8.73217 5.90117 4.08026e-19)
(-9.18677 5.18051 5.32251e-20)
(-9.58679 4.42872 4.58709e-19)
(-9.93178 3.64876 -6.77172e-19)
(-10.2169 2.84571 -6.02967e-19)
(-10.442 2.02296 -5.36315e-21)
(-10.6038 1.18556 1.10113e-19)
(-10.7023 0.337672 7.41071e-20)
(-8.605 8.08795 -6.48086e-19)
(-9.21795 7.37201 -3.64765e-19)
(-9.77738 6.61076 -1.4571e-19)
(-10.2807 5.80967 5.12744e-19)
(-10.7239 4.97319 -1.60992e-18)
(-11.105 4.10575 -6.62844e-19)
(-11.4205 3.21206 8.60524e-19)
(-11.6689 2.29656 1.96276e-19)
(-11.8477 1.36423 1.49072e-19)
(-11.956 0.419902 -8.88834e-20)
(-9.52058 9.21747 -2.0277e-18)
(-10.2136 8.42667 -2.00658e-18)
(-10.8458 7.58561 3.20651e-18)
(-11.4151 6.7001 6.52018e-19)
(-11.9178 5.77457 2.64758e-18)
(-12.3516 4.8141 5.18784e-20)
(-12.7132 3.82343 -7.94747e-19)
(-13.0008 2.80752 1.0633e-18)
(-13.2118 1.77139 1.58263e-20)
(-13.3447 0.720377 2.60779e-19)
(-10.5261 10.3195 1.04055e-19)
(-11.291 9.44326 3.18054e-18)
(-11.9868 8.51413 -3.25453e-18)
(-12.6124 7.53599 2.35418e-18)
(-13.1642 6.51483 -3.3501e-18)
(-13.6398 5.45538 4.24316e-19)
(-14.0362 4.36322 -1.25197e-18)
(-14.3514 3.24346 4.44008e-19)
(-14.583 2.10154 8.89272e-20)
(-14.7284 0.943414 -1.50681e-19)
(-14.1406 8.58601 1.02818e-18)
(-14.7452 7.43815 -2.8819e-18)
(-15.2619 6.24838 1.32183e-18)
(-15.6858 5.02463 -1.16006e-18)
(-16.0171 3.77308 5.22942e-19)
(-16.2531 2.50101 2.55666e-18)
(-16.3935 1.21517 3.15612e-19)
(-16.4377 -0.0774205 7.2063e-19)
(-16.3854 -1.37005 -3.62948e-19)
(-16.235 -2.65559 -8.43802e-20)
(-6.03165 -0.454214 3.996e-21)
(-6.02847 -0.944696 -2.93348e-20)
(-5.9869 -1.43182 1.86506e-19)
(-5.91061 -1.91251 -1.18684e-19)
(-5.79792 -2.38258 8.44984e-21)
(-5.64872 -2.83751 -1.24054e-19)
(-5.45671 -3.27455 5.39933e-19)
(-5.21836 -3.69706 7.38272e-20)
(-4.94967 -4.10104 -1.86749e-19)
(-4.67936 -4.45163 3.58309e-19)
(-6.79587 -0.465526 3.85445e-20)
(-6.78471 -1.01395 -1.05344e-19)
(-6.72972 -1.55869 -8.14314e-20)
(-6.63416 -2.09612 -6.90091e-20)
(-6.496 -2.62185 -2.05742e-19)
(-6.31618 -3.13109 -3.46262e-20)
(-6.0921 -3.62024 -1.5161e-20)
(-5.82017 -4.08858 2.5368e-19)
(-5.49921 -4.53196 4.12264e-19)
(-5.14447 -4.94178 1.29965e-20)
(-7.63561 -0.468782 -3.41892e-20)
(-7.61787 -1.08099 2.85609e-19)
(-7.55124 -1.68877 4.52731e-20)
(-7.43839 -2.28797 -1.3717e-20)
(-7.27758 -2.87413 2.3854e-19)
(-7.06995 -3.44262 1.25224e-19)
(-6.8146 -3.98954 2.54771e-19)
(-6.51064 -4.5119 -1.09338e-19)
(-6.1563 -5.00737 -4.22086e-19)
(-5.75611 -5.47797 -1.01545e-18)
(-8.56634 -0.478069 6.06978e-20)
(-8.54309 -1.16255 -1.43407e-19)
(-8.46547 -1.84221 1.96463e-19)
(-8.33552 -2.51255 -5.15713e-19)
(-8.15193 -3.16893 -2.66642e-19)
(-7.91583 -3.80669 -9.20158e-20)
(-7.62708 -4.42156 -6.06127e-19)
(-7.28658 -5.00963 -2.24381e-19)
(-6.89491 -5.56881 -2.43727e-20)
(-6.45436 -6.10001 3.63028e-19)
(-9.59822 -0.490697 5.23127e-20)
(-9.57057 -1.25576 2.11193e-20)
(-9.48251 -2.01588 1.52648e-19)
(-9.33549 -2.7662 5.1864e-19)
(-9.1286 -3.50171 -9.73882e-20)
(-8.86292 -4.21749 -7.97497e-19)
(-8.53869 -4.90887 1.25341e-18)
(-8.15753 -5.57156 -3.65834e-19)
(-7.72136 -6.20275 -3.69088e-19)
(-7.23288 -6.80056 -1.5079e-19)
(-10.7354 -0.515746 -1.34157e-19)
(-10.7029 -1.3696 1.52723e-19)
(-10.6033 -2.21842 3.48757e-19)
(-10.4375 -3.05686 -3.02863e-19)
(-10.2052 -3.87953 8.35526e-19)
(-9.90733 -4.681 -9.40839e-20)
(-9.5444 -5.45619 8.23157e-20)
(-9.11849 -6.2005 4.0001e-19)
(-8.63188 -6.91006 2.10178e-19)
(-8.08781 -7.58126 1.69183e-19)
(-11.9918 -0.531149 3.15061e-20)
(-11.9544 -1.48297 -2.98054e-20)
(-11.8424 -2.42967 7.89728e-19)
(-11.6567 -3.36528 -9.37796e-19)
(-11.397 -4.28396 -1.43782e-18)
(-11.0645 -5.17978 8.67961e-19)
(-10.6599 -6.04713 -3.78187e-19)
(-10.1857 -6.88095 4.22454e-19)
(-9.64406 -7.67653 1.10064e-18)
(-9.03856 -8.42931 -9.84605e-19)
(-13.3972 -0.339473 -5.73312e-20)
(-13.3678 -1.40107 -7.67993e-19)
(-13.2557 -2.45817 9.71159e-19)
(-13.0614 -3.50435 4.4993e-19)
(-12.7848 -4.53318 -1.55656e-18)
(-12.4271 -5.53829 -1.21142e-18)
(-11.9895 -6.5134 -2.06652e-19)
(-11.4742 -7.45294 -7.76046e-20)
(-10.8836 -8.35163 4.59662e-19)
(-10.2211 -9.20393 -2.84455e-19)
(-14.7848 -0.22332 7.69515e-20)
(-14.7506 -1.39229 1.26652e-18)
(-14.6263 -2.55509 4.78576e-19)
(-14.412 -3.70629 -1.58463e-18)
(-14.1081 -4.83833 1.48944e-18)
(-13.7156 -5.9447 -2.00399e-18)
(-13.2362 -7.01864 2.28349e-18)
(-12.6723 -8.05417 -2.48465e-18)
(-12.0265 -9.04535 -1.30804e-18)
(-11.3016 -9.9853 -3.71375e-18)
(-15.9844 -3.92569 -3.59416e-20)
(-15.636 -5.17084 -5.28072e-19)
(-15.1936 -6.38673 4.20288e-19)
(-14.6582 -7.56467 4.31707e-19)
(-14.0329 -8.69859 -9.31016e-19)
(-13.3204 -9.78093 8.62186e-19)
(-12.5252 -10.8057 -1.19071e-18)
(-11.6518 -11.7669 9.05694e-19)
(-10.705 -12.659 -2.14825e-18)
(-9.68857 -13.4745 2.36097e-18)
(-8.60695 -14.2041 3.37435e-18)
(-10.502 -10.865 -1.61726e-18)
(-9.49001 -10.0034 -1.10882e-18)
(-8.37221 -9.1341 1.39557e-18)
(-7.48914 -8.20937 -4.93427e-21)
(-6.69508 -7.36062 8.53586e-19)
(-5.96968 -6.60016 1.34403e-20)
(-5.31973 -5.92595 -4.48486e-19)
(-4.76495 -5.33617 5.97509e-19)
(-4.37113 -4.81421 -1.16095e-19)
(-7.47119 -14.8424 -3.59567e-18)
(-9.6318 -11.6788 6.17135e-18)
(-8.69564 -10.7432 -4.59716e-19)
(-7.64948 -9.78557 -1.12561e-18)
(-6.83991 -8.78972 6.68741e-19)
(-6.11277 -7.87718 -1.16525e-18)
(-5.44827 -7.05863 1.04954e-18)
(-4.85503 -6.3313 -5.7772e-19)
(-4.3458 -5.69196 1.80608e-19)
(-3.96641 -5.11137 2.89121e-19)
(-6.28768 -15.392 2.24212e-18)
(-8.70002 -12.4214 -3.55038e-18)
(-7.84268 -11.4186 1.30129e-18)
(-6.87433 -10.3787 -4.39671e-19)
(-6.14365 -9.31799 5.91277e-19)
(-5.48861 -8.34749 -3.32899e-19)
(-4.88978 -7.47628 -2.72101e-19)
(-4.35677 -6.70096 2.13715e-19)
(-3.89925 -6.01999 -3.98126e-19)
(-3.55967 -5.4116 4.19576e-19)
(-5.06427 -15.847 -4.46182e-18)
(-7.71047 -13.09 4.91407e-19)
(-6.93714 -12.026 1.08758e-18)
(-6.05254 -10.9102 8.93148e-19)
(-5.40563 -9.79091 -1.40043e-18)
(-4.82719 -8.76803 8.13959e-20)
(-4.29736 -7.84923 -3.14294e-19)
(-3.82462 -7.03115 -5.19433e-19)
(-3.4129 -6.31238 9.36961e-19)
(-3.09996 -5.67603 1.61043e-19)
(-3.8077 -16.2067 3.24854e-18)
(-6.67005 -13.6804 4.88172e-19)
(-5.98419 -12.5613 1.37912e-18)
(-5.18877 -11.3762 1.69787e-21)
(-4.63 -10.2052 1.04348e-18)
(-4.13223 -9.13624 3.93282e-19)
(-3.67541 -8.17554 6.4312e-19)
(-3.26823 -7.31998 -5.33069e-19)
(-2.91183 -6.56889 -1.00541e-20)
(-2.64115 -5.90808 -2.46637e-19)
(-2.52569 -16.4677 2.12836e-18)
(-5.58419 -14.1891 -1.62041e-18)
(-4.98985 -13.0215 -2.026e-19)
(-4.28875 -11.7739 -2.78729e-19)
(-3.8219 -10.5582 -2.53049e-19)
(-3.40797 -9.44983 -2.54184e-19)
(-3.02645 -8.45352 3.21306e-19)
(-2.68554 -7.56651 -2.98164e-19)
(-2.38364 -6.78784 2.55769e-19)
(-2.15392 -6.10648 1.14421e-20)
(-1.22572 -16.6295 -3.77469e-18)
(-4.45963 -14.6129 -1.02813e-18)
(-3.95993 -13.4032 1.62917e-18)
(-3.35785 -12.1005 -4.21382e-19)
(-2.98634 -10.8474 4.48266e-19)
(-2.65945 -9.70641 -9.95411e-19)
(-2.35652 -8.68063 6.43511e-19)
(-2.0857 -7.76767 -1.73327e-19)
(-1.84334 -6.96611 2.07571e-19)
(-1.6613 -6.26627 -2.12007e-19)
(0.0845136 -16.6911 1.7242e-18)
(-3.30253 -14.9491 -4.33324e-19)
(-2.90066 -13.704 -4.95763e-19)
(-2.40202 -12.3536 -1.764e-19)
(-2.1287 -11.0709 1.11531e-19)
(-1.89109 -9.90453 1.84453e-19)
(-1.66834 -8.85612 -2.52416e-19)
(-1.46838 -7.92353 1.3937e-19)
(-1.2861 -7.1047 2.75641e-19)
(-1.15317 -6.39173 -2.07954e-19)
(1.39757 -16.6522 1.28301e-18)
(-2.11954 -15.1954 -3.89742e-20)
(-1.81824 -13.9218 7.39821e-19)
(-1.42717 -12.5315 -5.38481e-19)
(-1.25462 -11.2269 1.27951e-19)
(-1.10843 -10.0425 -1.21283e-19)
(-0.967935 -8.978 -4.16923e-20)
(-0.840831 -8.03163 -1.78934e-19)
(-0.721029 -7.20064 1.67559e-19)
(-0.640689 -6.47861 1.009e-19)
(2.70563 -16.511 -2.62695e-19)
(-0.917729 -15.3491 -1.54701e-19)
(-0.719271 -14.0547 -8.65344e-20)
(-0.439405 -12.633 -2.26522e-19)
(-0.369559 -11.3146 1.71749e-19)
(-0.316108 -10.1197 3.10825e-20)
(-0.258753 -9.04607 -8.50777e-20)
(-0.205016 -8.09222 7.73884e-21)
(-0.148504 -7.25487 -2.39772e-20)
(-0.122622 -6.52961 2.22721e-21)
(-0.129069 -4.61162 -1.69947e-21)
(-0.111899 -2.60973 -2.79443e-22)
(0.100523 -1.63924 8.82476e-22)
(0.117062 -1.05697 -4.50274e-22)
(0.167515 -0.695088 -8.63163e-23)
(0.228673 -0.401755 -1.8535e-22)
(0.33782 -0.147515 5.71762e-23)
(0.483832 0.0462982 -5.71324e-23)
(0.630676 0.159409 2.20458e-23)
(0.753374 0.199868 -1.0286e-24)
(0.843895 0.193028 -1.49301e-23)
(0.905288 0.163951 1.03055e-24)
(0.944489 0.129383 -1.51639e-24)
(0.968453 0.0975738 -1.64205e-24)
(0.982599 0.0713011 2.40678e-25)
(0.99069 0.0506702 -1.69392e-25)
(0.995161 0.035101 4.56624e-26)
(0.99757 0.023138 2.86619e-26)
(0.998759 0.0153431 -1.75943e-26)
(0.999492 0.00692199 2.15474e-26)
(0.231569 -4.63429 1.40575e-20)
(0.0481547 -2.63452 1.97634e-21)
(0.180059 -1.66319 -1.49312e-21)
(0.179352 -1.07586 4.91239e-22)
(0.21076 -0.711086 -8.07527e-22)
(0.258414 -0.421905 -6.0099e-23)
(0.350814 -0.173153 -6.64518e-23)
(0.482828 0.0196371 -8.08457e-23)
(0.622503 0.136896 6.47842e-23)
(0.743518 0.183542 1.79639e-23)
(0.83514 0.182379 5.51983e-24)
(0.898469 0.1575 1.87818e-23)
(0.9395 0.125674 -1.3987e-23)
(0.964902 0.0955224 -1.91304e-24)
(0.980102 0.0702016 1.15569e-24)
(0.988951 0.0500978 3.61529e-25)
(0.993962 0.0348105 -8.21679e-25)
(0.996759 0.0229954 7.36433e-25)
(0.998193 0.0152708 7.5847e-26)
(0.999139 0.00689488 -1.41947e-26)
(0.597128 -4.63521 -1.80689e-20)
(0.220407 -2.66286 7.95619e-21)
(0.26269 -1.69088 7.01643e-21)
(0.244046 -1.09867 -2.45759e-21)
(0.255779 -0.728998 -9.06637e-23)
(0.290262 -0.442612 -7.32542e-22)
(0.367123 -0.198426 -2.8328e-23)
(0.485138 -0.00660196 -2.01452e-22)
(0.616747 0.114523 -6.05174e-23)
(0.735149 0.167192 -3.44582e-23)
(0.827227 0.171679 -9.00832e-25)
(0.892114 0.151017 4.08786e-24)
(0.934765 0.121952 1.42076e-23)
(0.961491 0.0934655 -6.54824e-24)
(0.977682 0.0690967 -2.45341e-24)
(0.987254 0.0495173 2.39726e-24)
(0.992784 0.0345101 -6.14455e-25)
(0.995959 0.0228429 -1.59047e-25)
(0.997632 0.0151888 -6.55833e-25)
(0.998788 0.00686279 1.62734e-25)
(0.966725 -4.61797 -6.19485e-21)
(0.406067 -2.69234 1.25473e-20)
(0.34994 -1.72052 -4.67217e-21)
(0.311036 -1.12453 -1.29496e-21)
(0.302629 -0.748715 8.96855e-22)
(0.323794 -0.463898 -1.04584e-22)
(0.386275 -0.223346 2.76485e-22)
(0.490587 -0.0323118 -4.07495e-23)
(0.613452 0.0924242 1.73144e-22)
(0.728369 0.150911 4.75924e-23)
(0.820243 0.160976 -1.02713e-22)
(0.886276 0.144525 1.28145e-23)
(0.930315 0.118229 5.58933e-25)
(0.958234 0.0914096 1.08086e-23)
(0.975344 0.06799 8.18121e-25)
(0.9856 0.048931 -1.84868e-24)
(0.991629 0.0342009 -1.66594e-24)
(0.995171 0.0226809 -1.92566e-24)
(0.997078 0.0150973 1.35687e-24)
(0.998439 0.00682584 -3.58281e-25)
(1.3381 -4.57845 6.50641e-21)
(0.606548 -2.71357 2.1146e-21)
(0.443042 -1.74636 1.11968e-23)
(0.379833 -1.15113 2.41331e-21)
(0.351209 -0.769727 1.41736e-21)
(0.358613 -0.485666 1.04212e-21)
(0.407726 -0.247935 -5.06771e-22)
(0.498883 -0.0574357 1.33844e-22)
(0.612573 0.0707037 6.54819e-23)
(0.723237 0.134784 5.20964e-23)
(0.814254 0.150321 -2.62214e-23)
(0.881002 0.138052 -5.41754e-23)
(0.926174 0.114519 5.63818e-24)
(0.955145 0.0893627 2.23551e-23)
(0.973097 0.0668859 8.93679e-24)
(0.983995 0.0483411 -3.65363e-24)
(0.990499 0.0338842 6.85989e-24)
(0.994395 0.0225102 3.5225e-25)
(0.996531 0.0149967 8.56948e-25)
(0.998094 0.00678412 -1.2651e-25)
(1.71015 -4.50698 -7.02916e-20)
(0.821698 -2.71667 -6.84426e-21)
(0.541629 -1.76514 4.36608e-21)
(0.44912 -1.17735 -6.33405e-21)
(0.401072 -0.791696 -3.50285e-21)
(0.394326 -0.50772 -3.0281e-21)
(0.430896 -0.272143 5.60975e-22)
(0.509636 -0.0819139 1.22438e-22)
(0.613986 0.0494612 -2.27795e-22)
(0.719766 0.118899 -4.76462e-23)
(0.809308 0.139772 -7.23496e-24)
(0.876332 0.13163 7.37461e-23)
(0.922367 0.110838 -1.73574e-23)
(0.952237 0.0873333 -1.14762e-23)
(0.970946 0.0657888 -7.11458e-24)
(0.98244 0.04775 7.83811e-24)
(0.989397 0.0335612 9.94153e-25)
(0.993634 0.0223312 1.61752e-24)
(0.995992 0.0148873 -1.20789e-24)
(0.997751 0.00673775 2.25143e-25)
(2.08173 -4.40876 7.48935e-20)
(1.0483 -2.72104 1.58201e-20)
(0.644796 -1.79206 -1.02947e-21)
(0.517921 -1.20938 8.58224e-21)
(0.451814 -0.816546 -2.70034e-21)
(0.430625 -0.530523 2.20135e-22)
(0.455221 -0.29612 1.59042e-21)
(0.522384 -0.105763 -2.476e-22)
(0.617493 0.0287716 -5.88102e-22)
(0.717929 0.103346 5.87076e-23)
(0.805439 0.129395 -4.8302e-23)
(0.872302 0.125301 9.22071e-23)
(0.918917 0.107213 -3.28966e-23)
(0.94952 0.0853348 7.60413e-23)
(0.968896 0.064706 9.59314e-24)
(0.980939 0.0471614 -1.49784e-23)
(0.988323 0.0332337 -3.02562e-24)
(0.992888 0.0221449 -7.05055e-24)
(0.995461 0.0147696 1.10668e-24)
(0.997412 0.00668687 -4.22442e-25)
(2.4504 -4.34901 8.08336e-20)
(1.28846 -2.78991 3.04443e-21)
(0.758296 -1.85808 -1.01739e-20)
(0.588922 -1.25941 -5.18696e-22)
(0.504217 -0.849267 -3.52247e-21)
(0.467629 -0.556346 1.34676e-21)
(0.480292 -0.321033 -1.49509e-21)
(0.536666 -0.129577 2.77147e-22)
(0.622856 0.00840957 6.26834e-23)
(0.717675 0.0880884 2.43686e-22)
(0.802667 0.119221 -4.5602e-23)
(0.868941 0.119105 -1.61684e-23)
(0.915842 0.103674 -4.1715e-23)
(0.947004 0.0833899 -2.40441e-24)
(0.966952 0.0636514 -4.06492e-23)
(0.979494 0.0465835 -3.93475e-24)
(0.987279 0.0329063 5.12493e-24)
(0.992158 0.0219535 7.57258e-24)
(0.99494 0.0146444 -1.52782e-24)
(0.997076 0.00663181 4.68693e-25)
(2.81005 -4.38382 -4.73428e-21)
(1.56222 -2.92386 4.65051e-20)
(0.897713 -1.95051 -1.70631e-20)
(0.6687 -1.32134 -7.9019e-21)
(0.560403 -0.889732 6.19545e-22)
(0.506072 -0.586641 9.14072e-22)
(0.506045 -0.348324 -7.03776e-22)
(0.552145 -0.154501 2.50664e-22)
(0.62986 -0.0123694 4.94154e-23)
(0.718956 0.0727325 -1.71843e-22)
(0.801019 0.109079 -2.89645e-22)
(0.866281 0.112985 9.6504e-23)
(0.913163 0.100211 -3.36044e-23)
(0.944697 0.0815015 -5.27512e-24)
(0.965116 0.0626306 5.05929e-23)
(0.978106 0.0460206 -2.96177e-24)
(0.986265 0.0325817 -1.62329e-23)
(0.991443 0.0217585 1.4843e-24)
(0.994428 0.0145126 -1.03967e-24)
(0.996743 0.0065728 3.76015e-25)
(3.14348 -4.2395 1.53015e-20)
(1.86743 -2.89833 5.49543e-20)
(1.06411 -1.95598 -9.88824e-21)
(0.758185 -1.34371 -8.15249e-21)
(0.62037 -0.916479 3.51635e-21)
(0.54625 -0.611682 4.01254e-21)
(0.532487 -0.373233 -1.95865e-21)
(0.568563 -0.178425 1.89261e-21)
(0.638326 -0.0328313 -9.46002e-22)
(0.721756 0.0573855 5.71358e-22)
(0.800548 0.0988487 -1.75679e-22)
(0.86437 0.106775 -1.51629e-22)
(0.910902 0.0966801 -1.08878e-22)
(0.942609 0.0795646 5.43031e-23)
(0.963393 0.0615746 5.3858e-24)
(0.976775 0.0454317 -1.39108e-23)
(0.985281 0.0322375 1.31889e-23)
(0.990745 0.0215493 -1.84581e-24)
(0.993925 0.0143701 1.31133e-25)
(0.996414 0.00650838 -1.79479e-25)
(3.55973 -3.42591 0)
(2.2039 -2.46666 0)
(1.28128 -1.77161 0)
(0.877755 -1.28013 0)
(0.700463 -0.905065 0)
(0.600803 -0.61687 0)
(0.567947 -0.387737 0)
(0.590877 -0.197842 0)
(0.650978 -0.0523397 0)
(0.727332 0.0410095 0)
(0.801503 0.0868103 0)
(0.862829 0.0987786 0)
(0.908389 0.0917403 0)
(0.940013 0.0766436 0)
(0.961127 0.0598749 0)
(0.974972 0.0444367 0)
(0.983926 0.0316414 0)
(0.989773 0.0211904 0)
(0.993225 0.0141349 0)
(0.995956 0.00640429 0)
(2.90147 -2.43335 0)
(1.81845 -1.94297 0)
(1.16731 -1.43711 0)
(0.897446 -1.08002 0)
(0.763501 -0.808711 0)
(0.666605 -0.573551 0)
(0.620005 -0.373307 0)
(0.626597 -0.202621 0)
(0.672194 -0.0673554 0)
(0.737477 0.0233442 0)
(0.804349 0.0711353 0)
(0.861617 0.0868766 0)
(0.905438 0.0835433 0)
(0.936708 0.0713266 0)
(0.958143 0.0565403 0)
(0.972557 0.0423857 0)
(0.982094 0.0303913 0)
(0.988455 0.0204527 0)
(0.992272 0.0136848 0)
(0.995334 0.0062104 0)
(2.70056 -1.78794 0)
(2.03517 -1.63194 0)
(1.39814 -1.29925 0)
(1.02326 -0.986368 0)
(0.846854 -0.747521 0)
(0.739891 -0.541463 0)
(0.680407 -0.3612 0)
(0.670603 -0.206704 0)
(0.699916 -0.0819406 0)
(0.751843 0.00516096 0)
(0.809566 0.0543257 0)
(0.861544 0.0736823 0)
(0.902898 0.074186 0)
(0.933432 0.0650906 0)
(0.955024 0.0525297 0)
(0.96996 0.0398609 0)
(0.98009 0.02882 0)
(0.986995 0.019508 0)
(0.99121 0.0131008 0)
(0.994637 0.00595711 0)
(2.34208 -1.31717 0)
(1.79028 -1.24906 0)
(1.31241 -1.03723 0)
(1.03981 -0.824037 0)
(0.903836 -0.655643 0)
(0.810276 -0.496689 0)
(0.745566 -0.343464 0)
(0.721451 -0.207069 0)
(0.734262 -0.0943164 0)
(0.771293 -0.0122429 0)
(0.818034 0.0373276 0)
(0.86325 0.0598167 0)
(0.901165 0.0640235 0)
(0.930408 0.0581077 0)
(0.951885 0.0479067 0)
(0.967236 0.0368697 0)
(0.977939 0.0269108 0)
(0.985405 0.0183326 0)
(0.99004 0.0123594 0)
(0.993863 0.00563157 0)
(2.11145 -0.929774 0)
(1.77887 -0.952394 0)
(1.43294 -0.867278 0)
(1.1655 -0.720917 0)
(0.9996 -0.578795 0)
(0.890698 -0.446142 0)
(0.815396 -0.317437 0)
(0.77722 -0.200222 0)
(0.774039 -0.101406 0)
(0.795715 -0.0266896 0)
(0.830194 0.0213776 0)
(0.86726 0.0458154 0)
(0.900656 0.0531765 0)
(0.927915 0.0503033 0)
(0.948893 0.0425333 0)
(0.96448 0.033276 0)
(0.975691 0.0245536 0)
(0.983711 0.0168488 0)
(0.988778 0.0114091 0)
(0.993021 0.00521003 0)
(1.92498 -0.652063 0)
(1.68907 -0.700325 0)
(1.42709 -0.665698 0)
(1.20851 -0.57432 0)
(1.05791 -0.473949 0)
(0.954765 -0.377262 0)
(0.879539 -0.279032 0)
(0.832982 -0.184309 0)
(0.816437 -0.101514 0)
(0.823719 -0.0365233 0)
(0.845671 0.00773311 0)
(0.873704 0.0324261 0)
(0.901647 0.041978 0)
(0.926207 0.0417512 0)
(0.946235 0.0363561 0)
(0.961817 0.0289835 0)
(0.973426 0.0216531 0)
(0.981961 0.0149809 0)
(0.987454 0.0101952 0)
(0.992128 0.00466686 0)
(1.77308 -0.439629 0)
(1.61366 -0.487048 0)
(1.42812 -0.485479 0)
(1.2549 -0.440448 0)
(1.11755 -0.375197 0)
(1.01562 -0.305367 0)
(0.939047 -0.232494 0)
(0.88612 -0.159685 0)
(0.858525 -0.0938733 0)
(0.853079 -0.040495 0)
(0.863232 -0.00236418 0)
(0.882121 0.0205737 0)
(0.904098 0.0309684 0)
(0.925409 0.0326837 0)
(0.944069 0.0294174 0)
(0.959382 0.0239434 0)
(0.971247 0.018132 0)
(0.98023 0.0126571 0)
(0.986122 0.00866091 0)
(0.991217 0.00397456 0)
(1.6481 -0.273993 0)
(1.53945 -0.313216 0)
(1.40902 -0.324456 0)
(1.27689 -0.306495 0)
(1.15954 -0.269377 0)
(1.06383 -0.224387 0)
(0.988325 -0.175589 0)
(0.932097 -0.125056 0)
(0.896603 -0.0775028 0)
(0.880913 -0.0375665 0)
(0.880926 -0.00784636 0)
(0.891447 0.0111354 0)
(0.907577 0.0207167 0)
(0.92545 0.0233804 0)
(0.942485 0.0217942 0)
(0.957314 0.0181235 0)
(0.969286 0.013917 0)
(0.978624 0.00980354 0)
(0.984863 0.00674538 0)
(0.990346 0.0031034 0)
(1.55156 -0.147634 0)
(1.47663 -0.173246 0)
(1.38467 -0.184795 0)
(1.28428 -0.180253 0)
(1.18587 -0.162924 0)
(1.09809 -0.138527 0)
(1.02487 -0.110691 0)
(0.967367 -0.081071 0)
(0.926952 -0.0522627 0)
(0.903972 -0.0273107 0)
(0.896274 -0.0081319 0)
(0.900091 0.00467532 0)
(0.91127 0.0116306 0)
(0.926047 0.0140555 0)
(0.941499 0.013545 0)
(0.955755 0.0114899 0)
(0.967717 0.00893649 0)
(0.977299 0.00634813 0)
(0.983806 0.00438912 0)
(0.989606 0.00202405 0)
(1.49439 -0.0463737 0)
(1.43723 -0.0552532 0)
(1.36617 -0.0599028 0)
(1.28414 -0.0594579 0)
(1.19806 -0.0546067 0)
(1.11643 -0.0470056 0)
(1.04542 -0.0380176 0)
(0.987809 -0.0283054 0)
(0.945117 -0.0186768 0)
(0.918214 -0.0101688 0)
(0.906075 -0.00349361 0)
(0.905861 0.00108663 0)
(0.913938 0.00368072 0)
(0.926689 0.00468481 0)
(0.941047 0.00462302 0)
(0.954866 0.00397669 0)
(0.96677 0.00312072 0)
(0.976478 0.00223006 0)
(0.983141 0.00154693 0)
(0.989136 0.000714553 0)
(5.53975 -0.35278 7.10152e-21)
(5.4879 -0.745632 -8.63245e-21)
(5.42177 -1.13595 -5.74626e-20)
(5.30175 -1.53282 -1.13471e-20)
(5.18539 -1.9155 4.56821e-20)
(4.97979 -2.31759 4.98528e-20)
(4.81609 -2.67166 1.50795e-19)
(4.48611 -3.10545 -9.13586e-20)
(4.30404 -3.36404 1.57799e-20)
(3.82815 -3.9869 -3.88449e-21)
(4.3394 -0.364057 -6.34786e-22)
(4.28781 -0.639194 -1.24747e-20)
(4.22714 -0.909425 3.98549e-20)
(4.14064 -1.18012 2.67725e-20)
(4.05434 -1.44129 3.42953e-20)
(3.92899 -1.70911 5.33243e-20)
(3.82623 -1.94836 3.76675e-20)
(3.67648 -2.22191 -1.07778e-20)
(3.59877 -2.3902 -5.6778e-20)
(3.49686 -2.74248 8.37983e-20)
(3.49723 -0.294641 2.17126e-21)
(3.45536 -0.473501 -2.85474e-21)
(3.40863 -0.646795 1.05235e-20)
(3.35514 -0.816559 -9.40086e-22)
(3.30364 -0.979166 -7.53025e-21)
(3.24641 -1.14128 -4.53788e-20)
(3.20012 -1.28933 1.87398e-20)
(3.14226 -1.45472 -1.51083e-20)
(3.09317 -1.57544 7.46804e-20)
(3.03083 -1.8067 5.01894e-20)
(2.92074 -0.21719 4.57069e-21)
(2.89084 -0.336354 2.31669e-21)
(2.85768 -0.452299 -4.03021e-21)
(2.82147 -0.565915 -1.49209e-20)
(2.78345 -0.677009 1.5794e-21)
(2.74068 -0.78842 5.31594e-21)
(2.69463 -0.897382 -1.60454e-20)
(2.64026 -1.01467 2.75068e-21)
(2.58757 -1.11585 -3.26536e-20)
(2.54724 -1.26625 -4.69116e-20)
(2.51492 -0.156896 -2.17823e-21)
(2.4913 -0.240312 3.94646e-22)
(2.46455 -0.322185 1.56622e-21)
(2.43481 -0.402826 8.46714e-21)
(2.40256 -0.482321 -4.9248e-22)
(2.36803 -0.561099 -1.02029e-20)
(2.33304 -0.638045 -1.68008e-21)
(2.29802 -0.715329 1.47531e-20)
(2.26662 -0.784841 1.34141e-21)
(2.23903 -0.875121 1.30688e-20)
(2.21508 -0.106777 -2.92608e-22)
(2.19802 -0.164149 -8.63327e-22)
(2.179 -0.220357 -8.86615e-22)
(2.15833 -0.275394 3.99069e-21)
(2.13636 -0.329245 3.00463e-21)
(2.11328 -0.382008 7.63073e-21)
(2.08931 -0.433664 1.47623e-20)
(2.06393 -0.485117 -2.01578e-20)
(2.03845 -0.53437 1.65202e-20)
(2.01277 -0.592816 -4.81919e-21)
(1.97913 -0.0643067 1.20885e-21)
(1.96816 -0.102647 -2.89256e-22)
(1.9556 -0.14029 -1.87002e-21)
(1.94153 -0.177276 -3.55028e-21)
(1.92606 -0.213667 -1.37612e-20)
(1.90929 -0.249552 3.19554e-21)
(1.89137 -0.28497 -6.25721e-21)
(1.8724 -0.320072 4.05694e-21)
(1.85323 -0.354214 -9.62402e-22)
(1.83376 -0.391511 -5.68203e-21)
(1.7933 -0.0350029 -2.44266e-22)
(1.78686 -0.0590472 -1.96031e-21)
(1.779 -0.082703 8.02196e-22)
(1.7698 -0.105983 -1.02129e-21)
(1.75937 -0.128899 -3.1137e-22)
(1.7478 -0.151466 -1.94987e-21)
(1.73519 -0.17369 -5.51247e-22)
(1.72163 -0.195603 -2.64481e-21)
(1.70738 -0.2171 3.1325e-21)
(1.69249 -0.239491 -2.29828e-21)
(1.65866 -0.0156691 3.88173e-22)
(1.65507 -0.0286626 -7.58671e-22)
(1.65017 -0.0414736 1.63008e-21)
(1.64402 -0.0541077 -4.13816e-21)
(1.63667 -0.0665713 3.10879e-21)
(1.62822 -0.078871 3.03592e-22)
(1.61874 -0.0910115 -7.37143e-22)
(1.6083 -0.102997 1.15869e-21)
(1.59705 -0.11481 -7.41334e-22)
(1.58509 -0.126723 1.98214e-22)
(1.58278 -0.00454898 -5.18118e-22)
(1.58061 -0.00859246 5.1777e-22)
(1.57717 -0.0125869 6.12033e-22)
(1.57252 -0.0165374 -4.91548e-22)
(1.5667 -0.0204474 -3.16403e-21)
(1.55979 -0.0243183 6.92849e-22)
(1.55183 -0.0281488 3.93893e-22)
(1.54289 -0.031935 1.82405e-21)
(1.53305 -0.0356692 -4.70009e-21)
(1.52238 -0.0393725 -1.41972e-21)
(4.59387 2.91499 3.85853e-20)
(4.70591 2.73614 -3.23246e-20)
(4.80636 2.47877 7.43466e-20)
(5.0038 2.17581 -1.2943e-19)
(5.17976 1.85372 -6.9094e-20)
(5.308 1.51655 -2.87597e-20)
(5.40794 1.16322 2.33995e-20)
(5.48323 0.795586 6.66405e-20)
(5.53408 0.418762 8.5889e-21)
(5.55007 0.034488 -1.2323e-20)
(4.06236 2.40246 -1.23644e-19)
(4.10247 2.1301 6.78114e-20)
(4.04694 1.86586 1.47747e-20)
(4.1248 1.59029 -3.99561e-20)
(4.23664 1.30596 -7.34121e-20)
(4.30795 1.02499 1.85074e-20)
(4.34696 0.747528 -2.68394e-20)
(4.36986 0.469684 -4.6464e-20)
(4.37928 0.191271 8.96782e-21)
(4.36839 -0.0875031 3.13785e-21)
(3.46816 1.71317 -5.91172e-20)
(3.4868 1.46675 -1.05468e-19)
(3.40308 1.25192 3.28348e-21)
(3.42019 1.05271 5.17471e-20)
(3.49371 0.849965 6.23858e-20)
(3.54516 0.649077 -4.20586e-20)
(3.56196 0.454522 1.67026e-20)
(3.5606 0.26395 -1.0444e-20)
(3.54995 0.0752795 -4.66966e-21)
(3.52888 -0.111519 6.48075e-22)
(2.94999 1.112 5.83185e-20)
(2.96884 0.940795 4.9021e-20)
(2.90673 0.798552 -3.82068e-21)
(2.901 0.673301 -3.51073e-20)
(2.94261 0.545533 -7.50971e-21)
(2.97835 0.413912 7.05396e-22)
(2.98822 0.283491 1.82577e-20)
(2.98068 0.15562 1.33035e-21)
(2.96567 0.0294891 -2.13256e-21)
(2.94576 -0.0950621 -2.85245e-21)
(2.56361 0.732388 -2.06618e-20)
(2.58794 0.626367 9.12606e-21)
(2.5539 0.535937 -2.06177e-20)
(2.54135 0.454708 -6.5269e-21)
(2.5567 0.37095 1.16114e-21)
(2.57352 0.282148 1.01401e-20)
(2.5765 0.191744 -9.27476e-21)
(2.56753 0.102383 5.03301e-21)
(2.55285 0.0145532 -3.61309e-21)
(2.5353 -0.0719003 2.29567e-21)
(2.26418 0.507608 2.47358e-21)
(2.28434 0.439166 -1.44195e-20)
(2.26758 0.376427 1.30842e-20)
(2.25612 0.318075 3.86859e-21)
(2.25795 0.258923 2.50369e-21)
(2.26253 0.197184 -4.52413e-21)
(2.26154 0.134361 2.48306e-21)
(2.25428 0.0722059 -9.20236e-21)
(2.24326 0.0113469 4.14313e-21)
(2.23012 -0.0482775 -7.43863e-22)
(2.00074 0.354478 7.43152e-21)
(2.01398 0.308067 5.45863e-21)
(2.00821 0.26374 -4.7591e-21)
(2.00356 0.221896 4.42312e-21)
(2.0042 0.18057 -1.60851e-21)
(2.00612 0.138732 7.40594e-21)
(2.0057 0.0967253 8.38475e-22)
(2.00216 0.0552299 -7.23999e-22)
(1.99622 0.014573 -1.27218e-21)
(1.98848 -0.0252465 9.92196e-22)
(1.7777 0.22827 -8.72501e-22)
(1.78869 0.198982 1.15939e-21)
(1.79162 0.170783 3.95936e-21)
(1.79438 0.143917 -5.0704e-21)
(1.79828 0.117624 7.81929e-21)
(1.8018 0.0914356 -1.61599e-21)
(1.80368 0.0653723 -2.13576e-21)
(1.80361 0.0396251 4.25374e-21)
(1.80174 0.0143108 -1.14148e-21)
(1.79828 -0.010557 1.12453e-22)
(1.61787 0.124365 1.78865e-21)
(1.62958 0.109163 -2.20931e-21)
(1.63738 0.0944195 -1.82342e-21)
(1.64407 0.0801439 -6.64101e-22)
(1.65018 0.0660804 1.16105e-21)
(1.65527 0.0520959 1.54825e-21)
(1.65893 0.0382008 -4.29551e-21)
(1.66106 0.0244512 2.58629e-21)
(1.66169 0.0108845 -1.10755e-21)
(1.66087 -0.00248819 -4.79618e-24)
(1.53066 0.0392173 -1.02769e-21)
(1.54304 0.0345265 -2.17933e-21)
(1.55264 0.0299324 -5.48821e-21)
(1.5607 0.0254358 -4.45472e-22)
(1.56771 0.0209914 4.33416e-21)
(1.57359 0.0165857 -1.70237e-21)
(1.57817 0.0122294 3.05759e-22)
(1.58136 0.00793554 5.26055e-22)
(1.58318 0.00370945 4.22943e-22)
(1.58365 -0.000450382 -5.02245e-22)
(1.00097 0.0898643 0)
(1.01214 0.260687 0)
(1.0325 0.425364 0)
(1.06361 0.590341 0)
(1.10539 0.764506 0)
(1.16488 0.956983 0)
(1.24501 1.18285 0)
(1.40643 1.4469 0)
(1.59841 1.81629 0)
(3.43011 3.21905 0)
(1.00139 0.0865915 0)
(1.01646 0.251661 0)
(1.04304 0.410432 0)
(1.08435 0.571396 0)
(1.14067 0.736345 0)
(1.22246 0.928906 0)
(1.32908 1.12102 0)
(1.57861 1.4631 0)
(1.61459 1.31885 0)
(3.08233 2.86778 0)
(1.00156 0.0819542 0)
(1.01994 0.238414 0)
(1.05244 0.387318 0)
(1.1036 0.541222 0)
(1.17294 0.685568 0)
(1.27945 0.884355 0)
(1.3915 0.968042 0)
(1.74175 1.47041 0)
(1.73143 0.827302 0)
(2.74291 2.1565 0)
(1.00161 0.0757256 0)
(1.02274 0.220943 0)
(1.05948 0.356084 0)
(1.12071 0.502452 0)
(1.19407 0.611382 0)
(1.33476 0.837448 0)
(1.41488 0.750231 0)
(1.82553 1.38558 0)
(1.86077 0.644326 0)
(2.47181 1.46823 0)
(1.00151 0.0676591 0)
(1.02487 0.198489 0)
(1.06302 0.315378 0)
(1.13453 0.453329 0)
(1.20029 0.51718 0)
(1.37205 0.764553 0)
(1.41858 0.573059 0)
(1.79225 1.14027 0)
(1.88642 0.610496 0)
(2.26843 0.973215 0)
(1.00131 0.0577531 0)
(1.02579 0.170588 0)
(1.06311 0.266416 0)
(1.13941 0.388817 0)
(1.19734 0.420618 0)
(1.36517 0.635603 0)
(1.41499 0.471773 0)
(1.68035 0.820839 0)
(1.80814 0.546337 0)
(2.09103 0.665877 0)
(1.00117 0.0463401 0)
(1.02481 0.137423 0)
(1.06072 0.21243 0)
(1.13135 0.308306 0)
(1.18905 0.331841 0)
(1.32088 0.472687 0)
(1.39276 0.392228 0)
(1.56486 0.549441 0)
(1.69044 0.439603 0)
(1.90461 0.463288 0)
(1.00117 0.0339448 0)
(1.02226 0.100451 0)
(1.05638 0.155514 0)
(1.11546 0.22013 0)
(1.17469 0.24466 0)
(1.271 0.318133 0)
(1.35308 0.29775 0)
(1.47321 0.353301 0)
(1.57636 0.310564 0)
(1.72182 0.299099 0)
(1.0012 0.0209265 0)
(1.01944 0.061548 0)
(1.0511 0.0959928 0)
(1.10004 0.132245 0)
(1.15709 0.152047 0)
(1.23171 0.184204 0)
(1.30834 0.184658 0)
(1.3985 0.199298 0)
(1.47966 0.178686 0)
(1.57618 0.161827 0)
(1.00119 0.00714196 0)
(1.01756 0.0208971 0)
(1.04703 0.0327655 0)
(1.09013 0.0444233 0)
(1.14337 0.0519354 0)
(1.20714 0.0607363 0)
(1.27576 0.0621886 0)
(1.34987 0.0642768 0)
(1.41968 0.0573696 0)
(1.49285 0.0505983 0)
(0.999771 0.0854022 -2.87579e-22)
(0.992143 0.240173 4.58366e-22)
(0.975981 0.385141 -6.11986e-22)
(0.943083 0.523575 7.46559e-22)
(0.901308 0.661733 4.15572e-23)
(0.817357 0.810535 3.44799e-22)
(0.750651 0.979724 -9.83309e-23)
(0.528633 1.19942 -3.58514e-22)
(0.609074 1.97378 7.3478e-22)
(0.818366 4.04116 3.79186e-22)
(0.999637 0.0864505 6.22869e-22)
(0.993613 0.243799 -1.69601e-21)
(0.981161 0.392281 3.21254e-22)
(0.954148 0.534976 -3.4733e-21)
(0.920748 0.679696 1.32383e-21)
(0.848352 0.834854 2.98569e-22)
(0.796708 1.0181 -5.0674e-21)
(0.6055 1.23927 1.82071e-21)
(0.705597 1.99902 -7.39805e-22)
(1.13145 4.00419 -7.34097e-21)
(0.999516 0.0873693 -8.59359e-22)
(0.995113 0.247105 5.01871e-21)
(0.986329 0.39878 -2.39849e-21)
(0.965408 0.545322 -5.9968e-22)
(0.940243 0.696056 -1.88069e-21)
(0.880544 0.856795 -3.01452e-21)
(0.84295 1.0527 3.13657e-21)
(0.686296 1.27548 2.60022e-21)
(0.80328 2.02469 -2.95421e-21)
(1.44013 3.95227 1.77815e-21)
(0.999428 0.0881631 2.96939e-21)
(0.996669 0.250104 -5.35083e-21)
(0.991508 0.404644 3.29823e-21)
(0.976849 0.55465 5.94796e-21)
(0.959771 0.710781 -1.81909e-21)
(0.913732 0.876445 4.74175e-21)
(0.889379 1.08342 -3.66572e-21)
(0.770385 1.30762 -1.39638e-21)
(0.903925 2.04885 3.45586e-21)
(1.74783 3.87416 1.15973e-21)
(0.999389 0.0888375 -7.45134e-22)
(0.998303 0.252811 5.76448e-22)
(0.996725 0.409885 -1.09861e-21)
(0.988452 0.56301 -1.4431e-21)
(0.979347 0.723866 -2.66894e-21)
(0.947699 0.893937 -3.13595e-21)
(0.936063 1.11018 4.4681e-21)
(0.85704 1.3355 -1.50425e-21)
(1.00874 2.07193 -4.56396e-22)
(2.0487 3.78823 -8.95362e-21)
(0.999414 0.0893986 4.42173e-24)
(1.00003 0.255234 2.41624e-21)
(1.00201 0.414515 8.92118e-23)
(1.0002 0.570451 -9.82266e-22)
(0.999017 0.735331 -4.9119e-21)
(0.982215 0.909441 1.11196e-20)
(0.98313 1.13292 -5.11299e-21)
(0.945717 1.35916 2.44693e-21)
(1.1182 2.08783 1.0185e-22)
(2.35608 3.66063 4.68701e-20)
(0.999514 0.0898549 -3.92233e-21)
(1.00188 0.257381 -1.32832e-21)
(1.0074 0.418555 -2.20825e-21)
(1.01205 0.577023 -1.26286e-21)
(1.01884 0.745221 -3.35006e-21)
(1.01705 0.923146 4.87437e-21)
(1.03077 1.15157 -3.23595e-21)
(1.03535 1.37933 -1.82047e-21)
(1.23392 2.10076 7.08251e-21)
(2.64123 3.55109 -6.12606e-20)
(0.999696 0.0902281 2.90641e-21)
(1.00386 0.259308 2.66556e-21)
(1.01292 0.422098 2.40943e-21)
(1.024 0.582839 3.18693e-21)
(1.03887 0.753665 -1.34245e-22)
(1.052 0.935272 -5.31342e-21)
(1.07928 1.16612 3.57951e-21)
(1.12536 1.39672 3.52163e-21)
(1.35582 2.08991 -4.63152e-21)
(2.96713 3.36684 -3.85185e-20)
(0.999968 0.0905468 -1.06945e-21)
(1.00602 0.261114 2.27146e-21)
(1.01857 0.425349 2.28366e-21)
(1.03598 0.588141 1.95463e-22)
(1.05911 0.760928 1.93782e-21)
(1.08691 0.946011 -6.70132e-21)
(1.12911 1.17661 4.01842e-21)
(1.21321 1.41538 -3.78314e-21)
(1.48163 2.07343 3.70436e-21)
(3.18758 3.30148 -1.69237e-20)
(1.00035 0.0906918 1.50972e-21)
(1.00842 0.262384 -5.07564e-22)
(1.02436 0.427747 -7.77014e-22)
(1.04785 0.592259 -5.66459e-21)
(1.07937 0.766296 1.37522e-21)
(1.12191 0.954385 4.40294e-21)
(1.1825 1.18092 6.58523e-22)
(1.30723 1.42836 2.22139e-21)
(1.65617 2.006 1.11836e-20)
(3.62173 3.08467 -4.54477e-20)
(0.998834 0.0680616 -3.55066e-22)
(0.975203 0.186219 -1.85358e-22)
(0.926797 0.282989 -1.5433e-21)
(0.850163 0.358887 7.5698e-21)
(0.741551 0.413353 8.39406e-22)
(0.586973 0.448992 -8.24023e-21)
(0.36021 0.475393 -1.68031e-20)
(0.0088093 0.753515 4.19512e-20)
(-0.825365 1.77398 -1.74319e-20)
(-2.46329 3.50688 7.06944e-21)
(0.999208 0.0702932 -6.75743e-22)
(0.97701 0.192944 -1.59866e-21)
(0.930599 0.295254 -2.96998e-21)
(0.856577 0.378601 5.44118e-21)
(0.751804 0.443324 -9.64077e-21)
(0.603996 0.495079 1.19162e-20)
(0.389244 0.537079 -2.95585e-20)
(0.0776722 0.813834 2.67935e-20)
(-0.566589 1.81706 -3.45715e-21)
(-2.14475 3.65239 2.17353e-21)
(0.999526 0.0724025 3.31394e-21)
(0.978905 0.199297 7.58745e-21)
(0.934993 0.307078 -4.78973e-21)
(0.864192 0.397763 1.05805e-21)
(0.76399 0.472138 -1.75395e-22)
(0.622613 0.537963 1.68764e-20)
(0.420301 0.588537 1.31595e-20)
(0.124066 0.843003 -2.23861e-20)
(-0.357124 1.77649 1.2926e-20)
(-1.8122 3.64889 2.4595e-20)
(0.999775 0.0744324 -4.51393e-21)
(0.98079 0.205437 -7.39731e-21)
(0.939747 0.318487 -2.67965e-21)
(0.872625 0.41608 1.0343e-21)
(0.777658 0.499184 8.51822e-21)
(0.642068 0.577689 -1.38205e-20)
(0.453077 0.637612 -6.04932e-21)
(0.156448 0.875018 -6.00404e-21)
(-0.193366 1.77152 1.43802e-20)
(-1.4773 3.71675 1.54562e-20)
(0.999952 0.076366 1.72866e-21)
(0.98262 0.211346 -1.51953e-21)
(0.944722 0.329537 7.94426e-21)
(0.881644 0.433822 -1.46827e-22)
(0.792641 0.525324 7.02682e-21)
(0.66259 0.616173 -2.00037e-20)
(0.489074 0.689108 1.72125e-20)
(0.189456 0.919608 3.39324e-21)
(-0.0492639 1.80459 -5.40959e-21)
(-1.14141 3.82163 -2.3299e-20)
(1.00006 0.0781873 -1.69746e-21)
(0.984377 0.216973 -3.35966e-22)
(0.949841 0.340175 -1.80399e-21)
(0.891128 0.450987 -6.93701e-21)
(0.80885 0.5508 5.96234e-21)
(0.684518 0.653628 5.05652e-21)
(0.528629 0.742072 -2.91007e-21)
(0.22916 0.969216 -1.17377e-20)
(0.0822435 1.84219 3.66809e-21)
(-0.80635 3.91082 4.03294e-21)
(1.0001 0.0798881 1.68543e-21)
(0.986053 0.222288 -3.42398e-21)
(0.955047 0.350326 7.89907e-22)
(0.90099 0.46742 1.97777e-21)
(0.826118 0.575421 9.51113e-21)
(0.707982 0.689456 -3.94674e-22)
(0.570832 0.794321 1.94677e-21)
(0.275955 1.01795 5.36362e-21)
(0.201299 1.8722 -2.8896e-21)
(-0.473676 3.97527 -3.95826e-21)
(1.00008 0.0814631 -1.19074e-21)
(0.987653 0.227272 3.85138e-21)
(0.960293 0.359932 6.47988e-22)
(0.911155 0.482977 -4.40074e-21)
(0.844214 0.598963 -9.16182e-22)
(0.733002 0.723202 -3.27765e-21)
(0.614649 0.844674 -3.32126e-21)
(0.329528 1.06519 4.37544e-21)
(0.310271 1.89807 7.20164e-21)
(-0.144267 4.02012 -4.98423e-21)
(1.00001 0.0829085 4.28191e-22)
(0.989188 0.231915 -1.85288e-21)
(0.965543 0.368953 7.60359e-22)
(0.921576 0.497557 -5.57003e-22)
(0.862905 0.621273 -6.36523e-21)
(0.759588 0.754678 1.32234e-21)
(0.659437 0.892634 3.33396e-21)
(0.389817 1.11151 -5.87644e-21)
(0.41284 1.92343 1.78811e-21)
(0.180981 4.04782 5.4908e-21)
(0.9999 0.0842218 -4.32297e-22)
(0.990676 0.236214 1.95303e-22)
(0.970776 0.377362 -9.3748e-23)
(0.932223 0.5111 5.99006e-22)
(0.881989 0.64223 6.30189e-22)
(0.787728 0.783804 -3.57334e-22)
(0.704847 0.937792 6.19917e-23)
(0.456452 1.15655 1.02471e-21)
(0.511941 1.94864 -9.0652e-22)
(0.502014 4.05483 -3.00343e-22)
(0.999691 0.00112704 0)
(0.997932 0.00186642 0)
(0.996397 0.00058777 0)
(0.997133 -0.0034225 0)
(1.00326 -0.0101822 0)
(1.01824 -0.0205177 0)
(1.04566 -0.0326284 0)
(1.08829 -0.049587 0)
(1.1499 -0.064139 0)
(1.23035 -0.0878267 0)
(0.999456 0.00418548 0)
(0.995 0.00806987 0)
(0.988996 0.00595441 0)
(0.983526 -0.00416009 0)
(0.98278 -0.0226817 0)
(0.989446 -0.051593 0)
(1.01031 -0.0871268 0)
(1.04486 -0.136296 0)
(1.10502 -0.181898 0)
(1.18173 -0.25296 0)
(0.999105 0.00911207 0)
(0.990409 0.0198756 0)
(0.977242 0.0207045 0)
(0.961293 0.00861878 0)
(0.948671 -0.0178444 0)
(0.93965 -0.0607561 0)
(0.948275 -0.118188 0)
(0.963634 -0.195124 0)
(1.02203 -0.278766 0)
(1.07888 -0.393923 0)
(0.998719 0.0160078 0)
(0.985166 0.0375939 0)
(0.963425 0.0455065 0)
(0.934548 0.0359518 0)
(0.906158 0.00624076 0)
(0.876069 -0.0457781 0)
(0.865648 -0.121752 0)
(0.850735 -0.22228 0)
(0.906156 -0.351636 0)
(0.902978 -0.487072 0)
(0.998358 0.0243408 0)
(0.980145 0.0598449 0)
(0.949577 0.0784927 0)
(0.907222 0.0757367 0)
(0.860312 0.0480648 0)
(0.807111 -0.00834916 0)
(0.768307 -0.095968 0)
(0.722957 -0.222913 0)
(0.755511 -0.376451 0)
(0.611942 -0.479267 0)
(0.998078 0.0333486 0)
(0.976021 0.08461 0)
(0.937495 0.116634 0)
(0.882538 0.124426 0)
(0.816348 0.103791 0)
(0.739314 0.0486118 0)
(0.664514 -0.0453755 0)
(0.598663 -0.198684 0)
(0.540571 -0.300111 0)
(0.132866 -0.28953 0)
(0.997921 0.0422986 0)
(0.973186 0.109863 0)
(0.928434 0.156685 0)
(0.862765 0.177909 0)
(0.778795 0.168714 0)
(0.676788 0.121324 0)
(0.565138 0.0228997 0)
(0.47217 -0.125318 0)
(0.214936 -0.0629268 0)
(-0.569655 0.198972 0)
(0.997896 0.0506413 0)
(0.971748 0.13402 0)
(0.922913 0.19593 0)
(0.849247 0.232341 0)
(0.750604 0.238425 0)
(0.623902 0.205156 0)
(0.477186 0.109569 0)
(0.32347 0.0285604 0)
(-0.214358 0.366987 0)
(-1.40144 0.902908 0)
(0.998004 0.0580913 0)
(0.971649 0.156262 0)
(0.920916 0.2328 0)
(0.842522 0.2851 0)
(0.733653 0.309365 0)
(0.58537 0.297075 0)
(0.401532 0.223435 0)
(0.182899 0.223853 0)
(-0.405988 0.717178 0)
(-1.91515 1.6397 0)
(0.998318 0.0644965 0)
(0.972939 0.175784 0)
(0.92241 0.265674 0)
(0.842914 0.333255 0)
(0.73007 0.376436 0)
(0.567752 0.392224 0)
(0.329112 0.387359 0)
(-0.0875408 0.622071 0)
(-1.10542 1.48459 0)
(-2.85128 2.81967 0)
(1.29414 -0.0940961 -3.6617e-21)
(1.32206 -0.0964666 -1.14233e-20)
(1.35181 -0.0986489 -2.00591e-20)
(1.38273 -0.100683 1.04304e-21)
(1.4147 -0.102609 9.44289e-21)
(1.44773 -0.104439 -7.11034e-21)
(1.48176 -0.106168 -1.01519e-21)
(1.51665 -0.10779 1.31929e-21)
(1.55225 -0.109294 1.05931e-21)
(1.5884 -0.110665 -1.06451e-21)
(1.24922 -0.274575 5.98548e-22)
(1.28015 -0.282848 -1.64368e-21)
(1.31378 -0.290642 1.62846e-22)
(1.34854 -0.298022 -1.68128e-21)
(1.38443 -0.30508 7.16645e-21)
(1.4217 -0.311807 4.34756e-21)
(1.46029 -0.318148 -8.44472e-21)
(1.49999 -0.324046 3.32165e-21)
(1.54055 -0.329452 -1.51431e-21)
(1.58169 -0.334312 7.02557e-22)
(1.1491 -0.436855 -4.72558e-21)
(1.18531 -0.453265 6.6812e-21)
(1.22576 -0.468644 -2.7836e-21)
(1.26654 -0.483131 -1.55735e-21)
(1.30774 -0.496912 -3.14957e-21)
(1.34996 -0.509942 1.86186e-21)
(1.39311 -0.522091 -1.86391e-21)
(1.43664 -0.533248 1.79397e-21)
(1.47997 -0.543327 -3.36773e-21)
(1.52253 -0.552247 -4.26881e-22)
(0.963113 -0.559956 -9.78281e-21)
(1.00309 -0.586856 -1.61547e-21)
(1.04852 -0.610849 1.81929e-20)
(1.09063 -0.632363 1.29521e-21)
(1.12975 -0.651662 6.16055e-21)
(1.16709 -0.668652 -1.38214e-20)
(1.20223 -0.683266 -5.44108e-21)
(1.234 -0.695558 -2.08631e-21)
(1.26134 -0.705656 -3.9568e-22)
(1.28341 -0.713749 1.65264e-21)
(0.612257 -0.57117 -5.3237e-21)
(0.64419 -0.601942 2.59502e-20)
(0.679768 -0.626917 -3.07355e-20)
(0.703246 -0.646896 -6.72402e-21)
(0.717298 -0.661867 1.1544e-20)
(0.724137 -0.671992 7.45412e-21)
(0.722843 -0.6778 5.51352e-21)
(0.711991 -0.68002 -9.02666e-22)
(0.690749 -0.679554 -8.06213e-22)
(0.658832 -0.67755 -4.15243e-22)
(-0.0321543 -0.297447 2.10787e-20)
(-0.025298 -0.308905 -9.66336e-22)
(-0.0188454 -0.324888 2.71047e-20)
(-0.0309522 -0.340467 1.35324e-20)
(-0.053954 -0.353135 -1.14597e-20)
(-0.0856591 -0.363318 -1.92778e-21)
(-0.126449 -0.372524 8.63056e-21)
(-0.176029 -0.382893 1.81505e-21)
(-0.233192 -0.397061 6.07575e-22)
(-0.296316 -0.41804 -1.83132e-21)
(-0.940124 0.361527 -4.62481e-20)
(-0.93736 0.310543 -3.37954e-20)
(-0.951025 0.240224 3.91532e-21)
(-0.979143 0.170964 2.67417e-20)
(-1.01033 0.10541 6.1708e-21)
(-1.04547 0.0408864 3.59023e-21)
(-1.08397 -0.0245873 -1.26174e-20)
(-1.12601 -0.093308 -2.5065e-21)
(-1.17088 -0.167048 1.59137e-21)
(-1.2183 -0.247629 3.1633e-21)
(-1.90841 1.11684 5.04261e-20)
(-1.91406 0.949958 5.66648e-20)
(-1.93986 0.830868 -1.30344e-20)
(-1.96817 0.70546 -3.47799e-20)
(-1.99395 0.583468 -2.31592e-20)
(-2.02807 0.458422 1.26152e-20)
(-2.06353 0.331201 3.55358e-21)
(-2.10374 0.199394 5.25307e-21)
(-2.14589 0.0618926 -2.17455e-21)
(-2.19154 -0.0841454 3.09544e-22)
(-2.71354 2.16991 2.57516e-20)
(-2.77689 1.86826 -3.80211e-20)
(-2.84432 1.69997 -9.33904e-21)
(-2.95352 1.47116 6.55294e-21)
(-3.03404 1.25384 2.948e-20)
(-3.12715 1.02283 -5.57012e-21)
(-3.19822 0.78978 9.18139e-21)
(-3.26848 0.549166 -8.26034e-22)
(-3.32644 0.30263 -1.39435e-21)
(-3.38106 0.0471321 -6.53471e-22)
(-3.24737 3.47014 -1.26421e-20)
(-3.65726 2.91819 1.57901e-21)
(-3.83561 2.65814 -1.29245e-20)
(-4.1144 2.27453 2.05735e-20)
(-4.27514 1.93419 1.0267e-20)
(-4.45726 1.56325 6.59041e-21)
(-4.57919 1.19526 -2.90707e-21)
(-4.69619 0.815516 -4.01768e-21)
(-4.77693 0.432536 -4.85455e-21)
(-4.8426 0.0437414 3.88897e-21)
(1.62492 -0.111881 -9.79749e-22)
(1.66163 -0.112912 8.32215e-22)
(1.69835 -0.113718 9.76524e-22)
(1.73491 -0.114254 4.90783e-22)
(1.77111 -0.11447 -1.52364e-21)
(1.80678 -0.114312 6.39952e-21)
(1.84173 -0.113723 -8.00815e-22)
(1.8758 -0.112649 4.53333e-21)
(1.90886 -0.111003 -3.69879e-21)
(1.94066 -0.109021 -1.56415e-21)
(1.62315 -0.338569 1.36447e-23)
(1.66466 -0.342154 -1.87679e-21)
(1.7059 -0.344996 4.2641e-21)
(1.74659 -0.347023 -7.01219e-21)
(1.78641 -0.348164 -6.34934e-21)
(1.82507 -0.348345 2.97907e-21)
(1.8623 -0.347499 -8.73041e-22)
(1.89775 -0.345568 -1.31251e-21)
(1.93156 -0.342502 -3.03145e-21)
(1.9617 -0.338436 1.94113e-21)
(1.56375 -0.559933 2.06781e-22)
(1.60304 -0.566323 -1.61779e-21)
(1.63985 -0.571379 5.58321e-21)
(1.67363 -0.575095 -2.8488e-21)
(1.70389 -0.577501 -3.6117e-21)
(1.73024 -0.578656 8.62872e-21)
(1.75235 -0.578644 -5.11706e-21)
(1.7698 -0.577541 2.61828e-21)
(1.78298 -0.575497 1.05993e-21)
(1.78745 -0.571636 -1.22274e-21)
(1.29944 -0.720086 1.25917e-21)
(1.30879 -0.724959 -1.56892e-21)
(1.31091 -0.728676 -1.43769e-21)
(1.30537 -0.731551 8.77903e-22)
(1.29191 -0.733922 2.15473e-21)
(1.27045 -0.736145 -2.036e-21)
(1.24117 -0.738513 9.68944e-21)
(1.20459 -0.741259 -7.61247e-21)
(1.16189 -0.744789 3.43701e-21)
(1.10824 -0.753158 2.81262e-21)
(0.616428 -0.675429 -7.2834e-22)
(0.564282 -0.674839 4.00129e-21)
(0.503676 -0.677593 -9.00434e-21)
(0.436275 -0.685682 2.07146e-21)
(0.364053 -0.70114 -6.08089e-21)
(0.289115 -0.725207 1.52568e-21)
(0.213045 -0.757429 -1.03711e-20)
(0.136043 -0.797566 6.04285e-21)
(0.0535412 -0.850879 -5.0041e-21)
(-0.0518671 -0.92845 -2.5035e-21)
(-0.363547 -0.448808 1.80219e-21)
(-0.433195 -0.491848 -3.16686e-21)
(-0.50421 -0.54885 3.62076e-21)
(-0.576059 -0.620704 -5.45675e-21)
(-0.646935 -0.706902 5.92692e-21)
(-0.713382 -0.803719 -6.33633e-22)
(-0.776995 -0.904291 4.76586e-21)
(-0.85336 -1.0063 -9.2166e-21)
(-0.960699 -1.12089 5.80719e-21)
(-1.07565 -1.25913 -3.7544e-21)
(-1.2679 -0.336587 -1.78336e-21)
(-1.32017 -0.435113 -1.05358e-21)
(-1.37664 -0.544076 -2.08956e-22)
(-1.43856 -0.664582 7.3483e-21)
(-1.50153 -0.797503 -3.20382e-21)
(-1.55558 -0.940498 -3.22968e-21)
(-1.6054 -1.08629 2.32235e-21)
(-1.69144 -1.2336 3.14674e-21)
(-1.84058 -1.40179 -9.16666e-21)
(-1.94743 -1.60269 -2.32399e-20)
(-2.23953 -0.240946 9.01129e-22)
(-2.28991 -0.410093 -6.57908e-22)
(-2.34318 -0.591883 -1.75456e-21)
(-2.40048 -0.78653 -2.08344e-21)
(-2.45548 -0.994439 -5.55103e-21)
(-2.4911 -1.21443 -1.19394e-20)
(-2.50821 -1.43852 -1.31618e-22)
(-2.57038 -1.65857 2.10145e-21)
(-2.72789 -1.89131 4.5932e-20)
(-2.79801 -2.15187 2.12425e-20)
(-3.42689 -0.217436 8.04541e-22)
(-3.46497 -0.491214 -8.28287e-22)
(-3.49398 -0.772312 1.19323e-20)
(-3.51739 -1.05899 2.52311e-21)
(-3.53326 -1.34938 5.22073e-21)
(-3.5263 -1.64331 1.50746e-20)
(-3.48368 -1.93737 2.12972e-20)
(-3.46536 -2.21835 -1.57587e-20)
(-3.56736 -2.48268 -3.42402e-20)
(-3.58626 -2.75159 8.48485e-20)
(-4.87923 -0.346758 -3.41645e-21)
(-4.89304 -0.737964 8.26005e-21)
(-4.87981 -1.12572 -1.19226e-20)
(-4.84451 -1.50577 2.41014e-22)
(-4.78787 -1.87202 -2.36954e-20)
(-4.70564 -2.21979 -3.48963e-20)
(-4.57934 -2.54726 -1.53554e-19)
(-4.42504 -2.84889 8.03217e-20)
(-4.35017 -3.09994 -1.84012e-20)
(-4.27492 -3.26917 -1.63747e-19)
(2.01565 -0.0983519 0)
(2.11956 -0.0642643 0)
(2.19517 -0.0173356 0)
(2.21926 0.0271252 0)
(2.17323 0.0599969 0)
(2.06004 0.079506 0)
(1.90742 0.0863285 0)
(1.74686 0.0828634 0)
(1.59583 0.072778 0)
(1.46152 0.0597738 0)
(1.34802 0.0466592 0)
(1.25635 0.0349342 0)
(1.18479 0.0251988 0)
(1.13057 0.0175913 0)
(1.09061 0.0119439 0)
(1.0618 0.00791012 0)
(1.04159 0.00512813 0)
(1.02747 0.00319685 0)
(1.01867 0.00200543 0)
(1.01145 0.000881519 0)
(2.04352 -0.321237 0)
(2.17554 -0.217597 0)
(2.25558 -0.0734099 0)
(2.26422 0.0703536 0)
(2.20052 0.181515 0)
(2.07084 0.243506 0)
(1.90205 0.260033 0)
(1.729 0.244788 0)
(1.57169 0.211542 0)
(1.43681 0.171526 0)
(1.32628 0.132506 0)
(1.23894 0.0983652 0)
(1.17179 0.0705047 0)
(1.1214 0.0490273 0)
(1.08443 0.0332296 0)
(1.05778 0.0220047 0)
(1.03902 0.0142803 0)
(1.02586 0.00891406 0)
(1.01764 0.00560404 0)
(1.01085 0.00246538 0)
(1.81533 -0.583294 0)
(2.02535 -0.385927 0)
(2.13075 -0.172851 0)
(2.15285 0.0538921 0)
(2.10931 0.256833 0)
(1.99825 0.38331 0)
(1.84057 0.42032 0)
(1.6728 0.393081 0)
(1.51992 0.333875 0)
(1.39172 0.266139 0)
(1.28963 0.202722 0)
(1.21086 0.148837 0)
(1.15138 0.105862 0)
(1.10725 0.0732913 0)
(1.07497 0.0495973 0)
(1.05164 0.0328607 0)
(1.03511 0.0213661 0)
(1.0234 0.0133666 0)
(1.01605 0.00842908 0)
(1.00992 0.00371297 0)
(0.924899 -0.841433 0)
(1.40841 -0.458881 0)
(1.50292 -0.2595 0)
(1.62466 -0.00166075 0)
(1.71117 0.261127 0)
(1.71828 0.449858 0)
(1.65135 0.524268 0)
(1.54442 0.502394 0)
(1.42969 0.428278 0)
(1.32644 0.339426 0)
(1.24206 0.256268 0)
(1.17662 0.186552 0)
(1.12739 0.131869 0)
(1.09095 0.0910031 0)
(1.06421 0.0615504 0)
(1.04468 0.0408402 0)
(1.03067 0.0266259 0)
(1.02061 0.0167041 0)
(1.01423 0.0105699 0)
(1.00886 0.00466319 0)
(-0.380424 -1.1773 0)
(0.682888 -0.426046 0)
(0.505228 -0.410483 0)
(0.854023 -0.126042 0)
(1.11538 0.178147 0)
(1.28424 0.42264 0)
(1.35485 0.545406 0)
(1.35064 0.549957 0)
(1.30477 0.481376 0)
(1.24485 0.385924 0)
(1.18751 0.292056 0)
(1.13968 0.212219 0)
(1.10249 0.149675 0)
(1.07441 0.103203 0)
(1.05339 0.0698732 0)
(1.0377 0.0464794 0)
(1.02621 0.0304048 0)
(1.0178 0.0191361 0)
(1.01239 0.0121524 0)
(1.00778 0.00537015 0)
(-1.25345 -1.60391 0)
(0.154959 -0.408724 0)
(-0.369461 -0.722959 0)
(0.262067 -0.359457 0)
(0.597046 -0.00608893 0)
(0.876662 0.304529 0)
(1.05792 0.489052 0)
(1.14759 0.53834 0)
(1.17171 0.493922 0)
(1.15898 0.406351 0)
(1.13179 0.311391 0)
(1.10322 0.227428 0)
(1.0786 0.160744 0)
(1.05881 0.111039 0)
(1.04327 0.0753813 0)
(1.03118 0.0503182 0)
(1.02203 0.0330434 0)
(1.01514 0.0208675 0)
(1.01064 0.0132999 0)
(1.00674 0.00588679 0)
(-1.85521 -2.06984 0)
(-0.333378 -0.537787 0)
(-0.717147 -1.01867 0)
(-0.0724556 -0.61183 0)
(0.239087 -0.214836 0)
(0.567593 0.151951 0)
(0.814105 0.393318 0)
(0.970365 0.490963 0)
(1.05044 0.47877 0)
(1.07894 0.407431 0)
(1.07983 0.31803 0)
(1.06969 0.234535 0)
(1.05696 0.166671 0)
(1.04482 0.115607 0)
(1.03421 0.0788037 0)
(1.02533 0.0528247 0)
(1.01826 0.0348338 0)
(1.01273 0.0220737 0)
(1.00905 0.0141181 0)
(1.00579 0.00625863 0)
(-2.37379 -2.70797 0)
(-0.779708 -1.07235 0)
(-0.756486 -1.20858 0)
(-0.264902 -0.82451 0)
(0.0204536 -0.396979 0)
(0.35672 0.0040064 0)
(0.632344 0.289183 0)
(0.829341 0.429394 0)
(0.949081 0.449055 0)
(1.00996 0.396599 0)
(1.03456 0.316162 0)
(1.04054 0.236024 0)
(1.03824 0.169026 0)
(1.03273 0.11792 0)
(1.02635 0.0807892 0)
(1.02021 0.0544058 0)
(1.01493 0.0360263 0)
(1.01059 0.0229038 0)
(1.00762 0.0146962 0)
(1.00493 0.00652379 0)
(-2.82902 -3.29675 0)
(-1.13998 -1.85565 0)
(-0.769369 -1.37349 0)
(-0.348696 -0.984201 0)
(-0.0944518 -0.547794 0)
(0.226436 -0.132209 0)
(0.507611 0.186567 0)
(0.724763 0.363491 0)
(0.869799 0.412692 0)
(0.954255 0.379513 0)
(0.997431 0.309617 0)
(1.01643 0.234424 0)
(1.02263 0.169435 0)
(1.02253 0.118997 0)
(1.01964 0.0819597 0)
(1.0158 0.0554359 0)
(1.01203 0.0368437 0)
(1.00872 0.0234869 0)
(1.00637 0.0151086 0)
(1.00417 0.00671415 0)
(-3.24138 -3.57564 0)
(-1.35784 -2.41953 0)
(-0.761269 -1.52386 0)
(-0.369923 -1.08677 0)
(-0.143808 -0.650372 0)
(0.154293 -0.239519 0)
(0.43311 0.0968204 0)
(0.656665 0.300792 0)
(0.814454 0.375605 0)
(0.913482 0.360741 0)
(0.969239 0.301428 0)
(0.997487 0.231472 0)
(1.00996 0.1688 0)
(1.01404 0.119284 0)
(1.01394 0.0825452 0)
(1.012 0.056043 0)
(1.00952 0.0373645 0)
(1.00708 0.0238737 0)
(1.00527 0.0153911 0)
(1.00351 0.00684693 0)
(-3.49036 -3.51787 -1.6325e-20)
(-1.50469 -2.63952 -2.24235e-20)
(-0.757731 -1.60529 3.18909e-21)
(-0.373113 -1.11371 4.44587e-21)
(-0.156952 -0.670775 -4.25472e-21)
(0.120861 -0.265467 -5.13213e-21)
(0.402298 0.0726502 6.75818e-22)
(0.629689 0.279746 9.16555e-22)
(0.790543 0.357929 2.65394e-23)
(0.893475 0.347107 -4.56602e-22)
(0.953621 0.291947 1.59873e-22)
(0.985926 0.225514 4.2136e-23)
(1.00169 0.165392 -2.98299e-24)
(1.00826 0.117514 -6.32549e-24)
(1.00998 0.0817337 3.56162e-24)
(1.00932 0.055749 -1.3279e-23)
(1.00774 0.0373243 8.2914e-24)
(1.00591 0.0239338 -1.34836e-24)
(1.00448 0.0154866 -1.67345e-24)
(1.00302 0.00690155 3.15741e-25)
(-3.02077 -3.67202 -2.93489e-21)
(-1.27644 -2.63475 -2.02706e-20)
(-0.642089 -1.56575 7.81849e-21)
(-0.33055 -1.08307 6.1581e-21)
(-0.14137 -0.657014 -1.63133e-22)
(0.108547 -0.269766 -6.25198e-22)
(0.382192 0.0584349 1.20889e-21)
(0.609798 0.262372 1.06175e-21)
(0.772777 0.341559 -9.00201e-22)
(0.878791 0.333989 1.85139e-22)
(0.942277 0.282653 1.99156e-22)
(0.977591 0.21955 -1.28262e-23)
(0.99577 0.161873 -1.34404e-23)
(1.00414 0.11559 5.31978e-24)
(1.00717 0.0807664 2.39167e-24)
(1.00743 0.0553182 1.37232e-24)
(1.00648 0.0371733 -5.82724e-25)
(1.00508 0.023914 4.17324e-24)
(1.00392 0.0155233 4.20496e-26)
(1.00268 0.00692896 -5.50043e-25)
(-2.8097 -3.77053 -5.16941e-20)
(-1.16404 -2.62674 -3.74408e-21)
(-0.549737 -1.55906 4.18787e-21)
(-0.28712 -1.06115 -1.97941e-22)
(-0.116061 -0.647029 3.74305e-21)
(0.105192 -0.274457 -2.24461e-21)
(0.364854 0.0437474 1.96256e-21)
(0.589923 0.244297 -1.72139e-21)
(0.754626 0.32451 7.71509e-22)
(0.863879 0.320323 1.05805e-22)
(0.930849 0.272961 -2.31962e-24)
(0.969236 0.213312 1.21541e-23)
(0.989846 0.158164 -6.83385e-25)
(1.00003 0.113536 1.17056e-23)
(1.00435 0.0797118 1.74522e-23)
(1.00553 0.0548303 7.60007e-25)
(1.00521 0.0369854 -8.48895e-24)
(1.00425 0.0238715 -6.53254e-24)
(1.00336 0.0155451 4.46464e-25)
(1.00233 0.00694948 -7.75996e-25)
(-2.455 -3.95275 -5.40735e-20)
(-1.02339 -2.61304 -6.39292e-21)
(-0.458348 -1.55891 -4.983e-21)
(-0.243631 -1.04455 -1.5623e-21)
(-0.0869273 -0.643004 1.67372e-21)
(0.107638 -0.284083 1.97152e-22)
(0.350243 0.0253096 -2.08406e-21)
(0.570519 0.224227 1.62684e-21)
(0.736337 0.306845 -2.83735e-22)
(0.848822 0.306693 -1.95742e-22)
(0.919354 0.26349 -1.50177e-23)
(0.960866 0.207277 -1.5723e-23)
(0.983925 0.154588 -1.22096e-23)
(0.995921 0.111551 -2.48439e-24)
(1.00154 0.0786857 -1.21049e-23)
(1.00363 0.054348 -4.30647e-25)
(1.00393 0.0367927 6.51032e-24)
(1.00341 0.0238202 6.40862e-24)
(1.00278 0.0155572 -6.61487e-25)
(1.00198 0.00696482 9.09953e-25)
(-2.16245 -4.08328 5.32641e-20)
(-0.900106 -2.59204 3.74714e-21)
(-0.372076 -1.56133 -4.52657e-21)
(-0.199279 -1.03242 5.0324e-21)
(-0.0556948 -0.642602 3.35927e-21)
(0.114352 -0.296764 3.72622e-21)
(0.338391 0.00386443 -9.44567e-22)
(0.552034 0.201958 -2.97212e-22)
(0.718217 0.288074 1.05609e-22)
(0.83376 0.292688 -1.08966e-22)
(0.90785 0.253973 5.50332e-24)
(0.952504 0.201291 -2.28692e-23)
(0.978023 0.151062 -6.01747e-24)
(0.991829 0.109595 1.19357e-23)
(0.998737 0.0776678 1.11898e-23)
(1.00173 0.0538622 -7.97087e-24)
(1.00266 0.0365909 -3.25213e-25)
(1.00257 0.0237586 -4.33743e-24)
(1.00221 0.0155591 2.66615e-24)
(1.00162 0.00697488 -4.80766e-25)
(-1.82917 -4.22222 -1.0982e-20)
(-0.775407 -2.58071 -7.18255e-21)
(-0.289067 -1.56704 5.39357e-21)
(-0.153165 -1.02509 -1.78117e-21)
(-0.0227455 -0.645245 -1.2812e-21)
(0.124771 -0.311368 -2.08313e-21)
(0.329457 -0.0194683 3.35242e-22)
(0.53488 0.178009 1.90901e-22)
(0.700566 0.268232 -1.38491e-22)
(0.818855 0.278165 1.15957e-22)
(0.896416 0.244261 2.38973e-23)
(0.944193 0.195247 1.00518e-23)
(0.972163 0.147519 -4.99161e-24)
(0.987766 0.107629 5.09061e-24)
(0.995952 0.0766389 -4.64366e-24)
(0.999843 0.0533633 -5.99547e-24)
(1.00139 0.0363756 -1.93066e-24)
(1.00173 0.0236849 4.2482e-26)
(1.00163 0.0155499 -1.16081e-24)
(1.00127 0.00697947 2.374e-25)
(-1.5077 -4.3273 1.08028e-20)
(-0.652636 -2.57139 -8.08301e-21)
(-0.208946 -1.57526 3.39721e-21)
(-0.104748 -1.02252 1.52853e-21)
(0.011873 -0.650684 -4.58684e-22)
(0.138755 -0.327506 9.10117e-22)
(0.323725 -0.0440895 -3.71573e-23)
(0.519489 0.152832 8.37867e-23)
(0.683697 0.247527 -2.79126e-22)
(0.804281 0.263182 -7.63278e-23)
(0.885144 0.234351 4.98688e-23)
(0.935981 0.18913 -4.72648e-24)
(0.96637 0.143949 -1.87638e-24)
(0.983749 0.105648 3.81059e-25)
(0.993193 0.0755962 -2.30102e-24)
(0.997966 0.0528502 3.72732e-24)
(1.00012 0.0361464 -4.45278e-25)
(1.00089 0.0235988 2.32396e-24)
(1.00106 0.0155299 -1.2376e-24)
(1.00091 0.00697861 1.02867e-24)
(-1.17022 -4.42544 1.19235e-20)
(-0.527528 -2.5708 -6.13335e-21)
(-0.130766 -1.58672 -5.92075e-21)
(-0.0536255 -1.02461 2.25171e-21)
(0.0481872 -0.658618 3.41697e-22)
(0.156271 -0.344863 3.75494e-22)
(0.321505 -0.0695724 1.85568e-22)
(0.506307 0.126763 -2.16762e-22)
(0.667944 0.226131 -1.58249e-23)
(0.790234 0.247804 7.33804e-23)
(0.874137 0.224261 -2.22982e-24)
(0.927924 0.182942 -8.46591e-24)
(0.960676 0.140353 5.80372e-25)
(0.979793 0.103652 -2.56361e-25)
(0.99047 0.0745407 3.20587e-24)
(0.996108 0.0523238 -1.18559e-24)
(0.998862 0.0359038 -1.90372e-25)
(1.00005 0.0235009 1.08854e-24)
(1.00048 0.015499 9.12599e-25)
(1.00056 0.00697236 -4.65531e-25)
(-0.831058 -4.50261 -1.43082e-20)
(-0.397899 -2.57617 -1.65397e-21)
(-0.0538276 -1.60118 1.38203e-21)
(0.00039501 -1.0312 -8.98401e-22)
(0.0862261 -0.66878 7.24038e-22)
(0.177242 -0.363149 3.17577e-22)
(0.323052 -0.0955169 2.13531e-23)
(0.495753 0.100118 2.72503e-22)
(0.653647 0.204201 -6.24475e-23)
(0.776926 0.232082 -4.4438e-23)
(0.863512 0.213999 8.79186e-24)
(0.92008 0.176682 -8.58268e-24)
(0.955109 0.136726 3.26211e-24)
(0.975914 0.101641 -6.80705e-25)
(0.987791 0.0734725 -2.5963e-25)
(0.994272 0.0517844 1.08864e-25)
(0.997614 0.0356484 5.60402e-25)
(0.999218 0.0233912 -9.86957e-25)
(0.999903 0.0154575 -2.48757e-25)
(1.0002 0.00696078 -2.14838e-25)
(-0.48256 -4.56799 1.60379e-21)
(-0.260183 -2.5899 -6.87849e-23)
(0.0229126 -1.61871 -7.79132e-22)
(0.0573378 -1.04206 4.46715e-22)
(0.126003 -0.680977 -7.03546e-23)
(0.20148 -0.382153 1.40005e-22)
(0.3285 -0.121582 -5.62437e-23)
(0.488178 0.0732042 -1.41805e-23)
(0.64113 0.181903 -2.40001e-23)
(0.76457 0.216078 2.24956e-24)
(0.853391 0.20358 1.35207e-24)
(0.912513 0.170349 2.72318e-24)
(0.949703 0.133069 1.07332e-24)
(0.972129 0.0996146 -2.27857e-25)
(0.985164 0.0723921 -1.05219e-25)
(0.992465 0.0512329 1.82992e-26)
(0.996379 0.0353805 1.65056e-26)
(0.99839 0.0232701 -6.00026e-26)
(0.99933 0.0154054 7.62536e-26)
(0.999846 0.00694398 7.59395e-26)
)
;

boundaryField
{
    inlet
    {
        type            freestream;
        freestreamValue uniform (1 0 0);
        value           uniform (1 0 0);
    }
    outlet
    {
        type            freestream;
        freestreamValue uniform (1 0 0);
        value           nonuniform List<vector> 
40
(
(0.995956 0.00640429 0)
(0.995334 0.0062104 0)
(0.994637 0.00595711 0)
(0.993863 0.00563157 0)
(0.993021 0.00521003 0)
(0.992128 0.00466686 0)
(0.991217 0.00397456 0)
(0.990346 0.0031034 0)
(0.989606 0.00202405 0)
(0.989136 0.000714553 0)
(0.999492 0.00692199 2.15474e-26)
(0.999139 0.00689488 -1.41947e-26)
(0.998788 0.00686279 1.62734e-25)
(0.998439 0.00682584 -3.58281e-25)
(0.998094 0.00678412 -1.2651e-25)
(0.997751 0.00673775 2.25143e-25)
(0.997412 0.00668687 -4.22442e-25)
(0.997076 0.00663181 4.68693e-25)
(0.996743 0.0065728 3.76015e-25)
(0.996414 0.00650838 -1.79479e-25)
(1.00302 0.00690155 3.15741e-25)
(1.00268 0.00692896 -5.50043e-25)
(1.00233 0.00694948 -7.75996e-25)
(1.00198 0.00696482 9.09953e-25)
(1.00162 0.00697488 -4.80766e-25)
(1.00127 0.00697947 2.374e-25)
(1.00091 0.00697861 1.02867e-24)
(1.00056 0.00697236 -4.65531e-25)
(1.0002 0.00696078 -2.14838e-25)
(0.999846 0.00694398 7.59395e-26)
(1.01145 0.000881519 0)
(1.01085 0.00246538 0)
(1.00992 0.00371297 0)
(1.00886 0.00466319 0)
(1.00778 0.00537015 0)
(1.00674 0.00588679 0)
(1.00579 0.00625863 0)
(1.00493 0.00652379 0)
(1.00417 0.00671415 0)
(1.00351 0.00684693 0)
)
;
    }
    top
    {
        type            symmetryPlane;
    }
    bottom
    {
        type            symmetryPlane;
    }
    cylinder
    {
        type            rotatingWallVelocity;
        origin          (0 0 0);
        axis            (0 0 1);
        omega           constant -40;
        value           nonuniform List<vector> 
80
(
(0.792638 -19.9685 1.7323e-23)
(2.35436 -19.8446 1.21601e-22)
(3.90158 -19.5988 -3.5725e-24)
(5.42481 -19.2328 7.11645e-23)
(6.91476 -18.7489 -3.81908e-22)
(8.3623 -18.1498 1.31741e-22)
(9.75859 -17.4394 1.6225e-21)
(11.0951 -16.6219 5.60215e-21)
(12.3636 -15.7024 -3.51925e-21)
(13.5564 -14.6864 -3.59614e-21)
(19.9685 -0.792638 -1.7323e-23)
(19.8446 -2.35436 -1.21601e-22)
(19.5988 -3.90158 3.5725e-24)
(19.2328 -5.42481 7.37708e-23)
(18.7489 -6.91476 -1.10891e-21)
(18.1498 -8.3623 -1.31741e-22)
(17.4394 -9.75859 -1.6225e-21)
(16.6219 -11.0951 1.13241e-21)
(15.7024 -12.3636 -4.89462e-21)
(14.6864 -13.5564 3.59614e-21)
(14.6864 13.5564 3.59614e-21)
(15.7024 12.3636 -4.89462e-21)
(16.6219 11.0951 1.13241e-21)
(17.4394 9.75859 -1.6225e-21)
(18.1498 8.3623 -1.31741e-22)
(18.7489 6.91476 -1.10891e-21)
(19.2328 5.42481 7.37708e-23)
(19.5988 3.90158 3.5725e-24)
(19.8446 2.35436 -1.21601e-22)
(19.9685 0.792638 -1.7323e-23)
(0.792638 19.9685 1.7323e-23)
(2.35436 19.8446 1.21601e-22)
(3.90158 19.5988 -3.5725e-24)
(5.42481 19.2328 7.11645e-23)
(6.91476 18.7489 -3.81908e-22)
(8.3623 18.1498 1.31741e-22)
(9.75859 17.4394 1.6225e-21)
(11.0951 16.6219 -1.13241e-21)
(12.3636 15.7024 -3.51925e-21)
(13.5564 14.6864 -3.59614e-21)
(-13.5564 14.6864 -3.59614e-21)
(-12.3636 15.7024 -3.51925e-21)
(-11.0951 16.6219 5.60215e-21)
(-9.75859 17.4394 1.6225e-21)
(-8.3623 18.1498 1.31741e-22)
(-6.91476 18.7489 -3.81908e-22)
(-5.42481 19.2328 7.11645e-23)
(-3.90158 19.5988 -3.5725e-24)
(-2.35436 19.8446 1.21601e-22)
(-0.792638 19.9685 1.7323e-23)
(-14.6864 13.5564 3.59614e-21)
(-15.7024 12.3636 -4.89462e-21)
(-16.6219 11.0951 1.13241e-21)
(-17.4394 9.75859 -1.6225e-21)
(-18.1498 8.3623 -1.31741e-22)
(-18.7489 6.91476 -1.10891e-21)
(-19.2328 5.42481 7.37708e-23)
(-19.5988 3.90158 3.5725e-24)
(-19.8446 2.35436 -1.21601e-22)
(-19.9685 0.792638 -1.7323e-23)
(-19.9685 -0.792638 -1.7323e-23)
(-19.8446 -2.35436 -1.21601e-22)
(-19.5988 -3.90158 3.5725e-24)
(-19.2328 -5.42481 -7.11645e-23)
(-18.7489 -6.91476 -1.10891e-21)
(-18.1498 -8.3623 -1.31741e-22)
(-17.4394 -9.75859 -1.6225e-21)
(-16.6219 -11.0951 1.13241e-21)
(-15.7024 -12.3636 -4.89462e-21)
(-14.6864 -13.5564 3.59614e-21)
(-13.5564 -14.6864 -3.59614e-21)
(-12.3636 -15.7024 -3.51925e-21)
(-11.0951 -16.6219 -1.13241e-21)
(-9.75859 -17.4394 1.6225e-21)
(-8.3623 -18.1498 1.31741e-22)
(-6.91476 -18.7489 -3.81908e-22)
(-5.42481 -19.2328 7.11645e-23)
(-3.90158 -19.5988 -3.5725e-24)
(-2.35436 -19.8446 1.21601e-22)
(-0.792638 -19.9685 1.7323e-23)
)
;
    }
    frontandback
    {
        type            empty;
    }
}


// ************************************************************************* //
